%calculating strains and relative strains
%10mm - max strain (from excel: BPAparameters_) 
kink = {'Unkink_','kinked25_','kinked50_','kinked75_'};
test = {'Test8','Test9','Test10'};

maxstrain_10mm10cm = 0.156626506;
maxstrain_10mm15cm =0.159090909;
maxstrain_10mm20cm =0.164835165;
maxstrain_10mm25cm =0.17167382;
maxstrain_10mm30cm =0.174377224;
maxstrain_10mm40cm =0.178010471;
maxstrain_10mm45cm =0.176056338;
maxstrain_10mm52cm =0.161228407;






