MS, MPT, t (s), PWMi, PWMe, Pressure (Psi), LW (V), Displacement (mm)
2 ,  1 ,  27544 ,  0 ,  255 ,  16.41 ,  0.01 ,  1.98
2 ,  1 ,  27564 ,  195 ,  0 ,  16.41 ,  0.01 ,  1.98
2 ,  1 ,  27583 ,  195 ,  0 ,  16.41 ,  0.01 ,  1.98
2 ,  1 ,  27602 ,  195 ,  0 ,  16.41 ,  0.01 ,  1.89
2 ,  1 ,  27622 ,  195 ,  0 ,  16.96 ,  0.01 ,  1.98
2 ,  1 ,  27641 ,  195 ,  0 ,  18.95 ,  0.01 ,  1.98
2 ,  1 ,  27661 ,  195 ,  0 ,  21.04 ,  0.01 ,  2.08
2 ,  1 ,  27680 ,  195 ,  0 ,  23.24 ,  0.02 ,  2.28
2 ,  1 ,  27703 ,  195 ,  0 ,  25.11 ,  0.02 ,  2.58
2 ,  1 ,  27722 ,  195 ,  0 ,  27.21 ,  0.03 ,  2.88
2 ,  1 ,  27742 ,  195 ,  0 ,  28.75 ,  0.03 ,  3.17
2 ,  1 ,  27760 ,  195 ,  0 ,  30.18 ,  0.04 ,  3.37
2 ,  1 ,  27780 ,  195 ,  0 ,  31.39 ,  0.04 ,  3.67
2 ,  1 ,  27799 ,  195 ,  0 ,  32.60 ,  0.04 ,  3.87
2 ,  1 ,  27819 ,  195 ,  0 ,  33.59 ,  0.05 ,  4.17
2 ,  1 ,  27838 ,  195 ,  0 ,  34.47 ,  0.05 ,  4.37
2 ,  1 ,  27856 ,  195 ,  0 ,  35.36 ,  0.06 ,  4.46
2 ,  1 ,  27876 ,  195 ,  0 ,  36.02 ,  0.06 ,  4.66
2 ,  1 ,  27897 ,  195 ,  0 ,  36.79 ,  0.06 ,  4.86
2 ,  1 ,  27917 ,  195 ,  0 ,  37.45 ,  0.06 ,  4.96
2 ,  1 ,  27936 ,  195 ,  0 ,  37.89 ,  0.07 ,  5.16
2 ,  1 ,  27956 ,  195 ,  0 ,  38.44 ,  0.07 ,  5.26
2 ,  1 ,  27974 ,  195 ,  0 ,  38.88 ,  0.08 ,  5.36
2 ,  1 ,  27994 ,  195 ,  0 ,  39.32 ,  0.08 ,  5.46
2 ,  1 ,  28013 ,  195 ,  0 ,  39.76 ,  0.07 ,  5.56
2 ,  1 ,  28033 ,  195 ,  0 ,  40.09 ,  0.08 ,  5.75
2 ,  1 ,  28052 ,  195 ,  0 ,  40.42 ,  0.08 ,  5.75
2 ,  1 ,  28073 ,  195 ,  0 ,  40.75 ,  0.08 ,  5.95
2 ,  1 ,  28093 ,  195 ,  0 ,  41.19 ,  0.08 ,  6.05
2 ,  1 ,  28112 ,  195 ,  0 ,  41.30 ,  0.09 ,  6.05
2 ,  1 ,  28132 ,  195 ,  0 ,  41.63 ,  0.09 ,  6.15
2 ,  1 ,  28151 ,  195 ,  0 ,  41.85 ,  0.09 ,  6.25
2 ,  1 ,  28170 ,  195 ,  0 ,  42.07 ,  0.09 ,  6.35
2 ,  1 ,  28189 ,  195 ,  0 ,  42.29 ,  0.09 ,  6.45
2 ,  1 ,  28209 ,  195 ,  0 ,  42.62 ,  0.10 ,  6.45
2 ,  1 ,  28228 ,  195 ,  0 ,  42.73 ,  0.10 ,  6.55
2 ,  1 ,  28248 ,  195 ,  0 ,  42.95 ,  0.10 ,  6.55
2 ,  1 ,  28269 ,  195 ,  0 ,  43.17 ,  0.10 ,  6.65
2 ,  1 ,  28288 ,  195 ,  0 ,  43.28 ,  0.10 ,  6.75
2 ,  1 ,  28307 ,  195 ,  0 ,  43.50 ,  0.11 ,  6.75
2 ,  1 ,  28326 ,  195 ,  0 ,  43.61 ,  0.10 ,  6.85
2 ,  1 ,  28346 ,  195 ,  0 ,  43.84 ,  0.10 ,  6.85
2 ,  1 ,  28365 ,  195 ,  0 ,  43.95 ,  0.11 ,  6.95
2 ,  1 ,  28385 ,  195 ,  0 ,  44.06 ,  0.11 ,  6.95
2 ,  1 ,  28403 ,  195 ,  0 ,  44.17 ,  0.11 ,  7.04
2 ,  1 ,  28423 ,  195 ,  0 ,  44.28 ,  0.11 ,  7.04
2 ,  1 ,  28444 ,  195 ,  0 ,  44.50 ,  0.11 ,  7.14
2 ,  1 ,  28464 ,  195 ,  0 ,  44.61 ,  0.11 ,  7.14
2 ,  1 ,  28483 ,  195 ,  0 ,  44.72 ,  0.11 ,  7.14
2 ,  1 ,  28503 ,  195 ,  0 ,  44.83 ,  0.11 ,  7.24
2 ,  1 ,  28521 ,  195 ,  0 ,  44.94 ,  0.12 ,  7.24
2 ,  1 ,  28540 ,  195 ,  0 ,  45.05 ,  0.12 ,  7.34
2 ,  1 ,  28560 ,  195 ,  0 ,  45.16 ,  0.12 ,  7.34
2 ,  1 ,  28579 ,  195 ,  0 ,  45.16 ,  0.12 ,  7.34
2 ,  1 ,  28599 ,  195 ,  0 ,  45.27 ,  0.12 ,  7.44
2 ,  1 ,  28618 ,  195 ,  0 ,  45.38 ,  0.12 ,  7.44
2 ,  1 ,  28640 ,  195 ,  0 ,  45.49 ,  0.12 ,  7.44
2 ,  1 ,  28658 ,  195 ,  0 ,  45.60 ,  0.12 ,  7.54
2 ,  1 ,  28678 ,  195 ,  0 ,  45.60 ,  0.12 ,  7.54
2 ,  1 ,  28697 ,  195 ,  0 ,  45.71 ,  0.12 ,  7.54
2 ,  1 ,  28717 ,  195 ,  0 ,  45.82 ,  0.12 ,  7.54
2 ,  1 ,  28736 ,  195 ,  0 ,  45.82 ,  0.12 ,  7.64
2 ,  1 ,  28754 ,  195 ,  0 ,  45.93 ,  0.12 ,  7.64
2 ,  1 ,  28774 ,  195 ,  0 ,  46.04 ,  0.12 ,  7.64
2 ,  1 ,  28793 ,  195 ,  0 ,  46.04 ,  0.12 ,  7.64
2 ,  1 ,  28815 ,  195 ,  0 ,  46.15 ,  0.12 ,  7.74
2 ,  1 ,  28834 ,  195 ,  0 ,  46.15 ,  0.12 ,  7.64
2 ,  1 ,  28854 ,  195 ,  0 ,  46.26 ,  0.12 ,  7.74
2 ,  1 ,  28873 ,  195 ,  0 ,  46.37 ,  0.12 ,  7.74
2 ,  1 ,  28892 ,  195 ,  0 ,  46.37 ,  0.13 ,  7.84
2 ,  1 ,  28911 ,  195 ,  0 ,  46.37 ,  0.13 ,  7.74
2 ,  1 ,  28931 ,  195 ,  0 ,  46.37 ,  0.13 ,  7.84
2 ,  1 ,  28950 ,  195 ,  0 ,  46.59 ,  0.13 ,  7.84
2 ,  1 ,  28969 ,  195 ,  0 ,  46.59 ,  0.13 ,  7.84
2 ,  1 ,  28989 ,  195 ,  0 ,  46.59 ,  0.13 ,  7.84
2 ,  1 ,  29010 ,  195 ,  0 ,  46.70 ,  0.13 ,  7.94
2 ,  1 ,  29029 ,  195 ,  0 ,  46.70 ,  0.13 ,  7.94
2 ,  1 ,  29048 ,  195 ,  0 ,  46.70 ,  0.13 ,  7.94
2 ,  1 ,  29068 ,  195 ,  0 ,  46.81 ,  0.13 ,  7.94
2 ,  1 ,  29087 ,  195 ,  0 ,  46.81 ,  0.13 ,  7.94
2 ,  1 ,  29107 ,  195 ,  0 ,  46.81 ,  0.13 ,  8.04
2 ,  1 ,  29125 ,  195 ,  0 ,  46.81 ,  0.13 ,  8.04
2 ,  1 ,  29145 ,  195 ,  0 ,  46.92 ,  0.13 ,  8.04
2 ,  1 ,  29164 ,  195 ,  0 ,  46.92 ,  0.13 ,  8.04
2 ,  1 ,  29186 ,  195 ,  0 ,  46.92 ,  0.13 ,  8.04
2 ,  1 ,  29205 ,  195 ,  0 ,  47.03 ,  0.13 ,  8.04
2 ,  1 ,  29224 ,  195 ,  0 ,  47.03 ,  0.13 ,  8.14
2 ,  1 ,  29244 ,  195 ,  0 ,  47.03 ,  0.13 ,  8.14
2 ,  1 ,  29262 ,  195 ,  0 ,  47.14 ,  0.13 ,  8.04
2 ,  1 ,  29282 ,  195 ,  0 ,  47.14 ,  0.13 ,  8.14
2 ,  1 ,  29301 ,  195 ,  0 ,  47.14 ,  0.14 ,  8.14
2 ,  1 ,  29321 ,  195 ,  0 ,  47.25 ,  0.13 ,  8.14
2 ,  1 ,  29340 ,  195 ,  0 ,  47.14 ,  0.13 ,  8.14
2 ,  1 ,  29359 ,  195 ,  0 ,  47.25 ,  0.14 ,  8.14
2 ,  1 ,  29381 ,  195 ,  0 ,  47.25 ,  0.13 ,  8.24
2 ,  1 ,  29400 ,  195 ,  0 ,  47.36 ,  0.13 ,  8.24
2 ,  1 ,  29419 ,  195 ,  0 ,  47.36 ,  0.13 ,  8.24
2 ,  1 ,  29438 ,  195 ,  0 ,  47.36 ,  0.13 ,  8.24
2 ,  1 ,  29458 ,  195 ,  0 ,  47.36 ,  0.13 ,  8.24
2 ,  1 ,  29477 ,  195 ,  0 ,  47.36 ,  0.14 ,  8.24
2 ,  1 ,  29496 ,  195 ,  0 ,  47.47 ,  0.13 ,  8.24
2 ,  1 ,  29515 ,  195 ,  0 ,  47.47 ,  0.13 ,  8.24
2 ,  1 ,  29538 ,  195 ,  0 ,  47.47 ,  0.14 ,  8.33
2 ,  1 ,  29559 ,  195 ,  0 ,  47.47 ,  0.14 ,  8.33
2 ,  1 ,  29579 ,  195 ,  0 ,  47.47 ,  0.14 ,  8.33
2 ,  1 ,  29598 ,  195 ,  0 ,  47.47 ,  0.14 ,  8.33
2 ,  1 ,  29618 ,  195 ,  0 ,  47.58 ,  0.14 ,  8.24
2 ,  1 ,  29637 ,  195 ,  0 ,  47.58 ,  0.14 ,  8.33
2 ,  1 ,  29657 ,  195 ,  0 ,  47.58 ,  0.14 ,  8.33
2 ,  1 ,  29675 ,  195 ,  0 ,  47.47 ,  0.14 ,  8.33
2 ,  1 ,  29694 ,  195 ,  0 ,  47.47 ,  0.14 ,  8.33
2 ,  1 ,  29714 ,  195 ,  0 ,  47.58 ,  0.14 ,  8.33
2 ,  1 ,  29733 ,  195 ,  0 ,  47.58 ,  0.14 ,  8.33
2 ,  1 ,  29755 ,  195 ,  0 ,  47.58 ,  0.14 ,  8.33
2 ,  1 ,  29774 ,  195 ,  0 ,  47.58 ,  0.13 ,  8.33
2 ,  1 ,  29793 ,  195 ,  0 ,  47.69 ,  0.14 ,  8.43
2 ,  1 ,  29812 ,  195 ,  0 ,  47.69 ,  0.14 ,  8.43
2 ,  1 ,  29832 ,  195 ,  0 ,  47.69 ,  0.14 ,  8.33
2 ,  1 ,  29851 ,  195 ,  0 ,  47.69 ,  0.14 ,  8.43
2 ,  1 ,  29871 ,  195 ,  0 ,  47.69 ,  0.14 ,  8.43
2 ,  1 ,  29890 ,  195 ,  0 ,  47.69 ,  0.14 ,  8.43
2 ,  1 ,  29908 ,  195 ,  0 ,  47.69 ,  0.14 ,  8.43
2 ,  1 ,  29930 ,  195 ,  0 ,  47.69 ,  0.14 ,  8.43
2 ,  1 ,  29949 ,  195 ,  0 ,  47.69 ,  0.14 ,  8.43
2 ,  1 ,  29969 ,  195 ,  0 ,  47.69 ,  0.14 ,  8.43
2 ,  1 ,  29988 ,  195 ,  0 ,  47.69 ,  0.14 ,  8.43
2 ,  1 ,  30008 ,  195 ,  0 ,  47.69 ,  0.14 ,  8.43
2 ,  1 ,  30026 ,  195 ,  0 ,  47.80 ,  0.14 ,  8.43
2 ,  1 ,  30046 ,  195 ,  0 ,  47.80 ,  0.14 ,  8.43
2 ,  1 ,  30065 ,  195 ,  0 ,  47.80 ,  0.14 ,  8.43
2 ,  1 ,  30085 ,  195 ,  0 ,  47.80 ,  0.14 ,  8.43
2 ,  1 ,  30104 ,  195 ,  0 ,  47.80 ,  0.14 ,  8.53
2 ,  1 ,  30126 ,  195 ,  0 ,  47.80 ,  0.14 ,  8.53
2 ,  1 ,  30145 ,  195 ,  0 ,  47.80 ,  0.14 ,  8.53
2 ,  1 ,  30163 ,  195 ,  0 ,  47.80 ,  0.14 ,  8.53
2 ,  1 ,  30183 ,  195 ,  0 ,  47.80 ,  0.14 ,  8.53
2 ,  1 ,  30202 ,  195 ,  0 ,  47.80 ,  0.14 ,  8.53
2 ,  1 ,  30222 ,  195 ,  0 ,  47.80 ,  0.14 ,  8.53
2 ,  1 ,  30241 ,  195 ,  0 ,  47.80 ,  0.14 ,  8.53
2 ,  1 ,  30260 ,  195 ,  0 ,  47.80 ,  0.14 ,  8.53
2 ,  1 ,  30279 ,  195 ,  0 ,  47.91 ,  0.14 ,  8.53
2 ,  1 ,  30301 ,  195 ,  0 ,  47.91 ,  0.14 ,  8.53
2 ,  1 ,  30320 ,  195 ,  0 ,  47.91 ,  0.15 ,  8.53
2 ,  1 ,  30340 ,  195 ,  0 ,  47.91 ,  0.15 ,  8.53
2 ,  1 ,  30359 ,  195 ,  0 ,  47.91 ,  0.14 ,  8.53
2 ,  1 ,  30377 ,  195 ,  0 ,  47.91 ,  0.14 ,  8.53
2 ,  1 ,  30397 ,  195 ,  0 ,  47.91 ,  0.15 ,  8.53
2 ,  1 ,  30416 ,  195 ,  0 ,  47.91 ,  0.15 ,  8.63
2 ,  1 ,  30436 ,  195 ,  0 ,  47.91 ,  0.14 ,  8.53
2 ,  1 ,  30455 ,  195 ,  0 ,  47.91 ,  0.14 ,  8.63
2 ,  1 ,  30475 ,  195 ,  0 ,  47.80 ,  0.14 ,  8.63
2 ,  1 ,  30496 ,  195 ,  0 ,  47.91 ,  0.14 ,  8.53
2 ,  1 ,  30515 ,  0 ,  255 ,  47.91 ,  0.14 ,  8.63
2 ,  1 ,  30534 ,  0 ,  255 ,  47.80 ,  0.14 ,  8.63
2 ,  1 ,  30554 ,  0 ,  255 ,  47.69 ,  0.14 ,  8.63
2 ,  1 ,  30573 ,  0 ,  255 ,  47.69 ,  0.15 ,  8.63
2 ,  1 ,  30593 ,  0 ,  255 ,  47.58 ,  0.14 ,  8.63
2 ,  1 ,  30611 ,  0 ,  255 ,  45.27 ,  0.13 ,  8.43
2 ,  1 ,  30630 ,  0 ,  255 ,  43.50 ,  0.12 ,  8.24
2 ,  1 ,  30650 ,  0 ,  255 ,  41.85 ,  0.11 ,  7.94
2 ,  1 ,  30671 ,  0 ,  255 ,  39.98 ,  0.10 ,  7.54
2 ,  1 ,  30691 ,  0 ,  255 ,  38.44 ,  0.08 ,  7.04
2 ,  1 ,  30710 ,  0 ,  255 ,  36.90 ,  0.08 ,  6.85
2 ,  1 ,  30730 ,  0 ,  255 ,  35.58 ,  0.06 ,  6.45
2 ,  1 ,  30748 ,  0 ,  255 ,  34.36 ,  0.06 ,  6.15
2 ,  1 ,  30768 ,  0 ,  255 ,  33.26 ,  0.05 ,  5.85
2 ,  1 ,  30787 ,  0 ,  255 ,  32.05 ,  0.05 ,  5.66
2 ,  1 ,  30807 ,  0 ,  255 ,  31.17 ,  0.04 ,  5.36
2 ,  1 ,  30826 ,  0 ,  255 ,  30.18 ,  0.04 ,  5.16
2 ,  1 ,  30844 ,  0 ,  255 ,  29.30 ,  0.04 ,  4.96
2 ,  1 ,  30866 ,  0 ,  255 ,  28.42 ,  0.03 ,  4.76
2 ,  1 ,  30885 ,  0 ,  255 ,  27.54 ,  0.03 ,  4.56
2 ,  1 ,  30905 ,  0 ,  255 ,  26.88 ,  0.03 ,  4.37
2 ,  1 ,  30924 ,  0 ,  255 ,  26.21 ,  0.03 ,  4.27
2 ,  1 ,  30944 ,  0 ,  255 ,  25.55 ,  0.03 ,  4.07
2 ,  1 ,  30962 ,  0 ,  255 ,  25.00 ,  0.03 ,  3.97
2 ,  1 ,  30982 ,  0 ,  255 ,  24.45 ,  0.03 ,  3.87
2 ,  1 ,  31001 ,  0 ,  255 ,  24.01 ,  0.02 ,  3.67
2 ,  1 ,  31021 ,  0 ,  255 ,  23.46 ,  0.02 ,  3.57
2 ,  1 ,  31042 ,  0 ,  255 ,  23.02 ,  0.02 ,  3.47
2 ,  1 ,  31062 ,  0 ,  255 ,  22.58 ,  0.02 ,  3.37
2 ,  1 ,  31080 ,  0 ,  255 ,  22.14 ,  0.02 ,  3.27
2 ,  1 ,  31099 ,  0 ,  255 ,  21.81 ,  0.02 ,  3.17
2 ,  1 ,  31119 ,  0 ,  255 ,  21.48 ,  0.02 ,  3.17
2 ,  1 ,  31138 ,  0 ,  255 ,  21.26 ,  0.02 ,  3.08
2 ,  1 ,  31158 ,  0 ,  255 ,  20.82 ,  0.02 ,  2.98
2 ,  1 ,  31176 ,  0 ,  255 ,  20.60 ,  0.02 ,  2.98
2 ,  1 ,  31196 ,  0 ,  255 ,  20.38 ,  0.02 ,  2.88
2 ,  1 ,  31215 ,  0 ,  255 ,  20.16 ,  0.02 ,  2.88
2 ,  1 ,  31237 ,  0 ,  255 ,  19.83 ,  0.01 ,  2.78
2 ,  1 ,  31256 ,  0 ,  255 ,  19.50 ,  0.02 ,  2.68
2 ,  1 ,  31276 ,  0 ,  255 ,  19.39 ,  0.01 ,  2.68
2 ,  1 ,  31294 ,  0 ,  255 ,  19.17 ,  0.02 ,  2.68
2 ,  1 ,  31314 ,  0 ,  255 ,  18.95 ,  0.02 ,  2.58
2 ,  1 ,  31334 ,  0 ,  255 ,  18.84 ,  0.02 ,  2.58
2 ,  1 ,  31352 ,  0 ,  255 ,  18.73 ,  0.01 ,  2.48
2 ,  1 ,  31372 ,  0 ,  255 ,  18.51 ,  0.01 ,  2.48
2 ,  1 ,  31391 ,  0 ,  255 ,  18.29 ,  0.01 ,  2.48
2 ,  1 ,  31413 ,  0 ,  255 ,  18.18 ,  0.01 ,  2.38
2 ,  1 ,  31432 ,  0 ,  255 ,  17.96 ,  0.01 ,  2.38
2 ,  1 ,  31452 ,  0 ,  255 ,  17.96 ,  0.01 ,  2.38
2 ,  1 ,  31470 ,  0 ,  255 ,  17.73 ,  0.01 ,  2.28
2 ,  1 ,  31490 ,  0 ,  255 ,  17.62 ,  0.01 ,  2.28
2 ,  1 ,  31509 ,  0 ,  255 ,  17.51 ,  0.01 ,  2.28
2 ,  1 ,  31528 ,  0 ,  255 ,  17.40 ,  0.01 ,  2.28
2 ,  1 ,  31547 ,  0 ,  255 ,  17.29 ,  0.01 ,  2.18
2 ,  1 ,  31566 ,  0 ,  255 ,  17.18 ,  0.01 ,  2.18
2 ,  1 ,  31586 ,  0 ,  255 ,  16.96 ,  0.01 ,  2.08
2 ,  1 ,  31607 ,  0 ,  255 ,  16.96 ,  0.01 ,  2.18
2 ,  1 ,  31627 ,  0 ,  255 ,  16.74 ,  0.01 ,  2.08
2 ,  1 ,  31646 ,  0 ,  255 ,  16.74 ,  0.01 ,  2.08
2 ,  1 ,  31665 ,  0 ,  255 ,  16.63 ,  0.01 ,  2.08
2 ,  1 ,  31684 ,  0 ,  255 ,  16.52 ,  0.01 ,  2.08
2 ,  1 ,  31704 ,  0 ,  255 ,  16.52 ,  0.01 ,  2.08
2 ,  1 ,  31723 ,  0 ,  255 ,  16.41 ,  0.01 ,  1.98
