MS, MPT, t (s), PWMi, PWMe, Pressure (Psi), LW (V), Displacement (mm)
3 ,  5 ,  66132 ,  0 ,  255 ,  15.20 ,  0.02 ,  1.98
3 ,  5 ,  66152 ,  200 ,  0 ,  15.09 ,  0.02 ,  1.98
3 ,  5 ,  66172 ,  200 ,  0 ,  15.09 ,  0.02 ,  1.98
3 ,  5 ,  66192 ,  200 ,  0 ,  15.09 ,  0.02 ,  1.98
3 ,  5 ,  66211 ,  200 ,  0 ,  16.41 ,  0.02 ,  1.98
3 ,  5 ,  66232 ,  200 ,  0 ,  18.95 ,  0.02 ,  2.08
3 ,  5 ,  66251 ,  200 ,  0 ,  21.59 ,  0.03 ,  2.28
3 ,  5 ,  66271 ,  200 ,  0 ,  24.01 ,  0.03 ,  2.58
3 ,  5 ,  66293 ,  200 ,  0 ,  26.43 ,  0.03 ,  2.98
3 ,  5 ,  66313 ,  200 ,  0 ,  28.75 ,  0.04 ,  3.37
3 ,  5 ,  66333 ,  200 ,  0 ,  30.51 ,  0.05 ,  3.77
3 ,  5 ,  66353 ,  200 ,  0 ,  32.05 ,  0.05 ,  4.07
3 ,  5 ,  66372 ,  200 ,  0 ,  33.59 ,  0.06 ,  4.37
3 ,  5 ,  66392 ,  200 ,  0 ,  34.69 ,  0.06 ,  4.66
3 ,  5 ,  66411 ,  200 ,  0 ,  35.80 ,  0.07 ,  4.96
3 ,  5 ,  66430 ,  200 ,  0 ,  36.79 ,  0.08 ,  5.16
3 ,  5 ,  66451 ,  200 ,  0 ,  37.67 ,  0.08 ,  5.36
3 ,  5 ,  66470 ,  200 ,  0 ,  38.44 ,  0.08 ,  5.56
3 ,  5 ,  66492 ,  200 ,  0 ,  39.32 ,  0.09 ,  5.75
3 ,  5 ,  66511 ,  200 ,  0 ,  39.87 ,  0.09 ,  5.95
3 ,  5 ,  66532 ,  200 ,  0 ,  40.53 ,  0.09 ,  6.15
3 ,  5 ,  66551 ,  200 ,  0 ,  41.08 ,  0.10 ,  6.35
3 ,  5 ,  66571 ,  200 ,  0 ,  41.52 ,  0.10 ,  6.45
3 ,  5 ,  66590 ,  200 ,  0 ,  41.96 ,  0.10 ,  6.65
3 ,  5 ,  66610 ,  200 ,  0 ,  42.40 ,  0.11 ,  6.75
3 ,  5 ,  66630 ,  200 ,  0 ,  42.84 ,  0.11 ,  6.85
3 ,  5 ,  66650 ,  200 ,  0 ,  43.17 ,  0.12 ,  7.04
3 ,  5 ,  66671 ,  200 ,  0 ,  43.50 ,  0.12 ,  7.14
3 ,  5 ,  66691 ,  200 ,  0 ,  43.95 ,  0.12 ,  7.24
3 ,  5 ,  66711 ,  200 ,  0 ,  44.17 ,  0.12 ,  7.34
3 ,  5 ,  66731 ,  200 ,  0 ,  44.50 ,  0.13 ,  7.44
3 ,  5 ,  66750 ,  200 ,  0 ,  44.72 ,  0.12 ,  7.54
3 ,  5 ,  66769 ,  200 ,  0 ,  45.05 ,  0.12 ,  7.64
3 ,  5 ,  66789 ,  200 ,  0 ,  45.27 ,  0.13 ,  7.74
3 ,  5 ,  66809 ,  200 ,  0 ,  45.49 ,  0.13 ,  7.84
3 ,  5 ,  66829 ,  200 ,  0 ,  45.82 ,  0.13 ,  7.94
3 ,  5 ,  66848 ,  200 ,  0 ,  45.93 ,  0.13 ,  7.94
3 ,  5 ,  66871 ,  200 ,  0 ,  46.15 ,  0.14 ,  8.04
3 ,  5 ,  66890 ,  200 ,  0 ,  46.37 ,  0.14 ,  8.14
3 ,  5 ,  66910 ,  200 ,  0 ,  46.59 ,  0.14 ,  8.14
3 ,  5 ,  66929 ,  200 ,  0 ,  46.70 ,  0.14 ,  8.24
3 ,  5 ,  66949 ,  200 ,  0 ,  46.92 ,  0.14 ,  8.33
3 ,  5 ,  66969 ,  200 ,  0 ,  47.14 ,  0.15 ,  8.33
3 ,  5 ,  66989 ,  200 ,  0 ,  47.25 ,  0.15 ,  8.43
3 ,  5 ,  67008 ,  200 ,  0 ,  47.36 ,  0.15 ,  8.43
3 ,  5 ,  67027 ,  200 ,  0 ,  47.47 ,  0.15 ,  8.53
3 ,  5 ,  67050 ,  200 ,  0 ,  47.69 ,  0.15 ,  8.53
3 ,  5 ,  67069 ,  200 ,  0 ,  47.80 ,  0.15 ,  8.63
3 ,  5 ,  67089 ,  200 ,  0 ,  47.91 ,  0.15 ,  8.63
3 ,  5 ,  67108 ,  200 ,  0 ,  48.02 ,  0.15 ,  8.73
3 ,  5 ,  67128 ,  200 ,  0 ,  48.24 ,  0.16 ,  8.73
3 ,  5 ,  67148 ,  200 ,  0 ,  48.24 ,  0.16 ,  8.83
3 ,  5 ,  67168 ,  200 ,  0 ,  48.35 ,  0.16 ,  8.83
3 ,  5 ,  67187 ,  200 ,  0 ,  48.46 ,  0.16 ,  8.93
3 ,  5 ,  67207 ,  200 ,  0 ,  48.57 ,  0.16 ,  8.93
3 ,  5 ,  67226 ,  200 ,  0 ,  48.68 ,  0.16 ,  8.93
3 ,  5 ,  67249 ,  200 ,  0 ,  48.79 ,  0.16 ,  9.03
3 ,  5 ,  67268 ,  200 ,  0 ,  48.90 ,  0.17 ,  9.03
3 ,  5 ,  67288 ,  200 ,  0 ,  49.01 ,  0.17 ,  9.13
3 ,  5 ,  67307 ,  200 ,  0 ,  49.01 ,  0.17 ,  9.13
3 ,  5 ,  67328 ,  200 ,  0 ,  49.12 ,  0.17 ,  9.13
3 ,  5 ,  67347 ,  200 ,  0 ,  49.23 ,  0.17 ,  9.23
3 ,  5 ,  67366 ,  200 ,  0 ,  49.23 ,  0.17 ,  9.23
3 ,  5 ,  67386 ,  200 ,  0 ,  49.34 ,  0.17 ,  9.23
3 ,  5 ,  67405 ,  200 ,  0 ,  49.45 ,  0.17 ,  9.33
3 ,  5 ,  67428 ,  200 ,  0 ,  49.56 ,  0.17 ,  9.33
3 ,  5 ,  67447 ,  200 ,  0 ,  49.56 ,  0.17 ,  9.33
3 ,  5 ,  67467 ,  200 ,  0 ,  49.67 ,  0.17 ,  9.33
3 ,  5 ,  67486 ,  200 ,  0 ,  49.78 ,  0.17 ,  9.43
3 ,  5 ,  67507 ,  200 ,  0 ,  49.78 ,  0.17 ,  9.43
3 ,  5 ,  67526 ,  200 ,  0 ,  49.89 ,  0.18 ,  9.43
3 ,  5 ,  67546 ,  200 ,  0 ,  49.89 ,  0.17 ,  9.53
3 ,  5 ,  67565 ,  200 ,  0 ,  49.89 ,  0.18 ,  9.53
3 ,  5 ,  67585 ,  200 ,  0 ,  50.00 ,  0.18 ,  9.53
3 ,  5 ,  67605 ,  200 ,  0 ,  50.11 ,  0.18 ,  9.53
3 ,  5 ,  67627 ,  200 ,  0 ,  50.11 ,  0.18 ,  9.62
3 ,  5 ,  67646 ,  200 ,  0 ,  50.11 ,  0.17 ,  9.62
3 ,  5 ,  67665 ,  200 ,  0 ,  50.22 ,  0.18 ,  9.62
3 ,  5 ,  67686 ,  200 ,  0 ,  50.22 ,  0.17 ,  9.62
3 ,  5 ,  67705 ,  200 ,  0 ,  50.33 ,  0.18 ,  9.72
3 ,  5 ,  67725 ,  200 ,  0 ,  50.33 ,  0.18 ,  9.72
3 ,  5 ,  67744 ,  200 ,  0 ,  50.33 ,  0.18 ,  9.72
3 ,  5 ,  67764 ,  200 ,  0 ,  50.44 ,  0.18 ,  9.72
3 ,  5 ,  67784 ,  200 ,  0 ,  50.44 ,  0.18 ,  9.72
3 ,  5 ,  67806 ,  200 ,  0 ,  50.44 ,  0.18 ,  9.82
3 ,  5 ,  67825 ,  200 ,  0 ,  50.55 ,  0.18 ,  9.82
3 ,  5 ,  67849 ,  200 ,  0 ,  50.55 ,  0.18 ,  9.82
3 ,  5 ,  67869 ,  200 ,  0 ,  50.66 ,  0.18 ,  9.82
3 ,  5 ,  67889 ,  200 ,  0 ,  50.66 ,  0.18 ,  9.82
3 ,  5 ,  67908 ,  200 ,  0 ,  50.66 ,  0.18 ,  9.82
3 ,  5 ,  67928 ,  200 ,  0 ,  50.77 ,  0.18 ,  9.82
3 ,  5 ,  67947 ,  200 ,  0 ,  50.77 ,  0.18 ,  9.92
3 ,  5 ,  67968 ,  200 ,  0 ,  50.77 ,  0.18 ,  9.92
3 ,  5 ,  67987 ,  200 ,  0 ,  50.77 ,  0.18 ,  9.92
3 ,  5 ,  68008 ,  200 ,  0 ,  50.77 ,  0.18 ,  9.92
3 ,  5 ,  68028 ,  200 ,  0 ,  50.88 ,  0.18 ,  9.92
3 ,  5 ,  68048 ,  200 ,  0 ,  50.88 ,  0.18 ,  9.92
3 ,  5 ,  68068 ,  200 ,  0 ,  50.88 ,  0.18 ,  9.92
3 ,  5 ,  68087 ,  200 ,  0 ,  50.99 ,  0.19 ,  10.02
3 ,  5 ,  68107 ,  200 ,  0 ,  50.99 ,  0.19 ,  10.02
3 ,  5 ,  68126 ,  200 ,  0 ,  50.99 ,  0.19 ,  10.02
3 ,  5 ,  68147 ,  200 ,  0 ,  50.99 ,  0.18 ,  9.92
3 ,  5 ,  68166 ,  200 ,  0 ,  50.99 ,  0.19 ,  10.02
3 ,  5 ,  68188 ,  200 ,  0 ,  50.99 ,  0.19 ,  10.02
3 ,  5 ,  68207 ,  200 ,  0 ,  50.99 ,  0.19 ,  10.02
3 ,  5 ,  68228 ,  200 ,  0 ,  51.10 ,  0.19 ,  10.02
3 ,  5 ,  68247 ,  200 ,  0 ,  51.10 ,  0.19 ,  10.02
3 ,  5 ,  68267 ,  200 ,  0 ,  51.10 ,  0.19 ,  10.02
3 ,  5 ,  68286 ,  200 ,  0 ,  51.10 ,  0.19 ,  10.12
3 ,  5 ,  68306 ,  200 ,  0 ,  51.21 ,  0.19 ,  10.12
3 ,  5 ,  68326 ,  200 ,  0 ,  51.21 ,  0.19 ,  10.12
3 ,  5 ,  68345 ,  200 ,  0 ,  51.21 ,  0.18 ,  10.12
3 ,  5 ,  68365 ,  200 ,  0 ,  51.21 ,  0.19 ,  10.12
3 ,  5 ,  68387 ,  200 ,  0 ,  51.21 ,  0.19 ,  10.12
3 ,  5 ,  68407 ,  200 ,  0 ,  51.21 ,  0.19 ,  10.12
3 ,  5 ,  68426 ,  200 ,  0 ,  51.32 ,  0.19 ,  10.12
3 ,  5 ,  68446 ,  200 ,  0 ,  51.32 ,  0.19 ,  10.22
3 ,  5 ,  68466 ,  200 ,  0 ,  51.32 ,  0.19 ,  10.12
3 ,  5 ,  68486 ,  200 ,  0 ,  51.32 ,  0.19 ,  10.12
3 ,  5 ,  68505 ,  200 ,  0 ,  51.32 ,  0.19 ,  10.22
3 ,  5 ,  68525 ,  200 ,  0 ,  51.32 ,  0.19 ,  10.22
3 ,  5 ,  68545 ,  200 ,  0 ,  51.32 ,  0.19 ,  10.22
3 ,  5 ,  68567 ,  200 ,  0 ,  51.32 ,  0.19 ,  10.22
3 ,  5 ,  68586 ,  200 ,  0 ,  51.32 ,  0.19 ,  10.22
3 ,  5 ,  68606 ,  200 ,  0 ,  51.32 ,  0.19 ,  10.12
3 ,  5 ,  68626 ,  200 ,  0 ,  51.43 ,  0.19 ,  10.22
3 ,  5 ,  68645 ,  200 ,  0 ,  51.43 ,  0.19 ,  10.22
3 ,  5 ,  68665 ,  200 ,  0 ,  51.43 ,  0.19 ,  10.22
3 ,  5 ,  68684 ,  200 ,  0 ,  51.43 ,  0.19 ,  10.22
3 ,  5 ,  68705 ,  200 ,  0 ,  51.43 ,  0.19 ,  10.22
3 ,  5 ,  68724 ,  200 ,  0 ,  51.43 ,  0.19 ,  10.22
3 ,  5 ,  68746 ,  200 ,  0 ,  51.43 ,  0.19 ,  10.32
3 ,  5 ,  68766 ,  200 ,  0 ,  51.43 ,  0.19 ,  10.32
3 ,  5 ,  68786 ,  200 ,  0 ,  51.54 ,  0.19 ,  10.32
3 ,  5 ,  68805 ,  200 ,  0 ,  51.43 ,  0.19 ,  10.32
3 ,  5 ,  68825 ,  200 ,  0 ,  51.43 ,  0.19 ,  10.32
3 ,  5 ,  68845 ,  200 ,  0 ,  51.54 ,  0.20 ,  10.32
3 ,  5 ,  68865 ,  200 ,  0 ,  51.54 ,  0.19 ,  10.32
3 ,  5 ,  68884 ,  200 ,  0 ,  51.54 ,  0.20 ,  10.32
3 ,  5 ,  68903 ,  200 ,  0 ,  51.54 ,  0.20 ,  10.32
3 ,  5 ,  68926 ,  200 ,  0 ,  51.54 ,  0.19 ,  10.32
3 ,  5 ,  68945 ,  200 ,  0 ,  51.54 ,  0.19 ,  10.32
3 ,  5 ,  68965 ,  200 ,  0 ,  51.54 ,  0.19 ,  10.32
3 ,  5 ,  68984 ,  200 ,  0 ,  51.54 ,  0.19 ,  10.32
3 ,  5 ,  69005 ,  200 ,  0 ,  51.54 ,  0.20 ,  10.32
3 ,  5 ,  69024 ,  200 ,  0 ,  51.54 ,  0.19 ,  10.32
3 ,  5 ,  69044 ,  200 ,  0 ,  51.54 ,  0.20 ,  10.32
3 ,  5 ,  69063 ,  200 ,  0 ,  51.54 ,  0.20 ,  10.32
3 ,  5 ,  69084 ,  200 ,  0 ,  51.54 ,  0.20 ,  10.32
3 ,  5 ,  69103 ,  0 ,  255 ,  51.54 ,  0.20 ,  10.32
3 ,  5 ,  69125 ,  0 ,  255 ,  51.43 ,  0.20 ,  10.42
3 ,  5 ,  69144 ,  0 ,  255 ,  51.32 ,  0.19 ,  10.32
3 ,  5 ,  69165 ,  0 ,  255 ,  51.32 ,  0.19 ,  10.32
3 ,  5 ,  69184 ,  0 ,  255 ,  50.33 ,  0.19 ,  10.32
3 ,  5 ,  69203 ,  0 ,  255 ,  47.69 ,  0.18 ,  10.12
3 ,  5 ,  69223 ,  0 ,  255 ,  45.49 ,  0.16 ,  9.62
3 ,  5 ,  69243 ,  0 ,  255 ,  43.61 ,  0.14 ,  9.13
3 ,  5 ,  69263 ,  0 ,  255 ,  41.63 ,  0.13 ,  8.63
3 ,  5 ,  69282 ,  0 ,  255 ,  39.87 ,  0.12 ,  8.24
3 ,  5 ,  69304 ,  0 ,  255 ,  38.11 ,  0.10 ,  7.74
3 ,  5 ,  69324 ,  0 ,  255 ,  36.68 ,  0.09 ,  7.34
3 ,  5 ,  69344 ,  0 ,  255 ,  35.36 ,  0.08 ,  6.95
3 ,  5 ,  69363 ,  0 ,  255 ,  34.03 ,  0.07 ,  6.65
3 ,  5 ,  69383 ,  0 ,  255 ,  32.82 ,  0.07 ,  6.35
3 ,  5 ,  69402 ,  0 ,  255 ,  31.61 ,  0.06 ,  6.05
3 ,  5 ,  69422 ,  0 ,  255 ,  30.62 ,  0.06 ,  5.75
3 ,  5 ,  69442 ,  0 ,  255 ,  29.74 ,  0.05 ,  5.56
3 ,  5 ,  69462 ,  0 ,  255 ,  28.75 ,  0.05 ,  5.26
3 ,  5 ,  69481 ,  0 ,  255 ,  27.98 ,  0.05 ,  5.06
3 ,  5 ,  69502 ,  0 ,  255 ,  27.10 ,  0.04 ,  4.86
3 ,  5 ,  69523 ,  0 ,  255 ,  26.32 ,  0.04 ,  4.66
3 ,  5 ,  69542 ,  0 ,  255 ,  25.66 ,  0.04 ,  4.46
3 ,  5 ,  69562 ,  0 ,  255 ,  25.00 ,  0.04 ,  4.37
3 ,  5 ,  69581 ,  0 ,  255 ,  24.45 ,  0.04 ,  4.17
3 ,  5 ,  69601 ,  0 ,  255 ,  23.90 ,  0.04 ,  4.07
3 ,  5 ,  69621 ,  0 ,  255 ,  23.35 ,  0.04 ,  3.97
3 ,  5 ,  69641 ,  0 ,  255 ,  22.91 ,  0.04 ,  3.77
3 ,  5 ,  69660 ,  0 ,  255 ,  22.47 ,  0.04 ,  3.67
3 ,  5 ,  69683 ,  0 ,  255 ,  22.03 ,  0.04 ,  3.57
3 ,  5 ,  69702 ,  0 ,  255 ,  21.59 ,  0.03 ,  3.47
3 ,  5 ,  69722 ,  0 ,  255 ,  21.15 ,  0.03 ,  3.37
3 ,  5 ,  69741 ,  0 ,  255 ,  20.82 ,  0.03 ,  3.27
3 ,  5 ,  69762 ,  0 ,  255 ,  20.49 ,  0.03 ,  3.27
3 ,  5 ,  69781 ,  0 ,  255 ,  20.27 ,  0.03 ,  3.17
3 ,  5 ,  69800 ,  0 ,  255 ,  19.94 ,  0.03 ,  3.08
3 ,  5 ,  69820 ,  0 ,  255 ,  19.61 ,  0.03 ,  3.08
3 ,  5 ,  69839 ,  0 ,  255 ,  19.39 ,  0.03 ,  2.88
3 ,  5 ,  69859 ,  0 ,  255 ,  19.06 ,  0.03 ,  2.88
3 ,  5 ,  69881 ,  0 ,  255 ,  18.95 ,  0.03 ,  2.88
3 ,  5 ,  69901 ,  0 ,  255 ,  18.73 ,  0.03 ,  2.78
3 ,  5 ,  69920 ,  0 ,  255 ,  18.40 ,  0.03 ,  2.78
3 ,  5 ,  69940 ,  0 ,  255 ,  18.29 ,  0.03 ,  2.68
3 ,  5 ,  69960 ,  0 ,  255 ,  18.07 ,  0.03 ,  2.68
3 ,  5 ,  69980 ,  0 ,  255 ,  17.96 ,  0.03 ,  2.58
3 ,  5 ,  69999 ,  0 ,  255 ,  17.73 ,  0.03 ,  2.58
3 ,  5 ,  70019 ,  0 ,  255 ,  17.62 ,  0.03 ,  2.58
3 ,  5 ,  70038 ,  0 ,  255 ,  17.40 ,  0.03 ,  2.48
3 ,  5 ,  70061 ,  0 ,  255 ,  17.29 ,  0.03 ,  2.48
3 ,  5 ,  70080 ,  0 ,  255 ,  17.07 ,  0.03 ,  2.48
3 ,  5 ,  70099 ,  0 ,  255 ,  16.96 ,  0.03 ,  2.38
3 ,  5 ,  70119 ,  0 ,  255 ,  16.74 ,  0.03 ,  2.38
3 ,  5 ,  70138 ,  0 ,  255 ,  16.74 ,  0.03 ,  2.38
3 ,  5 ,  70159 ,  0 ,  255 ,  16.52 ,  0.03 ,  2.28
3 ,  5 ,  70178 ,  0 ,  255 ,  16.41 ,  0.03 ,  2.28
3 ,  5 ,  70198 ,  0 ,  255 ,  16.41 ,  0.03 ,  2.28
3 ,  5 ,  70217 ,  0 ,  255 ,  16.19 ,  0.03 ,  2.28
3 ,  5 ,  70237 ,  0 ,  255 ,  16.08 ,  0.02 ,  2.18
3 ,  5 ,  70259 ,  0 ,  255 ,  15.97 ,  0.03 ,  2.18
3 ,  5 ,  70293 ,  0 ,  255 ,  15.75 ,  0.03 ,  2.18
3 ,  5 ,  70313 ,  0 ,  255 ,  15.64 ,  0.03 ,  2.18
3 ,  5 ,  70333 ,  0 ,  255 ,  15.64 ,  0.03 ,  2.08
3 ,  5 ,  70352 ,  0 ,  255 ,  15.53 ,  0.03 ,  2.08
3 ,  5 ,  70372 ,  0 ,  255 ,  15.42 ,  0.03 ,  2.08
3 ,  5 ,  70391 ,  0 ,  255 ,  15.31 ,  0.02 ,  2.08
3 ,  5 ,  70411 ,  0 ,  255 ,  15.31 ,  0.03 ,  2.08
3 ,  5 ,  70431 ,  0 ,  255 ,  15.20 ,  0.03 ,  1.98
