MS, MPT, t (s), PWMi, PWMe, Pressure (Psi), LW (V), Displacement (mm)
7 ,  4 ,  148811 ,  0 ,  255 ,  13.11 ,  0.03 ,  1.98
7 ,  4 ,  148836 ,  220 ,  0 ,  13.00 ,  0.04 ,  1.89
7 ,  4 ,  148860 ,  220 ,  0 ,  13.00 ,  0.03 ,  1.89
7 ,  4 ,  148886 ,  220 ,  0 ,  14.98 ,  0.03 ,  1.89
7 ,  4 ,  148911 ,  220 ,  0 ,  20.05 ,  0.04 ,  2.18
7 ,  4 ,  148935 ,  220 ,  0 ,  25.44 ,  0.05 ,  2.98
7 ,  4 ,  148960 ,  220 ,  0 ,  30.40 ,  0.06 ,  3.97
7 ,  4 ,  148985 ,  220 ,  0 ,  34.58 ,  0.08 ,  4.86
7 ,  4 ,  149012 ,  220 ,  0 ,  38.00 ,  0.09 ,  5.75
7 ,  4 ,  149037 ,  220 ,  0 ,  41.08 ,  0.11 ,  6.65
7 ,  4 ,  149061 ,  220 ,  0 ,  43.28 ,  0.12 ,  7.34
7 ,  4 ,  149086 ,  220 ,  0 ,  45.16 ,  0.14 ,  7.94
7 ,  4 ,  149110 ,  220 ,  0 ,  46.70 ,  0.15 ,  8.43
7 ,  4 ,  149136 ,  220 ,  0 ,  48.13 ,  0.16 ,  8.93
7 ,  4 ,  149160 ,  220 ,  0 ,  49.23 ,  0.17 ,  9.43
7 ,  4 ,  149185 ,  220 ,  0 ,  50.33 ,  0.18 ,  9.82
7 ,  4 ,  149210 ,  220 ,  0 ,  51.32 ,  0.19 ,  10.22
7 ,  4 ,  149234 ,  220 ,  0 ,  52.20 ,  0.20 ,  10.52
7 ,  4 ,  149261 ,  220 ,  0 ,  53.09 ,  0.21 ,  10.91
7 ,  4 ,  149285 ,  220 ,  0 ,  53.86 ,  0.21 ,  11.21
7 ,  4 ,  149310 ,  220 ,  0 ,  54.52 ,  0.22 ,  11.51
7 ,  4 ,  149335 ,  220 ,  0 ,  55.18 ,  0.22 ,  11.71
7 ,  4 ,  149360 ,  220 ,  0 ,  55.84 ,  0.23 ,  12.01
7 ,  4 ,  149385 ,  220 ,  0 ,  56.39 ,  0.24 ,  12.20
7 ,  4 ,  149409 ,  220 ,  0 ,  56.94 ,  0.25 ,  12.40
7 ,  4 ,  149434 ,  220 ,  0 ,  57.49 ,  0.25 ,  12.60
7 ,  4 ,  149458 ,  220 ,  0 ,  57.93 ,  0.26 ,  12.90
7 ,  4 ,  149489 ,  220 ,  0 ,  58.59 ,  0.27 ,  13.10
7 ,  4 ,  149514 ,  220 ,  0 ,  59.03 ,  0.27 ,  13.30
7 ,  4 ,  149538 ,  220 ,  0 ,  59.47 ,  0.28 ,  13.39
7 ,  4 ,  149563 ,  220 ,  0 ,  59.91 ,  0.28 ,  13.59
7 ,  4 ,  149588 ,  220 ,  0 ,  60.24 ,  0.29 ,  13.79
7 ,  4 ,  149613 ,  220 ,  0 ,  60.68 ,  0.29 ,  13.89
7 ,  4 ,  149638 ,  220 ,  0 ,  61.01 ,  0.30 ,  14.09
7 ,  4 ,  149662 ,  220 ,  0 ,  61.35 ,  0.30 ,  14.19
7 ,  4 ,  149687 ,  220 ,  0 ,  61.68 ,  0.30 ,  14.29
7 ,  4 ,  149713 ,  220 ,  0 ,  62.01 ,  0.32 ,  14.49
7 ,  4 ,  149738 ,  220 ,  0 ,  62.34 ,  0.31 ,  14.59
7 ,  4 ,  149763 ,  220 ,  0 ,  62.67 ,  0.32 ,  14.59
7 ,  4 ,  149788 ,  220 ,  0 ,  62.89 ,  0.32 ,  14.78
7 ,  4 ,  149813 ,  220 ,  0 ,  63.22 ,  0.33 ,  14.88
7 ,  4 ,  149837 ,  220 ,  0 ,  63.44 ,  0.33 ,  14.98
7 ,  4 ,  149862 ,  220 ,  0 ,  63.66 ,  0.33 ,  15.08
7 ,  4 ,  149886 ,  220 ,  0 ,  63.77 ,  0.34 ,  15.18
7 ,  4 ,  149911 ,  220 ,  0 ,  63.99 ,  0.33 ,  15.28
7 ,  4 ,  149938 ,  220 ,  0 ,  64.21 ,  0.35 ,  15.28
7 ,  4 ,  149962 ,  220 ,  0 ,  64.43 ,  0.35 ,  15.38
7 ,  4 ,  149988 ,  220 ,  0 ,  64.65 ,  0.35 ,  15.48
7 ,  4 ,  150012 ,  220 ,  0 ,  64.76 ,  0.34 ,  15.48
7 ,  4 ,  150037 ,  220 ,  0 ,  64.98 ,  0.35 ,  15.58
7 ,  4 ,  150062 ,  220 ,  0 ,  65.09 ,  0.35 ,  15.68
7 ,  4 ,  150086 ,  220 ,  0 ,  65.20 ,  0.36 ,  15.78
7 ,  4 ,  150111 ,  220 ,  0 ,  65.42 ,  0.36 ,  15.78
7 ,  4 ,  150135 ,  220 ,  0 ,  65.53 ,  0.35 ,  15.88
7 ,  4 ,  150162 ,  220 ,  0 ,  65.64 ,  0.36 ,  15.88
7 ,  4 ,  150188 ,  220 ,  0 ,  65.75 ,  0.36 ,  15.97
7 ,  4 ,  150212 ,  220 ,  0 ,  65.97 ,  0.37 ,  16.07
7 ,  4 ,  150237 ,  220 ,  0 ,  66.08 ,  0.36 ,  16.07
7 ,  4 ,  150261 ,  220 ,  0 ,  66.19 ,  0.37 ,  16.07
7 ,  4 ,  150286 ,  220 ,  0 ,  66.30 ,  0.36 ,  16.17
7 ,  4 ,  150310 ,  220 ,  0 ,  66.41 ,  0.37 ,  16.17
7 ,  4 ,  150335 ,  220 ,  0 ,  66.41 ,  0.37 ,  16.27
7 ,  4 ,  150360 ,  220 ,  0 ,  66.52 ,  0.37 ,  16.27
7 ,  4 ,  150386 ,  220 ,  0 ,  66.63 ,  0.37 ,  16.27
7 ,  4 ,  150412 ,  220 ,  0 ,  66.74 ,  0.37 ,  16.37
7 ,  4 ,  150436 ,  220 ,  0 ,  66.85 ,  0.37 ,  16.37
7 ,  4 ,  150461 ,  220 ,  0 ,  66.85 ,  0.37 ,  16.47
7 ,  4 ,  150486 ,  220 ,  0 ,  66.96 ,  0.38 ,  16.47
7 ,  4 ,  150510 ,  220 ,  0 ,  67.07 ,  0.38 ,  16.47
7 ,  4 ,  150535 ,  220 ,  0 ,  67.07 ,  0.38 ,  16.47
7 ,  4 ,  150559 ,  220 ,  0 ,  67.18 ,  0.38 ,  16.57
7 ,  4 ,  150584 ,  220 ,  0 ,  67.18 ,  0.38 ,  16.47
7 ,  4 ,  150611 ,  220 ,  0 ,  67.29 ,  0.38 ,  16.57
7 ,  4 ,  150636 ,  220 ,  0 ,  67.29 ,  0.39 ,  16.67
7 ,  4 ,  150661 ,  220 ,  0 ,  67.40 ,  0.39 ,  16.67
7 ,  4 ,  150685 ,  220 ,  0 ,  67.40 ,  0.39 ,  16.67
7 ,  4 ,  150710 ,  220 ,  0 ,  67.51 ,  0.39 ,  16.67
7 ,  4 ,  150734 ,  220 ,  0 ,  67.51 ,  0.38 ,  16.67
7 ,  4 ,  150759 ,  220 ,  0 ,  67.62 ,  0.39 ,  16.77
7 ,  4 ,  150784 ,  220 ,  0 ,  67.62 ,  0.39 ,  16.77
7 ,  4 ,  150808 ,  220 ,  0 ,  67.73 ,  0.39 ,  16.77
7 ,  4 ,  150833 ,  220 ,  0 ,  67.73 ,  0.39 ,  16.87
7 ,  4 ,  150860 ,  220 ,  0 ,  67.73 ,  0.39 ,  16.87
7 ,  4 ,  150885 ,  220 ,  0 ,  67.84 ,  0.39 ,  16.87
7 ,  4 ,  150909 ,  220 ,  0 ,  67.84 ,  0.39 ,  16.87
7 ,  4 ,  150934 ,  220 ,  0 ,  67.84 ,  0.39 ,  16.87
7 ,  4 ,  150959 ,  220 ,  0 ,  67.95 ,  0.39 ,  16.87
7 ,  4 ,  150983 ,  220 ,  0 ,  67.95 ,  0.39 ,  16.87
7 ,  4 ,  151008 ,  220 ,  0 ,  68.06 ,  0.39 ,  16.97
7 ,  4 ,  151032 ,  220 ,  0 ,  68.06 ,  0.39 ,  16.97
7 ,  4 ,  151057 ,  220 ,  0 ,  68.06 ,  0.39 ,  16.97
7 ,  4 ,  151085 ,  220 ,  0 ,  68.06 ,  0.39 ,  16.97
7 ,  4 ,  151109 ,  220 ,  0 ,  68.06 ,  0.39 ,  16.97
7 ,  4 ,  151134 ,  220 ,  0 ,  68.17 ,  0.40 ,  16.97
7 ,  4 ,  151158 ,  220 ,  0 ,  68.17 ,  0.39 ,  16.97
7 ,  4 ,  151183 ,  220 ,  0 ,  68.17 ,  0.40 ,  17.07
7 ,  4 ,  151207 ,  220 ,  0 ,  68.28 ,  0.40 ,  17.07
7 ,  4 ,  151232 ,  220 ,  0 ,  68.28 ,  0.40 ,  17.07
7 ,  4 ,  151258 ,  220 ,  0 ,  68.28 ,  0.40 ,  17.07
7 ,  4 ,  151282 ,  220 ,  0 ,  68.28 ,  0.40 ,  17.07
7 ,  4 ,  151309 ,  220 ,  0 ,  68.39 ,  0.40 ,  17.07
7 ,  4 ,  151333 ,  220 ,  0 ,  68.28 ,  0.40 ,  17.07
7 ,  4 ,  151358 ,  220 ,  0 ,  68.39 ,  0.40 ,  17.07
7 ,  4 ,  151383 ,  220 ,  0 ,  68.39 ,  0.40 ,  17.16
7 ,  4 ,  151407 ,  220 ,  0 ,  68.39 ,  0.40 ,  17.16
7 ,  4 ,  151432 ,  220 ,  0 ,  68.39 ,  0.40 ,  17.16
7 ,  4 ,  151456 ,  220 ,  0 ,  68.39 ,  0.40 ,  17.16
7 ,  4 ,  151482 ,  220 ,  0 ,  68.50 ,  0.40 ,  17.16
7 ,  4 ,  151506 ,  220 ,  0 ,  68.50 ,  0.40 ,  17.16
7 ,  4 ,  151533 ,  220 ,  0 ,  68.50 ,  0.40 ,  17.16
7 ,  4 ,  151558 ,  220 ,  0 ,  68.50 ,  0.40 ,  17.16
7 ,  4 ,  151582 ,  220 ,  0 ,  68.50 ,  0.41 ,  17.16
7 ,  4 ,  151607 ,  220 ,  0 ,  68.50 ,  0.41 ,  17.16
7 ,  4 ,  151631 ,  220 ,  0 ,  68.61 ,  0.41 ,  17.26
7 ,  4 ,  151656 ,  220 ,  0 ,  68.61 ,  0.41 ,  17.26
7 ,  4 ,  151682 ,  220 ,  0 ,  68.61 ,  0.40 ,  17.26
7 ,  4 ,  151706 ,  220 ,  0 ,  68.50 ,  0.40 ,  17.26
7 ,  4 ,  151731 ,  220 ,  0 ,  68.61 ,  0.40 ,  17.26
7 ,  4 ,  151758 ,  220 ,  0 ,  68.61 ,  0.40 ,  17.26
7 ,  4 ,  151783 ,  0 ,  255 ,  68.61 ,  0.41 ,  17.26
7 ,  4 ,  151808 ,  0 ,  255 ,  68.39 ,  0.40 ,  17.26
7 ,  4 ,  151832 ,  0 ,  255 ,  66.30 ,  0.40 ,  17.26
7 ,  4 ,  151857 ,  0 ,  255 ,  63.22 ,  0.37 ,  16.77
7 ,  4 ,  151881 ,  0 ,  255 ,  58.81 ,  0.34 ,  15.78
7 ,  4 ,  151906 ,  0 ,  255 ,  54.63 ,  0.29 ,  14.78
7 ,  4 ,  151930 ,  0 ,  255 ,  50.77 ,  0.25 ,  13.69
7 ,  4 ,  151955 ,  0 ,  255 ,  47.58 ,  0.22 ,  12.60
7 ,  4 ,  151983 ,  0 ,  255 ,  44.72 ,  0.18 ,  11.61
7 ,  4 ,  152007 ,  0 ,  255 ,  41.74 ,  0.15 ,  10.62
7 ,  4 ,  152032 ,  0 ,  255 ,  39.54 ,  0.13 ,  9.82
7 ,  4 ,  152056 ,  0 ,  255 ,  37.45 ,  0.11 ,  9.03
7 ,  4 ,  152081 ,  0 ,  255 ,  35.58 ,  0.10 ,  8.33
7 ,  4 ,  152105 ,  0 ,  255 ,  33.81 ,  0.09 ,  7.74
7 ,  4 ,  152130 ,  0 ,  255 ,  32.27 ,  0.08 ,  7.24
7 ,  4 ,  152155 ,  0 ,  255 ,  30.73 ,  0.07 ,  6.75
7 ,  4 ,  152179 ,  0 ,  255 ,  29.41 ,  0.07 ,  6.25
7 ,  4 ,  152204 ,  0 ,  255 ,  28.20 ,  0.06 ,  5.95
7 ,  4 ,  152230 ,  0 ,  255 ,  26.99 ,  0.06 ,  5.56
7 ,  4 ,  152256 ,  0 ,  255 ,  25.88 ,  0.06 ,  5.26
7 ,  4 ,  152281 ,  0 ,  255 ,  25.00 ,  0.06 ,  4.96
7 ,  4 ,  152305 ,  0 ,  255 ,  24.12 ,  0.05 ,  4.66
7 ,  4 ,  152330 ,  0 ,  255 ,  23.35 ,  0.05 ,  4.46
7 ,  4 ,  152354 ,  0 ,  255 ,  22.47 ,  0.05 ,  4.27
7 ,  4 ,  152379 ,  0 ,  255 ,  21.92 ,  0.05 ,  4.07
7 ,  4 ,  152403 ,  0 ,  255 ,  21.15 ,  0.05 ,  3.87
7 ,  4 ,  152428 ,  0 ,  255 ,  20.60 ,  0.05 ,  3.77
7 ,  4 ,  152455 ,  0 ,  255 ,  20.05 ,  0.05 ,  3.57
7 ,  4 ,  152479 ,  0 ,  255 ,  19.50 ,  0.05 ,  3.47
7 ,  4 ,  152504 ,  0 ,  255 ,  19.06 ,  0.05 ,  3.37
7 ,  4 ,  152528 ,  0 ,  255 ,  18.62 ,  0.05 ,  3.27
7 ,  4 ,  152553 ,  0 ,  255 ,  18.18 ,  0.04 ,  3.17
7 ,  4 ,  152578 ,  0 ,  255 ,  17.85 ,  0.05 ,  3.08
7 ,  4 ,  152602 ,  0 ,  255 ,  17.40 ,  0.04 ,  2.98
7 ,  4 ,  152627 ,  0 ,  255 ,  17.07 ,  0.04 ,  2.88
7 ,  4 ,  152651 ,  0 ,  255 ,  16.74 ,  0.04 ,  2.78
7 ,  4 ,  152679 ,  0 ,  255 ,  16.41 ,  0.04 ,  2.68
7 ,  4 ,  152704 ,  0 ,  255 ,  16.19 ,  0.04 ,  2.68
7 ,  4 ,  152728 ,  0 ,  255 ,  15.97 ,  0.04 ,  2.58
7 ,  4 ,  152753 ,  0 ,  255 ,  15.64 ,  0.04 ,  2.48
7 ,  4 ,  152777 ,  0 ,  255 ,  15.42 ,  0.04 ,  2.48
7 ,  4 ,  152802 ,  0 ,  255 ,  15.20 ,  0.04 ,  2.38
7 ,  4 ,  152826 ,  0 ,  255 ,  14.98 ,  0.04 ,  2.38
7 ,  4 ,  152851 ,  0 ,  255 ,  14.87 ,  0.04 ,  2.28
7 ,  4 ,  152876 ,  0 ,  255 ,  14.65 ,  0.04 ,  2.28
7 ,  4 ,  152900 ,  0 ,  255 ,  14.54 ,  0.04 ,  2.28
7 ,  4 ,  152927 ,  0 ,  255 ,  14.21 ,  0.04 ,  2.18
7 ,  4 ,  152951 ,  0 ,  255 ,  14.10 ,  0.04 ,  2.18
7 ,  4 ,  152976 ,  0 ,  255 ,  13.99 ,  0.03 ,  2.18
7 ,  4 ,  153000 ,  0 ,  255 ,  13.88 ,  0.04 ,  2.08
7 ,  4 ,  153025 ,  0 ,  255 ,  13.66 ,  0.04 ,  2.08
7 ,  4 ,  153050 ,  0 ,  255 ,  13.55 ,  0.04 ,  2.08
7 ,  4 ,  153074 ,  0 ,  255 ,  13.44 ,  0.04 ,  1.98
