MS, MPT, t (s), PWMi, PWMe, Pressure (Psi), LW (V), Displacement (mm)
7 ,  5 ,  153139 ,  0 ,  255 ,  13.11 ,  0.04 ,  1.89
7 ,  5 ,  153164 ,  220 ,  0 ,  13.00 ,  0.04 ,  1.89
7 ,  5 ,  153189 ,  220 ,  0 ,  13.00 ,  0.04 ,  1.89
7 ,  5 ,  153213 ,  220 ,  0 ,  14.98 ,  0.04 ,  1.89
7 ,  5 ,  153238 ,  220 ,  0 ,  19.94 ,  0.04 ,  2.18
7 ,  5 ,  153264 ,  220 ,  0 ,  25.33 ,  0.05 ,  3.08
7 ,  5 ,  153288 ,  220 ,  0 ,  30.40 ,  0.06 ,  3.97
7 ,  5 ,  153313 ,  220 ,  0 ,  34.58 ,  0.08 ,  4.86
7 ,  5 ,  153340 ,  220 ,  0 ,  38.11 ,  0.10 ,  5.75
7 ,  5 ,  153365 ,  220 ,  0 ,  41.08 ,  0.11 ,  6.65
7 ,  5 ,  153390 ,  220 ,  0 ,  43.28 ,  0.12 ,  7.34
7 ,  5 ,  153414 ,  220 ,  0 ,  45.16 ,  0.14 ,  7.94
7 ,  5 ,  153439 ,  220 ,  0 ,  46.70 ,  0.15 ,  8.53
7 ,  5 ,  153464 ,  220 ,  0 ,  48.13 ,  0.16 ,  9.03
7 ,  5 ,  153489 ,  220 ,  0 ,  49.23 ,  0.17 ,  9.43
7 ,  5 ,  153513 ,  220 ,  0 ,  50.44 ,  0.18 ,  9.82
7 ,  5 ,  153538 ,  220 ,  0 ,  51.32 ,  0.20 ,  10.22
7 ,  5 ,  153563 ,  220 ,  0 ,  52.20 ,  0.20 ,  10.62
7 ,  5 ,  153589 ,  220 ,  0 ,  53.09 ,  0.21 ,  10.91
7 ,  5 ,  153615 ,  220 ,  0 ,  53.75 ,  0.22 ,  11.21
7 ,  5 ,  153639 ,  220 ,  0 ,  54.52 ,  0.22 ,  11.51
7 ,  5 ,  153664 ,  220 ,  0 ,  55.18 ,  0.23 ,  11.81
7 ,  5 ,  153689 ,  220 ,  0 ,  55.84 ,  0.24 ,  12.01
7 ,  5 ,  153713 ,  220 ,  0 ,  56.39 ,  0.25 ,  12.20
7 ,  5 ,  153738 ,  220 ,  0 ,  56.94 ,  0.25 ,  12.50
7 ,  5 ,  153762 ,  220 ,  0 ,  57.49 ,  0.26 ,  12.70
7 ,  5 ,  153788 ,  220 ,  0 ,  58.04 ,  0.27 ,  12.90
7 ,  5 ,  153815 ,  220 ,  0 ,  58.48 ,  0.27 ,  13.10
7 ,  5 ,  153839 ,  220 ,  0 ,  58.92 ,  0.27 ,  13.30
7 ,  5 ,  153864 ,  220 ,  0 ,  59.36 ,  0.28 ,  13.49
7 ,  5 ,  153888 ,  220 ,  0 ,  59.80 ,  0.28 ,  13.59
7 ,  5 ,  153913 ,  220 ,  0 ,  60.24 ,  0.29 ,  13.79
7 ,  5 ,  153938 ,  220 ,  0 ,  60.57 ,  0.30 ,  13.89
7 ,  5 ,  153963 ,  220 ,  0 ,  61.01 ,  0.30 ,  14.09
7 ,  5 ,  153988 ,  220 ,  0 ,  61.35 ,  0.30 ,  14.19
7 ,  5 ,  154013 ,  220 ,  0 ,  61.68 ,  0.30 ,  14.29
7 ,  5 ,  154043 ,  220 ,  0 ,  62.01 ,  0.31 ,  14.49
7 ,  5 ,  154067 ,  220 ,  0 ,  62.34 ,  0.31 ,  14.59
7 ,  5 ,  154093 ,  220 ,  0 ,  62.67 ,  0.32 ,  14.68
7 ,  5 ,  154118 ,  220 ,  0 ,  62.89 ,  0.32 ,  14.78
7 ,  5 ,  154142 ,  220 ,  0 ,  63.22 ,  0.33 ,  14.88
7 ,  5 ,  154167 ,  220 ,  0 ,  63.44 ,  0.33 ,  14.98
7 ,  5 ,  154191 ,  220 ,  0 ,  63.66 ,  0.33 ,  15.08
7 ,  5 ,  154216 ,  220 ,  0 ,  63.88 ,  0.33 ,  15.18
7 ,  5 ,  154241 ,  220 ,  0 ,  64.10 ,  0.34 ,  15.28
7 ,  5 ,  154268 ,  220 ,  0 ,  64.32 ,  0.34 ,  15.38
7 ,  5 ,  154293 ,  220 ,  0 ,  64.43 ,  0.35 ,  15.48
7 ,  5 ,  154317 ,  220 ,  0 ,  64.65 ,  0.35 ,  15.58
7 ,  5 ,  154342 ,  220 ,  0 ,  64.87 ,  0.35 ,  15.58
7 ,  5 ,  154366 ,  220 ,  0 ,  64.98 ,  0.35 ,  15.68
7 ,  5 ,  154391 ,  220 ,  0 ,  65.09 ,  0.35 ,  15.68
7 ,  5 ,  154417 ,  220 ,  0 ,  65.31 ,  0.36 ,  15.68
7 ,  5 ,  154441 ,  220 ,  0 ,  65.42 ,  0.36 ,  15.88
7 ,  5 ,  154466 ,  220 ,  0 ,  65.53 ,  0.36 ,  15.88
7 ,  5 ,  154492 ,  220 ,  0 ,  65.75 ,  0.36 ,  15.97
7 ,  5 ,  154517 ,  220 ,  0 ,  65.86 ,  0.36 ,  15.97
7 ,  5 ,  154542 ,  220 ,  0 ,  65.97 ,  0.37 ,  16.07
7 ,  5 ,  154567 ,  220 ,  0 ,  66.08 ,  0.36 ,  16.07
7 ,  5 ,  154592 ,  220 ,  0 ,  66.19 ,  0.37 ,  16.17
7 ,  5 ,  154616 ,  220 ,  0 ,  66.30 ,  0.37 ,  16.17
7 ,  5 ,  154641 ,  220 ,  0 ,  66.30 ,  0.37 ,  16.27
7 ,  5 ,  154665 ,  220 ,  0 ,  66.52 ,  0.37 ,  16.27
7 ,  5 ,  154690 ,  220 ,  0 ,  66.52 ,  0.38 ,  16.27
7 ,  5 ,  154718 ,  220 ,  0 ,  66.63 ,  0.38 ,  16.37
7 ,  5 ,  154742 ,  220 ,  0 ,  66.63 ,  0.38 ,  16.37
7 ,  5 ,  154767 ,  220 ,  0 ,  66.85 ,  0.38 ,  16.37
7 ,  5 ,  154791 ,  220 ,  0 ,  66.85 ,  0.38 ,  16.47
7 ,  5 ,  154816 ,  220 ,  0 ,  66.96 ,  0.38 ,  16.47
7 ,  5 ,  154841 ,  220 ,  0 ,  67.07 ,  0.38 ,  16.47
7 ,  5 ,  154865 ,  220 ,  0 ,  67.07 ,  0.38 ,  16.57
7 ,  5 ,  154891 ,  220 ,  0 ,  67.18 ,  0.38 ,  16.57
7 ,  5 ,  154915 ,  220 ,  0 ,  67.18 ,  0.38 ,  16.57
7 ,  5 ,  154942 ,  220 ,  0 ,  67.29 ,  0.38 ,  16.57
7 ,  5 ,  154967 ,  220 ,  0 ,  67.29 ,  0.38 ,  16.67
7 ,  5 ,  154991 ,  220 ,  0 ,  67.40 ,  0.38 ,  16.67
7 ,  5 ,  155016 ,  220 ,  0 ,  67.40 ,  0.39 ,  16.67
7 ,  5 ,  155041 ,  220 ,  0 ,  67.51 ,  0.39 ,  16.67
7 ,  5 ,  155066 ,  220 ,  0 ,  67.51 ,  0.39 ,  16.77
7 ,  5 ,  155090 ,  220 ,  0 ,  67.62 ,  0.39 ,  16.77
7 ,  5 ,  155115 ,  220 ,  0 ,  67.62 ,  0.39 ,  16.77
7 ,  5 ,  155140 ,  220 ,  0 ,  67.62 ,  0.39 ,  16.77
7 ,  5 ,  155164 ,  220 ,  0 ,  67.73 ,  0.39 ,  16.77
7 ,  5 ,  155192 ,  220 ,  0 ,  67.73 ,  0.39 ,  16.87
7 ,  5 ,  155216 ,  220 ,  0 ,  67.73 ,  0.39 ,  16.77
7 ,  5 ,  155241 ,  220 ,  0 ,  67.84 ,  0.39 ,  16.87
7 ,  5 ,  155266 ,  220 ,  0 ,  67.84 ,  0.39 ,  16.87
7 ,  5 ,  155290 ,  220 ,  0 ,  67.95 ,  0.39 ,  16.97
7 ,  5 ,  155315 ,  220 ,  0 ,  67.95 ,  0.39 ,  16.97
7 ,  5 ,  155340 ,  220 ,  0 ,  67.95 ,  0.39 ,  16.97
7 ,  5 ,  155365 ,  220 ,  0 ,  68.06 ,  0.39 ,  16.97
7 ,  5 ,  155389 ,  220 ,  0 ,  68.06 ,  0.40 ,  16.97
7 ,  5 ,  155416 ,  220 ,  0 ,  68.06 ,  0.40 ,  16.97
7 ,  5 ,  155441 ,  220 ,  0 ,  68.06 ,  0.40 ,  17.07
7 ,  5 ,  155465 ,  220 ,  0 ,  68.06 ,  0.40 ,  17.07
7 ,  5 ,  155491 ,  220 ,  0 ,  68.17 ,  0.40 ,  17.07
7 ,  5 ,  155515 ,  220 ,  0 ,  68.17 ,  0.40 ,  17.07
7 ,  5 ,  155540 ,  220 ,  0 ,  68.28 ,  0.40 ,  17.07
7 ,  5 ,  155565 ,  220 ,  0 ,  68.28 ,  0.40 ,  17.07
7 ,  5 ,  155589 ,  220 ,  0 ,  68.28 ,  0.40 ,  17.07
7 ,  5 ,  155614 ,  220 ,  0 ,  68.28 ,  0.40 ,  17.07
7 ,  5 ,  155641 ,  220 ,  0 ,  68.28 ,  0.40 ,  17.16
7 ,  5 ,  155666 ,  220 ,  0 ,  68.28 ,  0.40 ,  17.16
7 ,  5 ,  155691 ,  220 ,  0 ,  68.39 ,  0.40 ,  17.16
7 ,  5 ,  155715 ,  220 ,  0 ,  68.39 ,  0.41 ,  17.16
7 ,  5 ,  155740 ,  220 ,  0 ,  68.39 ,  0.40 ,  17.16
7 ,  5 ,  155764 ,  220 ,  0 ,  68.39 ,  0.40 ,  17.16
7 ,  5 ,  155789 ,  220 ,  0 ,  68.39 ,  0.40 ,  17.16
7 ,  5 ,  155813 ,  220 ,  0 ,  68.50 ,  0.40 ,  17.16
7 ,  5 ,  155839 ,  220 ,  0 ,  68.50 ,  0.40 ,  17.16
7 ,  5 ,  155866 ,  220 ,  0 ,  68.50 ,  0.41 ,  17.26
7 ,  5 ,  155890 ,  220 ,  0 ,  68.50 ,  0.41 ,  17.26
7 ,  5 ,  155915 ,  220 ,  0 ,  68.50 ,  0.41 ,  17.26
7 ,  5 ,  155939 ,  220 ,  0 ,  68.50 ,  0.41 ,  17.26
7 ,  5 ,  155965 ,  220 ,  0 ,  68.61 ,  0.41 ,  17.26
7 ,  5 ,  155990 ,  220 ,  0 ,  68.50 ,  0.41 ,  17.26
7 ,  5 ,  156014 ,  220 ,  0 ,  68.61 ,  0.41 ,  17.26
7 ,  5 ,  156039 ,  220 ,  0 ,  68.61 ,  0.40 ,  17.26
7 ,  5 ,  156063 ,  220 ,  0 ,  68.61 ,  0.41 ,  17.26
7 ,  5 ,  156090 ,  220 ,  0 ,  68.61 ,  0.41 ,  17.26
7 ,  5 ,  156115 ,  0 ,  255 ,  68.61 ,  0.41 ,  17.26
7 ,  5 ,  156140 ,  0 ,  255 ,  68.50 ,  0.41 ,  17.36
7 ,  5 ,  156165 ,  0 ,  255 ,  66.30 ,  0.41 ,  17.26
7 ,  5 ,  156189 ,  0 ,  255 ,  63.22 ,  0.38 ,  16.77
7 ,  5 ,  156214 ,  0 ,  255 ,  58.70 ,  0.33 ,  15.88
7 ,  5 ,  156238 ,  0 ,  255 ,  54.63 ,  0.30 ,  14.78
7 ,  5 ,  156263 ,  0 ,  255 ,  50.88 ,  0.25 ,  13.69
7 ,  5 ,  156289 ,  0 ,  255 ,  47.36 ,  0.22 ,  12.60
7 ,  5 ,  156316 ,  0 ,  255 ,  44.50 ,  0.18 ,  11.61
7 ,  5 ,  156341 ,  0 ,  255 ,  41.74 ,  0.15 ,  10.62
7 ,  5 ,  156365 ,  0 ,  255 ,  39.43 ,  0.13 ,  9.82
7 ,  5 ,  156390 ,  0 ,  255 ,  37.34 ,  0.11 ,  9.03
7 ,  5 ,  156414 ,  0 ,  255 ,  35.47 ,  0.10 ,  8.33
7 ,  5 ,  156439 ,  0 ,  255 ,  33.70 ,  0.09 ,  7.74
7 ,  5 ,  156464 ,  0 ,  255 ,  32.16 ,  0.08 ,  7.24
7 ,  5 ,  156488 ,  0 ,  255 ,  30.62 ,  0.08 ,  6.75
7 ,  5 ,  156513 ,  0 ,  255 ,  29.30 ,  0.07 ,  6.25
7 ,  5 ,  156537 ,  0 ,  255 ,  28.09 ,  0.07 ,  5.85
7 ,  5 ,  156565 ,  0 ,  255 ,  26.88 ,  0.06 ,  5.56
7 ,  5 ,  156590 ,  0 ,  255 ,  25.88 ,  0.06 ,  5.26
7 ,  5 ,  156614 ,  0 ,  255 ,  24.89 ,  0.06 ,  4.96
7 ,  5 ,  156639 ,  0 ,  255 ,  24.01 ,  0.06 ,  4.66
7 ,  5 ,  156663 ,  0 ,  255 ,  23.24 ,  0.05 ,  4.46
7 ,  5 ,  156688 ,  0 ,  255 ,  22.47 ,  0.05 ,  4.27
7 ,  5 ,  156712 ,  0 ,  255 ,  21.81 ,  0.05 ,  4.07
7 ,  5 ,  156737 ,  0 ,  255 ,  21.15 ,  0.05 ,  3.87
7 ,  5 ,  156762 ,  0 ,  255 ,  20.49 ,  0.05 ,  3.77
7 ,  5 ,  156789 ,  0 ,  255 ,  19.94 ,  0.05 ,  3.57
7 ,  5 ,  156814 ,  0 ,  255 ,  19.50 ,  0.05 ,  3.47
7 ,  5 ,  156838 ,  0 ,  255 ,  19.06 ,  0.05 ,  3.37
7 ,  5 ,  156863 ,  0 ,  255 ,  18.51 ,  0.05 ,  3.27
7 ,  5 ,  156888 ,  0 ,  255 ,  18.18 ,  0.04 ,  3.08
7 ,  5 ,  156912 ,  0 ,  255 ,  17.73 ,  0.04 ,  2.98
7 ,  5 ,  156937 ,  0 ,  255 ,  17.40 ,  0.04 ,  2.98
7 ,  5 ,  156961 ,  0 ,  255 ,  17.07 ,  0.04 ,  2.88
7 ,  5 ,  156986 ,  0 ,  255 ,  16.74 ,  0.04 ,  2.78
7 ,  5 ,  157014 ,  0 ,  255 ,  16.41 ,  0.04 ,  2.68
7 ,  5 ,  157038 ,  0 ,  255 ,  16.08 ,  0.04 ,  2.68
7 ,  5 ,  157078 ,  0 ,  255 ,  15.64 ,  0.04 ,  2.58
7 ,  5 ,  157103 ,  0 ,  255 ,  15.53 ,  0.04 ,  2.48
7 ,  5 ,  157127 ,  0 ,  255 ,  15.20 ,  0.04 ,  2.38
7 ,  5 ,  157152 ,  0 ,  255 ,  15.09 ,  0.04 ,  2.38
7 ,  5 ,  157176 ,  0 ,  255 ,  14.87 ,  0.04 ,  2.38
7 ,  5 ,  157201 ,  0 ,  255 ,  14.65 ,  0.04 ,  2.28
7 ,  5 ,  157225 ,  0 ,  255 ,  14.43 ,  0.04 ,  2.28
7 ,  5 ,  157251 ,  0 ,  255 ,  14.32 ,  0.04 ,  2.18
7 ,  5 ,  157278 ,  0 ,  255 ,  14.10 ,  0.04 ,  2.18
7 ,  5 ,  157302 ,  0 ,  255 ,  13.99 ,  0.04 ,  2.18
7 ,  5 ,  157327 ,  0 ,  255 ,  13.77 ,  0.04 ,  2.08
7 ,  5 ,  157351 ,  0 ,  255 ,  13.66 ,  0.04 ,  2.08
7 ,  5 ,  157376 ,  0 ,  255 ,  13.55 ,  0.04 ,  2.08
7 ,  5 ,  157401 ,  0 ,  255 ,  13.44 ,  0.04 ,  1.98
