MS, MPT, t (s), PWMi, PWMe, Pressure (Psi), LW (V), Displacement (mm)
9 ,  2 ,  183043 ,  0 ,  255 ,  12.34 ,  0.05 ,  1.89
9 ,  2 ,  183068 ,  230 ,  0 ,  12.12 ,  0.05 ,  1.89
9 ,  2 ,  183094 ,  230 ,  0 ,  12.23 ,  0.05 ,  1.89
9 ,  2 ,  183118 ,  230 ,  0 ,  15.53 ,  0.05 ,  1.89
9 ,  2 ,  183144 ,  230 ,  0 ,  21.70 ,  0.06 ,  2.48
9 ,  2 ,  183169 ,  230 ,  0 ,  28.20 ,  0.07 ,  3.57
9 ,  2 ,  183194 ,  230 ,  0 ,  34.03 ,  0.09 ,  4.76
9 ,  2 ,  183219 ,  230 ,  0 ,  38.88 ,  0.11 ,  6.05
9 ,  2 ,  183246 ,  230 ,  0 ,  42.84 ,  0.14 ,  7.14
9 ,  2 ,  183272 ,  230 ,  0 ,  46.15 ,  0.16 ,  8.33
9 ,  2 ,  183297 ,  230 ,  0 ,  48.57 ,  0.18 ,  9.23
9 ,  2 ,  183321 ,  230 ,  0 ,  50.66 ,  0.20 ,  10.02
9 ,  2 ,  183347 ,  230 ,  0 ,  52.42 ,  0.22 ,  10.62
9 ,  2 ,  183371 ,  230 ,  0 ,  53.86 ,  0.23 ,  11.31
9 ,  2 ,  183397 ,  230 ,  0 ,  55.18 ,  0.24 ,  11.81
9 ,  2 ,  183421 ,  230 ,  0 ,  56.39 ,  0.25 ,  12.30
9 ,  2 ,  183447 ,  230 ,  0 ,  57.49 ,  0.27 ,  12.70
9 ,  2 ,  183472 ,  230 ,  0 ,  58.48 ,  0.28 ,  13.10
9 ,  2 ,  183499 ,  230 ,  0 ,  59.47 ,  0.29 ,  13.59
9 ,  2 ,  183524 ,  230 ,  0 ,  60.35 ,  0.31 ,  13.89
9 ,  2 ,  183548 ,  230 ,  0 ,  61.24 ,  0.32 ,  14.19
9 ,  2 ,  183574 ,  230 ,  0 ,  61.90 ,  0.32 ,  14.49
9 ,  2 ,  183599 ,  230 ,  0 ,  62.56 ,  0.33 ,  14.78
9 ,  2 ,  183624 ,  230 ,  0 ,  63.33 ,  0.34 ,  15.08
9 ,  2 ,  183649 ,  230 ,  0 ,  63.99 ,  0.35 ,  15.28
9 ,  2 ,  183674 ,  230 ,  0 ,  64.54 ,  0.36 ,  15.48
9 ,  2 ,  183699 ,  230 ,  0 ,  65.09 ,  0.36 ,  15.68
9 ,  2 ,  183727 ,  230 ,  0 ,  65.75 ,  0.37 ,  15.97
9 ,  2 ,  183751 ,  230 ,  0 ,  66.30 ,  0.38 ,  16.17
9 ,  2 ,  183776 ,  230 ,  0 ,  66.74 ,  0.39 ,  16.27
9 ,  2 ,  183801 ,  230 ,  0 ,  67.29 ,  0.39 ,  16.47
9 ,  2 ,  183826 ,  230 ,  0 ,  67.73 ,  0.40 ,  16.67
9 ,  2 ,  183852 ,  230 ,  0 ,  68.17 ,  0.40 ,  16.87
9 ,  2 ,  183876 ,  230 ,  0 ,  68.61 ,  0.41 ,  16.97
9 ,  2 ,  183902 ,  230 ,  0 ,  69.05 ,  0.41 ,  17.16
9 ,  2 ,  183926 ,  230 ,  0 ,  69.49 ,  0.42 ,  17.26
9 ,  2 ,  183954 ,  230 ,  0 ,  69.83 ,  0.42 ,  17.36
9 ,  2 ,  183979 ,  230 ,  0 ,  70.27 ,  0.42 ,  17.56
9 ,  2 ,  184003 ,  230 ,  0 ,  70.71 ,  0.43 ,  17.66
9 ,  2 ,  184029 ,  230 ,  0 ,  71.04 ,  0.43 ,  17.76
9 ,  2 ,  184053 ,  230 ,  0 ,  71.26 ,  0.43 ,  17.86
9 ,  2 ,  184079 ,  230 ,  0 ,  71.59 ,  0.44 ,  17.96
9 ,  2 ,  184103 ,  230 ,  0 ,  71.92 ,  0.44 ,  18.06
9 ,  2 ,  184129 ,  230 ,  0 ,  72.14 ,  0.45 ,  18.16
9 ,  2 ,  184154 ,  230 ,  0 ,  72.47 ,  0.45 ,  18.26
9 ,  2 ,  184181 ,  230 ,  0 ,  72.69 ,  0.45 ,  18.36
9 ,  2 ,  184206 ,  230 ,  0 ,  72.91 ,  0.46 ,  18.45
9 ,  2 ,  184230 ,  230 ,  0 ,  73.13 ,  0.46 ,  18.45
9 ,  2 ,  184256 ,  230 ,  0 ,  73.35 ,  0.46 ,  18.55
9 ,  2 ,  184281 ,  230 ,  0 ,  73.57 ,  0.47 ,  18.65
9 ,  2 ,  184306 ,  230 ,  0 ,  73.79 ,  0.47 ,  18.65
9 ,  2 ,  184331 ,  230 ,  0 ,  73.90 ,  0.47 ,  18.75
9 ,  2 ,  184355 ,  230 ,  0 ,  74.12 ,  0.47 ,  18.85
9 ,  2 ,  184381 ,  230 ,  0 ,  74.23 ,  0.47 ,  18.95
9 ,  2 ,  184409 ,  230 ,  0 ,  74.45 ,  0.48 ,  18.95
9 ,  2 ,  184433 ,  230 ,  0 ,  74.56 ,  0.47 ,  19.05
9 ,  2 ,  184458 ,  230 ,  0 ,  74.78 ,  0.48 ,  19.05
9 ,  2 ,  184483 ,  230 ,  0 ,  74.89 ,  0.48 ,  19.05
9 ,  2 ,  184508 ,  230 ,  0 ,  75.00 ,  0.48 ,  19.15
9 ,  2 ,  184534 ,  230 ,  0 ,  75.11 ,  0.48 ,  19.15
9 ,  2 ,  184558 ,  230 ,  0 ,  75.22 ,  0.49 ,  19.25
9 ,  2 ,  184583 ,  230 ,  0 ,  75.33 ,  0.49 ,  19.25
9 ,  2 ,  184608 ,  230 ,  0 ,  75.44 ,  0.49 ,  19.35
9 ,  2 ,  184636 ,  230 ,  0 ,  75.44 ,  0.49 ,  19.35
9 ,  2 ,  184660 ,  230 ,  0 ,  75.55 ,  0.49 ,  19.35
9 ,  2 ,  184685 ,  230 ,  0 ,  75.66 ,  0.49 ,  19.45
9 ,  2 ,  184711 ,  230 ,  0 ,  75.77 ,  0.49 ,  19.35
9 ,  2 ,  184735 ,  230 ,  0 ,  75.88 ,  0.49 ,  19.45
9 ,  2 ,  184761 ,  230 ,  0 ,  75.99 ,  0.50 ,  19.45
9 ,  2 ,  184785 ,  230 ,  0 ,  75.99 ,  0.50 ,  19.55
9 ,  2 ,  184810 ,  230 ,  0 ,  76.10 ,  0.50 ,  19.55
9 ,  2 ,  184836 ,  230 ,  0 ,  76.10 ,  0.50 ,  19.55
9 ,  2 ,  184863 ,  230 ,  0 ,  76.21 ,  0.50 ,  19.65
9 ,  2 ,  184888 ,  230 ,  0 ,  76.32 ,  0.50 ,  19.55
9 ,  2 ,  184912 ,  230 ,  0 ,  76.32 ,  0.50 ,  19.65
9 ,  2 ,  184938 ,  230 ,  0 ,  76.43 ,  0.50 ,  19.65
9 ,  2 ,  184963 ,  230 ,  0 ,  76.43 ,  0.50 ,  19.74
9 ,  2 ,  184988 ,  230 ,  0 ,  76.54 ,  0.50 ,  19.74
9 ,  2 ,  185013 ,  230 ,  0 ,  76.54 ,  0.50 ,  19.74
9 ,  2 ,  185037 ,  230 ,  0 ,  76.65 ,  0.51 ,  19.74
9 ,  2 ,  185063 ,  230 ,  0 ,  76.65 ,  0.50 ,  19.74
9 ,  2 ,  185088 ,  230 ,  0 ,  76.65 ,  0.50 ,  19.84
9 ,  2 ,  185115 ,  230 ,  0 ,  76.76 ,  0.51 ,  19.84
9 ,  2 ,  185140 ,  230 ,  0 ,  76.76 ,  0.51 ,  19.84
9 ,  2 ,  185165 ,  230 ,  0 ,  76.87 ,  0.51 ,  19.84
9 ,  2 ,  185191 ,  230 ,  0 ,  76.87 ,  0.51 ,  19.84
9 ,  2 ,  185216 ,  230 ,  0 ,  76.98 ,  0.51 ,  19.94
9 ,  2 ,  185241 ,  230 ,  0 ,  76.98 ,  0.51 ,  19.94
9 ,  2 ,  185266 ,  230 ,  0 ,  76.98 ,  0.51 ,  19.94
9 ,  2 ,  185291 ,  230 ,  0 ,  77.09 ,  0.51 ,  19.84
9 ,  2 ,  185316 ,  230 ,  0 ,  76.98 ,  0.51 ,  19.94
9 ,  2 ,  185344 ,  230 ,  0 ,  77.09 ,  0.51 ,  19.94
9 ,  2 ,  185368 ,  230 ,  0 ,  77.09 ,  0.51 ,  19.94
9 ,  2 ,  185393 ,  230 ,  0 ,  77.20 ,  0.51 ,  20.04
9 ,  2 ,  185418 ,  230 ,  0 ,  77.20 ,  0.51 ,  19.94
9 ,  2 ,  185443 ,  230 ,  0 ,  77.20 ,  0.51 ,  20.04
9 ,  2 ,  185468 ,  230 ,  0 ,  77.20 ,  0.51 ,  20.04
9 ,  2 ,  185493 ,  230 ,  0 ,  77.31 ,  0.52 ,  20.04
9 ,  2 ,  185518 ,  230 ,  0 ,  77.31 ,  0.51 ,  20.04
9 ,  2 ,  185543 ,  230 ,  0 ,  77.31 ,  0.51 ,  20.04
9 ,  2 ,  185571 ,  230 ,  0 ,  77.31 ,  0.51 ,  20.04
9 ,  2 ,  185595 ,  230 ,  0 ,  77.31 ,  0.52 ,  20.04
9 ,  2 ,  185620 ,  230 ,  0 ,  77.31 ,  0.52 ,  20.04
9 ,  2 ,  185646 ,  230 ,  0 ,  77.42 ,  0.52 ,  20.14
9 ,  2 ,  185670 ,  230 ,  0 ,  77.42 ,  0.51 ,  20.04
9 ,  2 ,  185696 ,  230 ,  0 ,  77.42 ,  0.51 ,  20.14
9 ,  2 ,  185720 ,  230 ,  0 ,  77.42 ,  0.52 ,  20.14
9 ,  2 ,  185745 ,  230 ,  0 ,  77.42 ,  0.52 ,  20.14
9 ,  2 ,  185771 ,  230 ,  0 ,  77.42 ,  0.52 ,  20.14
9 ,  2 ,  185798 ,  230 ,  0 ,  77.42 ,  0.52 ,  20.14
9 ,  2 ,  185823 ,  230 ,  0 ,  77.53 ,  0.51 ,  20.14
9 ,  2 ,  185847 ,  230 ,  0 ,  77.53 ,  0.52 ,  20.14
9 ,  2 ,  185873 ,  230 ,  0 ,  77.42 ,  0.52 ,  20.14
9 ,  2 ,  185897 ,  230 ,  0 ,  77.53 ,  0.52 ,  20.14
9 ,  2 ,  185923 ,  230 ,  0 ,  77.53 ,  0.52 ,  20.24
9 ,  2 ,  185948 ,  230 ,  0 ,  77.53 ,  0.52 ,  20.24
9 ,  2 ,  185972 ,  230 ,  0 ,  77.53 ,  0.52 ,  20.24
9 ,  2 ,  185998 ,  230 ,  0 ,  77.53 ,  0.52 ,  20.24
9 ,  2 ,  186025 ,  0 ,  255 ,  77.53 ,  0.52 ,  20.24
9 ,  2 ,  186050 ,  0 ,  255 ,  77.42 ,  0.52 ,  20.24
9 ,  2 ,  186075 ,  0 ,  255 ,  74.12 ,  0.51 ,  20.14
9 ,  2 ,  186100 ,  0 ,  255 ,  68.72 ,  0.48 ,  19.45
9 ,  2 ,  186125 ,  0 ,  255 ,  63.33 ,  0.43 ,  18.16
9 ,  2 ,  186150 ,  0 ,  255 ,  58.04 ,  0.38 ,  16.77
9 ,  2 ,  186175 ,  0 ,  255 ,  53.53 ,  0.32 ,  15.48
9 ,  2 ,  186200 ,  0 ,  255 ,  49.45 ,  0.27 ,  14.19
9 ,  2 ,  186225 ,  0 ,  255 ,  46.15 ,  0.23 ,  12.90
9 ,  2 ,  186252 ,  0 ,  255 ,  42.95 ,  0.19 ,  11.71
9 ,  2 ,  186277 ,  0 ,  255 ,  40.31 ,  0.17 ,  10.62
9 ,  2 ,  186302 ,  0 ,  255 ,  38.00 ,  0.14 ,  9.72
9 ,  2 ,  186328 ,  0 ,  255 ,  35.91 ,  0.13 ,  8.83
9 ,  2 ,  186352 ,  0 ,  255 ,  34.03 ,  0.11 ,  8.14
9 ,  2 ,  186377 ,  0 ,  255 ,  32.27 ,  0.11 ,  7.54
9 ,  2 ,  186402 ,  0 ,  255 ,  30.62 ,  0.10 ,  6.95
9 ,  2 ,  186427 ,  0 ,  255 ,  29.19 ,  0.09 ,  6.45
9 ,  2 ,  186452 ,  0 ,  255 ,  27.76 ,  0.09 ,  6.05
9 ,  2 ,  186477 ,  0 ,  255 ,  26.55 ,  0.09 ,  5.66
9 ,  2 ,  186505 ,  0 ,  255 ,  25.33 ,  0.08 ,  5.26
9 ,  2 ,  186529 ,  0 ,  255 ,  24.23 ,  0.08 ,  4.96
9 ,  2 ,  186554 ,  0 ,  255 ,  23.35 ,  0.08 ,  4.66
9 ,  2 ,  186579 ,  0 ,  255 ,  22.47 ,  0.07 ,  4.46
9 ,  2 ,  186604 ,  0 ,  255 ,  21.70 ,  0.07 ,  4.27
9 ,  2 ,  186629 ,  0 ,  255 ,  20.93 ,  0.07 ,  3.97
9 ,  2 ,  186654 ,  0 ,  255 ,  20.27 ,  0.07 ,  3.87
9 ,  2 ,  186679 ,  0 ,  255 ,  19.61 ,  0.07 ,  3.67
9 ,  2 ,  186703 ,  0 ,  255 ,  18.95 ,  0.07 ,  3.47
9 ,  2 ,  186731 ,  0 ,  255 ,  18.40 ,  0.07 ,  3.37
9 ,  2 ,  186756 ,  0 ,  255 ,  17.85 ,  0.07 ,  3.27
9 ,  2 ,  186781 ,  0 ,  255 ,  17.40 ,  0.06 ,  3.08
9 ,  2 ,  186806 ,  0 ,  255 ,  16.96 ,  0.06 ,  2.98
9 ,  2 ,  186830 ,  0 ,  255 ,  16.52 ,  0.06 ,  2.88
9 ,  2 ,  186856 ,  0 ,  255 ,  16.19 ,  0.06 ,  2.78
9 ,  2 ,  186881 ,  0 ,  255 ,  15.75 ,  0.06 ,  2.68
9 ,  2 ,  186905 ,  0 ,  255 ,  15.42 ,  0.06 ,  2.58
9 ,  2 ,  186931 ,  0 ,  255 ,  15.09 ,  0.06 ,  2.58
9 ,  2 ,  186957 ,  0 ,  255 ,  14.76 ,  0.06 ,  2.48
9 ,  2 ,  186983 ,  0 ,  255 ,  14.54 ,  0.06 ,  2.38
9 ,  2 ,  187008 ,  0 ,  255 ,  14.32 ,  0.06 ,  2.38
9 ,  2 ,  187032 ,  0 ,  255 ,  14.10 ,  0.06 ,  2.28
9 ,  2 ,  187058 ,  0 ,  255 ,  13.77 ,  0.06 ,  2.18
9 ,  2 ,  187082 ,  0 ,  255 ,  13.55 ,  0.06 ,  2.18
9 ,  2 ,  187108 ,  0 ,  255 ,  13.44 ,  0.06 ,  2.18
9 ,  2 ,  187132 ,  0 ,  255 ,  13.22 ,  0.05 ,  2.08
9 ,  2 ,  187157 ,  0 ,  255 ,  13.00 ,  0.06 ,  2.08
9 ,  2 ,  187185 ,  0 ,  255 ,  12.89 ,  0.06 ,  1.98
