MS, MPT, t (s), PWMi, PWMe, Pressure (Psi), LW (V), Displacement (mm)
9 ,  5 ,  195654 ,  0 ,  255 ,  12.23 ,  0.06 ,  1.98
9 ,  5 ,  195680 ,  230 ,  0 ,  12.12 ,  0.06 ,  1.89
9 ,  5 ,  195704 ,  230 ,  0 ,  12.23 ,  0.06 ,  1.89
9 ,  5 ,  195730 ,  230 ,  0 ,  15.42 ,  0.06 ,  1.89
9 ,  5 ,  195756 ,  230 ,  0 ,  21.70 ,  0.06 ,  2.58
9 ,  5 ,  195780 ,  230 ,  0 ,  28.31 ,  0.08 ,  3.67
9 ,  5 ,  195806 ,  230 ,  0 ,  34.14 ,  0.10 ,  4.86
9 ,  5 ,  195831 ,  230 ,  0 ,  38.99 ,  0.12 ,  6.15
9 ,  5 ,  195859 ,  230 ,  0 ,  42.95 ,  0.15 ,  7.34
9 ,  5 ,  195884 ,  230 ,  0 ,  46.26 ,  0.17 ,  8.43
9 ,  5 ,  195909 ,  230 ,  0 ,  48.68 ,  0.19 ,  9.23
9 ,  5 ,  195934 ,  230 ,  0 ,  50.66 ,  0.21 ,  10.12
9 ,  5 ,  195959 ,  230 ,  0 ,  52.42 ,  0.22 ,  10.81
9 ,  5 ,  195984 ,  230 ,  0 ,  53.97 ,  0.23 ,  11.41
9 ,  5 ,  196009 ,  230 ,  0 ,  55.29 ,  0.25 ,  11.91
9 ,  5 ,  196034 ,  230 ,  0 ,  56.50 ,  0.26 ,  12.40
9 ,  5 ,  196060 ,  230 ,  0 ,  57.60 ,  0.28 ,  12.90
9 ,  5 ,  196085 ,  230 ,  0 ,  58.59 ,  0.29 ,  13.30
9 ,  5 ,  196112 ,  230 ,  0 ,  59.58 ,  0.30 ,  13.59
9 ,  5 ,  196137 ,  230 ,  0 ,  60.46 ,  0.31 ,  13.99
9 ,  5 ,  196162 ,  230 ,  0 ,  61.24 ,  0.32 ,  14.39
9 ,  5 ,  196188 ,  230 ,  0 ,  62.01 ,  0.33 ,  14.68
9 ,  5 ,  196213 ,  230 ,  0 ,  62.67 ,  0.34 ,  14.88
9 ,  5 ,  196238 ,  230 ,  0 ,  63.33 ,  0.35 ,  15.18
9 ,  5 ,  196263 ,  230 ,  0 ,  63.99 ,  0.36 ,  15.38
9 ,  5 ,  196288 ,  230 ,  0 ,  64.65 ,  0.36 ,  15.68
9 ,  5 ,  196314 ,  230 ,  0 ,  65.20 ,  0.37 ,  15.88
9 ,  5 ,  196341 ,  230 ,  0 ,  65.75 ,  0.38 ,  16.07
9 ,  5 ,  196366 ,  230 ,  0 ,  66.30 ,  0.38 ,  16.27
9 ,  5 ,  196391 ,  230 ,  0 ,  66.74 ,  0.39 ,  16.47
9 ,  5 ,  196416 ,  230 ,  0 ,  67.29 ,  0.40 ,  16.67
9 ,  5 ,  196442 ,  230 ,  0 ,  67.73 ,  0.40 ,  16.77
9 ,  5 ,  196466 ,  230 ,  0 ,  68.28 ,  0.41 ,  16.97
9 ,  5 ,  196492 ,  230 ,  0 ,  68.61 ,  0.42 ,  17.07
9 ,  5 ,  196516 ,  230 ,  0 ,  69.05 ,  0.42 ,  17.26
9 ,  5 ,  196542 ,  230 ,  0 ,  69.49 ,  0.42 ,  17.36
9 ,  5 ,  196570 ,  230 ,  0 ,  69.94 ,  0.43 ,  17.56
9 ,  5 ,  196594 ,  230 ,  0 ,  70.27 ,  0.43 ,  17.66
9 ,  5 ,  196620 ,  230 ,  0 ,  70.60 ,  0.43 ,  17.76
9 ,  5 ,  196644 ,  230 ,  0 ,  70.93 ,  0.44 ,  17.86
9 ,  5 ,  196670 ,  230 ,  0 ,  71.37 ,  0.44 ,  18.06
9 ,  5 ,  196696 ,  230 ,  0 ,  71.59 ,  0.45 ,  18.06
9 ,  5 ,  196720 ,  230 ,  0 ,  71.92 ,  0.45 ,  18.26
9 ,  5 ,  196746 ,  230 ,  0 ,  72.25 ,  0.45 ,  18.36
9 ,  5 ,  196770 ,  230 ,  0 ,  72.47 ,  0.46 ,  18.36
9 ,  5 ,  196798 ,  230 ,  0 ,  72.80 ,  0.46 ,  18.45
9 ,  5 ,  196824 ,  230 ,  0 ,  72.91 ,  0.46 ,  18.55
9 ,  5 ,  196848 ,  230 ,  0 ,  73.13 ,  0.46 ,  18.65
9 ,  5 ,  196874 ,  230 ,  0 ,  73.35 ,  0.47 ,  18.75
9 ,  5 ,  196898 ,  230 ,  0 ,  73.57 ,  0.47 ,  18.75
9 ,  5 ,  196924 ,  230 ,  0 ,  73.79 ,  0.48 ,  18.85
9 ,  5 ,  196948 ,  230 ,  0 ,  73.90 ,  0.48 ,  18.95
9 ,  5 ,  196974 ,  230 ,  0 ,  74.12 ,  0.48 ,  18.95
9 ,  5 ,  197000 ,  230 ,  0 ,  74.34 ,  0.48 ,  19.05
9 ,  5 ,  197027 ,  230 ,  0 ,  74.45 ,  0.49 ,  19.15
9 ,  5 ,  197052 ,  230 ,  0 ,  74.56 ,  0.49 ,  19.15
9 ,  5 ,  197078 ,  230 ,  0 ,  74.78 ,  0.49 ,  19.15
9 ,  5 ,  197103 ,  230 ,  0 ,  74.89 ,  0.49 ,  19.25
9 ,  5 ,  197128 ,  230 ,  0 ,  75.00 ,  0.49 ,  19.25
9 ,  5 ,  197153 ,  230 ,  0 ,  75.11 ,  0.49 ,  19.35
9 ,  5 ,  197178 ,  230 ,  0 ,  75.22 ,  0.49 ,  19.35
9 ,  5 ,  197203 ,  230 ,  0 ,  75.33 ,  0.49 ,  19.45
9 ,  5 ,  197228 ,  230 ,  0 ,  75.44 ,  0.50 ,  19.45
9 ,  5 ,  197256 ,  230 ,  0 ,  75.55 ,  0.49 ,  19.45
9 ,  5 ,  197281 ,  230 ,  0 ,  75.55 ,  0.50 ,  19.45
9 ,  5 ,  197306 ,  230 ,  0 ,  75.77 ,  0.50 ,  19.55
9 ,  5 ,  197331 ,  230 ,  0 ,  75.77 ,  0.50 ,  19.55
9 ,  5 ,  197356 ,  230 ,  0 ,  75.88 ,  0.50 ,  19.65
9 ,  5 ,  197382 ,  230 ,  0 ,  75.99 ,  0.50 ,  19.65
9 ,  5 ,  197406 ,  230 ,  0 ,  75.99 ,  0.50 ,  19.65
9 ,  5 ,  197432 ,  230 ,  0 ,  76.10 ,  0.50 ,  19.65
9 ,  5 ,  197456 ,  230 ,  0 ,  76.21 ,  0.50 ,  19.74
9 ,  5 ,  197484 ,  230 ,  0 ,  76.21 ,  0.50 ,  19.74
9 ,  5 ,  197510 ,  230 ,  0 ,  76.32 ,  0.51 ,  19.74
9 ,  5 ,  197534 ,  230 ,  0 ,  76.43 ,  0.51 ,  19.74
9 ,  5 ,  197560 ,  230 ,  0 ,  76.43 ,  0.51 ,  19.84
9 ,  5 ,  197584 ,  230 ,  0 ,  76.54 ,  0.51 ,  19.84
9 ,  5 ,  197610 ,  230 ,  0 ,  76.54 ,  0.51 ,  19.84
9 ,  5 ,  197636 ,  230 ,  0 ,  76.65 ,  0.51 ,  19.84
9 ,  5 ,  197660 ,  230 ,  0 ,  76.65 ,  0.51 ,  19.84
9 ,  5 ,  197686 ,  230 ,  0 ,  76.65 ,  0.51 ,  19.94
9 ,  5 ,  197710 ,  230 ,  0 ,  76.76 ,  0.52 ,  19.94
9 ,  5 ,  197738 ,  230 ,  0 ,  76.76 ,  0.52 ,  19.94
9 ,  5 ,  197764 ,  230 ,  0 ,  76.87 ,  0.51 ,  19.94
9 ,  5 ,  197788 ,  230 ,  0 ,  76.87 ,  0.52 ,  19.94
9 ,  5 ,  197814 ,  230 ,  0 ,  76.87 ,  0.52 ,  20.04
9 ,  5 ,  197838 ,  230 ,  0 ,  76.87 ,  0.52 ,  20.04
9 ,  5 ,  197864 ,  230 ,  0 ,  76.98 ,  0.51 ,  20.04
9 ,  5 ,  197889 ,  230 ,  0 ,  76.98 ,  0.51 ,  19.94
9 ,  5 ,  197914 ,  230 ,  0 ,  77.09 ,  0.51 ,  20.04
9 ,  5 ,  197939 ,  230 ,  0 ,  77.09 ,  0.52 ,  20.04
9 ,  5 ,  197966 ,  230 ,  0 ,  77.09 ,  0.52 ,  20.04
9 ,  5 ,  197992 ,  230 ,  0 ,  77.20 ,  0.52 ,  20.14
9 ,  5 ,  198017 ,  230 ,  0 ,  77.20 ,  0.52 ,  20.14
9 ,  5 ,  198042 ,  230 ,  0 ,  77.20 ,  0.52 ,  20.14
9 ,  5 ,  198067 ,  230 ,  0 ,  77.20 ,  0.52 ,  20.14
9 ,  5 ,  198092 ,  230 ,  0 ,  77.20 ,  0.52 ,  20.14
9 ,  5 ,  198117 ,  230 ,  0 ,  77.31 ,  0.52 ,  20.14
9 ,  5 ,  198142 ,  230 ,  0 ,  77.31 ,  0.52 ,  20.14
9 ,  5 ,  198168 ,  230 ,  0 ,  77.31 ,  0.52 ,  20.14
9 ,  5 ,  198195 ,  230 ,  0 ,  77.31 ,  0.52 ,  20.24
9 ,  5 ,  198220 ,  230 ,  0 ,  77.42 ,  0.52 ,  20.24
9 ,  5 ,  198245 ,  230 ,  0 ,  77.42 ,  0.52 ,  20.24
9 ,  5 ,  198270 ,  230 ,  0 ,  77.42 ,  0.52 ,  20.24
9 ,  5 ,  198296 ,  230 ,  0 ,  77.42 ,  0.52 ,  20.24
9 ,  5 ,  198321 ,  230 ,  0 ,  77.42 ,  0.52 ,  20.24
9 ,  5 ,  198346 ,  230 ,  0 ,  77.42 ,  0.52 ,  20.14
9 ,  5 ,  198371 ,  230 ,  0 ,  77.53 ,  0.52 ,  20.24
9 ,  5 ,  198396 ,  230 ,  0 ,  77.53 ,  0.52 ,  20.24
9 ,  5 ,  198424 ,  230 ,  0 ,  77.42 ,  0.52 ,  20.24
9 ,  5 ,  198449 ,  230 ,  0 ,  77.53 ,  0.52 ,  20.34
9 ,  5 ,  198474 ,  230 ,  0 ,  77.53 ,  0.52 ,  20.24
9 ,  5 ,  198499 ,  230 ,  0 ,  77.53 ,  0.52 ,  20.34
9 ,  5 ,  198524 ,  230 ,  0 ,  77.53 ,  0.52 ,  20.34
9 ,  5 ,  198549 ,  230 ,  0 ,  77.53 ,  0.52 ,  20.24
9 ,  5 ,  198575 ,  230 ,  0 ,  77.53 ,  0.53 ,  20.34
9 ,  5 ,  198599 ,  230 ,  0 ,  77.64 ,  0.52 ,  20.34
9 ,  5 ,  198625 ,  0 ,  255 ,  77.64 ,  0.52 ,  20.34
9 ,  5 ,  198652 ,  0 ,  255 ,  77.31 ,  0.52 ,  20.34
9 ,  5 ,  198677 ,  0 ,  255 ,  73.79 ,  0.51 ,  20.14
9 ,  5 ,  198703 ,  0 ,  255 ,  68.17 ,  0.48 ,  19.35
9 ,  5 ,  198727 ,  0 ,  255 ,  62.56 ,  0.43 ,  18.16
9 ,  5 ,  198753 ,  0 ,  255 ,  57.38 ,  0.37 ,  16.77
9 ,  5 ,  198777 ,  0 ,  255 ,  52.87 ,  0.32 ,  15.38
9 ,  5 ,  198803 ,  0 ,  255 ,  49.01 ,  0.27 ,  13.99
9 ,  5 ,  198828 ,  0 ,  255 ,  45.71 ,  0.23 ,  12.80
9 ,  5 ,  198853 ,  0 ,  255 ,  42.73 ,  0.20 ,  11.61
9 ,  5 ,  198881 ,  0 ,  255 ,  39.87 ,  0.16 ,  10.52
9 ,  5 ,  198909 ,  0 ,  255 ,  37.34 ,  0.14 ,  9.53
9 ,  5 ,  198934 ,  0 ,  255 ,  35.25 ,  0.12 ,  8.73
9 ,  5 ,  198960 ,  0 ,  255 ,  33.37 ,  0.11 ,  8.04
9 ,  5 ,  198984 ,  0 ,  255 ,  31.61 ,  0.11 ,  7.34
9 ,  5 ,  199010 ,  0 ,  255 ,  30.07 ,  0.10 ,  6.85
9 ,  5 ,  199034 ,  0 ,  255 ,  28.64 ,  0.10 ,  6.35
9 ,  5 ,  199060 ,  0 ,  255 ,  27.32 ,  0.09 ,  5.85
9 ,  5 ,  199085 ,  0 ,  255 ,  26.10 ,  0.09 ,  5.56
9 ,  5 ,  199110 ,  0 ,  255 ,  24.89 ,  0.09 ,  5.16
9 ,  5 ,  199137 ,  0 ,  255 ,  23.79 ,  0.08 ,  4.86
9 ,  5 ,  199162 ,  0 ,  255 ,  22.91 ,  0.08 ,  4.56
9 ,  5 ,  199187 ,  0 ,  255 ,  22.03 ,  0.08 ,  4.37
9 ,  5 ,  199213 ,  0 ,  255 ,  21.26 ,  0.08 ,  4.17
9 ,  5 ,  199237 ,  0 ,  255 ,  20.49 ,  0.07 ,  3.97
9 ,  5 ,  199263 ,  0 ,  255 ,  19.83 ,  0.07 ,  3.77
9 ,  5 ,  199287 ,  0 ,  255 ,  19.17 ,  0.07 ,  3.57
9 ,  5 ,  199313 ,  0 ,  255 ,  18.62 ,  0.07 ,  3.47
9 ,  5 ,  199337 ,  0 ,  255 ,  18.07 ,  0.07 ,  3.27
9 ,  5 ,  199365 ,  0 ,  255 ,  17.51 ,  0.07 ,  3.17
9 ,  5 ,  199390 ,  0 ,  255 ,  16.96 ,  0.07 ,  3.08
9 ,  5 ,  199415 ,  0 ,  255 ,  16.63 ,  0.07 ,  2.98
9 ,  5 ,  199440 ,  0 ,  255 ,  16.30 ,  0.07 ,  2.88
9 ,  5 ,  199465 ,  0 ,  255 ,  15.86 ,  0.06 ,  2.68
9 ,  5 ,  199490 ,  0 ,  255 ,  15.42 ,  0.06 ,  2.68
9 ,  5 ,  199516 ,  0 ,  255 ,  15.20 ,  0.06 ,  2.58
9 ,  5 ,  199540 ,  0 ,  255 ,  14.87 ,  0.07 ,  2.48
9 ,  5 ,  199566 ,  0 ,  255 ,  14.54 ,  0.06 ,  2.48
9 ,  5 ,  199593 ,  0 ,  255 ,  14.32 ,  0.06 ,  2.38
9 ,  5 ,  199618 ,  0 ,  255 ,  13.99 ,  0.06 ,  2.28
9 ,  5 ,  199643 ,  0 ,  255 ,  13.77 ,  0.06 ,  2.28
9 ,  5 ,  199668 ,  0 ,  255 ,  13.55 ,  0.06 ,  2.28
9 ,  5 ,  199693 ,  0 ,  255 ,  13.33 ,  0.06 ,  2.18
9 ,  5 ,  199718 ,  0 ,  255 ,  13.22 ,  0.06 ,  2.08
9 ,  5 ,  199743 ,  0 ,  255 ,  13.00 ,  0.06 ,  2.08
9 ,  5 ,  199769 ,  0 ,  255 ,  12.78 ,  0.06 ,  2.08
9 ,  5 ,  199793 ,  0 ,  255 ,  12.67 ,  0.06 ,  1.98
