MS, MPT, t (s), PWMi, PWMe, Pressure (Psi), LW (V), Displacement (mm)
10 ,  2 ,  203945 ,  0 ,  255 ,  11.90 ,  0.06 ,  1.89
10 ,  2 ,  203971 ,  235 ,  0 ,  11.68 ,  0.06 ,  1.89
10 ,  2 ,  203997 ,  235 ,  0 ,  11.79 ,  0.06 ,  1.89
10 ,  2 ,  204021 ,  235 ,  0 ,  15.64 ,  0.07 ,  1.89
10 ,  2 ,  204047 ,  235 ,  0 ,  22.58 ,  0.07 ,  2.68
10 ,  2 ,  204072 ,  235 ,  0 ,  29.85 ,  0.09 ,  3.97
10 ,  2 ,  204098 ,  235 ,  0 ,  36.13 ,  0.11 ,  5.36
10 ,  2 ,  204123 ,  235 ,  0 ,  41.19 ,  0.14 ,  6.75
10 ,  2 ,  204150 ,  235 ,  0 ,  45.71 ,  0.17 ,  8.24
10 ,  2 ,  204176 ,  235 ,  0 ,  48.79 ,  0.19 ,  9.33
10 ,  2 ,  204201 ,  235 ,  0 ,  51.32 ,  0.22 ,  10.32
10 ,  2 ,  204226 ,  235 ,  0 ,  53.53 ,  0.23 ,  11.21
10 ,  2 ,  204252 ,  235 ,  0 ,  55.29 ,  0.25 ,  11.91
10 ,  2 ,  204276 ,  235 ,  0 ,  56.94 ,  0.27 ,  12.60
10 ,  2 ,  204302 ,  235 ,  0 ,  58.26 ,  0.29 ,  13.20
10 ,  2 ,  204327 ,  235 ,  0 ,  59.47 ,  0.30 ,  13.69
10 ,  2 ,  204352 ,  235 ,  0 ,  60.68 ,  0.32 ,  14.09
10 ,  2 ,  204380 ,  235 ,  0 ,  61.90 ,  0.33 ,  14.59
10 ,  2 ,  204405 ,  235 ,  0 ,  62.89 ,  0.35 ,  14.98
10 ,  2 ,  204431 ,  235 ,  0 ,  63.77 ,  0.35 ,  15.28
10 ,  2 ,  204455 ,  235 ,  0 ,  64.54 ,  0.37 ,  15.58
10 ,  2 ,  204481 ,  235 ,  0 ,  65.42 ,  0.38 ,  15.88
10 ,  2 ,  204506 ,  235 ,  0 ,  66.08 ,  0.38 ,  16.27
10 ,  2 ,  204531 ,  235 ,  0 ,  66.85 ,  0.39 ,  16.47
10 ,  2 ,  204557 ,  235 ,  0 ,  67.51 ,  0.40 ,  16.67
10 ,  2 ,  204581 ,  235 ,  0 ,  68.17 ,  0.41 ,  16.97
10 ,  2 ,  204609 ,  235 ,  0 ,  68.83 ,  0.42 ,  17.16
10 ,  2 ,  204635 ,  235 ,  0 ,  69.49 ,  0.43 ,  17.36
10 ,  2 ,  204660 ,  235 ,  0 ,  70.05 ,  0.43 ,  17.56
10 ,  2 ,  204685 ,  235 ,  0 ,  70.60 ,  0.44 ,  17.76
10 ,  2 ,  204710 ,  235 ,  0 ,  71.15 ,  0.44 ,  17.96
10 ,  2 ,  204735 ,  235 ,  0 ,  71.59 ,  0.45 ,  18.06
10 ,  2 ,  204761 ,  235 ,  0 ,  72.14 ,  0.45 ,  18.26
10 ,  2 ,  204786 ,  235 ,  0 ,  72.58 ,  0.46 ,  18.45
10 ,  2 ,  204811 ,  235 ,  0 ,  73.02 ,  0.46 ,  18.55
10 ,  2 ,  204838 ,  235 ,  0 ,  73.57 ,  0.47 ,  18.75
10 ,  2 ,  204864 ,  235 ,  0 ,  73.90 ,  0.48 ,  18.85
10 ,  2 ,  204890 ,  235 ,  0 ,  74.34 ,  0.48 ,  18.95
10 ,  2 ,  204914 ,  235 ,  0 ,  74.67 ,  0.49 ,  19.05
10 ,  2 ,  204940 ,  235 ,  0 ,  75.11 ,  0.49 ,  19.25
10 ,  2 ,  204964 ,  235 ,  0 ,  75.44 ,  0.49 ,  19.35
10 ,  2 ,  204990 ,  235 ,  0 ,  75.77 ,  0.50 ,  19.45
10 ,  2 ,  205016 ,  235 ,  0 ,  76.10 ,  0.50 ,  19.55
10 ,  2 ,  205040 ,  235 ,  0 ,  76.43 ,  0.50 ,  19.65
10 ,  2 ,  205068 ,  235 ,  0 ,  76.76 ,  0.51 ,  19.74
10 ,  2 ,  205093 ,  235 ,  0 ,  76.98 ,  0.51 ,  19.74
10 ,  2 ,  205118 ,  235 ,  0 ,  77.20 ,  0.51 ,  19.84
10 ,  2 ,  205144 ,  235 ,  0 ,  77.53 ,  0.51 ,  19.94
10 ,  2 ,  205169 ,  235 ,  0 ,  77.75 ,  0.52 ,  20.04
10 ,  2 ,  205194 ,  235 ,  0 ,  77.97 ,  0.52 ,  20.04
10 ,  2 ,  205219 ,  235 ,  0 ,  78.19 ,  0.52 ,  20.14
10 ,  2 ,  205245 ,  235 ,  0 ,  78.30 ,  0.52 ,  20.24
10 ,  2 ,  205270 ,  235 ,  0 ,  78.41 ,  0.53 ,  20.24
10 ,  2 ,  205297 ,  235 ,  0 ,  78.75 ,  0.53 ,  20.34
10 ,  2 ,  205323 ,  235 ,  0 ,  78.86 ,  0.53 ,  20.34
10 ,  2 ,  205347 ,  235 ,  0 ,  78.97 ,  0.53 ,  20.44
10 ,  2 ,  205373 ,  235 ,  0 ,  79.19 ,  0.53 ,  20.44
10 ,  2 ,  205399 ,  235 ,  0 ,  79.30 ,  0.53 ,  20.54
10 ,  2 ,  205423 ,  235 ,  0 ,  79.41 ,  0.53 ,  20.54
10 ,  2 ,  205449 ,  235 ,  0 ,  79.63 ,  0.54 ,  20.64
10 ,  2 ,  205474 ,  235 ,  0 ,  79.74 ,  0.54 ,  20.64
10 ,  2 ,  205500 ,  235 ,  0 ,  79.85 ,  0.54 ,  20.64
10 ,  2 ,  205528 ,  235 ,  0 ,  79.96 ,  0.54 ,  20.74
10 ,  2 ,  205552 ,  235 ,  0 ,  80.07 ,  0.54 ,  20.74
10 ,  2 ,  205578 ,  235 ,  0 ,  80.07 ,  0.54 ,  20.74
10 ,  2 ,  205603 ,  235 ,  0 ,  80.18 ,  0.54 ,  20.84
10 ,  2 ,  205628 ,  235 ,  0 ,  80.29 ,  0.54 ,  20.84
10 ,  2 ,  205654 ,  235 ,  0 ,  80.40 ,  0.54 ,  20.84
10 ,  2 ,  205678 ,  235 ,  0 ,  80.51 ,  0.54 ,  20.84
10 ,  2 ,  205704 ,  235 ,  0 ,  80.51 ,  0.55 ,  20.84
10 ,  2 ,  205729 ,  235 ,  0 ,  80.62 ,  0.54 ,  20.94
10 ,  2 ,  205757 ,  235 ,  0 ,  80.73 ,  0.54 ,  20.94
10 ,  2 ,  205782 ,  235 ,  0 ,  80.73 ,  0.55 ,  20.94
10 ,  2 ,  205807 ,  235 ,  0 ,  80.84 ,  0.55 ,  21.03
10 ,  2 ,  205833 ,  235 ,  0 ,  80.84 ,  0.55 ,  21.03
10 ,  2 ,  205857 ,  235 ,  0 ,  80.95 ,  0.55 ,  21.03
10 ,  2 ,  205883 ,  235 ,  0 ,  81.06 ,  0.55 ,  21.03
10 ,  2 ,  205907 ,  235 ,  0 ,  81.06 ,  0.55 ,  21.03
10 ,  2 ,  205933 ,  235 ,  0 ,  81.06 ,  0.55 ,  21.13
10 ,  2 ,  205959 ,  235 ,  0 ,  81.17 ,  0.55 ,  21.13
10 ,  2 ,  205986 ,  235 ,  0 ,  81.28 ,  0.55 ,  21.13
10 ,  2 ,  206011 ,  235 ,  0 ,  81.28 ,  0.55 ,  21.13
10 ,  2 ,  206083 ,  235 ,  0 ,  81.28 ,  0.55 ,  21.13
10 ,  2 ,  206108 ,  235 ,  0 ,  81.39 ,  0.55 ,  21.23
10 ,  2 ,  206134 ,  235 ,  0 ,  81.50 ,  0.55 ,  21.23
10 ,  2 ,  206158 ,  235 ,  0 ,  81.50 ,  0.55 ,  21.23
10 ,  2 ,  206184 ,  235 ,  0 ,  81.50 ,  0.55 ,  21.23
10 ,  2 ,  206210 ,  235 ,  0 ,  81.50 ,  0.56 ,  21.23
10 ,  2 ,  206234 ,  235 ,  0 ,  81.50 ,  0.55 ,  21.23
10 ,  2 ,  206262 ,  235 ,  0 ,  81.61 ,  0.55 ,  21.33
10 ,  2 ,  206287 ,  235 ,  0 ,  81.61 ,  0.55 ,  21.33
10 ,  2 ,  206312 ,  235 ,  0 ,  81.72 ,  0.55 ,  21.33
10 ,  2 ,  206338 ,  235 ,  0 ,  81.72 ,  0.55 ,  21.33
10 ,  2 ,  206363 ,  235 ,  0 ,  81.72 ,  0.55 ,  21.33
10 ,  2 ,  206388 ,  235 ,  0 ,  81.72 ,  0.55 ,  21.33
10 ,  2 ,  206413 ,  235 ,  0 ,  81.72 ,  0.55 ,  21.33
10 ,  2 ,  206438 ,  235 ,  0 ,  81.72 ,  0.55 ,  21.33
10 ,  2 ,  206464 ,  235 ,  0 ,  81.83 ,  0.55 ,  21.33
10 ,  2 ,  206491 ,  235 ,  0 ,  81.72 ,  0.55 ,  21.33
10 ,  2 ,  206517 ,  235 ,  0 ,  81.83 ,  0.55 ,  21.33
10 ,  2 ,  206541 ,  235 ,  0 ,  81.83 ,  0.56 ,  21.43
10 ,  2 ,  206567 ,  235 ,  0 ,  81.83 ,  0.56 ,  21.33
10 ,  2 ,  206593 ,  235 ,  0 ,  81.83 ,  0.55 ,  21.43
10 ,  2 ,  206617 ,  235 ,  0 ,  81.94 ,  0.56 ,  21.43
10 ,  2 ,  206643 ,  235 ,  0 ,  81.83 ,  0.55 ,  21.43
10 ,  2 ,  206667 ,  235 ,  0 ,  81.94 ,  0.55 ,  21.43
10 ,  2 ,  206693 ,  235 ,  0 ,  81.94 ,  0.56 ,  21.43
10 ,  2 ,  206721 ,  235 ,  0 ,  81.94 ,  0.56 ,  21.43
10 ,  2 ,  206746 ,  235 ,  0 ,  81.94 ,  0.56 ,  21.43
10 ,  2 ,  206771 ,  235 ,  0 ,  81.94 ,  0.56 ,  21.43
10 ,  2 ,  206796 ,  235 ,  0 ,  81.94 ,  0.56 ,  21.53
10 ,  2 ,  206822 ,  235 ,  0 ,  82.05 ,  0.56 ,  21.43
10 ,  2 ,  206846 ,  235 ,  0 ,  82.05 ,  0.56 ,  21.53
10 ,  2 ,  206872 ,  235 ,  0 ,  81.94 ,  0.56 ,  21.53
10 ,  2 ,  206897 ,  235 ,  0 ,  82.05 ,  0.56 ,  21.53
10 ,  2 ,  206922 ,  0 ,  255 ,  82.05 ,  0.56 ,  21.53
10 ,  2 ,  206950 ,  0 ,  255 ,  81.83 ,  0.56 ,  21.53
10 ,  2 ,  206976 ,  0 ,  255 ,  76.65 ,  0.54 ,  21.23
10 ,  2 ,  207000 ,  0 ,  255 ,  70.82 ,  0.52 ,  20.34
10 ,  2 ,  207026 ,  0 ,  255 ,  64.43 ,  0.46 ,  18.95
10 ,  2 ,  207051 ,  0 ,  255 ,  58.59 ,  0.41 ,  17.46
10 ,  2 ,  207076 ,  0 ,  255 ,  53.31 ,  0.35 ,  15.88
10 ,  2 ,  207101 ,  0 ,  255 ,  48.79 ,  0.28 ,  14.39
10 ,  2 ,  207126 ,  0 ,  255 ,  44.94 ,  0.23 ,  12.90
10 ,  2 ,  207152 ,  0 ,  255 ,  41.74 ,  0.19 ,  11.51
10 ,  2 ,  207179 ,  0 ,  255 ,  38.55 ,  0.17 ,  10.22
10 ,  2 ,  207205 ,  0 ,  255 ,  36.02 ,  0.14 ,  9.23
10 ,  2 ,  207229 ,  0 ,  255 ,  33.81 ,  0.13 ,  8.33
10 ,  2 ,  207255 ,  0 ,  255 ,  31.83 ,  0.12 ,  7.64
10 ,  2 ,  207280 ,  0 ,  255 ,  30.07 ,  0.11 ,  6.95
10 ,  2 ,  207305 ,  0 ,  255 ,  28.42 ,  0.10 ,  6.45
10 ,  2 ,  207330 ,  0 ,  255 ,  26.88 ,  0.10 ,  5.95
10 ,  2 ,  207355 ,  0 ,  255 ,  25.55 ,  0.09 ,  5.46
10 ,  2 ,  207381 ,  0 ,  255 ,  24.34 ,  0.09 ,  5.16
10 ,  2 ,  207408 ,  0 ,  255 ,  23.13 ,  0.09 ,  4.76
10 ,  2 ,  207433 ,  0 ,  255 ,  22.03 ,  0.08 ,  4.46
10 ,  2 ,  207459 ,  0 ,  255 ,  21.04 ,  0.08 ,  4.17
10 ,  2 ,  207483 ,  0 ,  255 ,  20.16 ,  0.08 ,  3.97
10 ,  2 ,  207509 ,  0 ,  255 ,  19.39 ,  0.08 ,  3.77
10 ,  2 ,  207534 ,  0 ,  255 ,  18.62 ,  0.08 ,  3.57
10 ,  2 ,  207559 ,  0 ,  255 ,  17.96 ,  0.08 ,  3.37
10 ,  2 ,  207584 ,  0 ,  255 ,  17.29 ,  0.08 ,  3.17
10 ,  2 ,  207609 ,  0 ,  255 ,  16.74 ,  0.08 ,  3.08
10 ,  2 ,  207637 ,  0 ,  255 ,  16.08 ,  0.07 ,  2.88
10 ,  2 ,  207662 ,  0 ,  255 ,  15.64 ,  0.07 ,  2.78
10 ,  2 ,  207687 ,  0 ,  255 ,  15.09 ,  0.08 ,  2.68
10 ,  2 ,  207713 ,  0 ,  255 ,  14.65 ,  0.07 ,  2.58
10 ,  2 ,  207737 ,  0 ,  255 ,  14.32 ,  0.07 ,  2.48
10 ,  2 ,  207763 ,  0 ,  255 ,  13.88 ,  0.07 ,  2.38
10 ,  2 ,  207788 ,  0 ,  255 ,  13.55 ,  0.07 ,  2.28
10 ,  2 ,  207813 ,  0 ,  255 ,  13.33 ,  0.07 ,  2.28
10 ,  2 ,  207838 ,  0 ,  255 ,  13.00 ,  0.07 ,  2.18
10 ,  2 ,  207865 ,  0 ,  255 ,  12.67 ,  0.06 ,  2.08
10 ,  2 ,  207891 ,  0 ,  255 ,  12.45 ,  0.06 ,  2.08
10 ,  2 ,  207916 ,  0 ,  255 ,  12.23 ,  0.07 ,  1.98
