MS, MPT, t (s), PWMi, PWMe, Pressure (Psi), LW (V), Displacement (mm)
12 ,  1 ,  236090 ,  0 ,  255 ,  4.08 ,  0.10 ,  1.09
12 ,  1 ,  236118 ,  245 ,  0 ,  2.76 ,  0.10 ,  0.89
12 ,  1 ,  236145 ,  245 ,  0 ,  3.97 ,  0.10 ,  0.79
12 ,  1 ,  236173 ,  245 ,  0 ,  11.57 ,  0.10 ,  1.09
12 ,  1 ,  236200 ,  245 ,  0 ,  22.25 ,  0.11 ,  2.58
12 ,  1 ,  236228 ,  245 ,  0 ,  32.27 ,  0.14 ,  4.56
12 ,  1 ,  236256 ,  245 ,  0 ,  40.09 ,  0.18 ,  6.75
12 ,  1 ,  236284 ,  245 ,  0 ,  46.04 ,  0.22 ,  8.63
12 ,  1 ,  236314 ,  245 ,  0 ,  50.88 ,  0.26 ,  10.62
12 ,  1 ,  236342 ,  245 ,  0 ,  54.30 ,  0.29 ,  11.91
12 ,  1 ,  236369 ,  245 ,  0 ,  57.16 ,  0.33 ,  13.20
12 ,  1 ,  236397 ,  245 ,  0 ,  59.58 ,  0.36 ,  14.19
12 ,  1 ,  236425 ,  245 ,  0 ,  61.68 ,  0.38 ,  14.98
12 ,  1 ,  236452 ,  245 ,  0 ,  63.44 ,  0.41 ,  15.68
12 ,  1 ,  236480 ,  245 ,  0 ,  64.98 ,  0.43 ,  16.27
12 ,  1 ,  236508 ,  245 ,  0 ,  66.52 ,  0.44 ,  16.77
12 ,  1 ,  236535 ,  245 ,  0 ,  67.73 ,  0.45 ,  17.26
12 ,  1 ,  236566 ,  245 ,  0 ,  69.05 ,  0.47 ,  17.66
12 ,  1 ,  236594 ,  245 ,  0 ,  70.27 ,  0.48 ,  18.06
12 ,  1 ,  236621 ,  245 ,  0 ,  71.26 ,  0.50 ,  18.36
12 ,  1 ,  236649 ,  245 ,  0 ,  72.25 ,  0.51 ,  18.65
12 ,  1 ,  236677 ,  245 ,  0 ,  73.13 ,  0.52 ,  18.95
12 ,  1 ,  236704 ,  245 ,  0 ,  74.01 ,  0.52 ,  19.25
12 ,  1 ,  236732 ,  245 ,  0 ,  74.89 ,  0.53 ,  19.55
12 ,  1 ,  236760 ,  245 ,  0 ,  75.66 ,  0.54 ,  19.74
12 ,  1 ,  236787 ,  245 ,  0 ,  76.43 ,  0.54 ,  19.94
12 ,  1 ,  236817 ,  245 ,  0 ,  77.20 ,  0.55 ,  20.14
12 ,  1 ,  236845 ,  245 ,  0 ,  77.86 ,  0.55 ,  20.34
12 ,  1 ,  236872 ,  245 ,  0 ,  78.53 ,  0.56 ,  20.54
12 ,  1 ,  236900 ,  245 ,  0 ,  79.19 ,  0.56 ,  20.74
12 ,  1 ,  236928 ,  245 ,  0 ,  79.85 ,  0.57 ,  20.94
12 ,  1 ,  236956 ,  245 ,  0 ,  80.40 ,  0.57 ,  21.03
12 ,  1 ,  236984 ,  245 ,  0 ,  80.95 ,  0.57 ,  21.23
12 ,  1 ,  237011 ,  245 ,  0 ,  81.50 ,  0.57 ,  21.33
12 ,  1 ,  237039 ,  245 ,  0 ,  82.05 ,  0.58 ,  21.43
12 ,  1 ,  237069 ,  245 ,  0 ,  82.60 ,  0.58 ,  21.63
12 ,  1 ,  237096 ,  245 ,  0 ,  83.15 ,  0.58 ,  21.73
12 ,  1 ,  237124 ,  245 ,  0 ,  83.48 ,  0.58 ,  21.83
12 ,  1 ,  237152 ,  245 ,  0 ,  83.92 ,  0.58 ,  21.93
12 ,  1 ,  237179 ,  245 ,  0 ,  84.36 ,  0.58 ,  22.03
12 ,  1 ,  237207 ,  245 ,  0 ,  84.80 ,  0.59 ,  22.13
12 ,  1 ,  237235 ,  245 ,  0 ,  85.13 ,  0.59 ,  22.22
12 ,  1 ,  237262 ,  245 ,  0 ,  85.57 ,  0.59 ,  22.32
12 ,  1 ,  237290 ,  245 ,  0 ,  85.90 ,  0.59 ,  22.42
12 ,  1 ,  237320 ,  245 ,  0 ,  86.23 ,  0.59 ,  22.52
12 ,  1 ,  237347 ,  245 ,  0 ,  86.56 ,  0.59 ,  22.52
12 ,  1 ,  237375 ,  245 ,  0 ,  86.89 ,  0.59 ,  22.62
12 ,  1 ,  237403 ,  245 ,  0 ,  87.12 ,  0.59 ,  22.72
12 ,  1 ,  237430 ,  245 ,  0 ,  87.34 ,  0.59 ,  22.82
12 ,  1 ,  237458 ,  245 ,  0 ,  87.56 ,  0.59 ,  22.82
12 ,  1 ,  237486 ,  245 ,  0 ,  87.78 ,  0.59 ,  22.82
12 ,  1 ,  237513 ,  245 ,  0 ,  88.00 ,  0.59 ,  22.92
12 ,  1 ,  237541 ,  245 ,  0 ,  88.22 ,  0.59 ,  23.02
12 ,  1 ,  237572 ,  245 ,  0 ,  88.33 ,  0.59 ,  23.02
12 ,  1 ,  237599 ,  245 ,  0 ,  88.55 ,  0.60 ,  23.02
12 ,  1 ,  237627 ,  245 ,  0 ,  88.66 ,  0.60 ,  23.12
12 ,  1 ,  237655 ,  245 ,  0 ,  88.88 ,  0.60 ,  23.12
12 ,  1 ,  237682 ,  245 ,  0 ,  88.99 ,  0.60 ,  23.12
12 ,  1 ,  237710 ,  245 ,  0 ,  88.99 ,  0.60 ,  23.22
12 ,  1 ,  237737 ,  245 ,  0 ,  89.21 ,  0.60 ,  23.22
12 ,  1 ,  237765 ,  245 ,  0 ,  89.32 ,  0.60 ,  23.32
12 ,  1 ,  237793 ,  245 ,  0 ,  89.43 ,  0.60 ,  23.32
12 ,  1 ,  237822 ,  245 ,  0 ,  89.54 ,  0.60 ,  23.32
12 ,  1 ,  237850 ,  245 ,  0 ,  89.54 ,  0.60 ,  23.32
12 ,  1 ,  237878 ,  245 ,  0 ,  89.65 ,  0.60 ,  23.42
12 ,  1 ,  237905 ,  245 ,  0 ,  89.76 ,  0.60 ,  23.42
12 ,  1 ,  237933 ,  245 ,  0 ,  89.76 ,  0.60 ,  23.42
12 ,  1 ,  237961 ,  245 ,  0 ,  89.87 ,  0.60 ,  23.42
12 ,  1 ,  237988 ,  245 ,  0 ,  89.98 ,  0.60 ,  23.42
12 ,  1 ,  238016 ,  245 ,  0 ,  90.09 ,  0.60 ,  23.42
12 ,  1 ,  238044 ,  245 ,  0 ,  90.09 ,  0.60 ,  23.51
12 ,  1 ,  238074 ,  245 ,  0 ,  90.09 ,  0.60 ,  23.51
12 ,  1 ,  238102 ,  245 ,  0 ,  90.09 ,  0.60 ,  23.51
12 ,  1 ,  238130 ,  245 ,  0 ,  90.20 ,  0.60 ,  23.51
12 ,  1 ,  238157 ,  245 ,  0 ,  90.20 ,  0.60 ,  23.51
12 ,  1 ,  238185 ,  245 ,  0 ,  90.31 ,  0.60 ,  23.51
12 ,  1 ,  238213 ,  245 ,  0 ,  90.31 ,  0.60 ,  23.61
12 ,  1 ,  238240 ,  245 ,  0 ,  90.31 ,  0.60 ,  23.61
12 ,  1 ,  238268 ,  245 ,  0 ,  90.42 ,  0.60 ,  23.61
12 ,  1 ,  238296 ,  245 ,  0 ,  90.42 ,  0.60 ,  23.61
12 ,  1 ,  238325 ,  245 ,  0 ,  90.42 ,  0.60 ,  23.61
12 ,  1 ,  238353 ,  245 ,  0 ,  90.42 ,  0.60 ,  23.61
12 ,  1 ,  238381 ,  245 ,  0 ,  90.53 ,  0.60 ,  23.61
12 ,  1 ,  238408 ,  245 ,  0 ,  90.53 ,  0.60 ,  23.71
12 ,  1 ,  238436 ,  245 ,  0 ,  90.53 ,  0.60 ,  23.61
12 ,  1 ,  238464 ,  245 ,  0 ,  90.53 ,  0.60 ,  23.61
12 ,  1 ,  238491 ,  245 ,  0 ,  90.64 ,  0.60 ,  23.71
12 ,  1 ,  238519 ,  245 ,  0 ,  90.53 ,  0.60 ,  23.71
12 ,  1 ,  238546 ,  245 ,  0 ,  90.64 ,  0.60 ,  23.71
12 ,  1 ,  238576 ,  245 ,  0 ,  90.64 ,  0.60 ,  23.71
12 ,  1 ,  238604 ,  245 ,  0 ,  90.64 ,  0.60 ,  23.71
12 ,  1 ,  238631 ,  245 ,  0 ,  90.64 ,  0.60 ,  23.71
12 ,  1 ,  238659 ,  245 ,  0 ,  90.75 ,  0.60 ,  23.71
12 ,  1 ,  238688 ,  245 ,  0 ,  90.75 ,  0.60 ,  23.71
12 ,  1 ,  238715 ,  245 ,  0 ,  90.75 ,  0.60 ,  23.71
12 ,  1 ,  238743 ,  245 ,  0 ,  90.75 ,  0.60 ,  23.71
12 ,  1 ,  238771 ,  245 ,  0 ,  90.75 ,  0.60 ,  23.71
12 ,  1 ,  238798 ,  245 ,  0 ,  90.75 ,  0.60 ,  23.81
12 ,  1 ,  238828 ,  245 ,  0 ,  90.75 ,  0.60 ,  23.81
12 ,  1 ,  238856 ,  245 ,  0 ,  90.75 ,  0.60 ,  23.81
12 ,  1 ,  238883 ,  245 ,  0 ,  90.75 ,  0.60 ,  23.81
12 ,  1 ,  238911 ,  245 ,  0 ,  90.86 ,  0.60 ,  23.81
12 ,  1 ,  238939 ,  245 ,  0 ,  90.86 ,  0.60 ,  23.81
12 ,  1 ,  238966 ,  245 ,  0 ,  90.86 ,  0.60 ,  23.81
12 ,  1 ,  238994 ,  245 ,  0 ,  90.86 ,  0.60 ,  23.81
12 ,  1 ,  239022 ,  245 ,  0 ,  90.86 ,  0.60 ,  23.81
12 ,  1 ,  239049 ,  0 ,  255 ,  90.86 ,  0.60 ,  23.81
12 ,  1 ,  239079 ,  0 ,  255 ,  88.44 ,  0.60 ,  23.81
12 ,  1 ,  239111 ,  0 ,  255 ,  80.29 ,  0.59 ,  22.92
12 ,  1 ,  239138 ,  0 ,  255 ,  70.82 ,  0.57 ,  21.53
12 ,  1 ,  239166 ,  0 ,  255 ,  62.34 ,  0.52 ,  19.55
12 ,  1 ,  239194 ,  0 ,  255 ,  55.07 ,  0.43 ,  17.36
12 ,  1 ,  239221 ,  0 ,  255 ,  49.01 ,  0.35 ,  15.18
12 ,  1 ,  239249 ,  0 ,  255 ,  43.50 ,  0.27 ,  13.10
12 ,  1 ,  239277 ,  0 ,  255 ,  38.77 ,  0.22 ,  11.11
12 ,  1 ,  239304 ,  0 ,  255 ,  34.36 ,  0.18 ,  9.33
12 ,  1 ,  239335 ,  0 ,  255 ,  29.85 ,  0.16 ,  7.64
12 ,  1 ,  239363 ,  0 ,  255 ,  25.99 ,  0.14 ,  6.35
12 ,  1 ,  239389 ,  0 ,  255 ,  22.47 ,  0.13 ,  5.26
12 ,  1 ,  239417 ,  0 ,  255 ,  19.28 ,  0.12 ,  4.37
12 ,  1 ,  239444 ,  0 ,  255 ,  16.19 ,  0.12 ,  3.57
12 ,  1 ,  239472 ,  0 ,  255 ,  13.44 ,  0.12 ,  2.98
12 ,  1 ,  239500 ,  0 ,  255 ,  11.02 ,  0.11 ,  2.38
12 ,  1 ,  239527 ,  0 ,  255 ,  8.70 ,  0.11 ,  1.98
