MS, MPT, t (s), PWMi, PWMe, Pressure (Psi), LW (V), Displacement (mm)
13 ,  2 ,  257244 ,  0 ,  255 ,  2.98 ,  0.12 ,  0.89
13 ,  2 ,  257271 ,  250 ,  0 ,  1.88 ,  0.11 ,  0.69
13 ,  2 ,  257299 ,  250 ,  0 ,  3.09 ,  0.11 ,  0.69
13 ,  2 ,  257328 ,  250 ,  0 ,  11.79 ,  0.11 ,  1.09
13 ,  2 ,  257355 ,  250 ,  0 ,  23.68 ,  0.13 ,  2.78
13 ,  2 ,  257384 ,  250 ,  0 ,  34.47 ,  0.17 ,  5.06
13 ,  2 ,  257412 ,  250 ,  0 ,  42.73 ,  0.21 ,  7.54
13 ,  2 ,  257439 ,  250 ,  0 ,  49.01 ,  0.26 ,  9.82
13 ,  2 ,  257470 ,  250 ,  0 ,  53.86 ,  0.31 ,  11.81
13 ,  2 ,  257498 ,  250 ,  0 ,  57.49 ,  0.35 ,  13.39
13 ,  2 ,  257526 ,  250 ,  0 ,  60.46 ,  0.39 ,  14.59
13 ,  2 ,  257554 ,  250 ,  0 ,  63.00 ,  0.42 ,  15.58
13 ,  2 ,  257582 ,  250 ,  0 ,  65.09 ,  0.44 ,  16.37
13 ,  2 ,  257609 ,  250 ,  0 ,  66.96 ,  0.47 ,  17.07
13 ,  2 ,  257638 ,  250 ,  0 ,  68.61 ,  0.49 ,  17.66
13 ,  2 ,  257666 ,  250 ,  0 ,  70.05 ,  0.51 ,  18.16
13 ,  2 ,  257693 ,  250 ,  0 ,  71.37 ,  0.52 ,  18.55
13 ,  2 ,  257724 ,  250 ,  0 ,  72.80 ,  0.53 ,  19.05
13 ,  2 ,  257756 ,  250 ,  0 ,  74.12 ,  0.54 ,  19.45
13 ,  2 ,  257784 ,  250 ,  0 ,  75.22 ,  0.55 ,  19.74
13 ,  2 ,  257812 ,  250 ,  0 ,  76.21 ,  0.56 ,  20.04
13 ,  2 ,  257840 ,  250 ,  0 ,  77.09 ,  0.56 ,  20.34
13 ,  2 ,  257867 ,  250 ,  0 ,  78.08 ,  0.57 ,  20.54
13 ,  2 ,  257896 ,  250 ,  0 ,  78.86 ,  0.57 ,  20.84
13 ,  2 ,  257924 ,  250 ,  0 ,  79.74 ,  0.57 ,  21.03
13 ,  2 ,  257951 ,  250 ,  0 ,  80.51 ,  0.58 ,  21.23
13 ,  2 ,  257982 ,  250 ,  0 ,  81.28 ,  0.58 ,  21.43
13 ,  2 ,  258010 ,  250 ,  0 ,  81.94 ,  0.59 ,  21.63
13 ,  2 ,  258037 ,  250 ,  0 ,  82.60 ,  0.59 ,  21.83
13 ,  2 ,  258066 ,  250 ,  0 ,  83.26 ,  0.59 ,  21.93
13 ,  2 ,  258094 ,  250 ,  0 ,  83.92 ,  0.59 ,  22.13
13 ,  2 ,  258121 ,  250 ,  0 ,  84.47 ,  0.59 ,  22.22
13 ,  2 ,  258149 ,  250 ,  0 ,  85.02 ,  0.59 ,  22.42
13 ,  2 ,  258178 ,  250 ,  0 ,  85.68 ,  0.59 ,  22.52
13 ,  2 ,  258205 ,  250 ,  0 ,  86.12 ,  0.60 ,  22.62
13 ,  2 ,  258235 ,  250 ,  0 ,  86.67 ,  0.60 ,  22.82
13 ,  2 ,  258264 ,  250 ,  0 ,  87.23 ,  0.60 ,  22.92
13 ,  2 ,  258291 ,  250 ,  0 ,  87.78 ,  0.60 ,  23.02
13 ,  2 ,  258319 ,  250 ,  0 ,  88.11 ,  0.60 ,  23.12
13 ,  2 ,  258347 ,  250 ,  0 ,  88.55 ,  0.60 ,  23.22
13 ,  2 ,  258375 ,  250 ,  0 ,  88.99 ,  0.60 ,  23.32
13 ,  2 ,  258403 ,  250 ,  0 ,  89.43 ,  0.60 ,  23.42
13 ,  2 ,  258430 ,  250 ,  0 ,  89.76 ,  0.60 ,  23.51
13 ,  2 ,  258459 ,  250 ,  0 ,  90.09 ,  0.60 ,  23.51
13 ,  2 ,  258489 ,  250 ,  0 ,  90.42 ,  0.60 ,  23.61
13 ,  2 ,  258516 ,  250 ,  0 ,  90.75 ,  0.60 ,  23.71
13 ,  2 ,  258545 ,  250 ,  0 ,  91.08 ,  0.60 ,  23.71
13 ,  2 ,  258573 ,  250 ,  0 ,  91.30 ,  0.61 ,  23.81
13 ,  2 ,  258600 ,  250 ,  0 ,  91.52 ,  0.61 ,  23.91
13 ,  2 ,  258628 ,  250 ,  0 ,  91.74 ,  0.61 ,  23.91
13 ,  2 ,  258657 ,  250 ,  0 ,  92.07 ,  0.61 ,  24.01
13 ,  2 ,  258684 ,  250 ,  0 ,  92.18 ,  0.61 ,  24.01
13 ,  2 ,  258712 ,  250 ,  0 ,  92.29 ,  0.61 ,  24.01
13 ,  2 ,  258743 ,  250 ,  0 ,  92.51 ,  0.61 ,  24.11
13 ,  2 ,  258770 ,  250 ,  0 ,  92.62 ,  0.61 ,  24.11
13 ,  2 ,  258798 ,  250 ,  0 ,  92.84 ,  0.61 ,  24.11
13 ,  2 ,  258827 ,  250 ,  0 ,  92.95 ,  0.61 ,  24.21
13 ,  2 ,  258854 ,  250 ,  0 ,  92.95 ,  0.61 ,  24.21
13 ,  2 ,  258882 ,  250 ,  0 ,  93.17 ,  0.61 ,  24.21
13 ,  2 ,  258910 ,  250 ,  0 ,  93.17 ,  0.61 ,  24.21
13 ,  2 ,  258938 ,  250 ,  0 ,  93.28 ,  0.61 ,  24.31
13 ,  2 ,  258966 ,  250 ,  0 ,  93.39 ,  0.61 ,  24.31
13 ,  2 ,  258996 ,  250 ,  0 ,  93.39 ,  0.61 ,  24.31
13 ,  2 ,  259024 ,  250 ,  0 ,  93.50 ,  0.61 ,  24.31
13 ,  2 ,  259052 ,  250 ,  0 ,  93.61 ,  0.61 ,  24.31
13 ,  2 ,  259080 ,  250 ,  0 ,  93.61 ,  0.61 ,  24.41
13 ,  2 ,  259108 ,  250 ,  0 ,  93.72 ,  0.61 ,  24.41
13 ,  2 ,  259136 ,  250 ,  0 ,  93.72 ,  0.61 ,  24.41
13 ,  2 ,  259164 ,  250 ,  0 ,  93.83 ,  0.61 ,  24.41
13 ,  2 ,  259191 ,  250 ,  0 ,  93.83 ,  0.61 ,  24.41
13 ,  2 ,  259220 ,  250 ,  0 ,  93.83 ,  0.61 ,  24.41
13 ,  2 ,  259250 ,  250 ,  0 ,  93.83 ,  0.61 ,  24.51
13 ,  2 ,  259277 ,  250 ,  0 ,  93.94 ,  0.61 ,  24.51
13 ,  2 ,  259306 ,  250 ,  0 ,  93.94 ,  0.61 ,  24.41
13 ,  2 ,  259334 ,  250 ,  0 ,  94.05 ,  0.61 ,  24.51
13 ,  2 ,  259361 ,  250 ,  0 ,  94.05 ,  0.61 ,  24.51
13 ,  2 ,  259390 ,  250 ,  0 ,  94.05 ,  0.61 ,  24.51
13 ,  2 ,  259418 ,  250 ,  0 ,  94.05 ,  0.61 ,  24.51
13 ,  2 ,  259445 ,  250 ,  0 ,  94.16 ,  0.61 ,  24.51
13 ,  2 ,  259473 ,  250 ,  0 ,  94.16 ,  0.61 ,  24.61
13 ,  2 ,  259504 ,  250 ,  0 ,  94.16 ,  0.61 ,  24.61
13 ,  2 ,  259531 ,  250 ,  0 ,  94.16 ,  0.61 ,  24.61
13 ,  2 ,  259559 ,  250 ,  0 ,  94.16 ,  0.61 ,  24.51
13 ,  2 ,  259588 ,  250 ,  0 ,  94.16 ,  0.61 ,  24.61
13 ,  2 ,  259615 ,  250 ,  0 ,  94.16 ,  0.61 ,  24.51
13 ,  2 ,  259643 ,  250 ,  0 ,  94.16 ,  0.61 ,  24.61
13 ,  2 ,  259671 ,  250 ,  0 ,  94.27 ,  0.61 ,  24.61
13 ,  2 ,  259699 ,  250 ,  0 ,  94.27 ,  0.61 ,  24.61
13 ,  2 ,  259727 ,  250 ,  0 ,  94.27 ,  0.61 ,  24.61
13 ,  2 ,  259758 ,  250 ,  0 ,  94.27 ,  0.61 ,  24.61
13 ,  2 ,  259785 ,  250 ,  0 ,  94.27 ,  0.61 ,  24.71
13 ,  2 ,  259813 ,  250 ,  0 ,  94.27 ,  0.61 ,  24.61
13 ,  2 ,  259841 ,  250 ,  0 ,  94.27 ,  0.61 ,  24.71
13 ,  2 ,  259869 ,  250 ,  0 ,  94.27 ,  0.61 ,  24.61
13 ,  2 ,  259897 ,  250 ,  0 ,  94.27 ,  0.61 ,  24.71
13 ,  2 ,  259924 ,  250 ,  0 ,  94.27 ,  0.61 ,  24.61
13 ,  2 ,  259952 ,  250 ,  0 ,  94.27 ,  0.61 ,  24.71
13 ,  2 ,  259981 ,  250 ,  0 ,  94.38 ,  0.61 ,  24.71
13 ,  2 ,  260011 ,  250 ,  0 ,  94.27 ,  0.61 ,  24.71
13 ,  2 ,  260039 ,  250 ,  0 ,  94.38 ,  0.61 ,  24.71
13 ,  2 ,  260067 ,  250 ,  0 ,  94.38 ,  0.61 ,  24.71
13 ,  2 ,  260094 ,  250 ,  0 ,  94.38 ,  0.61 ,  24.71
13 ,  2 ,  260122 ,  250 ,  0 ,  94.38 ,  0.61 ,  24.71
13 ,  2 ,  260151 ,  250 ,  0 ,  94.38 ,  0.61 ,  24.71
13 ,  2 ,  260178 ,  250 ,  0 ,  94.38 ,  0.61 ,  24.71
13 ,  2 ,  260206 ,  0 ,  255 ,  94.38 ,  0.61 ,  24.71
13 ,  2 ,  260234 ,  0 ,  255 ,  91.30 ,  0.61 ,  24.71
13 ,  2 ,  260264 ,  0 ,  255 ,  82.82 ,  0.60 ,  23.81
13 ,  2 ,  260293 ,  0 ,  255 ,  72.69 ,  0.59 ,  22.22
13 ,  2 ,  260321 ,  0 ,  255 ,  63.88 ,  0.55 ,  20.24
13 ,  2 ,  260348 ,  0 ,  255 ,  56.39 ,  0.48 ,  17.96
13 ,  2 ,  260377 ,  0 ,  255 ,  50.00 ,  0.40 ,  15.88
13 ,  2 ,  260405 ,  0 ,  255 ,  44.50 ,  0.31 ,  13.69
13 ,  2 ,  260432 ,  0 ,  255 ,  39.54 ,  0.24 ,  11.61
13 ,  2 ,  260460 ,  0 ,  255 ,  35.02 ,  0.20 ,  9.72
13 ,  2 ,  260489 ,  0 ,  255 ,  30.84 ,  0.18 ,  8.04
13 ,  2 ,  260518 ,  0 ,  255 ,  26.77 ,  0.16 ,  6.65
13 ,  2 ,  260546 ,  0 ,  255 ,  23.02 ,  0.15 ,  5.46
13 ,  2 ,  260575 ,  0 ,  255 ,  19.72 ,  0.14 ,  4.46
13 ,  2 ,  260602 ,  0 ,  255 ,  16.74 ,  0.13 ,  3.67
13 ,  2 ,  260630 ,  0 ,  255 ,  13.77 ,  0.13 ,  2.98
13 ,  2 ,  260658 ,  0 ,  255 ,  11.24 ,  0.13 ,  2.48
13 ,  2 ,  260685 ,  0 ,  255 ,  8.92 ,  0.12 ,  1.98
