MS, MPT, t (s), PWMi, PWMe, Pressure (Psi), LW (V), Displacement (mm)
15 ,  4 ,  299646 ,  0 ,  255 ,  2.87 ,  0.13 ,  0.89
15 ,  4 ,  299677 ,  255 ,  0 ,  1.66 ,  0.13 ,  0.69
15 ,  4 ,  299708 ,  255 ,  0 ,  3.86 ,  0.13 ,  0.69
15 ,  4 ,  299739 ,  255 ,  0 ,  14.65 ,  0.13 ,  1.49
15 ,  4 ,  299769 ,  255 ,  0 ,  28.64 ,  0.17 ,  3.77
15 ,  4 ,  299800 ,  255 ,  0 ,  40.20 ,  0.22 ,  6.75
15 ,  4 ,  299831 ,  255 ,  0 ,  48.57 ,  0.28 ,  9.72
15 ,  4 ,  299862 ,  255 ,  0 ,  54.74 ,  0.35 ,  12.20
15 ,  4 ,  299894 ,  255 ,  0 ,  59.58 ,  0.41 ,  14.29
15 ,  4 ,  299925 ,  255 ,  0 ,  63.11 ,  0.45 ,  15.78
15 ,  4 ,  299955 ,  255 ,  0 ,  66.08 ,  0.49 ,  16.97
15 ,  4 ,  299985 ,  255 ,  0 ,  68.39 ,  0.53 ,  17.76
15 ,  4 ,  300016 ,  255 ,  0 ,  70.49 ,  0.54 ,  18.55
15 ,  4 ,  300047 ,  255 ,  0 ,  72.25 ,  0.56 ,  19.15
15 ,  4 ,  300078 ,  255 ,  0 ,  73.90 ,  0.57 ,  19.65
15 ,  4 ,  300107 ,  255 ,  0 ,  75.33 ,  0.58 ,  20.14
15 ,  4 ,  300138 ,  255 ,  0 ,  76.65 ,  0.58 ,  20.54
15 ,  4 ,  300171 ,  255 ,  0 ,  77.97 ,  0.59 ,  20.84
15 ,  4 ,  300201 ,  255 ,  0 ,  79.19 ,  0.59 ,  21.13
15 ,  4 ,  300232 ,  255 ,  0 ,  80.18 ,  0.59 ,  21.43
15 ,  4 ,  300263 ,  255 ,  0 ,  81.17 ,  0.60 ,  21.73
15 ,  4 ,  300293 ,  255 ,  0 ,  82.16 ,  0.60 ,  22.03
15 ,  4 ,  300323 ,  255 ,  0 ,  83.04 ,  0.60 ,  22.22
15 ,  4 ,  300354 ,  255 ,  0 ,  83.92 ,  0.60 ,  22.52
15 ,  4 ,  300385 ,  255 ,  0 ,  84.69 ,  0.60 ,  22.72
15 ,  4 ,  300416 ,  255 ,  0 ,  85.46 ,  0.61 ,  22.82
15 ,  4 ,  300448 ,  255 ,  0 ,  86.34 ,  0.61 ,  23.02
15 ,  4 ,  300478 ,  255 ,  0 ,  87.00 ,  0.61 ,  23.22
15 ,  4 ,  300509 ,  255 ,  0 ,  87.67 ,  0.61 ,  23.32
15 ,  4 ,  300539 ,  255 ,  0 ,  88.22 ,  0.61 ,  23.51
15 ,  4 ,  300570 ,  255 ,  0 ,  88.88 ,  0.61 ,  23.61
15 ,  4 ,  300601 ,  255 ,  0 ,  89.43 ,  0.61 ,  23.71
15 ,  4 ,  300631 ,  255 ,  0 ,  89.98 ,  0.61 ,  23.81
15 ,  4 ,  300661 ,  255 ,  0 ,  90.53 ,  0.61 ,  23.91
15 ,  4 ,  300692 ,  255 ,  0 ,  90.97 ,  0.61 ,  24.11
15 ,  4 ,  300725 ,  255 ,  0 ,  91.52 ,  0.61 ,  24.21
15 ,  4 ,  300755 ,  255 ,  0 ,  91.96 ,  0.61 ,  24.31
15 ,  4 ,  300786 ,  255 ,  0 ,  92.40 ,  0.61 ,  24.31
15 ,  4 ,  300816 ,  255 ,  0 ,  92.84 ,  0.61 ,  24.41
15 ,  4 ,  300847 ,  255 ,  0 ,  93.17 ,  0.61 ,  24.51
15 ,  4 ,  300877 ,  255 ,  0 ,  93.50 ,  0.61 ,  24.61
15 ,  4 ,  300908 ,  255 ,  0 ,  93.94 ,  0.61 ,  24.61
15 ,  4 ,  300939 ,  255 ,  0 ,  94.16 ,  0.61 ,  24.71
15 ,  4 ,  300968 ,  255 ,  0 ,  94.49 ,  0.61 ,  24.80
15 ,  4 ,  301002 ,  255 ,  0 ,  94.71 ,  0.61 ,  24.80
15 ,  4 ,  301032 ,  255 ,  0 ,  95.04 ,  0.61 ,  24.90
15 ,  4 ,  301063 ,  255 ,  0 ,  95.26 ,  0.61 ,  24.90
15 ,  4 ,  301093 ,  255 ,  0 ,  95.37 ,  0.61 ,  25.00
15 ,  4 ,  301124 ,  255 ,  0 ,  95.48 ,  0.61 ,  25.00
15 ,  4 ,  301154 ,  255 ,  0 ,  95.70 ,  0.61 ,  25.00
15 ,  4 ,  301185 ,  255 ,  0 ,  95.82 ,  0.61 ,  25.00
15 ,  4 ,  301215 ,  255 ,  0 ,  95.93 ,  0.61 ,  25.10
15 ,  4 ,  301246 ,  255 ,  0 ,  95.93 ,  0.61 ,  25.10
15 ,  4 ,  301279 ,  255 ,  0 ,  96.04 ,  0.61 ,  25.20
15 ,  4 ,  301309 ,  255 ,  0 ,  96.15 ,  0.61 ,  25.20
15 ,  4 ,  301339 ,  255 ,  0 ,  96.15 ,  0.61 ,  25.20
15 ,  4 ,  301370 ,  255 ,  0 ,  96.15 ,  0.61 ,  25.20
15 ,  4 ,  301401 ,  255 ,  0 ,  96.26 ,  0.61 ,  25.20
15 ,  4 ,  301431 ,  255 ,  0 ,  96.37 ,  0.61 ,  25.30
15 ,  4 ,  301462 ,  255 ,  0 ,  96.26 ,  0.61 ,  25.20
15 ,  4 ,  301492 ,  255 ,  0 ,  96.37 ,  0.61 ,  25.30
15 ,  4 ,  301522 ,  255 ,  0 ,  96.37 ,  0.61 ,  25.30
15 ,  4 ,  301555 ,  255 ,  0 ,  96.37 ,  0.61 ,  25.30
15 ,  4 ,  301586 ,  255 ,  0 ,  96.37 ,  0.61 ,  25.30
15 ,  4 ,  301617 ,  255 ,  0 ,  96.37 ,  0.61 ,  25.30
15 ,  4 ,  301647 ,  255 ,  0 ,  96.37 ,  0.61 ,  25.30
15 ,  4 ,  301677 ,  255 ,  0 ,  96.48 ,  0.61 ,  25.30
15 ,  4 ,  301708 ,  255 ,  0 ,  96.37 ,  0.61 ,  25.30
15 ,  4 ,  301739 ,  255 ,  0 ,  96.48 ,  0.61 ,  25.30
15 ,  4 ,  301769 ,  255 ,  0 ,  96.37 ,  0.61 ,  25.30
15 ,  4 ,  301800 ,  255 ,  0 ,  96.48 ,  0.61 ,  25.30
15 ,  4 ,  301833 ,  255 ,  0 ,  96.48 ,  0.61 ,  25.30
15 ,  4 ,  301863 ,  255 ,  0 ,  96.48 ,  0.61 ,  25.40
15 ,  4 ,  301893 ,  255 ,  0 ,  96.37 ,  0.61 ,  25.40
15 ,  4 ,  301924 ,  255 ,  0 ,  96.48 ,  0.61 ,  25.40
15 ,  4 ,  301955 ,  255 ,  0 ,  96.37 ,  0.61 ,  25.40
15 ,  4 ,  301985 ,  255 ,  0 ,  96.48 ,  0.61 ,  25.40
15 ,  4 ,  302016 ,  255 ,  0 ,  96.48 ,  0.61 ,  25.40
15 ,  4 ,  302046 ,  255 ,  0 ,  96.48 ,  0.61 ,  25.40
15 ,  4 ,  302076 ,  255 ,  0 ,  96.37 ,  0.61 ,  25.40
15 ,  4 ,  302109 ,  255 ,  0 ,  96.37 ,  0.61 ,  25.40
15 ,  4 ,  302140 ,  255 ,  0 ,  96.37 ,  0.61 ,  25.40
15 ,  4 ,  302171 ,  255 ,  0 ,  96.48 ,  0.61 ,  25.40
15 ,  4 ,  302201 ,  255 ,  0 ,  96.48 ,  0.62 ,  25.40
15 ,  4 ,  302231 ,  255 ,  0 ,  96.37 ,  0.61 ,  25.40
15 ,  4 ,  302262 ,  255 ,  0 ,  96.48 ,  0.61 ,  25.40
15 ,  4 ,  302292 ,  255 ,  0 ,  96.48 ,  0.61 ,  25.40
15 ,  4 ,  302323 ,  255 ,  0 ,  96.48 ,  0.61 ,  25.40
15 ,  4 ,  302354 ,  255 ,  0 ,  96.48 ,  0.61 ,  25.40
15 ,  4 ,  302387 ,  255 ,  0 ,  96.48 ,  0.61 ,  25.40
15 ,  4 ,  302417 ,  255 ,  0 ,  96.48 ,  0.61 ,  25.50
15 ,  4 ,  302448 ,  255 ,  0 ,  96.48 ,  0.61 ,  25.40
15 ,  4 ,  302479 ,  255 ,  0 ,  96.37 ,  0.61 ,  25.40
15 ,  4 ,  302509 ,  255 ,  0 ,  96.48 ,  0.61 ,  25.50
15 ,  4 ,  302539 ,  255 ,  0 ,  96.37 ,  0.61 ,  25.50
15 ,  4 ,  302570 ,  255 ,  0 ,  96.48 ,  0.61 ,  25.40
15 ,  4 ,  302601 ,  255 ,  0 ,  96.37 ,  0.61 ,  25.50
15 ,  4 ,  302631 ,  0 ,  255 ,  96.37 ,  0.61 ,  25.50
15 ,  4 ,  302664 ,  0 ,  255 ,  91.85 ,  0.61 ,  25.30
15 ,  4 ,  302695 ,  0 ,  255 ,  82.05 ,  0.61 ,  24.31
15 ,  4 ,  302725 ,  0 ,  255 ,  71.04 ,  0.60 ,  22.32
15 ,  4 ,  302755 ,  0 ,  255 ,  61.79 ,  0.57 ,  20.04
15 ,  4 ,  302786 ,  0 ,  255 ,  53.97 ,  0.49 ,  17.56
15 ,  4 ,  302817 ,  0 ,  255 ,  47.47 ,  0.39 ,  15.08
15 ,  4 ,  302846 ,  0 ,  255 ,  41.74 ,  0.30 ,  12.70
15 ,  4 ,  302877 ,  0 ,  255 ,  36.57 ,  0.24 ,  10.52
15 ,  4 ,  302908 ,  0 ,  255 ,  32.05 ,  0.21 ,  8.63
15 ,  4 ,  302941 ,  0 ,  255 ,  27.43 ,  0.19 ,  6.95
15 ,  4 ,  302971 ,  0 ,  255 ,  23.35 ,  0.17 ,  5.66
15 ,  4 ,  303002 ,  0 ,  255 ,  19.72 ,  0.16 ,  4.56
15 ,  4 ,  303032 ,  0 ,  255 ,  16.41 ,  0.15 ,  3.67
15 ,  4 ,  303063 ,  0 ,  255 ,  13.33 ,  0.15 ,  2.98
15 ,  4 ,  303093 ,  0 ,  255 ,  10.58 ,  0.15 ,  2.38
15 ,  4 ,  303124 ,  0 ,  255 ,  8.04 ,  0.14 ,  1.89
