MS, MPT, t (s), PWMi, PWMe, Pressure (Psi), LW (V), Displacement (mm)
16 ,  3 ,  313810 ,  0 ,  250 ,  4.19 ,  0.14 ,  1.19
16 ,  3 ,  313841 ,  255 ,  0 ,  3.75 ,  0.13 ,  0.99
16 ,  3 ,  313872 ,  255 ,  0 ,  5.51 ,  0.13 ,  0.99
16 ,  3 ,  313903 ,  255 ,  0 ,  16.08 ,  0.14 ,  1.69
16 ,  3 ,  313933 ,  255 ,  0 ,  29.63 ,  0.17 ,  4.07
16 ,  3 ,  313965 ,  255 ,  0 ,  40.97 ,  0.23 ,  7.14
16 ,  3 ,  313996 ,  255 ,  0 ,  49.12 ,  0.29 ,  10.12
16 ,  3 ,  314027 ,  255 ,  0 ,  55.07 ,  0.36 ,  12.60
16 ,  3 ,  314059 ,  255 ,  0 ,  59.91 ,  0.43 ,  14.59
16 ,  3 ,  314090 ,  255 ,  0 ,  63.44 ,  0.47 ,  16.07
16 ,  3 ,  314121 ,  255 ,  0 ,  66.30 ,  0.51 ,  17.16
16 ,  3 ,  314151 ,  255 ,  0 ,  68.72 ,  0.54 ,  18.06
16 ,  3 ,  314182 ,  255 ,  0 ,  70.82 ,  0.55 ,  18.75
16 ,  3 ,  314213 ,  255 ,  0 ,  72.58 ,  0.57 ,  19.35
16 ,  3 ,  314244 ,  255 ,  0 ,  74.12 ,  0.57 ,  19.84
16 ,  3 ,  314274 ,  255 ,  0 ,  75.55 ,  0.58 ,  20.34
16 ,  3 ,  314305 ,  255 ,  0 ,  76.87 ,  0.59 ,  20.64
16 ,  3 ,  314338 ,  255 ,  0 ,  78.19 ,  0.59 ,  21.03
16 ,  3 ,  314369 ,  255 ,  0 ,  79.30 ,  0.60 ,  21.33
16 ,  3 ,  314399 ,  255 ,  0 ,  80.40 ,  0.60 ,  21.63
16 ,  3 ,  314430 ,  255 ,  0 ,  81.39 ,  0.60 ,  21.93
16 ,  3 ,  314461 ,  255 ,  0 ,  82.27 ,  0.60 ,  22.13
16 ,  3 ,  314491 ,  255 ,  0 ,  83.26 ,  0.60 ,  22.42
16 ,  3 ,  314522 ,  255 ,  0 ,  84.03 ,  0.60 ,  22.62
16 ,  3 ,  314553 ,  255 ,  0 ,  84.80 ,  0.61 ,  22.82
16 ,  3 ,  314584 ,  255 ,  0 ,  85.57 ,  0.61 ,  23.02
16 ,  3 ,  314616 ,  255 ,  0 ,  86.45 ,  0.61 ,  23.22
16 ,  3 ,  314647 ,  255 ,  0 ,  87.12 ,  0.61 ,  23.32
16 ,  3 ,  314678 ,  255 ,  0 ,  87.78 ,  0.61 ,  23.42
16 ,  3 ,  314708 ,  255 ,  0 ,  88.33 ,  0.61 ,  23.61
16 ,  3 ,  314739 ,  255 ,  0 ,  88.99 ,  0.61 ,  23.71
16 ,  3 ,  314774 ,  255 ,  0 ,  89.65 ,  0.61 ,  23.91
16 ,  3 ,  314805 ,  255 ,  0 ,  90.20 ,  0.61 ,  24.01
16 ,  3 ,  314835 ,  255 ,  0 ,  90.64 ,  0.61 ,  24.11
16 ,  3 ,  314866 ,  255 ,  0 ,  91.08 ,  0.61 ,  24.21
16 ,  3 ,  314899 ,  255 ,  0 ,  91.63 ,  0.61 ,  24.31
16 ,  3 ,  314930 ,  255 ,  0 ,  92.07 ,  0.61 ,  24.41
16 ,  3 ,  314960 ,  255 ,  0 ,  92.51 ,  0.61 ,  24.51
16 ,  3 ,  314991 ,  255 ,  0 ,  92.95 ,  0.61 ,  24.51
16 ,  3 ,  315022 ,  255 ,  0 ,  93.28 ,  0.61 ,  24.61
16 ,  3 ,  315053 ,  255 ,  0 ,  93.61 ,  0.61 ,  24.61
16 ,  3 ,  315083 ,  255 ,  0 ,  93.83 ,  0.61 ,  24.71
16 ,  3 ,  315113 ,  255 ,  0 ,  94.16 ,  0.61 ,  24.80
16 ,  3 ,  315144 ,  255 ,  0 ,  94.49 ,  0.61 ,  24.90
16 ,  3 ,  315177 ,  255 ,  0 ,  94.71 ,  0.61 ,  24.90
16 ,  3 ,  315208 ,  255 ,  0 ,  94.93 ,  0.61 ,  25.00
16 ,  3 ,  315239 ,  255 ,  0 ,  95.26 ,  0.61 ,  25.00
16 ,  3 ,  315269 ,  255 ,  0 ,  95.37 ,  0.61 ,  25.10
16 ,  3 ,  315299 ,  255 ,  0 ,  95.48 ,  0.61 ,  25.10
16 ,  3 ,  315330 ,  255 ,  0 ,  95.59 ,  0.61 ,  25.10
16 ,  3 ,  315361 ,  255 ,  0 ,  95.70 ,  0.61 ,  25.10
16 ,  3 ,  315392 ,  255 ,  0 ,  95.82 ,  0.61 ,  25.20
16 ,  3 ,  315422 ,  255 ,  0 ,  95.93 ,  0.61 ,  25.20
16 ,  3 ,  315455 ,  255 ,  0 ,  96.04 ,  0.61 ,  25.20
16 ,  3 ,  315486 ,  255 ,  0 ,  96.04 ,  0.61 ,  25.30
16 ,  3 ,  315516 ,  255 ,  0 ,  96.15 ,  0.61 ,  25.30
16 ,  3 ,  315547 ,  255 ,  0 ,  96.15 ,  0.61 ,  25.30
16 ,  3 ,  315578 ,  255 ,  0 ,  96.26 ,  0.61 ,  25.30
16 ,  3 ,  315609 ,  255 ,  0 ,  96.15 ,  0.61 ,  25.30
16 ,  3 ,  315639 ,  255 ,  0 ,  96.26 ,  0.61 ,  25.30
16 ,  3 ,  315670 ,  255 ,  0 ,  96.26 ,  0.61 ,  25.30
16 ,  3 ,  315701 ,  255 ,  0 ,  96.26 ,  0.61 ,  25.30
16 ,  3 ,  315734 ,  255 ,  0 ,  96.26 ,  0.61 ,  25.30
16 ,  3 ,  315764 ,  255 ,  0 ,  96.26 ,  0.61 ,  25.30
16 ,  3 ,  315795 ,  255 ,  0 ,  96.37 ,  0.61 ,  25.40
16 ,  3 ,  315826 ,  255 ,  0 ,  96.37 ,  0.61 ,  25.40
16 ,  3 ,  315856 ,  255 ,  0 ,  96.37 ,  0.61 ,  25.40
16 ,  3 ,  315887 ,  255 ,  0 ,  96.37 ,  0.62 ,  25.40
16 ,  3 ,  315918 ,  255 ,  0 ,  96.37 ,  0.61 ,  25.40
16 ,  3 ,  315949 ,  255 ,  0 ,  96.37 ,  0.61 ,  25.40
16 ,  3 ,  315979 ,  255 ,  0 ,  96.37 ,  0.61 ,  25.40
16 ,  3 ,  316012 ,  255 ,  0 ,  96.37 ,  0.61 ,  25.40
16 ,  3 ,  316043 ,  255 ,  0 ,  96.37 ,  0.62 ,  25.40
16 ,  3 ,  316073 ,  255 ,  0 ,  96.37 ,  0.61 ,  25.50
16 ,  3 ,  316104 ,  255 ,  0 ,  96.37 ,  0.61 ,  25.40
16 ,  3 ,  316135 ,  255 ,  0 ,  96.37 ,  0.61 ,  25.50
16 ,  3 ,  316166 ,  255 ,  0 ,  96.37 ,  0.61 ,  25.50
16 ,  3 ,  316196 ,  255 ,  0 ,  96.37 ,  0.61 ,  25.50
16 ,  3 ,  316227 ,  255 ,  0 ,  96.37 ,  0.61 ,  25.50
16 ,  3 ,  316258 ,  255 ,  0 ,  96.37 ,  0.61 ,  25.50
16 ,  3 ,  316291 ,  255 ,  0 ,  96.37 ,  0.61 ,  25.50
16 ,  3 ,  316321 ,  255 ,  0 ,  96.37 ,  0.61 ,  25.50
16 ,  3 ,  316352 ,  255 ,  0 ,  96.37 ,  0.61 ,  25.50
16 ,  3 ,  316383 ,  255 ,  0 ,  96.37 ,  0.61 ,  25.40
16 ,  3 ,  316413 ,  255 ,  0 ,  96.37 ,  0.61 ,  25.50
16 ,  3 ,  316444 ,  255 ,  0 ,  96.37 ,  0.61 ,  25.50
16 ,  3 ,  316475 ,  255 ,  0 ,  96.48 ,  0.62 ,  25.50
16 ,  3 ,  316506 ,  255 ,  0 ,  96.37 ,  0.61 ,  25.50
16 ,  3 ,  316536 ,  255 ,  0 ,  96.37 ,  0.62 ,  25.50
16 ,  3 ,  316569 ,  255 ,  0 ,  96.37 ,  0.61 ,  25.50
16 ,  3 ,  316600 ,  255 ,  0 ,  96.37 ,  0.61 ,  25.50
16 ,  3 ,  316631 ,  255 ,  0 ,  96.37 ,  0.62 ,  25.50
16 ,  3 ,  316661 ,  255 ,  0 ,  96.37 ,  0.61 ,  25.50
16 ,  3 ,  316692 ,  255 ,  0 ,  96.37 ,  0.61 ,  25.50
16 ,  3 ,  316723 ,  255 ,  0 ,  96.37 ,  0.61 ,  25.50
16 ,  3 ,  316753 ,  255 ,  0 ,  96.37 ,  0.61 ,  25.50
16 ,  3 ,  316784 ,  0 ,  250 ,  96.37 ,  0.61 ,  25.50
16 ,  3 ,  316815 ,  0 ,  250 ,  92.51 ,  0.62 ,  25.50
16 ,  3 ,  316848 ,  0 ,  250 ,  82.71 ,  0.61 ,  24.51
16 ,  3 ,  316878 ,  0 ,  250 ,  72.03 ,  0.60 ,  22.72
16 ,  3 ,  316909 ,  0 ,  250 ,  62.67 ,  0.58 ,  20.34
16 ,  3 ,  316940 ,  0 ,  250 ,  54.85 ,  0.51 ,  17.96
16 ,  3 ,  316971 ,  0 ,  250 ,  48.13 ,  0.41 ,  15.48
16 ,  3 ,  317001 ,  0 ,  250 ,  42.29 ,  0.32 ,  13.10
16 ,  3 ,  317032 ,  0 ,  250 ,  37.34 ,  0.25 ,  10.81
16 ,  3 ,  317062 ,  0 ,  250 ,  32.71 ,  0.21 ,  8.93
16 ,  3 ,  317092 ,  0 ,  250 ,  28.42 ,  0.19 ,  7.34
16 ,  3 ,  317126 ,  0 ,  250 ,  24.12 ,  0.17 ,  5.85
16 ,  3 ,  317156 ,  0 ,  250 ,  20.49 ,  0.17 ,  4.76
16 ,  3 ,  317187 ,  0 ,  250 ,  17.07 ,  0.16 ,  3.87
16 ,  3 ,  317217 ,  0 ,  250 ,  13.99 ,  0.15 ,  3.17
16 ,  3 ,  317248 ,  0 ,  250 ,  11.35 ,  0.15 ,  2.48
16 ,  3 ,  317279 ,  0 ,  250 ,  8.81 ,  0.14 ,  1.98
