MS, MPT, t (s), PWMi, PWMe, Pressure (Psi), LW (V), Displacement (mm)
18 ,  1 ,  352508 ,  0 ,  245 ,  13.55 ,  0.09 ,  1.98
18 ,  1 ,  352541 ,  255 ,  0 ,  13.44 ,  0.08 ,  1.98
18 ,  1 ,  352575 ,  255 ,  0 ,  14.43 ,  0.09 ,  1.98
18 ,  1 ,  352608 ,  255 ,  0 ,  24.78 ,  0.10 ,  2.88
18 ,  1 ,  352642 ,  255 ,  0 ,  37.23 ,  0.14 ,  5.26
18 ,  1 ,  352674 ,  255 ,  0 ,  47.14 ,  0.22 ,  8.33
18 ,  1 ,  352708 ,  255 ,  0 ,  54.30 ,  0.28 ,  11.11
18 ,  1 ,  352741 ,  255 ,  0 ,  59.58 ,  0.36 ,  13.30
18 ,  1 ,  352777 ,  255 ,  0 ,  63.88 ,  0.42 ,  15.08
18 ,  1 ,  352809 ,  255 ,  0 ,  66.96 ,  0.45 ,  16.47
18 ,  1 ,  352842 ,  255 ,  0 ,  69.49 ,  0.49 ,  17.36
18 ,  1 ,  352876 ,  255 ,  0 ,  71.59 ,  0.52 ,  18.16
18 ,  1 ,  352909 ,  255 ,  0 ,  73.46 ,  0.54 ,  18.85
18 ,  1 ,  352942 ,  255 ,  0 ,  75.11 ,  0.56 ,  19.45
18 ,  1 ,  352975 ,  255 ,  0 ,  76.43 ,  0.57 ,  19.94
18 ,  1 ,  353008 ,  255 ,  0 ,  77.86 ,  0.58 ,  20.34
18 ,  1 ,  353041 ,  255 ,  0 ,  78.97 ,  0.58 ,  20.64
18 ,  1 ,  353077 ,  255 ,  0 ,  80.18 ,  0.58 ,  21.03
18 ,  1 ,  353110 ,  255 ,  0 ,  81.17 ,  0.59 ,  21.33
18 ,  1 ,  353142 ,  255 ,  0 ,  82.16 ,  0.59 ,  21.63
18 ,  1 ,  353176 ,  255 ,  0 ,  83.04 ,  0.60 ,  21.83
18 ,  1 ,  353209 ,  255 ,  0 ,  84.03 ,  0.60 ,  22.13
18 ,  1 ,  353242 ,  255 ,  0 ,  84.80 ,  0.60 ,  22.42
18 ,  1 ,  353275 ,  255 ,  0 ,  85.57 ,  0.60 ,  22.62
18 ,  1 ,  353308 ,  255 ,  0 ,  86.34 ,  0.60 ,  22.72
18 ,  1 ,  353341 ,  255 ,  0 ,  87.00 ,  0.61 ,  22.92
18 ,  1 ,  353377 ,  255 ,  0 ,  87.67 ,  0.61 ,  23.12
18 ,  1 ,  353410 ,  255 ,  0 ,  88.33 ,  0.61 ,  23.22
18 ,  1 ,  353442 ,  255 ,  0 ,  88.88 ,  0.61 ,  23.42
18 ,  1 ,  353476 ,  255 ,  0 ,  89.43 ,  0.61 ,  23.61
18 ,  1 ,  353509 ,  255 ,  0 ,  89.98 ,  0.61 ,  23.61
18 ,  1 ,  353542 ,  255 ,  0 ,  90.53 ,  0.61 ,  23.81
18 ,  1 ,  353575 ,  255 ,  0 ,  90.97 ,  0.61 ,  23.91
18 ,  1 ,  353608 ,  255 ,  0 ,  91.52 ,  0.61 ,  24.01
18 ,  1 ,  353641 ,  255 ,  0 ,  91.85 ,  0.61 ,  24.11
18 ,  1 ,  353677 ,  255 ,  0 ,  92.40 ,  0.61 ,  24.21
18 ,  1 ,  353710 ,  255 ,  0 ,  92.73 ,  0.61 ,  24.31
18 ,  1 ,  353742 ,  255 ,  0 ,  93.17 ,  0.61 ,  24.41
18 ,  1 ,  353776 ,  255 ,  0 ,  93.50 ,  0.61 ,  24.41
18 ,  1 ,  353809 ,  255 ,  0 ,  93.83 ,  0.61 ,  24.51
18 ,  1 ,  353842 ,  255 ,  0 ,  94.05 ,  0.61 ,  24.61
18 ,  1 ,  353875 ,  255 ,  0 ,  94.27 ,  0.61 ,  24.61
18 ,  1 ,  353908 ,  255 ,  0 ,  94.49 ,  0.61 ,  24.71
18 ,  1 ,  353941 ,  255 ,  0 ,  94.71 ,  0.61 ,  24.71
18 ,  1 ,  353977 ,  255 ,  0 ,  94.93 ,  0.61 ,  24.80
18 ,  1 ,  354010 ,  255 ,  0 ,  95.15 ,  0.61 ,  24.80
18 ,  1 ,  354042 ,  255 ,  0 ,  95.26 ,  0.61 ,  24.90
18 ,  1 ,  354076 ,  255 ,  0 ,  95.37 ,  0.61 ,  24.90
18 ,  1 ,  354109 ,  255 ,  0 ,  95.48 ,  0.61 ,  24.90
18 ,  1 ,  354142 ,  255 ,  0 ,  95.59 ,  0.61 ,  25.00
18 ,  1 ,  354174 ,  255 ,  0 ,  95.59 ,  0.61 ,  25.00
18 ,  1 ,  354208 ,  255 ,  0 ,  95.70 ,  0.61 ,  25.00
18 ,  1 ,  354241 ,  255 ,  0 ,  95.70 ,  0.61 ,  25.00
18 ,  1 ,  354277 ,  255 ,  0 ,  95.70 ,  0.61 ,  25.10
18 ,  1 ,  354310 ,  255 ,  0 ,  95.82 ,  0.61 ,  25.10
18 ,  1 ,  354342 ,  255 ,  0 ,  95.82 ,  0.61 ,  25.10
18 ,  1 ,  354376 ,  255 ,  0 ,  95.82 ,  0.61 ,  25.10
18 ,  1 ,  354409 ,  255 ,  0 ,  95.93 ,  0.61 ,  25.10
18 ,  1 ,  354442 ,  255 ,  0 ,  95.93 ,  0.61 ,  25.20
18 ,  1 ,  354475 ,  255 ,  0 ,  95.93 ,  0.61 ,  25.10
18 ,  1 ,  354508 ,  255 ,  0 ,  96.04 ,  0.61 ,  25.20
18 ,  1 ,  354541 ,  255 ,  0 ,  95.93 ,  0.61 ,  25.20
18 ,  1 ,  354577 ,  255 ,  0 ,  95.93 ,  0.61 ,  25.20
18 ,  1 ,  354610 ,  255 ,  0 ,  95.93 ,  0.61 ,  25.20
18 ,  1 ,  354642 ,  255 ,  0 ,  95.93 ,  0.61 ,  25.20
18 ,  1 ,  354676 ,  255 ,  0 ,  96.04 ,  0.61 ,  25.20
18 ,  1 ,  354709 ,  255 ,  0 ,  95.93 ,  0.61 ,  25.20
18 ,  1 ,  354742 ,  255 ,  0 ,  96.04 ,  0.61 ,  25.20
18 ,  1 ,  354775 ,  255 ,  0 ,  96.04 ,  0.61 ,  25.30
18 ,  1 ,  354808 ,  255 ,  0 ,  96.04 ,  0.61 ,  25.30
18 ,  1 ,  354841 ,  255 ,  0 ,  96.04 ,  0.61 ,  25.30
18 ,  1 ,  354877 ,  255 ,  0 ,  96.04 ,  0.61 ,  25.30
18 ,  1 ,  354911 ,  255 ,  0 ,  96.04 ,  0.61 ,  25.30
18 ,  1 ,  354944 ,  255 ,  0 ,  96.04 ,  0.61 ,  25.30
18 ,  1 ,  354976 ,  255 ,  0 ,  96.04 ,  0.61 ,  25.30
18 ,  1 ,  355009 ,  255 ,  0 ,  95.93 ,  0.61 ,  25.30
18 ,  1 ,  355043 ,  255 ,  0 ,  96.04 ,  0.61 ,  25.30
18 ,  1 ,  355076 ,  255 ,  0 ,  95.93 ,  0.61 ,  25.30
18 ,  1 ,  355108 ,  255 ,  0 ,  96.04 ,  0.61 ,  25.30
18 ,  1 ,  355142 ,  255 ,  0 ,  96.04 ,  0.61 ,  25.30
18 ,  1 ,  355177 ,  255 ,  0 ,  95.93 ,  0.61 ,  25.30
18 ,  1 ,  355211 ,  255 ,  0 ,  96.04 ,  0.61 ,  25.40
18 ,  1 ,  355244 ,  255 ,  0 ,  96.04 ,  0.61 ,  25.40
18 ,  1 ,  355276 ,  255 ,  0 ,  96.04 ,  0.61 ,  25.30
18 ,  1 ,  355309 ,  255 ,  0 ,  96.04 ,  0.61 ,  25.30
18 ,  1 ,  355343 ,  255 ,  0 ,  95.93 ,  0.61 ,  25.40
18 ,  1 ,  355376 ,  255 ,  0 ,  95.93 ,  0.61 ,  25.40
18 ,  1 ,  355408 ,  255 ,  0 ,  96.04 ,  0.61 ,  25.40
18 ,  1 ,  355442 ,  255 ,  0 ,  95.93 ,  0.61 ,  25.40
18 ,  1 ,  355477 ,  0 ,  240 ,  96.04 ,  0.62 ,  25.40
18 ,  1 ,  355511 ,  0 ,  240 ,  92.29 ,  0.61 ,  25.30
18 ,  1 ,  355544 ,  0 ,  240 ,  83.92 ,  0.61 ,  24.41
18 ,  1 ,  355576 ,  0 ,  240 ,  75.55 ,  0.60 ,  22.92
18 ,  1 ,  355609 ,  0 ,  240 ,  68.50 ,  0.59 ,  21.33
18 ,  1 ,  355643 ,  0 ,  240 ,  62.56 ,  0.55 ,  19.74
18 ,  1 ,  355676 ,  0 ,  240 ,  57.71 ,  0.51 ,  18.16
18 ,  1 ,  355708 ,  0 ,  240 ,  53.75 ,  0.44 ,  16.77
18 ,  1 ,  355742 ,  0 ,  240 ,  50.55 ,  0.39 ,  15.48
18 ,  1 ,  355777 ,  0 ,  240 ,  47.58 ,  0.34 ,  14.19
18 ,  1 ,  355810 ,  0 ,  240 ,  45.27 ,  0.30 ,  13.20
18 ,  1 ,  355844 ,  0 ,  240 ,  43.17 ,  0.27 ,  12.20
18 ,  1 ,  355876 ,  0 ,  240 ,  41.30 ,  0.23 ,  11.41
18 ,  1 ,  355909 ,  0 ,  240 ,  39.65 ,  0.22 ,  10.62
18 ,  1 ,  355943 ,  0 ,  240 ,  38.11 ,  0.20 ,  10.02
18 ,  1 ,  355976 ,  0 ,  240 ,  36.79 ,  0.19 ,  9.43
18 ,  1 ,  356008 ,  0 ,  240 ,  35.47 ,  0.17 ,  8.93
18 ,  1 ,  356041 ,  0 ,  240 ,  34.36 ,  0.17 ,  8.43
18 ,  1 ,  356077 ,  0 ,  240 ,  33.26 ,  0.16 ,  8.04
18 ,  1 ,  356110 ,  0 ,  240 ,  32.38 ,  0.16 ,  7.64
18 ,  1 ,  356143 ,  0 ,  240 ,  31.50 ,  0.15 ,  7.34
18 ,  1 ,  356176 ,  0 ,  240 ,  30.73 ,  0.14 ,  7.04
18 ,  1 ,  356209 ,  0 ,  240 ,  30.07 ,  0.14 ,  6.75
18 ,  1 ,  356242 ,  0 ,  240 ,  29.41 ,  0.13 ,  6.45
18 ,  1 ,  356275 ,  0 ,  240 ,  28.75 ,  0.13 ,  6.25
18 ,  1 ,  356308 ,  0 ,  240 ,  28.20 ,  0.13 ,  6.05
18 ,  1 ,  356341 ,  0 ,  240 ,  27.76 ,  0.12 ,  5.95
18 ,  1 ,  356376 ,  0 ,  240 ,  27.21 ,  0.12 ,  5.75
18 ,  1 ,  356410 ,  0 ,  240 ,  26.77 ,  0.12 ,  5.56
18 ,  1 ,  356443 ,  0 ,  240 ,  26.43 ,  0.12 ,  5.36
18 ,  1 ,  356475 ,  0 ,  240 ,  26.10 ,  0.12 ,  5.36
18 ,  1 ,  356508 ,  0 ,  240 ,  25.66 ,  0.12 ,  5.16
18 ,  1 ,  356542 ,  0 ,  240 ,  25.33 ,  0.11 ,  5.06
18 ,  1 ,  356575 ,  0 ,  240 ,  25.11 ,  0.12 ,  4.96
18 ,  1 ,  356608 ,  0 ,  240 ,  24.78 ,  0.11 ,  4.86
18 ,  1 ,  356640 ,  0 ,  240 ,  24.56 ,  0.11 ,  4.86
18 ,  1 ,  356676 ,  0 ,  240 ,  24.34 ,  0.11 ,  4.76
18 ,  1 ,  356709 ,  0 ,  240 ,  24.01 ,  0.11 ,  4.66
18 ,  1 ,  356742 ,  0 ,  240 ,  23.79 ,  0.11 ,  4.56
18 ,  1 ,  356775 ,  0 ,  240 ,  23.57 ,  0.11 ,  4.46
18 ,  1 ,  356808 ,  0 ,  240 ,  23.35 ,  0.11 ,  4.46
18 ,  1 ,  356841 ,  0 ,  240 ,  23.24 ,  0.11 ,  4.37
18 ,  1 ,  356874 ,  0 ,  240 ,  23.02 ,  0.10 ,  4.37
18 ,  1 ,  356908 ,  0 ,  240 ,  22.80 ,  0.11 ,  4.27
18 ,  1 ,  356940 ,  0 ,  240 ,  22.69 ,  0.10 ,  4.17
18 ,  1 ,  356975 ,  0 ,  240 ,  22.47 ,  0.11 ,  4.17
18 ,  1 ,  357009 ,  0 ,  240 ,  22.25 ,  0.10 ,  4.07
18 ,  1 ,  357042 ,  0 ,  240 ,  22.14 ,  0.10 ,  4.07
18 ,  1 ,  357074 ,  0 ,  240 ,  22.03 ,  0.10 ,  3.97
18 ,  1 ,  357107 ,  0 ,  240 ,  21.92 ,  0.10 ,  3.97
18 ,  1 ,  357141 ,  0 ,  240 ,  21.70 ,  0.10 ,  3.87
18 ,  1 ,  357174 ,  0 ,  240 ,  21.59 ,  0.10 ,  3.87
18 ,  1 ,  357207 ,  0 ,  240 ,  21.48 ,  0.10 ,  3.87
18 ,  1 ,  357239 ,  0 ,  240 ,  21.26 ,  0.10 ,  3.77
18 ,  1 ,  357273 ,  0 ,  240 ,  21.15 ,  0.10 ,  3.77
18 ,  1 ,  357308 ,  0 ,  240 ,  21.04 ,  0.10 ,  3.77
18 ,  1 ,  357341 ,  0 ,  240 ,  20.93 ,  0.10 ,  3.67
18 ,  1 ,  357374 ,  0 ,  240 ,  20.93 ,  0.10 ,  3.67
18 ,  1 ,  357407 ,  0 ,  240 ,  20.71 ,  0.09 ,  3.67
18 ,  1 ,  357440 ,  0 ,  240 ,  20.71 ,  0.09 ,  3.57
18 ,  1 ,  357473 ,  0 ,  240 ,  20.60 ,  0.10 ,  3.57
18 ,  1 ,  357507 ,  0 ,  240 ,  20.49 ,  0.10 ,  3.57
18 ,  1 ,  357539 ,  0 ,  240 ,  20.38 ,  0.09 ,  3.47
18 ,  1 ,  357572 ,  0 ,  240 ,  20.27 ,  0.09 ,  3.47
18 ,  1 ,  357608 ,  0 ,  240 ,  20.16 ,  0.09 ,  3.47
18 ,  1 ,  357641 ,  0 ,  240 ,  20.16 ,  0.09 ,  3.47
18 ,  1 ,  357673 ,  0 ,  240 ,  20.05 ,  0.10 ,  3.37
18 ,  1 ,  357706 ,  0 ,  240 ,  19.94 ,  0.09 ,  3.37
18 ,  1 ,  357739 ,  0 ,  240 ,  19.83 ,  0.09 ,  3.37
18 ,  1 ,  357773 ,  0 ,  240 ,  19.72 ,  0.09 ,  3.37
18 ,  1 ,  357806 ,  0 ,  240 ,  19.72 ,  0.09 ,  3.27
18 ,  1 ,  357838 ,  0 ,  240 ,  19.61 ,  0.09 ,  3.27
18 ,  1 ,  357871 ,  0 ,  240 ,  19.50 ,  0.09 ,  3.17
18 ,  1 ,  357907 ,  0 ,  240 ,  19.50 ,  0.09 ,  3.27
18 ,  1 ,  357941 ,  0 ,  240 ,  19.39 ,  0.09 ,  3.17
18 ,  1 ,  357978 ,  0 ,  240 ,  19.28 ,  0.09 ,  3.17
18 ,  1 ,  358011 ,  0 ,  240 ,  19.28 ,  0.09 ,  3.17
18 ,  1 ,  358044 ,  0 ,  240 ,  19.17 ,  0.09 ,  3.08
18 ,  1 ,  358077 ,  0 ,  240 ,  19.06 ,  0.09 ,  3.17
18 ,  1 ,  358110 ,  0 ,  240 ,  19.06 ,  0.09 ,  3.17
18 ,  1 ,  358144 ,  0 ,  240 ,  18.95 ,  0.09 ,  3.08
18 ,  1 ,  358176 ,  0 ,  240 ,  18.95 ,  0.09 ,  3.08
18 ,  1 ,  358211 ,  0 ,  240 ,  18.84 ,  0.09 ,  3.08
18 ,  1 ,  358245 ,  0 ,  240 ,  18.73 ,  0.09 ,  3.08
18 ,  1 ,  358278 ,  0 ,  240 ,  18.73 ,  0.09 ,  2.98
18 ,  1 ,  358310 ,  0 ,  240 ,  18.62 ,  0.09 ,  3.08
18 ,  1 ,  358343 ,  0 ,  240 ,  18.62 ,  0.08 ,  2.98
18 ,  1 ,  358376 ,  0 ,  240 ,  18.51 ,  0.09 ,  2.98
18 ,  1 ,  358410 ,  0 ,  240 ,  18.51 ,  0.09 ,  2.98
18 ,  1 ,  358443 ,  0 ,  240 ,  18.51 ,  0.09 ,  2.98
18 ,  1 ,  358475 ,  0 ,  240 ,  18.40 ,  0.09 ,  2.98
18 ,  1 ,  358511 ,  0 ,  240 ,  18.40 ,  0.09 ,  2.88
18 ,  1 ,  358544 ,  0 ,  240 ,  18.29 ,  0.09 ,  2.88
18 ,  1 ,  358577 ,  0 ,  240 ,  18.29 ,  0.08 ,  2.88
18 ,  1 ,  358609 ,  0 ,  240 ,  18.18 ,  0.08 ,  2.88
18 ,  1 ,  358643 ,  0 ,  240 ,  18.18 ,  0.09 ,  2.88
18 ,  1 ,  358676 ,  0 ,  240 ,  18.07 ,  0.09 ,  2.88
18 ,  1 ,  358709 ,  0 ,  240 ,  18.07 ,  0.08 ,  2.88
18 ,  1 ,  358742 ,  0 ,  240 ,  18.07 ,  0.09 ,  2.78
18 ,  1 ,  358774 ,  0 ,  240 ,  17.96 ,  0.09 ,  2.78
18 ,  1 ,  358810 ,  0 ,  240 ,  17.85 ,  0.09 ,  2.78
18 ,  1 ,  358843 ,  0 ,  240 ,  17.85 ,  0.09 ,  2.78
18 ,  1 ,  358876 ,  0 ,  240 ,  17.85 ,  0.08 ,  2.78
18 ,  1 ,  358909 ,  0 ,  240 ,  17.85 ,  0.08 ,  2.78
18 ,  1 ,  358942 ,  0 ,  240 ,  17.73 ,  0.08 ,  2.78
18 ,  1 ,  358975 ,  0 ,  240 ,  17.62 ,  0.08 ,  2.78
18 ,  1 ,  359008 ,  0 ,  240 ,  17.62 ,  0.08 ,  2.78
18 ,  1 ,  359042 ,  0 ,  240 ,  17.62 ,  0.08 ,  2.68
18 ,  1 ,  359074 ,  0 ,  240 ,  17.51 ,  0.08 ,  2.68
18 ,  1 ,  359109 ,  0 ,  240 ,  17.51 ,  0.08 ,  2.68
18 ,  1 ,  359143 ,  0 ,  240 ,  17.51 ,  0.08 ,  2.68
18 ,  1 ,  359176 ,  0 ,  240 ,  17.40 ,  0.08 ,  2.68
18 ,  1 ,  359208 ,  0 ,  240 ,  17.29 ,  0.09 ,  2.68
18 ,  1 ,  359241 ,  0 ,  240 ,  17.29 ,  0.09 ,  2.68
18 ,  1 ,  359274 ,  0 ,  240 ,  17.29 ,  0.08 ,  2.58
18 ,  1 ,  359308 ,  0 ,  240 ,  17.29 ,  0.08 ,  2.58
18 ,  1 ,  359341 ,  0 ,  240 ,  17.18 ,  0.09 ,  2.58
18 ,  1 ,  359373 ,  0 ,  240 ,  17.18 ,  0.08 ,  2.58
18 ,  1 ,  359406 ,  0 ,  240 ,  17.07 ,  0.08 ,  2.58
18 ,  1 ,  359442 ,  0 ,  240 ,  17.07 ,  0.08 ,  2.58
18 ,  1 ,  359475 ,  0 ,  240 ,  16.96 ,  0.08 ,  2.58
18 ,  1 ,  359507 ,  0 ,  240 ,  16.96 ,  0.08 ,  2.58
18 ,  1 ,  359541 ,  0 ,  240 ,  16.96 ,  0.08 ,  2.48
18 ,  1 ,  359574 ,  0 ,  240 ,  16.85 ,  0.08 ,  2.58
18 ,  1 ,  359607 ,  0 ,  240 ,  16.96 ,  0.08 ,  2.48
18 ,  1 ,  359640 ,  0 ,  240 ,  16.85 ,  0.08 ,  2.48
18 ,  1 ,  359672 ,  0 ,  240 ,  16.85 ,  0.08 ,  2.48
18 ,  1 ,  359706 ,  0 ,  240 ,  16.74 ,  0.08 ,  2.48
18 ,  1 ,  359741 ,  0 ,  240 ,  16.74 ,  0.08 ,  2.48
18 ,  1 ,  359774 ,  0 ,  240 ,  16.63 ,  0.08 ,  2.48
18 ,  1 ,  359808 ,  0 ,  240 ,  16.63 ,  0.08 ,  2.38
18 ,  1 ,  359840 ,  0 ,  240 ,  16.63 ,  0.08 ,  2.38
18 ,  1 ,  359873 ,  0 ,  240 ,  16.52 ,  0.08 ,  2.48
18 ,  1 ,  359906 ,  0 ,  240 ,  16.52 ,  0.08 ,  2.48
18 ,  1 ,  359940 ,  0 ,  240 ,  16.52 ,  0.08 ,  2.38
18 ,  1 ,  359972 ,  0 ,  240 ,  16.41 ,  0.08 ,  2.38
18 ,  1 ,  360005 ,  0 ,  240 ,  16.41 ,  0.08 ,  2.38
18 ,  1 ,  360041 ,  0 ,  240 ,  16.41 ,  0.08 ,  2.38
18 ,  1 ,  360074 ,  0 ,  240 ,  16.30 ,  0.08 ,  2.38
18 ,  1 ,  360107 ,  0 ,  240 ,  16.30 ,  0.08 ,  2.38
18 ,  1 ,  360139 ,  0 ,  240 ,  16.30 ,  0.08 ,  2.38
18 ,  1 ,  360173 ,  0 ,  240 ,  16.30 ,  0.08 ,  2.38
18 ,  1 ,  360206 ,  0 ,  240 ,  16.30 ,  0.08 ,  2.38
18 ,  1 ,  360239 ,  0 ,  240 ,  16.19 ,  0.08 ,  2.38
18 ,  1 ,  360271 ,  0 ,  240 ,  16.19 ,  0.08 ,  2.28
18 ,  1 ,  360304 ,  0 ,  240 ,  16.08 ,  0.08 ,  2.28
18 ,  1 ,  360340 ,  0 ,  240 ,  16.08 ,  0.08 ,  2.28
18 ,  1 ,  360373 ,  0 ,  240 ,  15.97 ,  0.08 ,  2.38
18 ,  1 ,  360406 ,  0 ,  240 ,  15.97 ,  0.08 ,  2.28
18 ,  1 ,  360439 ,  0 ,  240 ,  15.97 ,  0.08 ,  2.28
18 ,  1 ,  360472 ,  0 ,  240 ,  15.86 ,  0.08 ,  2.28
18 ,  1 ,  360505 ,  0 ,  240 ,  15.86 ,  0.08 ,  2.28
18 ,  1 ,  360538 ,  0 ,  240 ,  15.86 ,  0.08 ,  2.28
18 ,  1 ,  360571 ,  0 ,  240 ,  15.75 ,  0.08 ,  2.28
18 ,  1 ,  360604 ,  0 ,  240 ,  15.75 ,  0.08 ,  2.28
18 ,  1 ,  360639 ,  0 ,  240 ,  15.75 ,  0.08 ,  2.18
18 ,  1 ,  360673 ,  0 ,  240 ,  15.75 ,  0.07 ,  2.28
18 ,  1 ,  360706 ,  0 ,  240 ,  15.64 ,  0.08 ,  2.28
18 ,  1 ,  360738 ,  0 ,  240 ,  15.64 ,  0.08 ,  2.28
18 ,  1 ,  360771 ,  0 ,  240 ,  15.64 ,  0.08 ,  2.18
18 ,  1 ,  360805 ,  0 ,  240 ,  15.53 ,  0.08 ,  2.18
18 ,  1 ,  360838 ,  0 ,  240 ,  15.53 ,  0.08 ,  2.18
18 ,  1 ,  360870 ,  0 ,  240 ,  15.53 ,  0.08 ,  2.18
18 ,  1 ,  360903 ,  0 ,  240 ,  15.53 ,  0.08 ,  2.18
18 ,  1 ,  360939 ,  0 ,  240 ,  15.42 ,  0.08 ,  2.18
18 ,  1 ,  360973 ,  0 ,  240 ,  15.42 ,  0.07 ,  2.18
18 ,  1 ,  361006 ,  0 ,  240 ,  15.31 ,  0.08 ,  2.18
18 ,  1 ,  361038 ,  0 ,  240 ,  15.31 ,  0.08 ,  2.18
18 ,  1 ,  361071 ,  0 ,  240 ,  15.31 ,  0.08 ,  2.18
18 ,  1 ,  361105 ,  0 ,  240 ,  15.31 ,  0.08 ,  2.18
18 ,  1 ,  361138 ,  0 ,  240 ,  15.20 ,  0.08 ,  2.18
18 ,  1 ,  361170 ,  0 ,  240 ,  15.20 ,  0.08 ,  2.08
18 ,  1 ,  361203 ,  0 ,  240 ,  15.20 ,  0.07 ,  2.18
18 ,  1 ,  361239 ,  0 ,  240 ,  15.09 ,  0.07 ,  2.08
18 ,  1 ,  361272 ,  0 ,  240 ,  15.09 ,  0.07 ,  2.08
18 ,  1 ,  361305 ,  0 ,  240 ,  15.09 ,  0.08 ,  2.08
18 ,  1 ,  361338 ,  0 ,  240 ,  15.09 ,  0.08 ,  2.08
18 ,  1 ,  361371 ,  0 ,  240 ,  14.98 ,  0.07 ,  2.08
18 ,  1 ,  361404 ,  0 ,  240 ,  14.98 ,  0.08 ,  2.08
18 ,  1 ,  361438 ,  0 ,  240 ,  14.98 ,  0.08 ,  2.08
18 ,  1 ,  361470 ,  0 ,  240 ,  14.87 ,  0.07 ,  2.08
18 ,  1 ,  361503 ,  0 ,  240 ,  14.87 ,  0.07 ,  2.08
18 ,  1 ,  361537 ,  0 ,  240 ,  14.76 ,  0.08 ,  2.08
18 ,  1 ,  361572 ,  0 ,  240 ,  14.76 ,  0.07 ,  2.08
18 ,  1 ,  361606 ,  0 ,  240 ,  14.76 ,  0.07 ,  2.08
18 ,  1 ,  361638 ,  0 ,  240 ,  14.76 ,  0.08 ,  2.08
18 ,  1 ,  361671 ,  0 ,  240 ,  14.76 ,  0.07 ,  1.98
