MS, MPT, t (s), PWMi, PWMe, Pressure (Psi), LW (V), Displacement (mm)
20 ,  1 ,  464701 ,  0 ,  235 ,  15.09 ,  0.05 ,  2.08
20 ,  1 ,  464737 ,  255 ,  0 ,  15.09 ,  0.05 ,  1.98
20 ,  1 ,  464773 ,  255 ,  0 ,  16.19 ,  0.05 ,  2.08
20 ,  1 ,  464808 ,  255 ,  0 ,  28.31 ,  0.06 ,  3.27
20 ,  1 ,  464844 ,  255 ,  0 ,  41.30 ,  0.11 ,  5.95
20 ,  1 ,  464880 ,  255 ,  0 ,  50.99 ,  0.19 ,  8.93
20 ,  1 ,  464917 ,  255 ,  0 ,  57.82 ,  0.26 ,  11.71
20 ,  1 ,  464953 ,  255 ,  0 ,  62.67 ,  0.33 ,  13.79
20 ,  1 ,  464991 ,  255 ,  0 ,  66.63 ,  0.39 ,  15.38
20 ,  1 ,  465027 ,  255 ,  0 ,  69.49 ,  0.43 ,  16.67
20 ,  1 ,  465062 ,  255 ,  0 ,  71.81 ,  0.46 ,  17.56
20 ,  1 ,  465098 ,  255 ,  0 ,  73.79 ,  0.50 ,  18.26
20 ,  1 ,  465134 ,  255 ,  0 ,  75.55 ,  0.52 ,  18.95
20 ,  1 ,  465170 ,  255 ,  0 ,  77.09 ,  0.54 ,  19.45
20 ,  1 ,  465206 ,  255 ,  0 ,  78.41 ,  0.55 ,  19.94
20 ,  1 ,  465242 ,  255 ,  0 ,  79.74 ,  0.56 ,  20.34
20 ,  1 ,  465277 ,  255 ,  0 ,  80.84 ,  0.56 ,  20.64
20 ,  1 ,  465315 ,  255 ,  0 ,  81.94 ,  0.57 ,  21.03
20 ,  1 ,  465351 ,  255 ,  0 ,  83.04 ,  0.58 ,  21.33
20 ,  1 ,  465387 ,  255 ,  0 ,  83.92 ,  0.58 ,  21.53
20 ,  1 ,  465423 ,  255 ,  0 ,  84.80 ,  0.59 ,  21.83
20 ,  1 ,  465459 ,  255 ,  0 ,  85.68 ,  0.59 ,  22.03
20 ,  1 ,  465494 ,  255 ,  0 ,  86.45 ,  0.59 ,  22.32
20 ,  1 ,  465529 ,  255 ,  0 ,  87.23 ,  0.60 ,  22.52
20 ,  1 ,  465565 ,  255 ,  0 ,  87.89 ,  0.60 ,  22.72
20 ,  1 ,  465601 ,  255 ,  0 ,  88.55 ,  0.60 ,  22.92
20 ,  1 ,  465639 ,  255 ,  0 ,  89.21 ,  0.60 ,  23.02
20 ,  1 ,  465675 ,  255 ,  0 ,  89.76 ,  0.60 ,  23.22
20 ,  1 ,  465711 ,  255 ,  0 ,  90.31 ,  0.60 ,  23.32
20 ,  1 ,  465746 ,  255 ,  0 ,  90.86 ,  0.60 ,  23.42
20 ,  1 ,  465782 ,  255 ,  0 ,  91.41 ,  0.61 ,  23.61
20 ,  1 ,  465818 ,  255 ,  0 ,  91.85 ,  0.61 ,  23.71
20 ,  1 ,  465854 ,  255 ,  0 ,  92.29 ,  0.61 ,  23.81
20 ,  1 ,  465890 ,  255 ,  0 ,  92.73 ,  0.61 ,  23.91
20 ,  1 ,  465926 ,  255 ,  0 ,  93.06 ,  0.61 ,  24.01
20 ,  1 ,  465964 ,  255 ,  0 ,  93.50 ,  0.61 ,  24.11
20 ,  1 ,  465999 ,  255 ,  0 ,  93.83 ,  0.61 ,  24.21
20 ,  1 ,  466035 ,  255 ,  0 ,  94.16 ,  0.61 ,  24.21
20 ,  1 ,  466071 ,  255 ,  0 ,  94.38 ,  0.61 ,  24.31
20 ,  1 ,  466107 ,  255 ,  0 ,  94.60 ,  0.61 ,  24.41
20 ,  1 ,  466143 ,  255 ,  0 ,  94.82 ,  0.61 ,  24.41
20 ,  1 ,  466179 ,  255 ,  0 ,  95.04 ,  0.61 ,  24.51
20 ,  1 ,  466214 ,  255 ,  0 ,  95.15 ,  0.61 ,  24.51
20 ,  1 ,  466250 ,  255 ,  0 ,  95.26 ,  0.61 ,  24.51
20 ,  1 ,  466288 ,  255 ,  0 ,  95.48 ,  0.61 ,  24.61
20 ,  1 ,  466324 ,  255 ,  0 ,  95.59 ,  0.61 ,  24.71
20 ,  1 ,  466360 ,  255 ,  0 ,  95.70 ,  0.61 ,  24.61
20 ,  1 ,  466396 ,  255 ,  0 ,  95.70 ,  0.61 ,  24.71
20 ,  1 ,  466432 ,  255 ,  0 ,  95.82 ,  0.61 ,  24.71
20 ,  1 ,  466473 ,  255 ,  0 ,  95.82 ,  0.61 ,  24.80
20 ,  1 ,  466509 ,  255 ,  0 ,  95.93 ,  0.61 ,  24.80
20 ,  1 ,  466545 ,  255 ,  0 ,  95.93 ,  0.61 ,  24.80
20 ,  1 ,  466581 ,  255 ,  0 ,  95.93 ,  0.61 ,  24.80
20 ,  1 ,  466619 ,  255 ,  0 ,  95.93 ,  0.61 ,  24.80
20 ,  1 ,  466655 ,  255 ,  0 ,  96.04 ,  0.61 ,  24.90
20 ,  1 ,  466691 ,  255 ,  0 ,  95.93 ,  0.61 ,  24.90
20 ,  1 ,  466726 ,  255 ,  0 ,  96.04 ,  0.61 ,  24.90
20 ,  1 ,  466762 ,  255 ,  0 ,  95.93 ,  0.61 ,  24.90
20 ,  1 ,  466797 ,  255 ,  0 ,  96.04 ,  0.61 ,  24.90
20 ,  1 ,  466833 ,  255 ,  0 ,  96.04 ,  0.61 ,  24.90
20 ,  1 ,  466869 ,  255 ,  0 ,  96.04 ,  0.61 ,  24.90
20 ,  1 ,  466905 ,  255 ,  0 ,  96.04 ,  0.61 ,  24.90
20 ,  1 ,  466942 ,  255 ,  0 ,  96.04 ,  0.61 ,  25.00
20 ,  1 ,  466978 ,  255 ,  0 ,  96.04 ,  0.61 ,  24.90
20 ,  1 ,  467014 ,  255 ,  0 ,  96.04 ,  0.61 ,  24.90
20 ,  1 ,  467050 ,  255 ,  0 ,  96.04 ,  0.61 ,  25.00
20 ,  1 ,  467086 ,  255 ,  0 ,  96.04 ,  0.61 ,  25.00
20 ,  1 ,  467122 ,  255 ,  0 ,  96.04 ,  0.61 ,  25.00
20 ,  1 ,  467158 ,  255 ,  0 ,  96.04 ,  0.61 ,  25.00
20 ,  1 ,  467193 ,  255 ,  0 ,  96.04 ,  0.61 ,  25.00
20 ,  1 ,  467229 ,  255 ,  0 ,  96.04 ,  0.61 ,  25.00
20 ,  1 ,  467267 ,  255 ,  0 ,  96.04 ,  0.61 ,  25.00
20 ,  1 ,  467303 ,  255 ,  0 ,  96.04 ,  0.61 ,  25.00
20 ,  1 ,  467339 ,  255 ,  0 ,  96.04 ,  0.61 ,  25.00
20 ,  1 ,  467375 ,  255 ,  0 ,  96.04 ,  0.61 ,  25.10
20 ,  1 ,  467410 ,  255 ,  0 ,  96.04 ,  0.61 ,  25.10
20 ,  1 ,  467446 ,  255 ,  0 ,  96.04 ,  0.61 ,  25.10
20 ,  1 ,  467482 ,  255 ,  0 ,  96.04 ,  0.61 ,  25.10
20 ,  1 ,  467517 ,  255 ,  0 ,  96.04 ,  0.61 ,  25.10
20 ,  1 ,  467553 ,  255 ,  0 ,  96.04 ,  0.61 ,  25.10
20 ,  1 ,  467592 ,  255 ,  0 ,  96.04 ,  0.61 ,  25.10
20 ,  1 ,  467627 ,  255 ,  0 ,  96.04 ,  0.61 ,  25.10
20 ,  1 ,  467662 ,  0 ,  230 ,  96.04 ,  0.61 ,  25.10
20 ,  1 ,  467698 ,  0 ,  230 ,  92.51 ,  0.61 ,  25.00
20 ,  1 ,  467734 ,  0 ,  230 ,  84.91 ,  0.61 ,  24.21
20 ,  1 ,  467770 ,  0 ,  230 ,  77.75 ,  0.60 ,  23.02
20 ,  1 ,  467806 ,  0 ,  230 ,  71.70 ,  0.58 ,  21.63
20 ,  1 ,  467842 ,  0 ,  230 ,  66.63 ,  0.56 ,  20.44
20 ,  1 ,  467877 ,  0 ,  230 ,  62.56 ,  0.52 ,  19.25
20 ,  1 ,  467915 ,  0 ,  230 ,  59.03 ,  0.46 ,  18.06
20 ,  1 ,  467951 ,  0 ,  230 ,  56.28 ,  0.42 ,  17.07
20 ,  1 ,  467987 ,  0 ,  230 ,  53.86 ,  0.39 ,  16.17
20 ,  1 ,  468023 ,  0 ,  230 ,  51.87 ,  0.35 ,  15.38
20 ,  1 ,  468059 ,  0 ,  230 ,  50.00 ,  0.32 ,  14.68
20 ,  1 ,  468094 ,  0 ,  230 ,  48.46 ,  0.29 ,  13.99
20 ,  1 ,  468130 ,  0 ,  230 ,  47.03 ,  0.27 ,  13.30
20 ,  1 ,  468166 ,  0 ,  230 ,  45.82 ,  0.24 ,  12.80
20 ,  1 ,  468202 ,  0 ,  230 ,  44.72 ,  0.22 ,  12.20
20 ,  1 ,  468240 ,  0 ,  230 ,  43.61 ,  0.21 ,  11.71
20 ,  1 ,  468276 ,  0 ,  230 ,  42.73 ,  0.20 ,  11.31
20 ,  1 ,  468312 ,  0 ,  230 ,  41.96 ,  0.19 ,  10.91
20 ,  1 ,  468347 ,  0 ,  230 ,  41.19 ,  0.18 ,  10.62
20 ,  1 ,  468382 ,  0 ,  230 ,  40.53 ,  0.16 ,  10.32
20 ,  1 ,  468418 ,  0 ,  230 ,  39.87 ,  0.16 ,  10.02
20 ,  1 ,  468454 ,  0 ,  230 ,  39.32 ,  0.15 ,  9.72
20 ,  1 ,  468490 ,  0 ,  230 ,  38.77 ,  0.15 ,  9.53
20 ,  1 ,  468526 ,  0 ,  230 ,  38.33 ,  0.14 ,  9.33
20 ,  1 ,  468563 ,  0 ,  230 ,  37.78 ,  0.13 ,  9.03
20 ,  1 ,  468599 ,  0 ,  230 ,  37.45 ,  0.13 ,  8.93
20 ,  1 ,  468635 ,  0 ,  230 ,  37.12 ,  0.13 ,  8.73
20 ,  1 ,  468671 ,  0 ,  230 ,  36.68 ,  0.12 ,  8.53
20 ,  1 ,  468707 ,  0 ,  230 ,  36.35 ,  0.12 ,  8.43
20 ,  1 ,  468743 ,  0 ,  230 ,  36.02 ,  0.12 ,  8.33
20 ,  1 ,  468779 ,  0 ,  230 ,  35.80 ,  0.12 ,  8.14
20 ,  1 ,  468813 ,  0 ,  230 ,  35.47 ,  0.11 ,  8.04
20 ,  1 ,  468849 ,  0 ,  230 ,  35.25 ,  0.11 ,  7.94
20 ,  1 ,  468888 ,  0 ,  230 ,  35.02 ,  0.11 ,  7.84
20 ,  1 ,  468923 ,  0 ,  230 ,  34.80 ,  0.11 ,  7.74
20 ,  1 ,  468959 ,  0 ,  230 ,  34.58 ,  0.11 ,  7.64
20 ,  1 ,  468995 ,  0 ,  230 ,  34.36 ,  0.10 ,  7.54
20 ,  1 ,  469030 ,  0 ,  230 ,  34.14 ,  0.10 ,  7.54
20 ,  1 ,  469066 ,  0 ,  230 ,  34.03 ,  0.10 ,  7.44
20 ,  1 ,  469102 ,  0 ,  230 ,  33.81 ,  0.10 ,  7.34
20 ,  1 ,  469138 ,  0 ,  230 ,  33.70 ,  0.10 ,  7.24
20 ,  1 ,  469174 ,  0 ,  230 ,  33.48 ,  0.10 ,  7.24
20 ,  1 ,  469212 ,  0 ,  230 ,  33.37 ,  0.10 ,  7.14
20 ,  1 ,  469248 ,  0 ,  230 ,  33.15 ,  0.10 ,  7.04
20 ,  1 ,  469283 ,  0 ,  230 ,  33.04 ,  0.09 ,  7.04
20 ,  1 ,  469318 ,  0 ,  230 ,  32.93 ,  0.09 ,  6.95
20 ,  1 ,  469354 ,  0 ,  230 ,  32.71 ,  0.09 ,  6.95
20 ,  1 ,  469390 ,  0 ,  230 ,  32.60 ,  0.09 ,  6.85
20 ,  1 ,  469426 ,  0 ,  230 ,  32.49 ,  0.09 ,  6.85
20 ,  1 ,  469462 ,  0 ,  230 ,  32.27 ,  0.09 ,  6.75
20 ,  1 ,  469497 ,  0 ,  230 ,  32.16 ,  0.09 ,  6.75
20 ,  1 ,  469535 ,  0 ,  230 ,  32.05 ,  0.09 ,  6.65
20 ,  1 ,  469571 ,  0 ,  230 ,  31.94 ,  0.09 ,  6.65
20 ,  1 ,  469607 ,  0 ,  230 ,  31.94 ,  0.09 ,  6.55
20 ,  1 ,  469643 ,  0 ,  230 ,  31.72 ,  0.09 ,  6.55
20 ,  1 ,  469679 ,  0 ,  230 ,  31.61 ,  0.09 ,  6.45
20 ,  1 ,  469713 ,  0 ,  230 ,  31.50 ,  0.09 ,  6.45
20 ,  1 ,  469750 ,  0 ,  230 ,  31.39 ,  0.09 ,  6.35
20 ,  1 ,  469786 ,  0 ,  230 ,  31.28 ,  0.09 ,  6.35
20 ,  1 ,  469822 ,  0 ,  230 ,  31.17 ,  0.08 ,  6.25
20 ,  1 ,  469858 ,  0 ,  230 ,  31.06 ,  0.08 ,  6.25
20 ,  1 ,  469896 ,  0 ,  230 ,  30.95 ,  0.08 ,  6.25
20 ,  1 ,  469932 ,  0 ,  230 ,  30.84 ,  0.08 ,  6.25
20 ,  1 ,  469967 ,  0 ,  230 ,  30.84 ,  0.08 ,  6.15
20 ,  1 ,  470002 ,  0 ,  230 ,  30.73 ,  0.08 ,  6.15
20 ,  1 ,  470038 ,  0 ,  230 ,  30.62 ,  0.08 ,  6.15
20 ,  1 ,  470074 ,  0 ,  230 ,  30.51 ,  0.08 ,  6.05
20 ,  1 ,  470110 ,  0 ,  230 ,  30.40 ,  0.08 ,  6.05
20 ,  1 ,  470146 ,  0 ,  230 ,  30.29 ,  0.08 ,  6.05
20 ,  1 ,  470181 ,  0 ,  230 ,  30.29 ,  0.08 ,  5.95
20 ,  1 ,  470219 ,  0 ,  230 ,  30.18 ,  0.08 ,  5.95
20 ,  1 ,  470255 ,  0 ,  230 ,  30.07 ,  0.08 ,  5.95
20 ,  1 ,  470291 ,  0 ,  230 ,  30.07 ,  0.08 ,  5.85
20 ,  1 ,  470327 ,  0 ,  230 ,  29.96 ,  0.08 ,  5.85
20 ,  1 ,  470362 ,  0 ,  230 ,  29.85 ,  0.08 ,  5.85
20 ,  1 ,  470397 ,  0 ,  230 ,  29.74 ,  0.08 ,  5.75
20 ,  1 ,  470433 ,  0 ,  230 ,  29.63 ,  0.08 ,  5.75
20 ,  1 ,  470469 ,  0 ,  230 ,  29.63 ,  0.08 ,  5.75
20 ,  1 ,  470505 ,  0 ,  230 ,  29.63 ,  0.07 ,  5.75
20 ,  1 ,  470543 ,  0 ,  230 ,  29.52 ,  0.08 ,  5.66
20 ,  1 ,  470579 ,  0 ,  230 ,  29.41 ,  0.08 ,  5.66
20 ,  1 ,  470615 ,  0 ,  230 ,  29.30 ,  0.07 ,  5.66
20 ,  1 ,  470650 ,  0 ,  230 ,  29.19 ,  0.08 ,  5.66
20 ,  1 ,  470686 ,  0 ,  230 ,  29.19 ,  0.08 ,  5.56
20 ,  1 ,  470722 ,  0 ,  230 ,  29.08 ,  0.07 ,  5.56
20 ,  1 ,  470757 ,  0 ,  230 ,  29.08 ,  0.07 ,  5.56
20 ,  1 ,  470793 ,  0 ,  230 ,  28.97 ,  0.07 ,  5.46
20 ,  1 ,  470829 ,  0 ,  230 ,  28.86 ,  0.07 ,  5.46
20 ,  1 ,  470866 ,  0 ,  230 ,  28.86 ,  0.07 ,  5.46
20 ,  1 ,  470902 ,  0 ,  230 ,  28.75 ,  0.07 ,  5.46
20 ,  1 ,  470938 ,  0 ,  230 ,  28.64 ,  0.08 ,  5.46
20 ,  1 ,  470974 ,  0 ,  230 ,  28.64 ,  0.07 ,  5.36
20 ,  1 ,  471010 ,  0 ,  230 ,  28.53 ,  0.07 ,  5.36
20 ,  1 ,  471046 ,  0 ,  230 ,  28.42 ,  0.07 ,  5.36
20 ,  1 ,  471081 ,  0 ,  230 ,  28.42 ,  0.07 ,  5.36
20 ,  1 ,  471117 ,  0 ,  230 ,  28.31 ,  0.07 ,  5.36
20 ,  1 ,  471152 ,  0 ,  230 ,  28.20 ,  0.07 ,  5.26
20 ,  1 ,  471191 ,  0 ,  230 ,  28.20 ,  0.07 ,  5.26
20 ,  1 ,  471226 ,  0 ,  230 ,  28.09 ,  0.07 ,  5.26
20 ,  1 ,  471262 ,  0 ,  230 ,  27.98 ,  0.07 ,  5.26
20 ,  1 ,  471298 ,  0 ,  230 ,  27.98 ,  0.07 ,  5.26
20 ,  1 ,  471333 ,  0 ,  230 ,  27.87 ,  0.07 ,  5.16
20 ,  1 ,  471369 ,  0 ,  230 ,  27.87 ,  0.07 ,  5.16
20 ,  1 ,  471405 ,  0 ,  230 ,  27.76 ,  0.07 ,  5.16
20 ,  1 ,  471441 ,  0 ,  230 ,  27.65 ,  0.07 ,  5.16
20 ,  1 ,  471477 ,  0 ,  230 ,  27.65 ,  0.07 ,  5.16
20 ,  1 ,  471515 ,  0 ,  230 ,  27.54 ,  0.07 ,  5.06
20 ,  1 ,  471550 ,  0 ,  230 ,  27.54 ,  0.07 ,  5.06
20 ,  1 ,  471586 ,  0 ,  230 ,  27.43 ,  0.07 ,  5.06
20 ,  1 ,  471622 ,  0 ,  230 ,  27.32 ,  0.07 ,  5.06
20 ,  1 ,  471657 ,  0 ,  230 ,  27.32 ,  0.07 ,  4.96
20 ,  1 ,  471693 ,  0 ,  230 ,  27.21 ,  0.06 ,  4.96
20 ,  1 ,  471729 ,  0 ,  230 ,  27.21 ,  0.07 ,  4.96
20 ,  1 ,  471764 ,  0 ,  230 ,  27.10 ,  0.07 ,  4.96
20 ,  1 ,  471800 ,  0 ,  230 ,  26.99 ,  0.07 ,  4.96
20 ,  1 ,  471838 ,  0 ,  230 ,  26.99 ,  0.07 ,  4.96
20 ,  1 ,  471874 ,  0 ,  230 ,  26.88 ,  0.07 ,  4.86
20 ,  1 ,  471910 ,  0 ,  230 ,  26.88 ,  0.07 ,  4.86
20 ,  1 ,  471946 ,  0 ,  230 ,  26.77 ,  0.07 ,  4.86
20 ,  1 ,  471982 ,  0 ,  230 ,  26.66 ,  0.07 ,  4.86
20 ,  1 ,  472017 ,  0 ,  230 ,  26.66 ,  0.07 ,  4.86
20 ,  1 ,  472052 ,  0 ,  230 ,  26.66 ,  0.07 ,  4.76
20 ,  1 ,  472088 ,  0 ,  230 ,  26.55 ,  0.07 ,  4.76
20 ,  1 ,  472124 ,  0 ,  230 ,  26.43 ,  0.06 ,  4.76
20 ,  1 ,  472160 ,  0 ,  230 ,  26.32 ,  0.07 ,  4.76
20 ,  1 ,  472198 ,  0 ,  230 ,  26.32 ,  0.06 ,  4.76
20 ,  1 ,  472233 ,  0 ,  230 ,  26.21 ,  0.06 ,  4.66
20 ,  1 ,  472269 ,  0 ,  230 ,  26.21 ,  0.07 ,  4.66
20 ,  1 ,  472305 ,  0 ,  230 ,  26.10 ,  0.06 ,  4.66
20 ,  1 ,  472341 ,  0 ,  230 ,  25.99 ,  0.06 ,  4.66
20 ,  1 ,  472377 ,  0 ,  230 ,  25.99 ,  0.06 ,  4.66
20 ,  1 ,  472413 ,  0 ,  230 ,  25.88 ,  0.06 ,  4.66
20 ,  1 ,  472448 ,  0 ,  230 ,  25.88 ,  0.06 ,  4.56
20 ,  1 ,  472487 ,  0 ,  230 ,  25.77 ,  0.06 ,  4.56
20 ,  1 ,  472525 ,  0 ,  230 ,  25.77 ,  0.06 ,  4.56
20 ,  1 ,  472561 ,  0 ,  230 ,  25.66 ,  0.06 ,  4.56
20 ,  1 ,  472597 ,  0 ,  230 ,  25.55 ,  0.06 ,  4.46
20 ,  1 ,  472633 ,  0 ,  230 ,  25.55 ,  0.06 ,  4.56
20 ,  1 ,  472669 ,  0 ,  230 ,  25.44 ,  0.06 ,  4.46
20 ,  1 ,  472705 ,  0 ,  230 ,  25.44 ,  0.07 ,  4.46
20 ,  1 ,  472740 ,  0 ,  230 ,  25.33 ,  0.06 ,  4.46
20 ,  1 ,  472775 ,  0 ,  230 ,  25.33 ,  0.07 ,  4.46
20 ,  1 ,  472811 ,  0 ,  230 ,  25.22 ,  0.06 ,  4.37
20 ,  1 ,  472849 ,  0 ,  230 ,  25.11 ,  0.06 ,  4.37
20 ,  1 ,  472885 ,  0 ,  230 ,  25.11 ,  0.06 ,  4.37
20 ,  1 ,  472921 ,  0 ,  230 ,  25.00 ,  0.06 ,  4.37
20 ,  1 ,  472956 ,  0 ,  230 ,  25.00 ,  0.06 ,  4.37
20 ,  1 ,  472992 ,  0 ,  230 ,  24.89 ,  0.06 ,  4.37
20 ,  1 ,  473028 ,  0 ,  230 ,  24.78 ,  0.06 ,  4.27
20 ,  1 ,  473064 ,  0 ,  230 ,  24.78 ,  0.06 ,  4.27
20 ,  1 ,  473100 ,  0 ,  230 ,  24.67 ,  0.06 ,  4.27
20 ,  1 ,  473135 ,  0 ,  230 ,  24.56 ,  0.06 ,  4.27
20 ,  1 ,  473174 ,  0 ,  230 ,  24.56 ,  0.06 ,  4.27
20 ,  1 ,  473208 ,  0 ,  230 ,  24.56 ,  0.06 ,  4.27
20 ,  1 ,  473244 ,  0 ,  230 ,  24.45 ,  0.06 ,  4.17
20 ,  1 ,  473280 ,  0 ,  230 ,  24.34 ,  0.06 ,  4.17
20 ,  1 ,  473316 ,  0 ,  230 ,  24.34 ,  0.06 ,  4.17
20 ,  1 ,  473352 ,  0 ,  230 ,  24.34 ,  0.06 ,  4.17
20 ,  1 ,  473388 ,  0 ,  230 ,  24.23 ,  0.06 ,  4.17
20 ,  1 ,  473423 ,  0 ,  230 ,  24.12 ,  0.06 ,  4.17
20 ,  1 ,  473459 ,  0 ,  230 ,  24.12 ,  0.06 ,  4.17
20 ,  1 ,  473497 ,  0 ,  230 ,  24.01 ,  0.06 ,  4.07
20 ,  1 ,  473533 ,  0 ,  230 ,  23.90 ,  0.06 ,  4.07
20 ,  1 ,  473569 ,  0 ,  230 ,  23.90 ,  0.06 ,  4.07
20 ,  1 ,  473604 ,  0 ,  230 ,  23.79 ,  0.06 ,  4.07
20 ,  1 ,  473639 ,  0 ,  230 ,  23.79 ,  0.06 ,  4.07
20 ,  1 ,  473675 ,  0 ,  230 ,  23.79 ,  0.06 ,  3.97
20 ,  1 ,  473711 ,  0 ,  230 ,  23.68 ,  0.06 ,  3.97
20 ,  1 ,  473747 ,  0 ,  230 ,  23.57 ,  0.06 ,  3.97
20 ,  1 ,  473783 ,  0 ,  230 ,  23.57 ,  0.06 ,  3.97
20 ,  1 ,  473821 ,  0 ,  230 ,  23.46 ,  0.05 ,  3.97
20 ,  1 ,  473857 ,  0 ,  230 ,  23.46 ,  0.06 ,  3.97
20 ,  1 ,  473892 ,  0 ,  230 ,  23.35 ,  0.06 ,  3.97
20 ,  1 ,  473928 ,  0 ,  230 ,  23.35 ,  0.06 ,  3.97
20 ,  1 ,  473963 ,  0 ,  230 ,  23.24 ,  0.06 ,  3.87
20 ,  1 ,  473999 ,  0 ,  230 ,  23.24 ,  0.05 ,  3.87
20 ,  1 ,  474035 ,  0 ,  230 ,  23.13 ,  0.05 ,  3.87
20 ,  1 ,  474071 ,  0 ,  230 ,  23.13 ,  0.05 ,  3.87
20 ,  1 ,  474106 ,  0 ,  230 ,  23.02 ,  0.06 ,  3.87
20 ,  1 ,  474144 ,  0 ,  230 ,  23.02 ,  0.06 ,  3.87
20 ,  1 ,  474180 ,  0 ,  230 ,  22.91 ,  0.05 ,  3.77
20 ,  1 ,  474216 ,  0 ,  230 ,  22.80 ,  0.06 ,  3.77
20 ,  1 ,  474252 ,  0 ,  230 ,  22.80 ,  0.06 ,  3.77
20 ,  1 ,  474288 ,  0 ,  230 ,  22.69 ,  0.05 ,  3.77
20 ,  1 ,  474323 ,  0 ,  230 ,  22.69 ,  0.05 ,  3.77
20 ,  1 ,  474359 ,  0 ,  230 ,  22.69 ,  0.06 ,  3.77
20 ,  1 ,  474395 ,  0 ,  230 ,  22.58 ,  0.06 ,  3.77
20 ,  1 ,  474431 ,  0 ,  230 ,  22.47 ,  0.06 ,  3.77
20 ,  1 ,  474467 ,  0 ,  230 ,  22.47 ,  0.06 ,  3.67
20 ,  1 ,  474505 ,  0 ,  230 ,  22.36 ,  0.05 ,  3.67
20 ,  1 ,  474541 ,  0 ,  230 ,  22.36 ,  0.05 ,  3.67
20 ,  1 ,  474576 ,  0 ,  230 ,  22.25 ,  0.05 ,  3.67
20 ,  1 ,  474612 ,  0 ,  230 ,  22.25 ,  0.06 ,  3.67
20 ,  1 ,  474648 ,  0 ,  230 ,  22.14 ,  0.06 ,  3.67
20 ,  1 ,  474684 ,  0 ,  230 ,  22.14 ,  0.05 ,  3.57
20 ,  1 ,  474720 ,  0 ,  230 ,  22.03 ,  0.05 ,  3.57
20 ,  1 ,  474756 ,  0 ,  230 ,  22.03 ,  0.06 ,  3.57
20 ,  1 ,  474791 ,  0 ,  230 ,  21.92 ,  0.05 ,  3.57
20 ,  1 ,  474829 ,  0 ,  230 ,  21.92 ,  0.06 ,  3.57
20 ,  1 ,  474865 ,  0 ,  230 ,  21.81 ,  0.06 ,  3.57
20 ,  1 ,  474901 ,  0 ,  230 ,  21.81 ,  0.06 ,  3.57
20 ,  1 ,  474937 ,  0 ,  230 ,  21.81 ,  0.06 ,  3.57
20 ,  1 ,  474973 ,  0 ,  230 ,  21.70 ,  0.05 ,  3.47
20 ,  1 ,  475009 ,  0 ,  230 ,  21.59 ,  0.05 ,  3.47
20 ,  1 ,  475044 ,  0 ,  230 ,  21.59 ,  0.05 ,  3.47
20 ,  1 ,  475080 ,  0 ,  230 ,  21.48 ,  0.06 ,  3.47
20 ,  1 ,  475116 ,  0 ,  230 ,  21.48 ,  0.05 ,  3.47
20 ,  1 ,  475163 ,  0 ,  230 ,  21.37 ,  0.05 ,  3.47
20 ,  1 ,  475201 ,  0 ,  230 ,  21.26 ,  0.05 ,  3.47
20 ,  1 ,  475239 ,  0 ,  230 ,  21.26 ,  0.05 ,  3.37
20 ,  1 ,  475277 ,  0 ,  230 ,  21.15 ,  0.06 ,  3.37
20 ,  1 ,  475315 ,  0 ,  230 ,  21.15 ,  0.05 ,  3.37
20 ,  1 ,  475354 ,  0 ,  230 ,  21.15 ,  0.06 ,  3.37
20 ,  1 ,  475392 ,  0 ,  230 ,  21.04 ,  0.05 ,  3.37
20 ,  1 ,  475429 ,  0 ,  230 ,  20.93 ,  0.05 ,  3.37
20 ,  1 ,  475467 ,  0 ,  230 ,  20.93 ,  0.05 ,  3.37
20 ,  1 ,  475507 ,  0 ,  230 ,  20.93 ,  0.06 ,  3.27
20 ,  1 ,  475545 ,  0 ,  230 ,  20.82 ,  0.05 ,  3.27
20 ,  1 ,  475583 ,  0 ,  230 ,  20.71 ,  0.05 ,  3.27
20 ,  1 ,  475621 ,  0 ,  230 ,  20.71 ,  0.06 ,  3.27
20 ,  1 ,  475659 ,  0 ,  230 ,  20.60 ,  0.05 ,  3.27
20 ,  1 ,  475697 ,  0 ,  230 ,  20.60 ,  0.05 ,  3.27
20 ,  1 ,  475735 ,  0 ,  230 ,  20.60 ,  0.05 ,  3.27
20 ,  1 ,  475772 ,  0 ,  230 ,  20.49 ,  0.06 ,  3.17
20 ,  1 ,  475810 ,  0 ,  230 ,  20.38 ,  0.06 ,  3.17
20 ,  1 ,  475850 ,  0 ,  230 ,  20.38 ,  0.05 ,  3.17
20 ,  1 ,  475888 ,  0 ,  230 ,  20.27 ,  0.05 ,  3.17
20 ,  1 ,  475926 ,  0 ,  230 ,  20.27 ,  0.06 ,  3.17
20 ,  1 ,  475964 ,  0 ,  230 ,  20.16 ,  0.05 ,  3.17
20 ,  1 ,  476002 ,  0 ,  230 ,  20.16 ,  0.05 ,  3.17
20 ,  1 ,  476040 ,  0 ,  230 ,  20.16 ,  0.05 ,  3.17
20 ,  1 ,  476078 ,  0 ,  230 ,  20.05 ,  0.05 ,  3.08
20 ,  1 ,  476115 ,  0 ,  230 ,  20.05 ,  0.05 ,  3.08
20 ,  1 ,  476153 ,  0 ,  230 ,  19.94 ,  0.05 ,  3.08
20 ,  1 ,  476193 ,  0 ,  230 ,  19.94 ,  0.05 ,  3.08
20 ,  1 ,  476231 ,  0 ,  230 ,  19.83 ,  0.05 ,  3.08
20 ,  1 ,  476269 ,  0 ,  230 ,  19.83 ,  0.05 ,  3.08
20 ,  1 ,  476307 ,  0 ,  230 ,  19.83 ,  0.05 ,  3.08
20 ,  1 ,  476345 ,  0 ,  230 ,  19.72 ,  0.05 ,  3.08
20 ,  1 ,  476382 ,  0 ,  230 ,  19.61 ,  0.05 ,  2.98
20 ,  1 ,  476420 ,  0 ,  230 ,  19.61 ,  0.05 ,  2.98
20 ,  1 ,  476457 ,  0 ,  230 ,  19.50 ,  0.05 ,  2.98
20 ,  1 ,  476495 ,  0 ,  230 ,  19.50 ,  0.05 ,  2.98
20 ,  1 ,  476535 ,  0 ,  230 ,  19.50 ,  0.05 ,  2.98
20 ,  1 ,  476573 ,  0 ,  230 ,  19.39 ,  0.05 ,  2.98
20 ,  1 ,  476611 ,  0 ,  230 ,  19.39 ,  0.05 ,  2.98
20 ,  1 ,  476649 ,  0 ,  230 ,  19.28 ,  0.05 ,  2.98
20 ,  1 ,  476687 ,  0 ,  230 ,  19.17 ,  0.05 ,  2.88
20 ,  1 ,  476725 ,  0 ,  230 ,  19.17 ,  0.05 ,  2.88
20 ,  1 ,  476763 ,  0 ,  230 ,  19.17 ,  0.05 ,  2.88
20 ,  1 ,  476801 ,  0 ,  230 ,  19.06 ,  0.05 ,  2.88
20 ,  1 ,  476899 ,  0 ,  230 ,  18.95 ,  0.05 ,  2.88
20 ,  1 ,  476937 ,  0 ,  230 ,  18.95 ,  0.05 ,  2.78
20 ,  1 ,  476977 ,  0 ,  230 ,  18.84 ,  0.05 ,  2.78
20 ,  1 ,  477015 ,  0 ,  230 ,  18.84 ,  0.05 ,  2.88
20 ,  1 ,  477052 ,  0 ,  230 ,  18.73 ,  0.05 ,  2.78
20 ,  1 ,  477090 ,  0 ,  230 ,  18.73 ,  0.05 ,  2.78
20 ,  1 ,  477128 ,  0 ,  230 ,  18.62 ,  0.05 ,  2.78
20 ,  1 ,  477166 ,  0 ,  230 ,  18.62 ,  0.05 ,  2.78
20 ,  1 ,  477204 ,  0 ,  230 ,  18.51 ,  0.05 ,  2.78
20 ,  1 ,  477242 ,  0 ,  230 ,  18.51 ,  0.05 ,  2.78
20 ,  1 ,  477280 ,  0 ,  230 ,  18.40 ,  0.05 ,  2.78
20 ,  1 ,  477320 ,  0 ,  230 ,  18.40 ,  0.05 ,  2.78
20 ,  1 ,  477358 ,  0 ,  230 ,  18.40 ,  0.05 ,  2.68
20 ,  1 ,  477395 ,  0 ,  230 ,  18.29 ,  0.05 ,  2.68
20 ,  1 ,  477432 ,  0 ,  230 ,  18.18 ,  0.05 ,  2.68
20 ,  1 ,  477470 ,  0 ,  230 ,  18.18 ,  0.05 ,  2.68
20 ,  1 ,  477508 ,  0 ,  230 ,  18.18 ,  0.05 ,  2.68
20 ,  1 ,  477546 ,  0 ,  230 ,  18.07 ,  0.05 ,  2.68
20 ,  1 ,  477584 ,  0 ,  230 ,  18.07 ,  0.05 ,  2.68
20 ,  1 ,  477622 ,  0 ,  230 ,  17.96 ,  0.05 ,  2.68
20 ,  1 ,  477662 ,  0 ,  230 ,  17.96 ,  0.05 ,  2.68
20 ,  1 ,  477700 ,  0 ,  230 ,  17.85 ,  0.05 ,  2.58
20 ,  1 ,  477737 ,  0 ,  230 ,  17.85 ,  0.05 ,  2.58
20 ,  1 ,  477775 ,  0 ,  230 ,  17.85 ,  0.05 ,  2.58
20 ,  1 ,  477813 ,  0 ,  230 ,  17.73 ,  0.05 ,  2.58
20 ,  1 ,  477851 ,  0 ,  230 ,  17.73 ,  0.05 ,  2.58
20 ,  1 ,  477889 ,  0 ,  230 ,  17.62 ,  0.05 ,  2.58
20 ,  1 ,  477927 ,  0 ,  230 ,  17.62 ,  0.05 ,  2.58
20 ,  1 ,  477965 ,  0 ,  230 ,  17.62 ,  0.05 ,  2.58
20 ,  1 ,  478005 ,  0 ,  230 ,  17.51 ,  0.05 ,  2.58
20 ,  1 ,  478043 ,  0 ,  230 ,  17.51 ,  0.05 ,  2.58
20 ,  1 ,  478081 ,  0 ,  230 ,  17.40 ,  0.05 ,  2.48
20 ,  1 ,  478117 ,  0 ,  230 ,  17.40 ,  0.05 ,  2.48
20 ,  1 ,  478155 ,  0 ,  230 ,  17.29 ,  0.05 ,  2.48
20 ,  1 ,  478193 ,  0 ,  230 ,  17.29 ,  0.05 ,  2.48
20 ,  1 ,  478231 ,  0 ,  230 ,  17.18 ,  0.05 ,  2.48
20 ,  1 ,  478269 ,  0 ,  230 ,  17.29 ,  0.05 ,  2.48
20 ,  1 ,  478307 ,  0 ,  230 ,  17.18 ,  0.05 ,  2.48
20 ,  1 ,  478347 ,  0 ,  230 ,  17.07 ,  0.05 ,  2.48
20 ,  1 ,  478385 ,  0 ,  230 ,  17.07 ,  0.05 ,  2.48
20 ,  1 ,  478423 ,  0 ,  230 ,  17.07 ,  0.05 ,  2.48
20 ,  1 ,  478460 ,  0 ,  230 ,  16.96 ,  0.05 ,  2.38
20 ,  1 ,  478498 ,  0 ,  230 ,  16.96 ,  0.05 ,  2.38
20 ,  1 ,  478536 ,  0 ,  230 ,  16.85 ,  0.05 ,  2.38
20 ,  1 ,  478574 ,  0 ,  230 ,  16.85 ,  0.05 ,  2.38
20 ,  1 ,  478612 ,  0 ,  230 ,  16.74 ,  0.05 ,  2.38
20 ,  1 ,  478649 ,  0 ,  230 ,  16.85 ,  0.05 ,  2.38
20 ,  1 ,  478690 ,  0 ,  230 ,  16.74 ,  0.05 ,  2.38
20 ,  1 ,  478728 ,  0 ,  230 ,  16.63 ,  0.05 ,  2.38
20 ,  1 ,  478766 ,  0 ,  230 ,  16.63 ,  0.05 ,  2.28
20 ,  1 ,  478802 ,  0 ,  230 ,  16.63 ,  0.05 ,  2.38
20 ,  1 ,  478840 ,  0 ,  230 ,  16.52 ,  0.04 ,  2.38
20 ,  1 ,  478878 ,  0 ,  230 ,  16.52 ,  0.05 ,  2.28
20 ,  1 ,  478916 ,  0 ,  230 ,  16.41 ,  0.05 ,  2.28
20 ,  1 ,  478954 ,  0 ,  230 ,  16.41 ,  0.05 ,  2.28
20 ,  1 ,  478992 ,  0 ,  230 ,  16.41 ,  0.05 ,  2.28
20 ,  1 ,  479032 ,  0 ,  230 ,  16.30 ,  0.04 ,  2.28
20 ,  1 ,  479070 ,  0 ,  230 ,  16.30 ,  0.05 ,  2.28
20 ,  1 ,  479108 ,  0 ,  230 ,  16.30 ,  0.05 ,  2.28
20 ,  1 ,  479145 ,  0 ,  230 ,  16.19 ,  0.05 ,  2.28
20 ,  1 ,  479183 ,  0 ,  230 ,  16.19 ,  0.05 ,  2.28
20 ,  1 ,  479221 ,  0 ,  230 ,  16.08 ,  0.05 ,  2.28
20 ,  1 ,  479259 ,  0 ,  230 ,  16.08 ,  0.05 ,  2.18
20 ,  1 ,  479297 ,  0 ,  230 ,  15.97 ,  0.05 ,  2.18
20 ,  1 ,  479335 ,  0 ,  230 ,  15.97 ,  0.05 ,  2.28
20 ,  1 ,  479372 ,  0 ,  230 ,  15.97 ,  0.05 ,  2.18
20 ,  1 ,  479413 ,  0 ,  230 ,  15.86 ,  0.05 ,  2.18
20 ,  1 ,  479451 ,  0 ,  230 ,  15.86 ,  0.05 ,  2.18
20 ,  1 ,  479488 ,  0 ,  230 ,  15.86 ,  0.05 ,  2.18
20 ,  1 ,  479525 ,  0 ,  230 ,  15.86 ,  0.05 ,  2.18
20 ,  1 ,  479563 ,  0 ,  230 ,  15.75 ,  0.05 ,  2.18
20 ,  1 ,  479601 ,  0 ,  230 ,  15.75 ,  0.05 ,  2.18
20 ,  1 ,  479639 ,  0 ,  230 ,  15.64 ,  0.05 ,  2.18
20 ,  1 ,  479677 ,  0 ,  230 ,  15.64 ,  0.05 ,  2.18
20 ,  1 ,  479715 ,  0 ,  230 ,  15.53 ,  0.05 ,  2.18
20 ,  1 ,  479755 ,  0 ,  230 ,  15.53 ,  0.05 ,  2.08
20 ,  1 ,  479793 ,  0 ,  230 ,  15.53 ,  0.05 ,  2.08
20 ,  1 ,  479831 ,  0 ,  230 ,  15.42 ,  0.05 ,  2.08
20 ,  1 ,  479868 ,  0 ,  230 ,  15.42 ,  0.06 ,  2.08
20 ,  1 ,  479906 ,  0 ,  230 ,  15.42 ,  0.04 ,  2.08
20 ,  1 ,  479944 ,  0 ,  230 ,  15.31 ,  0.05 ,  2.08
20 ,  1 ,  479982 ,  0 ,  230 ,  15.31 ,  0.05 ,  2.08
20 ,  1 ,  480020 ,  0 ,  230 ,  15.31 ,  0.05 ,  2.08
20 ,  1 ,  480058 ,  0 ,  230 ,  15.20 ,  0.04 ,  2.08
20 ,  1 ,  480098 ,  0 ,  230 ,  15.20 ,  0.04 ,  2.08
20 ,  1 ,  480136 ,  0 ,  230 ,  15.20 ,  0.05 ,  2.08
20 ,  1 ,  480174 ,  0 ,  230 ,  15.09 ,  0.05 ,  2.08
20 ,  1 ,  480211 ,  0 ,  230 ,  15.09 ,  0.05 ,  2.08
20 ,  1 ,  480248 ,  0 ,  230 ,  14.98 ,  0.05 ,  2.08
20 ,  1 ,  480286 ,  0 ,  230 ,  14.98 ,  0.05 ,  2.08
20 ,  1 ,  480325 ,  0 ,  230 ,  14.98 ,  0.05 ,  1.98
