MS, MPT, t (s), PWMi, PWMe, Pressure (Psi), LW (V), Displacement (mm)
20 ,  5 ,  527757 ,  0 ,  230 ,  14.87 ,  0.04 ,  2.08
20 ,  5 ,  527793 ,  255 ,  0 ,  14.87 ,  0.04 ,  1.98
20 ,  5 ,  527828 ,  255 ,  0 ,  15.97 ,  0.04 ,  1.98
20 ,  5 ,  527864 ,  255 ,  0 ,  28.31 ,  0.06 ,  3.27
20 ,  5 ,  527901 ,  255 ,  0 ,  41.41 ,  0.11 ,  5.95
20 ,  5 ,  527937 ,  255 ,  0 ,  51.10 ,  0.18 ,  9.03
20 ,  5 ,  527973 ,  255 ,  0 ,  57.93 ,  0.25 ,  11.71
20 ,  5 ,  528009 ,  255 ,  0 ,  62.78 ,  0.32 ,  13.69
20 ,  5 ,  528048 ,  255 ,  0 ,  66.63 ,  0.38 ,  15.38
20 ,  5 ,  528083 ,  255 ,  0 ,  69.49 ,  0.42 ,  16.57
20 ,  5 ,  528119 ,  255 ,  0 ,  71.92 ,  0.45 ,  17.46
20 ,  5 ,  528155 ,  255 ,  0 ,  73.90 ,  0.48 ,  18.26
20 ,  5 ,  528191 ,  255 ,  0 ,  75.55 ,  0.50 ,  18.85
20 ,  5 ,  528228 ,  255 ,  0 ,  77.09 ,  0.52 ,  19.35
20 ,  5 ,  528264 ,  255 ,  0 ,  78.41 ,  0.54 ,  19.84
20 ,  5 ,  528300 ,  255 ,  0 ,  79.74 ,  0.55 ,  20.24
20 ,  5 ,  528335 ,  255 ,  0 ,  80.84 ,  0.56 ,  20.64
20 ,  5 ,  528373 ,  255 ,  0 ,  82.05 ,  0.57 ,  20.94
20 ,  5 ,  528409 ,  255 ,  0 ,  83.04 ,  0.57 ,  21.23
20 ,  5 ,  528446 ,  255 ,  0 ,  83.92 ,  0.58 ,  21.53
20 ,  5 ,  528482 ,  255 ,  0 ,  84.80 ,  0.58 ,  21.73
20 ,  5 ,  528518 ,  255 ,  0 ,  85.68 ,  0.59 ,  22.03
20 ,  5 ,  528553 ,  255 ,  0 ,  86.45 ,  0.59 ,  22.22
20 ,  5 ,  528589 ,  255 ,  0 ,  87.23 ,  0.59 ,  22.42
20 ,  5 ,  528625 ,  255 ,  0 ,  87.89 ,  0.59 ,  22.62
20 ,  5 ,  528661 ,  255 ,  0 ,  88.55 ,  0.60 ,  22.82
20 ,  5 ,  528699 ,  255 ,  0 ,  89.21 ,  0.60 ,  22.92
20 ,  5 ,  528736 ,  255 ,  0 ,  89.76 ,  0.60 ,  23.12
20 ,  5 ,  528772 ,  255 ,  0 ,  90.31 ,  0.60 ,  23.22
20 ,  5 ,  528807 ,  255 ,  0 ,  90.86 ,  0.60 ,  23.42
20 ,  5 ,  528843 ,  255 ,  0 ,  91.30 ,  0.60 ,  23.51
20 ,  5 ,  528879 ,  255 ,  0 ,  91.74 ,  0.60 ,  23.61
20 ,  5 ,  528915 ,  255 ,  0 ,  92.18 ,  0.61 ,  23.71
20 ,  5 ,  528951 ,  255 ,  0 ,  92.62 ,  0.61 ,  23.81
20 ,  5 ,  528987 ,  255 ,  0 ,  93.06 ,  0.61 ,  23.91
20 ,  5 ,  529026 ,  255 ,  0 ,  93.39 ,  0.61 ,  24.01
20 ,  5 ,  529061 ,  255 ,  0 ,  93.83 ,  0.61 ,  24.11
20 ,  5 ,  529097 ,  255 ,  0 ,  94.05 ,  0.61 ,  24.21
20 ,  5 ,  529133 ,  255 ,  0 ,  94.27 ,  0.61 ,  24.21
20 ,  5 ,  529169 ,  255 ,  0 ,  94.60 ,  0.61 ,  24.31
20 ,  5 ,  529205 ,  255 ,  0 ,  94.82 ,  0.61 ,  24.41
20 ,  5 ,  529241 ,  255 ,  0 ,  94.93 ,  0.61 ,  24.41
20 ,  5 ,  529277 ,  255 ,  0 ,  95.15 ,  0.61 ,  24.51
20 ,  5 ,  529313 ,  255 ,  0 ,  95.37 ,  0.61 ,  24.51
20 ,  5 ,  529351 ,  255 ,  0 ,  95.48 ,  0.61 ,  24.51
20 ,  5 ,  529387 ,  255 ,  0 ,  95.59 ,  0.61 ,  24.61
20 ,  5 ,  529423 ,  255 ,  0 ,  95.70 ,  0.61 ,  24.61
20 ,  5 ,  529459 ,  255 ,  0 ,  95.70 ,  0.61 ,  24.71
20 ,  5 ,  529496 ,  255 ,  0 ,  95.82 ,  0.61 ,  24.71
20 ,  5 ,  529531 ,  255 ,  0 ,  95.82 ,  0.61 ,  24.71
20 ,  5 ,  529567 ,  255 ,  0 ,  95.82 ,  0.61 ,  24.71
20 ,  5 ,  529603 ,  255 ,  0 ,  95.93 ,  0.61 ,  24.71
20 ,  5 ,  529639 ,  255 ,  0 ,  96.04 ,  0.61 ,  24.80
20 ,  5 ,  529677 ,  255 ,  0 ,  96.04 ,  0.61 ,  24.80
20 ,  5 ,  529714 ,  255 ,  0 ,  96.04 ,  0.61 ,  24.80
20 ,  5 ,  529750 ,  255 ,  0 ,  96.04 ,  0.61 ,  24.80
20 ,  5 ,  529785 ,  255 ,  0 ,  96.04 ,  0.61 ,  24.80
20 ,  5 ,  529822 ,  255 ,  0 ,  96.04 ,  0.61 ,  24.90
20 ,  5 ,  529858 ,  255 ,  0 ,  96.04 ,  0.61 ,  24.90
20 ,  5 ,  529894 ,  255 ,  0 ,  96.04 ,  0.61 ,  24.90
20 ,  5 ,  529930 ,  255 ,  0 ,  96.04 ,  0.61 ,  24.80
20 ,  5 ,  529966 ,  255 ,  0 ,  96.04 ,  0.61 ,  24.90
20 ,  5 ,  530003 ,  255 ,  0 ,  96.04 ,  0.61 ,  24.90
20 ,  5 ,  530040 ,  255 ,  0 ,  96.15 ,  0.61 ,  24.90
20 ,  5 ,  530076 ,  255 ,  0 ,  96.04 ,  0.61 ,  24.90
20 ,  5 ,  530112 ,  255 ,  0 ,  96.04 ,  0.61 ,  24.90
20 ,  5 ,  530148 ,  255 ,  0 ,  96.04 ,  0.61 ,  25.00
20 ,  5 ,  530184 ,  255 ,  0 ,  96.04 ,  0.61 ,  25.00
20 ,  5 ,  530220 ,  255 ,  0 ,  96.04 ,  0.61 ,  25.00
20 ,  5 ,  530255 ,  255 ,  0 ,  96.04 ,  0.61 ,  25.00
20 ,  5 ,  530291 ,  255 ,  0 ,  96.04 ,  0.61 ,  25.00
20 ,  5 ,  530330 ,  255 ,  0 ,  96.04 ,  0.61 ,  25.00
20 ,  5 ,  530366 ,  255 ,  0 ,  96.15 ,  0.61 ,  25.00
20 ,  5 ,  530402 ,  255 ,  0 ,  96.15 ,  0.61 ,  25.00
20 ,  5 ,  530438 ,  255 ,  0 ,  96.15 ,  0.61 ,  25.00
20 ,  5 ,  530473 ,  255 ,  0 ,  96.04 ,  0.61 ,  25.00
20 ,  5 ,  530509 ,  255 ,  0 ,  96.04 ,  0.61 ,  25.00
20 ,  5 ,  530545 ,  255 ,  0 ,  96.15 ,  0.61 ,  25.00
20 ,  5 ,  530582 ,  255 ,  0 ,  96.04 ,  0.61 ,  25.00
20 ,  5 ,  530618 ,  255 ,  0 ,  96.04 ,  0.61 ,  25.00
20 ,  5 ,  530656 ,  255 ,  0 ,  96.04 ,  0.61 ,  25.10
20 ,  5 ,  530692 ,  255 ,  0 ,  96.04 ,  0.61 ,  25.10
20 ,  5 ,  530727 ,  0 ,  230 ,  96.04 ,  0.61 ,  25.10
20 ,  5 ,  530763 ,  0 ,  230 ,  92.51 ,  0.61 ,  25.00
20 ,  5 ,  530800 ,  0 ,  230 ,  84.91 ,  0.60 ,  24.21
20 ,  5 ,  530836 ,  0 ,  230 ,  77.64 ,  0.60 ,  23.02
20 ,  5 ,  530872 ,  0 ,  230 ,  71.70 ,  0.58 ,  21.63
20 ,  5 ,  530908 ,  0 ,  230 ,  66.85 ,  0.55 ,  20.44
20 ,  5 ,  530944 ,  0 ,  230 ,  62.56 ,  0.51 ,  19.25
20 ,  5 ,  530981 ,  0 ,  230 ,  59.14 ,  0.46 ,  18.06
20 ,  5 ,  531017 ,  0 ,  230 ,  56.39 ,  0.42 ,  17.16
20 ,  5 ,  531054 ,  0 ,  230 ,  54.08 ,  0.38 ,  16.27
20 ,  5 ,  531090 ,  0 ,  230 ,  51.98 ,  0.35 ,  15.38
20 ,  5 ,  531126 ,  0 ,  230 ,  50.33 ,  0.31 ,  14.68
20 ,  5 ,  531162 ,  0 ,  230 ,  48.68 ,  0.29 ,  13.99
20 ,  5 ,  531197 ,  0 ,  230 ,  47.36 ,  0.26 ,  13.39
20 ,  5 ,  531233 ,  0 ,  230 ,  46.15 ,  0.24 ,  12.90
20 ,  5 ,  531269 ,  0 ,  230 ,  45.05 ,  0.23 ,  12.30
20 ,  5 ,  531308 ,  0 ,  230 ,  43.95 ,  0.21 ,  11.91
20 ,  5 ,  531344 ,  0 ,  230 ,  43.06 ,  0.19 ,  11.51
20 ,  5 ,  531380 ,  0 ,  230 ,  42.29 ,  0.18 ,  11.11
20 ,  5 ,  531416 ,  0 ,  230 ,  41.52 ,  0.18 ,  10.81
20 ,  5 ,  531451 ,  0 ,  230 ,  40.86 ,  0.16 ,  10.42
20 ,  5 ,  531487 ,  0 ,  230 ,  40.31 ,  0.16 ,  10.12
20 ,  5 ,  531523 ,  0 ,  230 ,  39.65 ,  0.15 ,  9.92
20 ,  5 ,  531559 ,  0 ,  230 ,  39.21 ,  0.14 ,  9.72
20 ,  5 ,  531595 ,  0 ,  230 ,  38.66 ,  0.14 ,  9.43
20 ,  5 ,  531634 ,  0 ,  230 ,  38.22 ,  0.13 ,  9.23
20 ,  5 ,  531670 ,  0 ,  230 ,  37.78 ,  0.13 ,  9.03
20 ,  5 ,  531705 ,  0 ,  230 ,  37.45 ,  0.12 ,  8.83
20 ,  5 ,  531741 ,  0 ,  230 ,  37.12 ,  0.12 ,  8.73
20 ,  5 ,  531777 ,  0 ,  230 ,  36.79 ,  0.11 ,  8.63
20 ,  5 ,  531813 ,  0 ,  230 ,  36.46 ,  0.11 ,  8.43
20 ,  5 ,  531849 ,  0 ,  230 ,  36.24 ,  0.11 ,  8.33
20 ,  5 ,  531885 ,  0 ,  230 ,  35.91 ,  0.11 ,  8.24
20 ,  5 ,  531920 ,  0 ,  230 ,  35.69 ,  0.10 ,  8.14
20 ,  5 ,  531959 ,  0 ,  230 ,  35.47 ,  0.10 ,  8.04
20 ,  5 ,  531995 ,  0 ,  230 ,  35.25 ,  0.10 ,  7.84
20 ,  5 ,  532031 ,  0 ,  230 ,  35.02 ,  0.10 ,  7.84
20 ,  5 ,  532067 ,  0 ,  230 ,  34.80 ,  0.10 ,  7.74
20 ,  5 ,  532103 ,  0 ,  230 ,  34.58 ,  0.10 ,  7.64
20 ,  5 ,  532139 ,  0 ,  230 ,  34.47 ,  0.10 ,  7.54
20 ,  5 ,  532174 ,  0 ,  230 ,  34.25 ,  0.09 ,  7.54
20 ,  5 ,  532210 ,  0 ,  230 ,  34.14 ,  0.09 ,  7.44
20 ,  5 ,  532246 ,  0 ,  230 ,  33.92 ,  0.09 ,  7.34
20 ,  5 ,  532285 ,  0 ,  230 ,  33.81 ,  0.09 ,  7.34
20 ,  5 ,  532321 ,  0 ,  230 ,  33.59 ,  0.09 ,  7.24
20 ,  5 ,  532357 ,  0 ,  230 ,  33.48 ,  0.09 ,  7.14
20 ,  5 ,  532392 ,  0 ,  230 ,  33.37 ,  0.09 ,  7.14
20 ,  5 ,  532432 ,  0 ,  230 ,  33.15 ,  0.08 ,  7.04
20 ,  5 ,  532469 ,  0 ,  230 ,  33.04 ,  0.08 ,  7.04
20 ,  5 ,  532505 ,  0 ,  230 ,  32.93 ,  0.09 ,  6.95
20 ,  5 ,  532541 ,  0 ,  230 ,  32.71 ,  0.08 ,  6.95
20 ,  5 ,  532577 ,  0 ,  230 ,  32.60 ,  0.09 ,  6.85
20 ,  5 ,  532615 ,  0 ,  230 ,  32.49 ,  0.08 ,  6.85
20 ,  5 ,  532651 ,  0 ,  230 ,  32.38 ,  0.08 ,  6.75
20 ,  5 ,  532686 ,  0 ,  230 ,  32.27 ,  0.08 ,  6.75
20 ,  5 ,  532722 ,  0 ,  230 ,  32.16 ,  0.08 ,  6.65
20 ,  5 ,  532758 ,  0 ,  230 ,  32.05 ,  0.08 ,  6.65
20 ,  5 ,  532794 ,  0 ,  230 ,  31.94 ,  0.08 ,  6.55
20 ,  5 ,  532830 ,  0 ,  230 ,  31.94 ,  0.08 ,  6.55
20 ,  5 ,  532866 ,  0 ,  230 ,  31.83 ,  0.08 ,  6.55
20 ,  5 ,  532901 ,  0 ,  230 ,  31.61 ,  0.08 ,  6.45
20 ,  5 ,  532937 ,  0 ,  230 ,  31.50 ,  0.08 ,  6.45
20 ,  5 ,  532976 ,  0 ,  230 ,  31.50 ,  0.08 ,  6.35
20 ,  5 ,  533012 ,  0 ,  230 ,  31.39 ,  0.08 ,  6.35
20 ,  5 ,  533048 ,  0 ,  230 ,  31.28 ,  0.08 ,  6.35
20 ,  5 ,  533084 ,  0 ,  230 ,  31.17 ,  0.08 ,  6.35
20 ,  5 ,  533120 ,  0 ,  230 ,  31.06 ,  0.08 ,  6.25
20 ,  5 ,  533155 ,  0 ,  230 ,  30.95 ,  0.08 ,  6.25
20 ,  5 ,  533191 ,  0 ,  230 ,  30.84 ,  0.07 ,  6.25
20 ,  5 ,  533227 ,  0 ,  230 ,  30.84 ,  0.07 ,  6.15
20 ,  5 ,  533263 ,  0 ,  230 ,  30.73 ,  0.07 ,  6.15
20 ,  5 ,  533302 ,  0 ,  230 ,  30.62 ,  0.07 ,  6.15
20 ,  5 ,  533338 ,  0 ,  230 ,  30.51 ,  0.07 ,  6.05
20 ,  5 ,  533373 ,  0 ,  230 ,  30.51 ,  0.07 ,  6.05
20 ,  5 ,  533409 ,  0 ,  230 ,  30.40 ,  0.07 ,  6.05
20 ,  5 ,  533445 ,  0 ,  230 ,  30.29 ,  0.07 ,  5.95
20 ,  5 ,  533481 ,  0 ,  230 ,  30.18 ,  0.07 ,  5.95
20 ,  5 ,  533517 ,  0 ,  230 ,  30.07 ,  0.07 ,  5.95
20 ,  5 ,  533553 ,  0 ,  230 ,  30.07 ,  0.07 ,  5.95
20 ,  5 ,  533588 ,  0 ,  230 ,  29.96 ,  0.07 ,  5.85
20 ,  5 ,  533626 ,  0 ,  230 ,  29.85 ,  0.07 ,  5.85
20 ,  5 ,  533662 ,  0 ,  230 ,  29.85 ,  0.07 ,  5.85
20 ,  5 ,  533699 ,  0 ,  230 ,  29.74 ,  0.06 ,  5.75
20 ,  5 ,  533735 ,  0 ,  230 ,  29.63 ,  0.07 ,  5.75
20 ,  5 ,  533771 ,  0 ,  230 ,  29.52 ,  0.07 ,  5.75
20 ,  5 ,  533807 ,  0 ,  230 ,  29.52 ,  0.07 ,  5.75
20 ,  5 ,  533842 ,  0 ,  230 ,  29.52 ,  0.06 ,  5.66
20 ,  5 ,  533878 ,  0 ,  230 ,  29.41 ,  0.07 ,  5.66
20 ,  5 ,  533914 ,  0 ,  230 ,  29.30 ,  0.06 ,  5.66
20 ,  5 ,  533952 ,  0 ,  230 ,  29.19 ,  0.06 ,  5.66
20 ,  5 ,  533988 ,  0 ,  230 ,  29.19 ,  0.06 ,  5.56
20 ,  5 ,  534024 ,  0 ,  230 ,  29.08 ,  0.06 ,  5.56
20 ,  5 ,  534060 ,  0 ,  230 ,  29.08 ,  0.06 ,  5.46
20 ,  5 ,  534095 ,  0 ,  230 ,  28.97 ,  0.06 ,  5.56
20 ,  5 ,  534131 ,  0 ,  230 ,  28.86 ,  0.06 ,  5.46
20 ,  5 ,  534168 ,  0 ,  230 ,  28.86 ,  0.06 ,  5.46
20 ,  5 ,  534204 ,  0 ,  230 ,  28.75 ,  0.07 ,  5.46
20 ,  5 ,  534240 ,  0 ,  230 ,  28.64 ,  0.06 ,  5.46
20 ,  5 ,  534278 ,  0 ,  230 ,  28.64 ,  0.07 ,  5.36
20 ,  5 ,  534313 ,  0 ,  230 ,  28.53 ,  0.06 ,  5.36
20 ,  5 ,  534349 ,  0 ,  230 ,  28.53 ,  0.06 ,  5.36
20 ,  5 ,  534385 ,  0 ,  230 ,  28.42 ,  0.06 ,  5.36
20 ,  5 ,  534421 ,  0 ,  230 ,  28.31 ,  0.06 ,  5.36
20 ,  5 ,  534457 ,  0 ,  230 ,  28.31 ,  0.06 ,  5.36
20 ,  5 ,  534493 ,  0 ,  230 ,  28.20 ,  0.06 ,  5.26
20 ,  5 ,  534529 ,  0 ,  230 ,  28.09 ,  0.06 ,  5.26
20 ,  5 ,  534564 ,  0 ,  230 ,  28.09 ,  0.06 ,  5.26
20 ,  5 ,  534603 ,  0 ,  230 ,  27.98 ,  0.06 ,  5.26
20 ,  5 ,  534639 ,  0 ,  230 ,  27.87 ,  0.06 ,  5.26
20 ,  5 ,  534675 ,  0 ,  230 ,  27.87 ,  0.06 ,  5.16
20 ,  5 ,  534711 ,  0 ,  230 ,  27.76 ,  0.06 ,  5.16
20 ,  5 ,  534747 ,  0 ,  230 ,  27.65 ,  0.06 ,  5.16
20 ,  5 ,  534782 ,  0 ,  230 ,  27.65 ,  0.06 ,  5.16
20 ,  5 ,  534818 ,  0 ,  230 ,  27.65 ,  0.06 ,  5.16
20 ,  5 ,  534854 ,  0 ,  230 ,  27.54 ,  0.06 ,  5.06
20 ,  5 ,  534890 ,  0 ,  230 ,  27.43 ,  0.06 ,  5.06
20 ,  5 ,  534928 ,  0 ,  230 ,  27.43 ,  0.06 ,  5.06
20 ,  5 ,  534965 ,  0 ,  230 ,  27.32 ,  0.06 ,  5.06
20 ,  5 ,  535001 ,  0 ,  230 ,  27.21 ,  0.06 ,  4.96
20 ,  5 ,  535036 ,  0 ,  230 ,  27.21 ,  0.06 ,  4.96
20 ,  5 ,  535072 ,  0 ,  230 ,  27.10 ,  0.06 ,  4.96
20 ,  5 ,  535108 ,  0 ,  230 ,  27.10 ,  0.06 ,  4.96
20 ,  5 ,  535144 ,  0 ,  230 ,  26.99 ,  0.05 ,  4.96
20 ,  5 ,  535180 ,  0 ,  230 ,  26.88 ,  0.06 ,  4.96
20 ,  5 ,  535216 ,  0 ,  230 ,  26.77 ,  0.06 ,  4.86
20 ,  5 ,  535251 ,  0 ,  230 ,  26.77 ,  0.06 ,  4.86
20 ,  5 ,  535289 ,  0 ,  230 ,  26.66 ,  0.06 ,  4.86
20 ,  5 ,  535325 ,  0 ,  230 ,  26.55 ,  0.06 ,  4.86
20 ,  5 ,  535361 ,  0 ,  230 ,  26.55 ,  0.06 ,  4.76
20 ,  5 ,  535398 ,  0 ,  230 ,  26.55 ,  0.05 ,  4.76
20 ,  5 ,  535434 ,  0 ,  230 ,  26.43 ,  0.06 ,  4.76
20 ,  5 ,  535470 ,  0 ,  230 ,  26.43 ,  0.06 ,  4.76
20 ,  5 ,  535505 ,  0 ,  230 ,  26.32 ,  0.05 ,  4.76
20 ,  5 ,  535541 ,  0 ,  230 ,  26.32 ,  0.06 ,  4.76
20 ,  5 ,  535577 ,  0 ,  230 ,  26.21 ,  0.06 ,  4.66
20 ,  5 ,  535615 ,  0 ,  230 ,  26.10 ,  0.06 ,  4.66
20 ,  5 ,  535651 ,  0 ,  230 ,  26.10 ,  0.06 ,  4.66
20 ,  5 ,  535687 ,  0 ,  230 ,  25.99 ,  0.06 ,  4.66
20 ,  5 ,  535724 ,  0 ,  230 ,  25.88 ,  0.06 ,  4.56
20 ,  5 ,  535759 ,  0 ,  230 ,  25.88 ,  0.06 ,  4.56
20 ,  5 ,  535795 ,  0 ,  230 ,  25.77 ,  0.06 ,  4.56
20 ,  5 ,  535831 ,  0 ,  230 ,  25.77 ,  0.06 ,  4.56
20 ,  5 ,  535867 ,  0 ,  230 ,  25.66 ,  0.05 ,  4.56
20 ,  5 ,  535903 ,  0 ,  230 ,  25.55 ,  0.05 ,  4.56
20 ,  5 ,  535942 ,  0 ,  230 ,  25.55 ,  0.05 ,  4.56
20 ,  5 ,  535977 ,  0 ,  230 ,  25.44 ,  0.05 ,  4.46
20 ,  5 ,  536013 ,  0 ,  230 ,  25.33 ,  0.05 ,  4.46
20 ,  5 ,  536049 ,  0 ,  230 ,  25.33 ,  0.05 ,  4.46
20 ,  5 ,  536085 ,  0 ,  230 ,  25.22 ,  0.05 ,  4.46
20 ,  5 ,  536121 ,  0 ,  230 ,  25.22 ,  0.06 ,  4.46
20 ,  5 ,  536157 ,  0 ,  230 ,  25.11 ,  0.05 ,  4.37
20 ,  5 ,  536193 ,  0 ,  230 ,  25.11 ,  0.05 ,  4.37
20 ,  5 ,  536228 ,  0 ,  230 ,  25.00 ,  0.06 ,  4.37
20 ,  5 ,  536266 ,  0 ,  230 ,  24.89 ,  0.05 ,  4.37
20 ,  5 ,  536303 ,  0 ,  230 ,  24.78 ,  0.06 ,  4.37
20 ,  5 ,  536339 ,  0 ,  230 ,  24.89 ,  0.05 ,  4.37
20 ,  5 ,  536375 ,  0 ,  230 ,  24.78 ,  0.06 ,  4.37
20 ,  5 ,  536411 ,  0 ,  230 ,  24.67 ,  0.06 ,  4.27
20 ,  5 ,  536446 ,  0 ,  230 ,  24.67 ,  0.05 ,  4.27
20 ,  5 ,  536482 ,  0 ,  230 ,  24.56 ,  0.05 ,  4.27
20 ,  5 ,  536518 ,  0 ,  230 ,  24.56 ,  0.06 ,  4.27
20 ,  5 ,  536554 ,  0 ,  230 ,  24.45 ,  0.05 ,  4.27
20 ,  5 ,  536592 ,  0 ,  230 ,  24.45 ,  0.05 ,  4.27
20 ,  5 ,  536628 ,  0 ,  230 ,  24.23 ,  0.05 ,  4.17
20 ,  5 ,  536664 ,  0 ,  230 ,  24.23 ,  0.05 ,  4.17
20 ,  5 ,  536699 ,  0 ,  230 ,  24.23 ,  0.05 ,  4.17
20 ,  5 ,  536736 ,  0 ,  230 ,  24.12 ,  0.05 ,  4.17
20 ,  5 ,  536772 ,  0 ,  230 ,  24.12 ,  0.05 ,  4.17
20 ,  5 ,  536808 ,  0 ,  230 ,  24.01 ,  0.05 ,  4.17
20 ,  5 ,  536844 ,  0 ,  230 ,  24.01 ,  0.05 ,  4.17
20 ,  5 ,  536880 ,  0 ,  230 ,  23.90 ,  0.05 ,  4.07
20 ,  5 ,  536918 ,  0 ,  230 ,  23.90 ,  0.05 ,  4.07
20 ,  5 ,  536953 ,  0 ,  230 ,  23.79 ,  0.06 ,  4.07
20 ,  5 ,  536989 ,  0 ,  230 ,  23.68 ,  0.05 ,  4.07
20 ,  5 ,  537025 ,  0 ,  230 ,  23.68 ,  0.05 ,  4.07
20 ,  5 ,  537061 ,  0 ,  230 ,  23.57 ,  0.05 ,  4.07
20 ,  5 ,  537097 ,  0 ,  230 ,  23.57 ,  0.06 ,  3.97
20 ,  5 ,  537133 ,  0 ,  230 ,  23.46 ,  0.05 ,  3.97
20 ,  5 ,  537168 ,  0 ,  230 ,  23.46 ,  0.05 ,  3.97
20 ,  5 ,  537204 ,  0 ,  230 ,  23.35 ,  0.05 ,  3.97
20 ,  5 ,  537243 ,  0 ,  230 ,  23.24 ,  0.05 ,  3.97
20 ,  5 ,  537279 ,  0 ,  230 ,  23.24 ,  0.05 ,  3.87
20 ,  5 ,  537315 ,  0 ,  230 ,  23.13 ,  0.05 ,  3.87
20 ,  5 ,  537351 ,  0 ,  230 ,  23.13 ,  0.05 ,  3.87
20 ,  5 ,  537387 ,  0 ,  230 ,  23.13 ,  0.05 ,  3.87
20 ,  5 ,  537422 ,  0 ,  230 ,  23.02 ,  0.05 ,  3.87
20 ,  5 ,  537458 ,  0 ,  230 ,  23.02 ,  0.05 ,  3.87
20 ,  5 ,  537495 ,  0 ,  230 ,  22.91 ,  0.05 ,  3.87
20 ,  5 ,  537531 ,  0 ,  230 ,  22.91 ,  0.05 ,  3.87
20 ,  5 ,  537567 ,  0 ,  230 ,  22.80 ,  0.05 ,  3.77
20 ,  5 ,  537605 ,  0 ,  230 ,  22.80 ,  0.05 ,  3.77
20 ,  5 ,  537640 ,  0 ,  230 ,  22.69 ,  0.05 ,  3.77
20 ,  5 ,  537677 ,  0 ,  230 ,  22.69 ,  0.05 ,  3.77
20 ,  5 ,  537713 ,  0 ,  230 ,  22.58 ,  0.05 ,  3.77
20 ,  5 ,  537749 ,  0 ,  230 ,  22.47 ,  0.05 ,  3.77
20 ,  5 ,  537785 ,  0 ,  230 ,  22.47 ,  0.05 ,  3.77
20 ,  5 ,  537821 ,  0 ,  230 ,  22.36 ,  0.05 ,  3.67
20 ,  5 ,  537857 ,  0 ,  230 ,  22.36 ,  0.05 ,  3.67
20 ,  5 ,  537892 ,  0 ,  230 ,  22.25 ,  0.05 ,  3.67
20 ,  5 ,  537931 ,  0 ,  230 ,  22.25 ,  0.05 ,  3.67
20 ,  5 ,  537967 ,  0 ,  230 ,  22.14 ,  0.05 ,  3.67
20 ,  5 ,  538003 ,  0 ,  230 ,  22.14 ,  0.05 ,  3.67
20 ,  5 ,  538039 ,  0 ,  230 ,  22.03 ,  0.05 ,  3.57
20 ,  5 ,  538075 ,  0 ,  230 ,  22.03 ,  0.05 ,  3.57
20 ,  5 ,  538112 ,  0 ,  230 ,  21.92 ,  0.05 ,  3.57
20 ,  5 ,  538147 ,  0 ,  230 ,  21.81 ,  0.05 ,  3.57
20 ,  5 ,  538183 ,  0 ,  230 ,  21.81 ,  0.05 ,  3.57
20 ,  5 ,  538219 ,  0 ,  230 ,  21.81 ,  0.05 ,  3.57
20 ,  5 ,  538266 ,  0 ,  230 ,  21.70 ,  0.05 ,  3.57
20 ,  5 ,  538305 ,  0 ,  230 ,  21.59 ,  0.05 ,  3.57
20 ,  5 ,  538343 ,  0 ,  230 ,  21.59 ,  0.05 ,  3.57
20 ,  5 ,  538381 ,  0 ,  230 ,  21.48 ,  0.05 ,  3.47
20 ,  5 ,  538420 ,  0 ,  230 ,  21.48 ,  0.05 ,  3.47
20 ,  5 ,  538458 ,  0 ,  230 ,  21.37 ,  0.05 ,  3.47
20 ,  5 ,  538496 ,  0 ,  230 ,  21.37 ,  0.05 ,  3.47
20 ,  5 ,  538533 ,  0 ,  230 ,  21.26 ,  0.05 ,  3.47
20 ,  5 ,  538572 ,  0 ,  230 ,  21.26 ,  0.05 ,  3.37
20 ,  5 ,  538612 ,  0 ,  230 ,  21.15 ,  0.05 ,  3.37
20 ,  5 ,  538657 ,  0 ,  230 ,  21.15 ,  0.05 ,  3.37
20 ,  5 ,  538695 ,  0 ,  230 ,  21.04 ,  0.05 ,  3.37
20 ,  5 ,  538733 ,  0 ,  230 ,  21.04 ,  0.05 ,  3.37
20 ,  5 ,  538771 ,  0 ,  230 ,  20.93 ,  0.05 ,  3.37
20 ,  5 ,  538809 ,  0 ,  230 ,  20.82 ,  0.05 ,  3.37
20 ,  5 ,  538847 ,  0 ,  230 ,  20.82 ,  0.05 ,  3.27
20 ,  5 ,  538885 ,  0 ,  230 ,  20.71 ,  0.05 ,  3.27
20 ,  5 ,  538923 ,  0 ,  230 ,  20.71 ,  0.05 ,  3.27
20 ,  5 ,  538962 ,  0 ,  230 ,  20.60 ,  0.05 ,  3.27
20 ,  5 ,  539001 ,  0 ,  230 ,  20.60 ,  0.05 ,  3.27
20 ,  5 ,  539039 ,  0 ,  230 ,  20.49 ,  0.05 ,  3.27
20 ,  5 ,  539077 ,  0 ,  230 ,  20.49 ,  0.05 ,  3.27
20 ,  5 ,  539115 ,  0 ,  230 ,  20.49 ,  0.05 ,  3.27
20 ,  5 ,  539153 ,  0 ,  230 ,  20.38 ,  0.05 ,  3.17
20 ,  5 ,  539191 ,  0 ,  230 ,  20.38 ,  0.05 ,  3.17
20 ,  5 ,  539229 ,  0 ,  230 ,  20.27 ,  0.05 ,  3.17
20 ,  5 ,  539267 ,  0 ,  230 ,  20.27 ,  0.05 ,  3.17
20 ,  5 ,  539307 ,  0 ,  230 ,  20.16 ,  0.05 ,  3.17
20 ,  5 ,  539345 ,  0 ,  230 ,  20.05 ,  0.05 ,  3.17
20 ,  5 ,  539383 ,  0 ,  230 ,  20.05 ,  0.05 ,  3.17
20 ,  5 ,  539421 ,  0 ,  230 ,  20.05 ,  0.05 ,  3.17
20 ,  5 ,  539459 ,  0 ,  230 ,  19.94 ,  0.05 ,  3.08
20 ,  5 ,  539497 ,  0 ,  230 ,  19.94 ,  0.04 ,  3.08
20 ,  5 ,  539535 ,  0 ,  230 ,  19.94 ,  0.05 ,  3.08
20 ,  5 ,  539573 ,  0 ,  230 ,  19.83 ,  0.05 ,  3.08
20 ,  5 ,  539611 ,  0 ,  230 ,  19.72 ,  0.04 ,  3.08
20 ,  5 ,  539651 ,  0 ,  230 ,  19.61 ,  0.05 ,  3.08
20 ,  5 ,  539689 ,  0 ,  230 ,  19.61 ,  0.05 ,  3.08
20 ,  5 ,  539727 ,  0 ,  230 ,  19.61 ,  0.05 ,  3.08
20 ,  5 ,  539765 ,  0 ,  230 ,  19.50 ,  0.05 ,  2.98
20 ,  5 ,  539803 ,  0 ,  230 ,  19.39 ,  0.05 ,  2.98
20 ,  5 ,  539841 ,  0 ,  230 ,  19.39 ,  0.05 ,  2.98
20 ,  5 ,  539879 ,  0 ,  230 ,  19.39 ,  0.05 ,  2.98
20 ,  5 ,  539917 ,  0 ,  230 ,  19.39 ,  0.05 ,  2.98
20 ,  5 ,  539955 ,  0 ,  230 ,  19.28 ,  0.04 ,  2.88
20 ,  5 ,  539993 ,  0 ,  230 ,  19.17 ,  0.05 ,  2.98
20 ,  5 ,  540034 ,  0 ,  230 ,  19.17 ,  0.04 ,  2.98
20 ,  5 ,  540071 ,  0 ,  230 ,  19.06 ,  0.05 ,  2.98
20 ,  5 ,  540109 ,  0 ,  230 ,  19.06 ,  0.04 ,  2.88
20 ,  5 ,  540147 ,  0 ,  230 ,  18.95 ,  0.04 ,  2.88
20 ,  5 ,  540185 ,  0 ,  230 ,  18.95 ,  0.04 ,  2.88
20 ,  5 ,  540223 ,  0 ,  230 ,  18.95 ,  0.04 ,  2.88
20 ,  5 ,  540261 ,  0 ,  230 ,  18.84 ,  0.04 ,  2.88
20 ,  5 ,  540299 ,  0 ,  230 ,  18.84 ,  0.04 ,  2.88
20 ,  5 ,  540337 ,  0 ,  230 ,  18.84 ,  0.05 ,  2.88
20 ,  5 ,  540378 ,  0 ,  230 ,  18.73 ,  0.05 ,  2.78
20 ,  5 ,  540416 ,  0 ,  230 ,  18.62 ,  0.04 ,  2.78
20 ,  5 ,  540453 ,  0 ,  230 ,  18.62 ,  0.05 ,  2.78
20 ,  5 ,  540491 ,  0 ,  230 ,  18.51 ,  0.04 ,  2.78
20 ,  5 ,  540529 ,  0 ,  230 ,  18.51 ,  0.05 ,  2.78
20 ,  5 ,  540567 ,  0 ,  230 ,  18.51 ,  0.04 ,  2.78
20 ,  5 ,  540605 ,  0 ,  230 ,  18.40 ,  0.05 ,  2.78
20 ,  5 ,  540643 ,  0 ,  230 ,  18.29 ,  0.04 ,  2.68
20 ,  5 ,  540681 ,  0 ,  230 ,  18.29 ,  0.04 ,  2.78
20 ,  5 ,  540722 ,  0 ,  230 ,  18.18 ,  0.04 ,  2.68
20 ,  5 ,  540760 ,  0 ,  230 ,  18.18 ,  0.04 ,  2.68
20 ,  5 ,  540797 ,  0 ,  230 ,  18.18 ,  0.05 ,  2.68
20 ,  5 ,  540835 ,  0 ,  230 ,  18.18 ,  0.04 ,  2.68
20 ,  5 ,  540873 ,  0 ,  230 ,  18.07 ,  0.04 ,  2.68
20 ,  5 ,  540911 ,  0 ,  230 ,  18.07 ,  0.04 ,  2.68
20 ,  5 ,  540949 ,  0 ,  230 ,  17.96 ,  0.05 ,  2.68
20 ,  5 ,  540987 ,  0 ,  230 ,  17.96 ,  0.04 ,  2.68
20 ,  5 ,  541025 ,  0 ,  230 ,  17.85 ,  0.04 ,  2.68
20 ,  5 ,  541066 ,  0 ,  230 ,  17.85 ,  0.04 ,  2.58
20 ,  5 ,  541104 ,  0 ,  230 ,  17.73 ,  0.04 ,  2.58
20 ,  5 ,  541142 ,  0 ,  230 ,  17.73 ,  0.04 ,  2.58
20 ,  5 ,  541179 ,  0 ,  230 ,  17.62 ,  0.04 ,  2.58
20 ,  5 ,  541217 ,  0 ,  230 ,  17.62 ,  0.04 ,  2.58
20 ,  5 ,  541255 ,  0 ,  230 ,  17.51 ,  0.04 ,  2.58
20 ,  5 ,  541293 ,  0 ,  230 ,  17.51 ,  0.04 ,  2.58
20 ,  5 ,  541331 ,  0 ,  230 ,  17.51 ,  0.04 ,  2.58
20 ,  5 ,  541370 ,  0 ,  230 ,  17.40 ,  0.04 ,  2.58
20 ,  5 ,  541410 ,  0 ,  230 ,  17.29 ,  0.04 ,  2.48
20 ,  5 ,  541448 ,  0 ,  230 ,  17.29 ,  0.04 ,  2.48
20 ,  5 ,  541486 ,  0 ,  230 ,  17.29 ,  0.04 ,  2.48
20 ,  5 ,  541523 ,  0 ,  230 ,  17.29 ,  0.04 ,  2.48
20 ,  5 ,  541561 ,  0 ,  230 ,  17.18 ,  0.04 ,  2.48
20 ,  5 ,  541599 ,  0 ,  230 ,  17.07 ,  0.04 ,  2.48
20 ,  5 ,  541637 ,  0 ,  230 ,  17.18 ,  0.04 ,  2.48
20 ,  5 ,  541676 ,  0 ,  230 ,  16.96 ,  0.04 ,  2.48
20 ,  5 ,  541714 ,  0 ,  230 ,  17.07 ,  0.04 ,  2.48
20 ,  5 ,  541754 ,  0 ,  230 ,  16.96 ,  0.04 ,  2.48
20 ,  5 ,  541792 ,  0 ,  230 ,  16.85 ,  0.04 ,  2.48
20 ,  5 ,  541830 ,  0 ,  230 ,  16.85 ,  0.04 ,  2.38
20 ,  5 ,  541868 ,  0 ,  230 ,  16.85 ,  0.04 ,  2.38
20 ,  5 ,  541905 ,  0 ,  230 ,  16.85 ,  0.04 ,  2.38
20 ,  5 ,  541943 ,  0 ,  230 ,  16.74 ,  0.04 ,  2.38
20 ,  5 ,  541981 ,  0 ,  230 ,  16.74 ,  0.04 ,  2.38
20 ,  5 ,  542020 ,  0 ,  230 ,  16.74 ,  0.04 ,  2.38
20 ,  5 ,  542058 ,  0 ,  230 ,  16.63 ,  0.04 ,  2.38
20 ,  5 ,  542099 ,  0 ,  230 ,  16.52 ,  0.04 ,  2.38
20 ,  5 ,  542137 ,  0 ,  230 ,  16.52 ,  0.04 ,  2.38
20 ,  5 ,  542175 ,  0 ,  230 ,  16.52 ,  0.04 ,  2.38
20 ,  5 ,  542213 ,  0 ,  230 ,  16.52 ,  0.04 ,  2.38
20 ,  5 ,  542251 ,  0 ,  230 ,  16.41 ,  0.04 ,  2.38
20 ,  5 ,  542288 ,  0 ,  230 ,  16.30 ,  0.04 ,  2.28
20 ,  5 ,  542326 ,  0 ,  230 ,  16.30 ,  0.04 ,  2.38
20 ,  5 ,  542364 ,  0 ,  230 ,  16.19 ,  0.04 ,  2.28
20 ,  5 ,  542402 ,  0 ,  230 ,  16.19 ,  0.04 ,  2.28
20 ,  5 ,  542440 ,  0 ,  230 ,  16.19 ,  0.04 ,  2.28
20 ,  5 ,  542481 ,  0 ,  230 ,  16.19 ,  0.04 ,  2.28
20 ,  5 ,  542519 ,  0 ,  230 ,  16.08 ,  0.04 ,  2.28
20 ,  5 ,  542557 ,  0 ,  230 ,  16.08 ,  0.04 ,  2.28
20 ,  5 ,  542595 ,  0 ,  230 ,  16.08 ,  0.04 ,  2.18
20 ,  5 ,  542632 ,  0 ,  230 ,  15.97 ,  0.04 ,  2.28
20 ,  5 ,  542670 ,  0 ,  230 ,  15.86 ,  0.04 ,  2.28
20 ,  5 ,  542708 ,  0 ,  230 ,  15.86 ,  0.04 ,  2.18
20 ,  5 ,  542746 ,  0 ,  230 ,  15.86 ,  0.04 ,  2.18
20 ,  5 ,  542785 ,  0 ,  230 ,  15.86 ,  0.04 ,  2.18
20 ,  5 ,  542825 ,  0 ,  230 ,  15.75 ,  0.04 ,  2.18
20 ,  5 ,  542863 ,  0 ,  230 ,  15.75 ,  0.04 ,  2.18
20 ,  5 ,  542901 ,  0 ,  230 ,  15.64 ,  0.04 ,  2.18
20 ,  5 ,  542939 ,  0 ,  230 ,  15.64 ,  0.04 ,  2.18
20 ,  5 ,  542977 ,  0 ,  230 ,  15.53 ,  0.04 ,  2.18
20 ,  5 ,  543014 ,  0 ,  230 ,  15.53 ,  0.04 ,  2.18
20 ,  5 ,  543052 ,  0 ,  230 ,  15.53 ,  0.04 ,  2.18
20 ,  5 ,  543091 ,  0 ,  230 ,  15.42 ,  0.04 ,  2.18
20 ,  5 ,  543129 ,  0 ,  230 ,  15.42 ,  0.04 ,  2.18
20 ,  5 ,  543169 ,  0 ,  230 ,  15.42 ,  0.04 ,  2.08
20 ,  5 ,  543207 ,  0 ,  230 ,  15.31 ,  0.04 ,  2.08
20 ,  5 ,  543245 ,  0 ,  230 ,  15.31 ,  0.04 ,  2.08
20 ,  5 ,  543283 ,  0 ,  230 ,  15.31 ,  0.04 ,  2.08
20 ,  5 ,  543321 ,  0 ,  230 ,  15.20 ,  0.05 ,  2.08
20 ,  5 ,  543358 ,  0 ,  230 ,  15.20 ,  0.04 ,  2.08
20 ,  5 ,  543397 ,  0 ,  230 ,  15.20 ,  0.04 ,  2.08
20 ,  5 ,  543435 ,  0 ,  230 ,  15.09 ,  0.04 ,  2.08
20 ,  5 ,  543473 ,  0 ,  230 ,  15.09 ,  0.04 ,  2.08
20 ,  5 ,  543513 ,  0 ,  230 ,  15.09 ,  0.04 ,  2.08
20 ,  5 ,  543551 ,  0 ,  230 ,  14.98 ,  0.04 ,  1.98
