MS, MPT, t (s), PWMi, PWMe, Pressure (Psi), LW (V), Displacement (mm)
21 ,  5 ,  616796 ,  0 ,  225 ,  14.65 ,  0.04 ,  1.98
21 ,  5 ,  616833 ,  255 ,  0 ,  14.54 ,  0.04 ,  1.98
21 ,  5 ,  616868 ,  255 ,  0 ,  15.64 ,  0.04 ,  1.98
21 ,  5 ,  616905 ,  255 ,  0 ,  28.31 ,  0.06 ,  3.27
21 ,  5 ,  616941 ,  255 ,  0 ,  41.52 ,  0.11 ,  5.95
21 ,  5 ,  616978 ,  255 ,  0 ,  51.10 ,  0.18 ,  9.03
21 ,  5 ,  617014 ,  255 ,  0 ,  58.04 ,  0.25 ,  11.71
21 ,  5 ,  617051 ,  255 ,  0 ,  62.89 ,  0.31 ,  13.79
21 ,  5 ,  617089 ,  255 ,  0 ,  66.74 ,  0.37 ,  15.38
21 ,  5 ,  617125 ,  255 ,  0 ,  69.60 ,  0.42 ,  16.57
21 ,  5 ,  617161 ,  255 ,  0 ,  72.03 ,  0.44 ,  17.46
21 ,  5 ,  617197 ,  255 ,  0 ,  74.01 ,  0.48 ,  18.26
21 ,  5 ,  617234 ,  255 ,  0 ,  75.66 ,  0.50 ,  18.85
21 ,  5 ,  617270 ,  255 ,  0 ,  77.20 ,  0.52 ,  19.45
21 ,  5 ,  617306 ,  255 ,  0 ,  78.53 ,  0.54 ,  19.84
21 ,  5 ,  617342 ,  255 ,  0 ,  79.85 ,  0.55 ,  20.24
21 ,  5 ,  617378 ,  255 ,  0 ,  80.95 ,  0.56 ,  20.64
21 ,  5 ,  617417 ,  255 ,  0 ,  82.16 ,  0.57 ,  20.94
21 ,  5 ,  617453 ,  255 ,  0 ,  83.15 ,  0.57 ,  21.23
21 ,  5 ,  617489 ,  255 ,  0 ,  84.03 ,  0.58 ,  21.53
21 ,  5 ,  617526 ,  255 ,  0 ,  84.91 ,  0.58 ,  21.73
21 ,  5 ,  617562 ,  255 ,  0 ,  85.68 ,  0.58 ,  22.03
21 ,  5 ,  617597 ,  255 ,  0 ,  86.56 ,  0.59 ,  22.22
21 ,  5 ,  617633 ,  255 ,  0 ,  87.23 ,  0.59 ,  22.42
21 ,  5 ,  617670 ,  255 ,  0 ,  88.00 ,  0.59 ,  22.62
21 ,  5 ,  617706 ,  255 ,  0 ,  88.66 ,  0.59 ,  22.82
21 ,  5 ,  617745 ,  255 ,  0 ,  89.21 ,  0.60 ,  22.92
21 ,  5 ,  617781 ,  255 ,  0 ,  89.87 ,  0.60 ,  23.12
21 ,  5 ,  617817 ,  255 ,  0 ,  90.42 ,  0.60 ,  23.22
21 ,  5 ,  617853 ,  255 ,  0 ,  90.86 ,  0.60 ,  23.42
21 ,  5 ,  617889 ,  255 ,  0 ,  91.41 ,  0.60 ,  23.51
21 ,  5 ,  617926 ,  255 ,  0 ,  91.85 ,  0.60 ,  23.61
21 ,  5 ,  617970 ,  255 ,  0 ,  92.29 ,  0.60 ,  23.71
21 ,  5 ,  618006 ,  255 ,  0 ,  92.73 ,  0.61 ,  23.81
21 ,  5 ,  618042 ,  255 ,  0 ,  93.17 ,  0.61 ,  23.91
21 ,  5 ,  618081 ,  255 ,  0 ,  93.50 ,  0.61 ,  23.91
21 ,  5 ,  618117 ,  255 ,  0 ,  93.83 ,  0.61 ,  24.11
21 ,  5 ,  618153 ,  255 ,  0 ,  94.16 ,  0.61 ,  24.21
21 ,  5 ,  618189 ,  255 ,  0 ,  94.38 ,  0.61 ,  24.21
21 ,  5 ,  618225 ,  255 ,  0 ,  94.60 ,  0.61 ,  24.31
21 ,  5 ,  618261 ,  255 ,  0 ,  94.93 ,  0.61 ,  24.41
21 ,  5 ,  618298 ,  255 ,  0 ,  95.04 ,  0.61 ,  24.41
21 ,  5 ,  618334 ,  255 ,  0 ,  95.26 ,  0.61 ,  24.41
21 ,  5 ,  618370 ,  255 ,  0 ,  95.37 ,  0.61 ,  24.51
21 ,  5 ,  618408 ,  255 ,  0 ,  95.48 ,  0.61 ,  24.51
21 ,  5 ,  618444 ,  255 ,  0 ,  95.59 ,  0.61 ,  24.61
21 ,  5 ,  618481 ,  255 ,  0 ,  95.70 ,  0.61 ,  24.61
21 ,  5 ,  618517 ,  255 ,  0 ,  95.82 ,  0.61 ,  24.61
21 ,  5 ,  618553 ,  255 ,  0 ,  95.82 ,  0.61 ,  24.71
21 ,  5 ,  618590 ,  255 ,  0 ,  95.93 ,  0.61 ,  24.71
21 ,  5 ,  618626 ,  255 ,  0 ,  95.93 ,  0.61 ,  24.71
21 ,  5 ,  618661 ,  255 ,  0 ,  95.93 ,  0.61 ,  24.71
21 ,  5 ,  618698 ,  255 ,  0 ,  96.04 ,  0.61 ,  24.80
21 ,  5 ,  618736 ,  255 ,  0 ,  95.93 ,  0.61 ,  24.80
21 ,  5 ,  618772 ,  255 ,  0 ,  96.04 ,  0.61 ,  24.80
21 ,  5 ,  618809 ,  255 ,  0 ,  96.04 ,  0.61 ,  24.80
21 ,  5 ,  618845 ,  255 ,  0 ,  96.04 ,  0.61 ,  24.80
21 ,  5 ,  618881 ,  255 ,  0 ,  96.04 ,  0.61 ,  24.80
21 ,  5 ,  618917 ,  255 ,  0 ,  96.15 ,  0.61 ,  24.80
21 ,  5 ,  618953 ,  255 ,  0 ,  96.15 ,  0.61 ,  24.90
21 ,  5 ,  618989 ,  255 ,  0 ,  96.15 ,  0.61 ,  24.90
21 ,  5 ,  619026 ,  255 ,  0 ,  96.04 ,  0.61 ,  24.90
21 ,  5 ,  619064 ,  255 ,  0 ,  96.04 ,  0.61 ,  24.90
21 ,  5 ,  619100 ,  255 ,  0 ,  96.15 ,  0.61 ,  24.90
21 ,  5 ,  619137 ,  255 ,  0 ,  96.15 ,  0.61 ,  24.90
21 ,  5 ,  619172 ,  255 ,  0 ,  96.15 ,  0.61 ,  24.90
21 ,  5 ,  619208 ,  255 ,  0 ,  96.15 ,  0.61 ,  24.90
21 ,  5 ,  619245 ,  255 ,  0 ,  96.15 ,  0.61 ,  24.90
21 ,  5 ,  619281 ,  255 ,  0 ,  96.15 ,  0.61 ,  25.00
21 ,  5 ,  619317 ,  255 ,  0 ,  96.15 ,  0.61 ,  25.00
21 ,  5 ,  619354 ,  255 ,  0 ,  96.15 ,  0.61 ,  25.00
21 ,  5 ,  619392 ,  255 ,  0 ,  96.15 ,  0.61 ,  25.00
21 ,  5 ,  619428 ,  255 ,  0 ,  96.04 ,  0.61 ,  25.00
21 ,  5 ,  619464 ,  255 ,  0 ,  96.15 ,  0.61 ,  25.00
21 ,  5 ,  619500 ,  255 ,  0 ,  96.04 ,  0.61 ,  25.00
21 ,  5 ,  619537 ,  255 ,  0 ,  96.04 ,  0.61 ,  25.00
21 ,  5 ,  619573 ,  255 ,  0 ,  96.04 ,  0.61 ,  25.00
21 ,  5 ,  619609 ,  255 ,  0 ,  96.04 ,  0.61 ,  25.00
21 ,  5 ,  619644 ,  255 ,  0 ,  96.15 ,  0.61 ,  25.00
21 ,  5 ,  619681 ,  255 ,  0 ,  96.04 ,  0.61 ,  25.00
21 ,  5 ,  619719 ,  255 ,  0 ,  96.04 ,  0.61 ,  25.00
21 ,  5 ,  619756 ,  255 ,  0 ,  96.04 ,  0.61 ,  25.00
21 ,  5 ,  619792 ,  0 ,  225 ,  96.04 ,  0.61 ,  25.10
21 ,  5 ,  619828 ,  0 ,  225 ,  92.95 ,  0.61 ,  25.00
21 ,  5 ,  619865 ,  0 ,  225 ,  85.79 ,  0.61 ,  24.31
21 ,  5 ,  619900 ,  0 ,  225 ,  79.30 ,  0.60 ,  23.22
21 ,  5 ,  619936 ,  0 ,  225 ,  73.79 ,  0.58 ,  22.13
21 ,  5 ,  619973 ,  0 ,  225 ,  69.05 ,  0.56 ,  21.03
21 ,  5 ,  620009 ,  0 ,  225 ,  65.42 ,  0.53 ,  19.94
21 ,  5 ,  620047 ,  0 ,  225 ,  62.12 ,  0.50 ,  19.05
21 ,  5 ,  620084 ,  0 ,  225 ,  59.47 ,  0.45 ,  18.06
21 ,  5 ,  620120 ,  0 ,  225 ,  57.27 ,  0.42 ,  17.36
21 ,  5 ,  620155 ,  0 ,  225 ,  55.29 ,  0.39 ,  16.67
21 ,  5 ,  620192 ,  0 ,  225 ,  53.64 ,  0.37 ,  16.07
21 ,  5 ,  620228 ,  0 ,  225 ,  52.20 ,  0.34 ,  15.48
21 ,  5 ,  620264 ,  0 ,  225 ,  50.88 ,  0.32 ,  14.88
21 ,  5 ,  620301 ,  0 ,  225 ,  49.67 ,  0.29 ,  14.39
21 ,  5 ,  620337 ,  0 ,  225 ,  48.79 ,  0.27 ,  13.89
21 ,  5 ,  620375 ,  0 ,  225 ,  47.80 ,  0.26 ,  13.49
21 ,  5 ,  620411 ,  0 ,  225 ,  46.92 ,  0.24 ,  13.10
21 ,  5 ,  620447 ,  0 ,  225 ,  46.15 ,  0.22 ,  12.80
21 ,  5 ,  620483 ,  0 ,  225 ,  45.49 ,  0.22 ,  12.40
21 ,  5 ,  620520 ,  0 ,  225 ,  44.94 ,  0.21 ,  12.10
21 ,  5 ,  620556 ,  0 ,  225 ,  44.39 ,  0.20 ,  11.91
21 ,  5 ,  620592 ,  0 ,  225 ,  43.84 ,  0.19 ,  11.71
21 ,  5 ,  620628 ,  0 ,  225 ,  43.39 ,  0.18 ,  11.41
21 ,  5 ,  620664 ,  0 ,  225 ,  42.95 ,  0.18 ,  11.21
21 ,  5 ,  620702 ,  0 ,  225 ,  42.51 ,  0.17 ,  11.01
21 ,  5 ,  620739 ,  0 ,  225 ,  42.07 ,  0.16 ,  10.81
21 ,  5 ,  620775 ,  0 ,  225 ,  41.74 ,  0.16 ,  10.72
21 ,  5 ,  620811 ,  0 ,  225 ,  41.52 ,  0.15 ,  10.52
21 ,  5 ,  620848 ,  0 ,  225 ,  41.19 ,  0.15 ,  10.42
21 ,  5 ,  620883 ,  0 ,  225 ,  40.86 ,  0.14 ,  10.22
21 ,  5 ,  620919 ,  0 ,  225 ,  40.64 ,  0.14 ,  10.12
21 ,  5 ,  620956 ,  0 ,  225 ,  40.42 ,  0.14 ,  10.02
21 ,  5 ,  620992 ,  0 ,  225 ,  40.20 ,  0.14 ,  9.92
21 ,  5 ,  621030 ,  0 ,  225 ,  39.98 ,  0.13 ,  9.82
21 ,  5 ,  621067 ,  0 ,  225 ,  39.76 ,  0.13 ,  9.72
21 ,  5 ,  621103 ,  0 ,  225 ,  39.54 ,  0.13 ,  9.62
21 ,  5 ,  621138 ,  0 ,  225 ,  39.32 ,  0.12 ,  9.53
21 ,  5 ,  621174 ,  0 ,  225 ,  39.21 ,  0.12 ,  9.43
21 ,  5 ,  621211 ,  0 ,  225 ,  38.99 ,  0.12 ,  9.33
21 ,  5 ,  621248 ,  0 ,  225 ,  38.88 ,  0.11 ,  9.33
21 ,  5 ,  621284 ,  0 ,  225 ,  38.66 ,  0.11 ,  9.23
21 ,  5 ,  621320 ,  0 ,  225 ,  38.55 ,  0.11 ,  9.13
21 ,  5 ,  621359 ,  0 ,  225 ,  38.33 ,  0.11 ,  9.13
21 ,  5 ,  621394 ,  0 ,  225 ,  38.22 ,  0.11 ,  9.03
21 ,  5 ,  621430 ,  0 ,  225 ,  38.11 ,  0.11 ,  8.93
21 ,  5 ,  621467 ,  0 ,  225 ,  37.89 ,  0.10 ,  8.83
21 ,  5 ,  621503 ,  0 ,  225 ,  37.78 ,  0.11 ,  8.83
21 ,  5 ,  621539 ,  0 ,  225 ,  37.67 ,  0.10 ,  8.73
21 ,  5 ,  621575 ,  0 ,  225 ,  37.56 ,  0.10 ,  8.63
21 ,  5 ,  621612 ,  0 ,  225 ,  37.45 ,  0.10 ,  8.63
21 ,  5 ,  621647 ,  0 ,  225 ,  37.23 ,  0.10 ,  8.63
21 ,  5 ,  621685 ,  0 ,  225 ,  37.23 ,  0.10 ,  8.53
21 ,  5 ,  621722 ,  0 ,  225 ,  37.01 ,  0.10 ,  8.43
21 ,  5 ,  621758 ,  0 ,  225 ,  36.90 ,  0.10 ,  8.43
21 ,  5 ,  621794 ,  0 ,  225 ,  36.79 ,  0.10 ,  8.33
21 ,  5 ,  621830 ,  0 ,  225 ,  36.79 ,  0.09 ,  8.33
21 ,  5 ,  621867 ,  0 ,  225 ,  36.57 ,  0.09 ,  8.24
21 ,  5 ,  621902 ,  0 ,  225 ,  36.46 ,  0.09 ,  8.24
21 ,  5 ,  621938 ,  0 ,  225 ,  36.46 ,  0.09 ,  8.24
21 ,  5 ,  621975 ,  0 ,  225 ,  36.35 ,  0.09 ,  8.14
21 ,  5 ,  622013 ,  0 ,  225 ,  36.24 ,  0.09 ,  8.14
21 ,  5 ,  622049 ,  0 ,  225 ,  36.13 ,  0.09 ,  8.04
21 ,  5 ,  622086 ,  0 ,  225 ,  36.02 ,  0.09 ,  8.04
21 ,  5 ,  622121 ,  0 ,  225 ,  35.91 ,  0.09 ,  8.04
21 ,  5 ,  622157 ,  0 ,  225 ,  35.80 ,  0.09 ,  7.94
21 ,  5 ,  622193 ,  0 ,  225 ,  35.69 ,  0.09 ,  7.94
21 ,  5 ,  622230 ,  0 ,  225 ,  35.69 ,  0.09 ,  7.84
21 ,  5 ,  622266 ,  0 ,  225 ,  35.58 ,  0.09 ,  7.84
21 ,  5 ,  622302 ,  0 ,  225 ,  35.47 ,  0.08 ,  7.84
21 ,  5 ,  622338 ,  0 ,  225 ,  35.36 ,  0.08 ,  7.74
21 ,  5 ,  622376 ,  0 ,  225 ,  35.25 ,  0.09 ,  7.74
21 ,  5 ,  622412 ,  0 ,  225 ,  35.13 ,  0.08 ,  7.74
21 ,  5 ,  622448 ,  0 ,  225 ,  35.13 ,  0.08 ,  7.64
21 ,  5 ,  622485 ,  0 ,  225 ,  34.91 ,  0.08 ,  7.64
21 ,  5 ,  622521 ,  0 ,  225 ,  34.91 ,  0.08 ,  7.64
21 ,  5 ,  622557 ,  0 ,  225 ,  34.80 ,  0.08 ,  7.54
21 ,  5 ,  622594 ,  0 ,  225 ,  34.80 ,  0.08 ,  7.54
21 ,  5 ,  622629 ,  0 ,  225 ,  34.69 ,  0.08 ,  7.44
21 ,  5 ,  622665 ,  0 ,  225 ,  34.58 ,  0.08 ,  7.44
21 ,  5 ,  622704 ,  0 ,  225 ,  34.58 ,  0.08 ,  7.44
21 ,  5 ,  622740 ,  0 ,  225 ,  34.36 ,  0.08 ,  7.44
21 ,  5 ,  622776 ,  0 ,  225 ,  34.36 ,  0.08 ,  7.34
21 ,  5 ,  622812 ,  0 ,  225 ,  34.36 ,  0.08 ,  7.34
21 ,  5 ,  622849 ,  0 ,  225 ,  34.14 ,  0.08 ,  7.34
21 ,  5 ,  622884 ,  0 ,  225 ,  34.14 ,  0.08 ,  7.34
21 ,  5 ,  622920 ,  0 ,  225 ,  34.03 ,  0.08 ,  7.24
21 ,  5 ,  622956 ,  0 ,  225 ,  33.92 ,  0.08 ,  7.24
21 ,  5 ,  622993 ,  0 ,  225 ,  33.81 ,  0.08 ,  7.24
21 ,  5 ,  623031 ,  0 ,  225 ,  33.81 ,  0.08 ,  7.14
21 ,  5 ,  623068 ,  0 ,  225 ,  33.70 ,  0.07 ,  7.14
21 ,  5 ,  623104 ,  0 ,  225 ,  33.59 ,  0.07 ,  7.14
21 ,  5 ,  623139 ,  0 ,  225 ,  33.59 ,  0.07 ,  7.14
21 ,  5 ,  623175 ,  0 ,  225 ,  33.48 ,  0.07 ,  7.04
21 ,  5 ,  623212 ,  0 ,  225 ,  33.37 ,  0.07 ,  7.04
21 ,  5 ,  623248 ,  0 ,  225 ,  33.37 ,  0.07 ,  7.04
21 ,  5 ,  623284 ,  0 ,  225 ,  33.26 ,  0.08 ,  6.95
21 ,  5 ,  623320 ,  0 ,  225 ,  33.15 ,  0.07 ,  6.95
21 ,  5 ,  623358 ,  0 ,  225 ,  33.04 ,  0.07 ,  6.95
21 ,  5 ,  623394 ,  0 ,  225 ,  33.04 ,  0.07 ,  6.95
21 ,  5 ,  623430 ,  0 ,  225 ,  33.04 ,  0.07 ,  6.85
21 ,  5 ,  623467 ,  0 ,  225 ,  32.82 ,  0.07 ,  6.85
21 ,  5 ,  623503 ,  0 ,  225 ,  32.82 ,  0.07 ,  6.85
21 ,  5 ,  623539 ,  0 ,  225 ,  32.71 ,  0.07 ,  6.85
21 ,  5 ,  623575 ,  0 ,  225 ,  32.60 ,  0.07 ,  6.75
21 ,  5 ,  623611 ,  0 ,  225 ,  32.60 ,  0.07 ,  6.75
21 ,  5 ,  623647 ,  0 ,  225 ,  32.49 ,  0.07 ,  6.75
21 ,  5 ,  623685 ,  0 ,  225 ,  32.38 ,  0.07 ,  6.75
21 ,  5 ,  623722 ,  0 ,  225 ,  32.27 ,  0.07 ,  6.75
21 ,  5 ,  623758 ,  0 ,  225 ,  32.27 ,  0.07 ,  6.65
21 ,  5 ,  623794 ,  0 ,  225 ,  32.16 ,  0.07 ,  6.65
21 ,  5 ,  623831 ,  0 ,  225 ,  32.16 ,  0.06 ,  6.65
21 ,  5 ,  623866 ,  0 ,  225 ,  32.05 ,  0.07 ,  6.55
21 ,  5 ,  623902 ,  0 ,  225 ,  31.94 ,  0.07 ,  6.55
21 ,  5 ,  623938 ,  0 ,  225 ,  31.94 ,  0.07 ,  6.55
21 ,  5 ,  623975 ,  0 ,  225 ,  31.83 ,  0.07 ,  6.55
21 ,  5 ,  624013 ,  0 ,  225 ,  31.72 ,  0.07 ,  6.45
21 ,  5 ,  624049 ,  0 ,  225 ,  31.61 ,  0.07 ,  6.45
21 ,  5 ,  624086 ,  0 ,  225 ,  31.61 ,  0.06 ,  6.45
21 ,  5 ,  624121 ,  0 ,  225 ,  31.50 ,  0.07 ,  6.35
21 ,  5 ,  624157 ,  0 ,  225 ,  31.39 ,  0.07 ,  6.35
21 ,  5 ,  624193 ,  0 ,  225 ,  31.39 ,  0.07 ,  6.35
21 ,  5 ,  624230 ,  0 ,  225 ,  31.28 ,  0.07 ,  6.35
21 ,  5 ,  624266 ,  0 ,  225 ,  31.17 ,  0.07 ,  6.25
21 ,  5 ,  624302 ,  0 ,  225 ,  31.17 ,  0.07 ,  6.25
21 ,  5 ,  624340 ,  0 ,  225 ,  31.06 ,  0.06 ,  6.25
21 ,  5 ,  624376 ,  0 ,  225 ,  30.95 ,  0.07 ,  6.25
21 ,  5 ,  624412 ,  0 ,  225 ,  30.95 ,  0.06 ,  6.25
21 ,  5 ,  624449 ,  0 ,  225 ,  30.84 ,  0.07 ,  6.15
21 ,  5 ,  624485 ,  0 ,  225 ,  30.73 ,  0.06 ,  6.15
21 ,  5 ,  624521 ,  0 ,  225 ,  30.73 ,  0.06 ,  6.15
21 ,  5 ,  624558 ,  0 ,  225 ,  30.62 ,  0.06 ,  6.05
21 ,  5 ,  624601 ,  0 ,  225 ,  30.51 ,  0.06 ,  6.05
21 ,  5 ,  624636 ,  0 ,  225 ,  30.51 ,  0.06 ,  6.05
21 ,  5 ,  624673 ,  0 ,  225 ,  30.40 ,  0.06 ,  6.05
21 ,  5 ,  624711 ,  0 ,  225 ,  30.29 ,  0.06 ,  5.95
21 ,  5 ,  624747 ,  0 ,  225 ,  30.29 ,  0.06 ,  5.95
21 ,  5 ,  624784 ,  0 ,  225 ,  30.18 ,  0.06 ,  5.95
21 ,  5 ,  624820 ,  0 ,  225 ,  30.07 ,  0.06 ,  5.95
21 ,  5 ,  624856 ,  0 ,  225 ,  30.07 ,  0.06 ,  5.95
21 ,  5 ,  624891 ,  0 ,  225 ,  29.96 ,  0.06 ,  5.85
21 ,  5 ,  624928 ,  0 ,  225 ,  29.96 ,  0.06 ,  5.85
21 ,  5 ,  624964 ,  0 ,  225 ,  29.85 ,  0.06 ,  5.85
21 ,  5 ,  625000 ,  0 ,  225 ,  29.74 ,  0.06 ,  5.85
21 ,  5 ,  625039 ,  0 ,  225 ,  29.63 ,  0.06 ,  5.75
21 ,  5 ,  625075 ,  0 ,  225 ,  29.63 ,  0.06 ,  5.75
21 ,  5 ,  625111 ,  0 ,  225 ,  29.52 ,  0.06 ,  5.75
21 ,  5 ,  625146 ,  0 ,  225 ,  29.41 ,  0.06 ,  5.75
21 ,  5 ,  625183 ,  0 ,  225 ,  29.41 ,  0.06 ,  5.66
21 ,  5 ,  625219 ,  0 ,  225 ,  29.30 ,  0.06 ,  5.66
21 ,  5 ,  625255 ,  0 ,  225 ,  29.19 ,  0.06 ,  5.66
21 ,  5 ,  625291 ,  0 ,  225 ,  29.19 ,  0.06 ,  5.66
21 ,  5 ,  625328 ,  0 ,  225 ,  29.08 ,  0.06 ,  5.66
21 ,  5 ,  625366 ,  0 ,  225 ,  28.97 ,  0.06 ,  5.56
21 ,  5 ,  625402 ,  0 ,  225 ,  28.97 ,  0.06 ,  5.56
21 ,  5 ,  625438 ,  0 ,  225 ,  28.86 ,  0.06 ,  5.56
21 ,  5 ,  625474 ,  0 ,  225 ,  28.86 ,  0.06 ,  5.46
21 ,  5 ,  625510 ,  0 ,  225 ,  28.75 ,  0.06 ,  5.46
21 ,  5 ,  625547 ,  0 ,  225 ,  28.75 ,  0.05 ,  5.46
21 ,  5 ,  625583 ,  0 ,  225 ,  28.64 ,  0.05 ,  5.46
21 ,  5 ,  625618 ,  0 ,  225 ,  28.53 ,  0.06 ,  5.46
21 ,  5 ,  625654 ,  0 ,  225 ,  28.42 ,  0.05 ,  5.46
21 ,  5 ,  625693 ,  0 ,  225 ,  28.42 ,  0.05 ,  5.36
21 ,  5 ,  625729 ,  0 ,  225 ,  28.31 ,  0.05 ,  5.36
21 ,  5 ,  625765 ,  0 ,  225 ,  28.31 ,  0.05 ,  5.36
21 ,  5 ,  625802 ,  0 ,  225 ,  28.20 ,  0.05 ,  5.36
21 ,  5 ,  625838 ,  0 ,  225 ,  28.09 ,  0.06 ,  5.36
21 ,  5 ,  625873 ,  0 ,  225 ,  28.09 ,  0.05 ,  5.26
21 ,  5 ,  625909 ,  0 ,  225 ,  27.98 ,  0.05 ,  5.26
21 ,  5 ,  625946 ,  0 ,  225 ,  27.98 ,  0.05 ,  5.26
21 ,  5 ,  625982 ,  0 ,  225 ,  27.76 ,  0.06 ,  5.26
21 ,  5 ,  626020 ,  0 ,  225 ,  27.76 ,  0.05 ,  5.26
21 ,  5 ,  626057 ,  0 ,  225 ,  27.65 ,  0.05 ,  5.16
21 ,  5 ,  626093 ,  0 ,  225 ,  27.65 ,  0.05 ,  5.16
21 ,  5 ,  626128 ,  0 ,  225 ,  27.54 ,  0.05 ,  5.16
21 ,  5 ,  626164 ,  0 ,  225 ,  27.43 ,  0.05 ,  5.16
21 ,  5 ,  626201 ,  0 ,  225 ,  27.43 ,  0.05 ,  5.16
21 ,  5 ,  626237 ,  0 ,  225 ,  27.32 ,  0.05 ,  5.06
21 ,  5 ,  626273 ,  0 ,  225 ,  27.32 ,  0.05 ,  5.06
21 ,  5 ,  626310 ,  0 ,  225 ,  27.21 ,  0.05 ,  5.06
21 ,  5 ,  626348 ,  0 ,  225 ,  27.10 ,  0.05 ,  5.06
21 ,  5 ,  626383 ,  0 ,  225 ,  27.10 ,  0.05 ,  5.06
21 ,  5 ,  626420 ,  0 ,  225 ,  26.99 ,  0.05 ,  4.96
21 ,  5 ,  626456 ,  0 ,  225 ,  26.88 ,  0.05 ,  4.96
21 ,  5 ,  626492 ,  0 ,  225 ,  26.88 ,  0.05 ,  4.96
21 ,  5 ,  626529 ,  0 ,  225 ,  26.77 ,  0.05 ,  4.96
21 ,  5 ,  626565 ,  0 ,  225 ,  26.77 ,  0.05 ,  4.96
21 ,  5 ,  626600 ,  0 ,  225 ,  26.66 ,  0.05 ,  4.86
21 ,  5 ,  626637 ,  0 ,  225 ,  26.55 ,  0.05 ,  4.86
21 ,  5 ,  626675 ,  0 ,  225 ,  26.55 ,  0.05 ,  4.86
21 ,  5 ,  626712 ,  0 ,  225 ,  26.43 ,  0.05 ,  4.86
21 ,  5 ,  626748 ,  0 ,  225 ,  26.43 ,  0.05 ,  4.86
21 ,  5 ,  626785 ,  0 ,  225 ,  26.32 ,  0.05 ,  4.86
21 ,  5 ,  626821 ,  0 ,  225 ,  26.32 ,  0.05 ,  4.76
21 ,  5 ,  626856 ,  0 ,  225 ,  26.21 ,  0.05 ,  4.76
21 ,  5 ,  626893 ,  0 ,  225 ,  26.10 ,  0.05 ,  4.76
21 ,  5 ,  626929 ,  0 ,  225 ,  26.10 ,  0.05 ,  4.76
21 ,  5 ,  626965 ,  0 ,  225 ,  25.99 ,  0.05 ,  4.76
21 ,  5 ,  627002 ,  0 ,  225 ,  25.99 ,  0.05 ,  4.66
21 ,  5 ,  627040 ,  0 ,  225 ,  25.88 ,  0.05 ,  4.66
21 ,  5 ,  627077 ,  0 ,  225 ,  25.77 ,  0.05 ,  4.66
21 ,  5 ,  627112 ,  0 ,  225 ,  25.77 ,  0.05 ,  4.66
21 ,  5 ,  627148 ,  0 ,  225 ,  25.66 ,  0.05 ,  4.66
21 ,  5 ,  627185 ,  0 ,  225 ,  25.55 ,  0.05 ,  4.56
21 ,  5 ,  627221 ,  0 ,  225 ,  25.55 ,  0.05 ,  4.56
21 ,  5 ,  627257 ,  0 ,  225 ,  25.44 ,  0.05 ,  4.56
21 ,  5 ,  627294 ,  0 ,  225 ,  25.33 ,  0.05 ,  4.56
21 ,  5 ,  627330 ,  0 ,  225 ,  25.33 ,  0.05 ,  4.56
21 ,  5 ,  627378 ,  0 ,  225 ,  25.33 ,  0.05 ,  4.56
21 ,  5 ,  627416 ,  0 ,  225 ,  25.22 ,  0.05 ,  4.56
21 ,  5 ,  627454 ,  0 ,  225 ,  25.11 ,  0.05 ,  4.46
21 ,  5 ,  627492 ,  0 ,  225 ,  25.11 ,  0.05 ,  4.46
21 ,  5 ,  627531 ,  0 ,  225 ,  25.00 ,  0.05 ,  4.46
21 ,  5 ,  627569 ,  0 ,  225 ,  25.00 ,  0.05 ,  4.46
21 ,  5 ,  627608 ,  0 ,  225 ,  24.89 ,  0.05 ,  4.37
21 ,  5 ,  627646 ,  0 ,  225 ,  24.78 ,  0.05 ,  4.37
21 ,  5 ,  627685 ,  0 ,  225 ,  24.78 ,  0.05 ,  4.37
21 ,  5 ,  627725 ,  0 ,  225 ,  24.67 ,  0.05 ,  4.37
21 ,  5 ,  627764 ,  0 ,  225 ,  24.56 ,  0.05 ,  4.37
21 ,  5 ,  627802 ,  0 ,  225 ,  24.56 ,  0.05 ,  4.37
21 ,  5 ,  627840 ,  0 ,  225 ,  24.45 ,  0.05 ,  4.27
21 ,  5 ,  627878 ,  0 ,  225 ,  24.45 ,  0.05 ,  4.27
21 ,  5 ,  627917 ,  0 ,  225 ,  24.34 ,  0.05 ,  4.27
21 ,  5 ,  627955 ,  0 ,  225 ,  24.23 ,  0.05 ,  4.27
21 ,  5 ,  627993 ,  0 ,  225 ,  24.23 ,  0.05 ,  4.27
21 ,  5 ,  628031 ,  0 ,  225 ,  24.12 ,  0.05 ,  4.17
21 ,  5 ,  628072 ,  0 ,  225 ,  24.12 ,  0.05 ,  4.17
21 ,  5 ,  628110 ,  0 ,  225 ,  24.01 ,  0.04 ,  4.17
21 ,  5 ,  628149 ,  0 ,  225 ,  23.90 ,  0.05 ,  4.17
21 ,  5 ,  628187 ,  0 ,  225 ,  23.90 ,  0.05 ,  4.17
21 ,  5 ,  628225 ,  0 ,  225 ,  23.79 ,  0.05 ,  4.17
21 ,  5 ,  628263 ,  0 ,  225 ,  23.68 ,  0.05 ,  4.07
21 ,  5 ,  628301 ,  0 ,  225 ,  23.68 ,  0.05 ,  4.07
21 ,  5 ,  628339 ,  0 ,  225 ,  23.57 ,  0.05 ,  4.07
21 ,  5 ,  628377 ,  0 ,  225 ,  23.57 ,  0.05 ,  4.07
21 ,  5 ,  628418 ,  0 ,  225 ,  23.46 ,  0.05 ,  4.07
21 ,  5 ,  628456 ,  0 ,  225 ,  23.46 ,  0.05 ,  4.07
21 ,  5 ,  628495 ,  0 ,  225 ,  23.35 ,  0.05 ,  3.97
21 ,  5 ,  628533 ,  0 ,  225 ,  23.35 ,  0.05 ,  3.97
21 ,  5 ,  628571 ,  0 ,  225 ,  23.24 ,  0.05 ,  3.97
21 ,  5 ,  628609 ,  0 ,  225 ,  23.24 ,  0.05 ,  3.97
21 ,  5 ,  628647 ,  0 ,  225 ,  23.13 ,  0.05 ,  3.97
21 ,  5 ,  628685 ,  0 ,  225 ,  23.02 ,  0.05 ,  3.97
21 ,  5 ,  628723 ,  0 ,  225 ,  23.02 ,  0.05 ,  3.87
21 ,  5 ,  628764 ,  0 ,  225 ,  22.91 ,  0.05 ,  3.87
21 ,  5 ,  628802 ,  0 ,  225 ,  22.91 ,  0.05 ,  3.87
21 ,  5 ,  628840 ,  0 ,  225 ,  22.80 ,  0.05 ,  3.87
21 ,  5 ,  628879 ,  0 ,  225 ,  22.69 ,  0.04 ,  3.87
21 ,  5 ,  628917 ,  0 ,  225 ,  22.69 ,  0.04 ,  3.87
21 ,  5 ,  628955 ,  0 ,  225 ,  22.58 ,  0.05 ,  3.87
21 ,  5 ,  628994 ,  0 ,  225 ,  22.58 ,  0.05 ,  3.87
21 ,  5 ,  629031 ,  0 ,  225 ,  22.47 ,  0.04 ,  3.77
21 ,  5 ,  629069 ,  0 ,  225 ,  22.47 ,  0.04 ,  3.77
21 ,  5 ,  629110 ,  0 ,  225 ,  22.36 ,  0.04 ,  3.77
21 ,  5 ,  629148 ,  0 ,  225 ,  22.25 ,  0.04 ,  3.77
21 ,  5 ,  629186 ,  0 ,  225 ,  22.25 ,  0.04 ,  3.77
21 ,  5 ,  629225 ,  0 ,  225 ,  22.25 ,  0.04 ,  3.77
21 ,  5 ,  629298 ,  0 ,  225 ,  22.14 ,  0.04 ,  3.67
21 ,  5 ,  629336 ,  0 ,  225 ,  22.03 ,  0.05 ,  3.67
21 ,  5 ,  629374 ,  0 ,  225 ,  21.92 ,  0.04 ,  3.67
21 ,  5 ,  629412 ,  0 ,  225 ,  21.92 ,  0.05 ,  3.67
21 ,  5 ,  629450 ,  0 ,  225 ,  21.81 ,  0.05 ,  3.57
21 ,  5 ,  629489 ,  0 ,  225 ,  21.81 ,  0.04 ,  3.57
21 ,  5 ,  629529 ,  0 ,  225 ,  21.81 ,  0.05 ,  3.57
21 ,  5 ,  629567 ,  0 ,  225 ,  21.70 ,  0.05 ,  3.57
21 ,  5 ,  629606 ,  0 ,  225 ,  21.59 ,  0.05 ,  3.57
21 ,  5 ,  629644 ,  0 ,  225 ,  21.59 ,  0.04 ,  3.57
21 ,  5 ,  629682 ,  0 ,  225 ,  21.48 ,  0.04 ,  3.57
21 ,  5 ,  629721 ,  0 ,  225 ,  21.48 ,  0.04 ,  3.57
21 ,  5 ,  629758 ,  0 ,  225 ,  21.37 ,  0.04 ,  3.57
21 ,  5 ,  629796 ,  0 ,  225 ,  21.26 ,  0.04 ,  3.47
21 ,  5 ,  629834 ,  0 ,  225 ,  21.26 ,  0.04 ,  3.47
21 ,  5 ,  629875 ,  0 ,  225 ,  21.15 ,  0.04 ,  3.47
21 ,  5 ,  629913 ,  0 ,  225 ,  21.15 ,  0.04 ,  3.47
21 ,  5 ,  629952 ,  0 ,  225 ,  21.04 ,  0.04 ,  3.47
21 ,  5 ,  629990 ,  0 ,  225 ,  21.04 ,  0.04 ,  3.47
21 ,  5 ,  630028 ,  0 ,  225 ,  20.93 ,  0.04 ,  3.37
21 ,  5 ,  630067 ,  0 ,  225 ,  20.93 ,  0.04 ,  3.37
21 ,  5 ,  630105 ,  0 ,  225 ,  20.82 ,  0.04 ,  3.37
21 ,  5 ,  630142 ,  0 ,  225 ,  20.82 ,  0.04 ,  3.37
21 ,  5 ,  630180 ,  0 ,  225 ,  20.82 ,  0.04 ,  3.37
21 ,  5 ,  630221 ,  0 ,  225 ,  20.71 ,  0.04 ,  3.37
21 ,  5 ,  630259 ,  0 ,  225 ,  20.60 ,  0.04 ,  3.37
21 ,  5 ,  630298 ,  0 ,  225 ,  20.60 ,  0.04 ,  3.37
21 ,  5 ,  630336 ,  0 ,  225 ,  20.60 ,  0.04 ,  3.27
21 ,  5 ,  630374 ,  0 ,  225 ,  20.49 ,  0.04 ,  3.27
21 ,  5 ,  630412 ,  0 ,  225 ,  20.38 ,  0.04 ,  3.27
21 ,  5 ,  630451 ,  0 ,  225 ,  20.38 ,  0.04 ,  3.27
21 ,  5 ,  630489 ,  0 ,  225 ,  20.27 ,  0.04 ,  3.27
21 ,  5 ,  630526 ,  0 ,  225 ,  20.27 ,  0.04 ,  3.27
21 ,  5 ,  630567 ,  0 ,  225 ,  20.16 ,  0.04 ,  3.17
21 ,  5 ,  630605 ,  0 ,  225 ,  20.16 ,  0.04 ,  3.17
21 ,  5 ,  630643 ,  0 ,  225 ,  20.05 ,  0.04 ,  3.17
21 ,  5 ,  630682 ,  0 ,  225 ,  19.94 ,  0.04 ,  3.17
21 ,  5 ,  630720 ,  0 ,  225 ,  20.05 ,  0.05 ,  3.17
21 ,  5 ,  630758 ,  0 ,  225 ,  19.94 ,  0.04 ,  3.17
21 ,  5 ,  630797 ,  0 ,  225 ,  19.83 ,  0.04 ,  3.17
21 ,  5 ,  630835 ,  0 ,  225 ,  19.72 ,  0.04 ,  3.08
21 ,  5 ,  630873 ,  0 ,  225 ,  19.83 ,  0.04 ,  3.17
21 ,  5 ,  630914 ,  0 ,  225 ,  19.72 ,  0.04 ,  3.08
21 ,  5 ,  630951 ,  0 ,  225 ,  19.61 ,  0.04 ,  3.08
21 ,  5 ,  630989 ,  0 ,  225 ,  19.61 ,  0.04 ,  3.08
21 ,  5 ,  631028 ,  0 ,  225 ,  19.50 ,  0.04 ,  3.08
21 ,  5 ,  631066 ,  0 ,  225 ,  19.50 ,  0.04 ,  3.08
21 ,  5 ,  631104 ,  0 ,  225 ,  19.39 ,  0.04 ,  3.08
21 ,  5 ,  631143 ,  0 ,  225 ,  19.39 ,  0.04 ,  3.08
21 ,  5 ,  631181 ,  0 ,  225 ,  19.28 ,  0.04 ,  2.98
21 ,  5 ,  631219 ,  0 ,  225 ,  19.28 ,  0.04 ,  2.98
21 ,  5 ,  631260 ,  0 ,  225 ,  19.28 ,  0.04 ,  2.98
21 ,  5 ,  631298 ,  0 ,  225 ,  19.17 ,  0.04 ,  2.98
21 ,  5 ,  631335 ,  0 ,  225 ,  19.17 ,  0.04 ,  2.98
21 ,  5 ,  631374 ,  0 ,  225 ,  19.06 ,  0.04 ,  2.98
21 ,  5 ,  631412 ,  0 ,  225 ,  19.06 ,  0.04 ,  2.98
21 ,  5 ,  631450 ,  0 ,  225 ,  18.95 ,  0.04 ,  2.98
21 ,  5 ,  631488 ,  0 ,  225 ,  18.95 ,  0.04 ,  2.98
21 ,  5 ,  631527 ,  0 ,  225 ,  18.84 ,  0.04 ,  2.88
21 ,  5 ,  631565 ,  0 ,  225 ,  18.84 ,  0.04 ,  2.88
21 ,  5 ,  631606 ,  0 ,  225 ,  18.84 ,  0.04 ,  2.88
21 ,  5 ,  631644 ,  0 ,  225 ,  18.73 ,  0.04 ,  2.88
21 ,  5 ,  631682 ,  0 ,  225 ,  18.73 ,  0.04 ,  2.88
21 ,  5 ,  631720 ,  0 ,  225 ,  18.62 ,  0.04 ,  2.88
21 ,  5 ,  631758 ,  0 ,  225 ,  18.51 ,  0.04 ,  2.88
21 ,  5 ,  631796 ,  0 ,  225 ,  18.51 ,  0.04 ,  2.88
21 ,  5 ,  631834 ,  0 ,  225 ,  18.51 ,  0.04 ,  2.88
21 ,  5 ,  631873 ,  0 ,  225 ,  18.40 ,  0.04 ,  2.78
21 ,  5 ,  631911 ,  0 ,  225 ,  18.40 ,  0.04 ,  2.78
21 ,  5 ,  631949 ,  0 ,  225 ,  18.29 ,  0.04 ,  2.78
21 ,  5 ,  631990 ,  0 ,  225 ,  18.29 ,  0.04 ,  2.78
21 ,  5 ,  632028 ,  0 ,  225 ,  18.18 ,  0.04 ,  2.78
21 ,  5 ,  632066 ,  0 ,  225 ,  18.18 ,  0.04 ,  2.78
21 ,  5 ,  632104 ,  0 ,  225 ,  18.07 ,  0.04 ,  2.78
21 ,  5 ,  632142 ,  0 ,  225 ,  18.07 ,  0.04 ,  2.78
21 ,  5 ,  632180 ,  0 ,  225 ,  18.07 ,  0.04 ,  2.78
21 ,  5 ,  632219 ,  0 ,  225 ,  17.96 ,  0.04 ,  2.68
21 ,  5 ,  632257 ,  0 ,  225 ,  17.85 ,  0.04 ,  2.68
21 ,  5 ,  632295 ,  0 ,  225 ,  17.85 ,  0.04 ,  2.68
21 ,  5 ,  632336 ,  0 ,  225 ,  17.85 ,  0.04 ,  2.68
21 ,  5 ,  632374 ,  0 ,  225 ,  17.85 ,  0.04 ,  2.68
21 ,  5 ,  632412 ,  0 ,  225 ,  17.73 ,  0.04 ,  2.68
21 ,  5 ,  632451 ,  0 ,  225 ,  17.62 ,  0.04 ,  2.68
21 ,  5 ,  632488 ,  0 ,  225 ,  17.62 ,  0.04 ,  2.58
21 ,  5 ,  632526 ,  0 ,  225 ,  17.51 ,  0.04 ,  2.58
21 ,  5 ,  632565 ,  0 ,  225 ,  17.51 ,  0.04 ,  2.58
21 ,  5 ,  632603 ,  0 ,  225 ,  17.51 ,  0.04 ,  2.58
21 ,  5 ,  632641 ,  0 ,  225 ,  17.40 ,  0.04 ,  2.58
21 ,  5 ,  632682 ,  0 ,  225 ,  17.40 ,  0.04 ,  2.58
21 ,  5 ,  632720 ,  0 ,  225 ,  17.29 ,  0.04 ,  2.58
21 ,  5 ,  632759 ,  0 ,  225 ,  17.29 ,  0.03 ,  2.58
21 ,  5 ,  632797 ,  0 ,  225 ,  17.29 ,  0.04 ,  2.58
21 ,  5 ,  632836 ,  0 ,  225 ,  17.18 ,  0.04 ,  2.58
21 ,  5 ,  632873 ,  0 ,  225 ,  17.18 ,  0.04 ,  2.58
21 ,  5 ,  632911 ,  0 ,  225 ,  17.07 ,  0.04 ,  2.48
21 ,  5 ,  632950 ,  0 ,  225 ,  17.07 ,  0.04 ,  2.48
21 ,  5 ,  632988 ,  0 ,  225 ,  16.96 ,  0.04 ,  2.48
21 ,  5 ,  633028 ,  0 ,  225 ,  16.96 ,  0.04 ,  2.48
21 ,  5 ,  633067 ,  0 ,  225 ,  16.96 ,  0.04 ,  2.48
21 ,  5 ,  633105 ,  0 ,  225 ,  16.85 ,  0.04 ,  2.48
21 ,  5 ,  633143 ,  0 ,  225 ,  16.85 ,  0.04 ,  2.48
21 ,  5 ,  633182 ,  0 ,  225 ,  16.85 ,  0.04 ,  2.48
21 ,  5 ,  633220 ,  0 ,  225 ,  16.74 ,  0.04 ,  2.48
21 ,  5 ,  633257 ,  0 ,  225 ,  16.74 ,  0.04 ,  2.48
21 ,  5 ,  633296 ,  0 ,  225 ,  16.63 ,  0.04 ,  2.38
21 ,  5 ,  633334 ,  0 ,  225 ,  16.63 ,  0.04 ,  2.38
21 ,  5 ,  633375 ,  0 ,  225 ,  16.52 ,  0.04 ,  2.38
21 ,  5 ,  633413 ,  0 ,  225 ,  16.52 ,  0.04 ,  2.38
21 ,  5 ,  633451 ,  0 ,  225 ,  16.41 ,  0.04 ,  2.38
21 ,  5 ,  633489 ,  0 ,  225 ,  16.52 ,  0.04 ,  2.38
21 ,  5 ,  633528 ,  0 ,  225 ,  16.41 ,  0.04 ,  2.38
21 ,  5 ,  633566 ,  0 ,  225 ,  16.41 ,  0.04 ,  2.38
21 ,  5 ,  633604 ,  0 ,  225 ,  16.41 ,  0.04 ,  2.38
21 ,  5 ,  633643 ,  0 ,  225 ,  16.30 ,  0.04 ,  2.38
21 ,  5 ,  633680 ,  0 ,  225 ,  16.19 ,  0.04 ,  2.38
21 ,  5 ,  633721 ,  0 ,  225 ,  16.19 ,  0.04 ,  2.38
21 ,  5 ,  633759 ,  0 ,  225 ,  16.19 ,  0.04 ,  2.28
21 ,  5 ,  633797 ,  0 ,  225 ,  16.08 ,  0.04 ,  2.28
21 ,  5 ,  633835 ,  0 ,  225 ,  16.08 ,  0.04 ,  2.28
21 ,  5 ,  633874 ,  0 ,  225 ,  15.97 ,  0.04 ,  2.28
21 ,  5 ,  633912 ,  0 ,  225 ,  15.97 ,  0.04 ,  2.28
21 ,  5 ,  633950 ,  0 ,  225 ,  15.86 ,  0.04 ,  2.28
21 ,  5 ,  633989 ,  0 ,  225 ,  15.86 ,  0.04 ,  2.28
21 ,  5 ,  634027 ,  0 ,  225 ,  15.86 ,  0.04 ,  2.28
21 ,  5 ,  634067 ,  0 ,  225 ,  15.75 ,  0.04 ,  2.28
21 ,  5 ,  634105 ,  0 ,  225 ,  15.75 ,  0.04 ,  2.28
21 ,  5 ,  634143 ,  0 ,  225 ,  15.64 ,  0.04 ,  2.18
21 ,  5 ,  634182 ,  0 ,  225 ,  15.64 ,  0.04 ,  2.18
21 ,  5 ,  634220 ,  0 ,  225 ,  15.64 ,  0.04 ,  2.18
21 ,  5 ,  634258 ,  0 ,  225 ,  15.64 ,  0.04 ,  2.18
21 ,  5 ,  634296 ,  0 ,  225 ,  15.53 ,  0.04 ,  2.18
21 ,  5 ,  634335 ,  0 ,  225 ,  15.53 ,  0.04 ,  2.18
21 ,  5 ,  634373 ,  0 ,  225 ,  15.42 ,  0.04 ,  2.18
21 ,  5 ,  634411 ,  0 ,  225 ,  15.42 ,  0.04 ,  2.18
21 ,  5 ,  634451 ,  0 ,  225 ,  15.42 ,  0.04 ,  2.18
21 ,  5 ,  634489 ,  0 ,  225 ,  15.42 ,  0.04 ,  2.18
21 ,  5 ,  634528 ,  0 ,  225 ,  15.31 ,  0.04 ,  2.18
21 ,  5 ,  634566 ,  0 ,  225 ,  15.31 ,  0.04 ,  2.18
21 ,  5 ,  634604 ,  0 ,  225 ,  15.20 ,  0.04 ,  2.18
21 ,  5 ,  634643 ,  0 ,  225 ,  15.20 ,  0.04 ,  2.08
21 ,  5 ,  634681 ,  0 ,  225 ,  15.09 ,  0.04 ,  2.08
21 ,  5 ,  634719 ,  0 ,  225 ,  15.09 ,  0.04 ,  2.08
21 ,  5 ,  634758 ,  0 ,  225 ,  14.98 ,  0.04 ,  2.08
21 ,  5 ,  634798 ,  0 ,  225 ,  14.98 ,  0.04 ,  2.08
21 ,  5 ,  634835 ,  0 ,  225 ,  14.98 ,  0.04 ,  2.08
21 ,  5 ,  634874 ,  0 ,  225 ,  14.98 ,  0.04 ,  2.08
21 ,  5 ,  634912 ,  0 ,  225 ,  14.98 ,  0.04 ,  2.08
21 ,  5 ,  634950 ,  0 ,  225 ,  14.87 ,  0.04 ,  2.08
21 ,  5 ,  634989 ,  0 ,  225 ,  14.87 ,  0.04 ,  2.08
21 ,  5 ,  635027 ,  0 ,  225 ,  14.76 ,  0.04 ,  2.08
21 ,  5 ,  635065 ,  0 ,  225 ,  14.76 ,  0.04 ,  2.08
21 ,  5 ,  635104 ,  0 ,  225 ,  14.76 ,  0.04 ,  2.08
21 ,  5 ,  635144 ,  0 ,  225 ,  14.65 ,  0.04 ,  2.08
21 ,  5 ,  635182 ,  0 ,  225 ,  14.65 ,  0.04 ,  1.98
