MS, MPT, t (s), PWMi, PWMe, Pressure (Psi), LW (V), Displacement (mm)
22 ,  3 ,  675923 ,  0 ,  220 ,  14.54 ,  0.04 ,  1.98
22 ,  3 ,  675961 ,  255 ,  0 ,  14.43 ,  0.03 ,  1.98
22 ,  3 ,  676000 ,  255 ,  0 ,  16.41 ,  0.04 ,  1.98
22 ,  3 ,  676038 ,  255 ,  0 ,  30.07 ,  0.05 ,  3.57
22 ,  3 ,  676077 ,  255 ,  0 ,  43.61 ,  0.11 ,  6.65
22 ,  3 ,  676116 ,  255 ,  0 ,  53.42 ,  0.19 ,  9.92
22 ,  3 ,  676161 ,  255 ,  0 ,  60.90 ,  0.28 ,  12.90
22 ,  3 ,  676200 ,  255 ,  0 ,  65.31 ,  0.34 ,  14.78
22 ,  3 ,  676241 ,  255 ,  0 ,  68.94 ,  0.40 ,  16.27
22 ,  3 ,  676279 ,  255 ,  0 ,  71.59 ,  0.44 ,  17.36
22 ,  3 ,  676318 ,  255 ,  0 ,  73.79 ,  0.47 ,  18.16
22 ,  3 ,  676356 ,  255 ,  0 ,  75.66 ,  0.49 ,  18.85
22 ,  3 ,  676395 ,  255 ,  0 ,  77.31 ,  0.52 ,  19.45
22 ,  3 ,  676432 ,  255 ,  0 ,  78.86 ,  0.53 ,  19.94
22 ,  3 ,  676470 ,  255 ,  0 ,  80.07 ,  0.55 ,  20.34
22 ,  3 ,  676509 ,  255 ,  0 ,  81.39 ,  0.56 ,  20.74
22 ,  3 ,  676547 ,  255 ,  0 ,  82.49 ,  0.57 ,  21.03
22 ,  3 ,  676588 ,  255 ,  0 ,  83.70 ,  0.57 ,  21.33
22 ,  3 ,  676626 ,  255 ,  0 ,  84.58 ,  0.58 ,  21.63
22 ,  3 ,  676665 ,  255 ,  0 ,  85.46 ,  0.58 ,  21.93
22 ,  3 ,  676703 ,  255 ,  0 ,  86.45 ,  0.59 ,  22.13
22 ,  3 ,  676742 ,  255 ,  0 ,  87.23 ,  0.59 ,  22.42
22 ,  3 ,  676780 ,  255 ,  0 ,  88.00 ,  0.59 ,  22.62
22 ,  3 ,  676818 ,  255 ,  0 ,  88.66 ,  0.59 ,  22.82
22 ,  3 ,  676856 ,  255 ,  0 ,  89.43 ,  0.59 ,  23.02
22 ,  3 ,  676895 ,  255 ,  0 ,  89.98 ,  0.60 ,  23.12
22 ,  3 ,  676935 ,  255 ,  0 ,  90.64 ,  0.60 ,  23.32
22 ,  3 ,  676974 ,  255 ,  0 ,  91.30 ,  0.60 ,  23.42
22 ,  3 ,  677012 ,  255 ,  0 ,  91.74 ,  0.60 ,  23.61
22 ,  3 ,  677051 ,  255 ,  0 ,  92.18 ,  0.60 ,  23.71
22 ,  3 ,  677089 ,  255 ,  0 ,  92.73 ,  0.60 ,  23.81
22 ,  3 ,  677128 ,  255 ,  0 ,  93.17 ,  0.60 ,  23.91
22 ,  3 ,  677166 ,  255 ,  0 ,  93.50 ,  0.60 ,  24.01
22 ,  3 ,  677204 ,  255 ,  0 ,  93.94 ,  0.61 ,  24.11
22 ,  3 ,  677242 ,  255 ,  0 ,  94.27 ,  0.61 ,  24.21
22 ,  3 ,  677283 ,  255 ,  0 ,  94.60 ,  0.61 ,  24.31
22 ,  3 ,  677321 ,  255 ,  0 ,  94.82 ,  0.61 ,  24.31
22 ,  3 ,  677360 ,  255 ,  0 ,  95.04 ,  0.61 ,  24.41
22 ,  3 ,  677398 ,  255 ,  0 ,  95.26 ,  0.61 ,  24.41
22 ,  3 ,  677437 ,  255 ,  0 ,  95.48 ,  0.61 ,  24.51
22 ,  3 ,  677475 ,  255 ,  0 ,  95.59 ,  0.61 ,  24.51
22 ,  3 ,  677513 ,  255 ,  0 ,  95.70 ,  0.61 ,  24.61
22 ,  3 ,  677552 ,  255 ,  0 ,  95.82 ,  0.61 ,  24.61
22 ,  3 ,  677590 ,  255 ,  0 ,  95.82 ,  0.61 ,  24.61
22 ,  3 ,  677630 ,  255 ,  0 ,  95.93 ,  0.61 ,  24.71
22 ,  3 ,  677669 ,  255 ,  0 ,  95.93 ,  0.61 ,  24.71
22 ,  3 ,  677707 ,  255 ,  0 ,  96.04 ,  0.61 ,  24.71
22 ,  3 ,  677745 ,  255 ,  0 ,  96.04 ,  0.61 ,  24.71
22 ,  3 ,  677784 ,  255 ,  0 ,  96.04 ,  0.61 ,  24.80
22 ,  3 ,  677822 ,  255 ,  0 ,  96.15 ,  0.61 ,  24.71
22 ,  3 ,  677861 ,  255 ,  0 ,  96.15 ,  0.61 ,  24.80
22 ,  3 ,  677899 ,  255 ,  0 ,  96.15 ,  0.61 ,  24.80
22 ,  3 ,  677938 ,  255 ,  0 ,  96.15 ,  0.61 ,  24.80
22 ,  3 ,  677978 ,  255 ,  0 ,  96.15 ,  0.61 ,  24.80
22 ,  3 ,  678017 ,  255 ,  0 ,  96.15 ,  0.61 ,  24.80
22 ,  3 ,  678054 ,  255 ,  0 ,  96.15 ,  0.61 ,  24.90
22 ,  3 ,  678093 ,  255 ,  0 ,  96.15 ,  0.61 ,  24.90
22 ,  3 ,  678131 ,  255 ,  0 ,  96.15 ,  0.61 ,  24.90
22 ,  3 ,  678170 ,  255 ,  0 ,  96.15 ,  0.61 ,  24.90
22 ,  3 ,  678208 ,  255 ,  0 ,  96.15 ,  0.61 ,  24.90
22 ,  3 ,  678247 ,  255 ,  0 ,  96.15 ,  0.61 ,  24.90
22 ,  3 ,  678285 ,  255 ,  0 ,  96.15 ,  0.61 ,  24.90
22 ,  3 ,  678326 ,  255 ,  0 ,  96.15 ,  0.61 ,  24.90
22 ,  3 ,  678364 ,  255 ,  0 ,  96.15 ,  0.61 ,  24.90
22 ,  3 ,  678403 ,  255 ,  0 ,  96.15 ,  0.61 ,  24.90
22 ,  3 ,  678440 ,  255 ,  0 ,  96.15 ,  0.61 ,  25.00
22 ,  3 ,  678479 ,  255 ,  0 ,  96.15 ,  0.61 ,  25.00
22 ,  3 ,  678517 ,  255 ,  0 ,  96.15 ,  0.61 ,  25.00
22 ,  3 ,  678556 ,  255 ,  0 ,  96.15 ,  0.61 ,  25.00
22 ,  3 ,  678594 ,  255 ,  0 ,  96.15 ,  0.61 ,  25.00
22 ,  3 ,  678633 ,  255 ,  0 ,  96.15 ,  0.61 ,  24.90
22 ,  3 ,  678673 ,  255 ,  0 ,  96.15 ,  0.61 ,  25.00
22 ,  3 ,  678712 ,  255 ,  0 ,  96.15 ,  0.61 ,  25.00
22 ,  3 ,  678750 ,  255 ,  0 ,  96.15 ,  0.61 ,  25.00
22 ,  3 ,  678789 ,  255 ,  0 ,  96.15 ,  0.61 ,  25.00
22 ,  3 ,  678827 ,  255 ,  0 ,  96.15 ,  0.61 ,  25.00
22 ,  3 ,  678865 ,  255 ,  0 ,  96.04 ,  0.61 ,  25.10
22 ,  3 ,  678903 ,  0 ,  220 ,  96.15 ,  0.61 ,  25.10
22 ,  3 ,  678941 ,  0 ,  220 ,  92.95 ,  0.61 ,  25.00
22 ,  3 ,  678980 ,  0 ,  220 ,  86.12 ,  0.60 ,  24.31
22 ,  3 ,  679021 ,  0 ,  220 ,  79.41 ,  0.60 ,  23.22
22 ,  3 ,  679059 ,  0 ,  220 ,  74.34 ,  0.58 ,  22.22
22 ,  3 ,  679097 ,  0 ,  220 ,  70.05 ,  0.56 ,  21.13
22 ,  3 ,  679136 ,  0 ,  220 ,  66.63 ,  0.54 ,  20.24
22 ,  3 ,  679174 ,  0 ,  220 ,  63.77 ,  0.51 ,  19.45
22 ,  3 ,  679213 ,  0 ,  220 ,  61.35 ,  0.48 ,  18.75
22 ,  3 ,  679250 ,  0 ,  220 ,  59.25 ,  0.44 ,  18.06
22 ,  3 ,  679289 ,  0 ,  220 ,  57.60 ,  0.42 ,  17.46
22 ,  3 ,  679327 ,  0 ,  220 ,  55.95 ,  0.39 ,  16.87
22 ,  3 ,  679368 ,  0 ,  220 ,  54.63 ,  0.37 ,  16.27
22 ,  3 ,  679406 ,  0 ,  220 ,  53.31 ,  0.35 ,  15.78
22 ,  3 ,  679445 ,  0 ,  220 ,  52.31 ,  0.33 ,  15.38
22 ,  3 ,  679483 ,  0 ,  220 ,  51.32 ,  0.31 ,  14.88
22 ,  3 ,  679522 ,  0 ,  220 ,  50.55 ,  0.29 ,  14.59
22 ,  3 ,  679560 ,  0 ,  220 ,  49.78 ,  0.28 ,  14.29
22 ,  3 ,  679599 ,  0 ,  220 ,  49.12 ,  0.27 ,  13.99
22 ,  3 ,  679638 ,  0 ,  220 ,  48.46 ,  0.25 ,  13.69
22 ,  3 ,  679675 ,  0 ,  220 ,  48.02 ,  0.25 ,  13.39
22 ,  3 ,  679716 ,  0 ,  220 ,  47.47 ,  0.23 ,  13.20
22 ,  3 ,  679754 ,  0 ,  220 ,  47.03 ,  0.23 ,  13.00
22 ,  3 ,  679793 ,  0 ,  220 ,  46.59 ,  0.22 ,  12.80
22 ,  3 ,  679831 ,  0 ,  220 ,  46.26 ,  0.21 ,  12.50
22 ,  3 ,  679870 ,  0 ,  220 ,  45.93 ,  0.21 ,  12.40
22 ,  3 ,  679908 ,  0 ,  220 ,  45.60 ,  0.20 ,  12.30
22 ,  3 ,  679947 ,  0 ,  220 ,  45.27 ,  0.20 ,  12.10
22 ,  3 ,  679985 ,  0 ,  220 ,  44.94 ,  0.19 ,  12.01
22 ,  3 ,  680023 ,  0 ,  220 ,  44.72 ,  0.19 ,  11.91
22 ,  3 ,  680064 ,  0 ,  220 ,  44.50 ,  0.19 ,  11.71
22 ,  3 ,  680102 ,  0 ,  220 ,  44.28 ,  0.18 ,  11.61
22 ,  3 ,  680140 ,  0 ,  220 ,  44.06 ,  0.18 ,  11.51
22 ,  3 ,  680178 ,  0 ,  220 ,  43.84 ,  0.17 ,  11.51
22 ,  3 ,  680217 ,  0 ,  220 ,  43.61 ,  0.17 ,  11.31
22 ,  3 ,  680255 ,  0 ,  220 ,  43.39 ,  0.17 ,  11.31
22 ,  3 ,  680294 ,  0 ,  220 ,  43.28 ,  0.16 ,  11.21
22 ,  3 ,  680332 ,  0 ,  220 ,  43.06 ,  0.16 ,  11.01
22 ,  3 ,  680371 ,  0 ,  220 ,  42.95 ,  0.16 ,  11.01
22 ,  3 ,  680411 ,  0 ,  220 ,  42.73 ,  0.15 ,  10.91
22 ,  3 ,  680450 ,  0 ,  220 ,  42.62 ,  0.15 ,  10.91
22 ,  3 ,  680487 ,  0 ,  220 ,  42.40 ,  0.15 ,  10.81
22 ,  3 ,  680526 ,  0 ,  220 ,  42.29 ,  0.14 ,  10.72
22 ,  3 ,  680564 ,  0 ,  220 ,  42.18 ,  0.14 ,  10.62
22 ,  3 ,  680603 ,  0 ,  220 ,  42.07 ,  0.14 ,  10.62
22 ,  3 ,  680641 ,  0 ,  220 ,  41.96 ,  0.14 ,  10.52
22 ,  3 ,  680680 ,  0 ,  220 ,  41.74 ,  0.14 ,  10.42
22 ,  3 ,  680718 ,  0 ,  220 ,  41.63 ,  0.14 ,  10.42
22 ,  3 ,  680759 ,  0 ,  220 ,  41.52 ,  0.13 ,  10.32
22 ,  3 ,  680797 ,  0 ,  220 ,  41.41 ,  0.14 ,  10.32
22 ,  3 ,  680865 ,  0 ,  220 ,  41.19 ,  0.13 ,  10.22
22 ,  3 ,  680903 ,  0 ,  220 ,  41.08 ,  0.13 ,  10.12
22 ,  3 ,  680942 ,  0 ,  220 ,  40.97 ,  0.13 ,  10.12
22 ,  3 ,  680980 ,  0 ,  220 ,  40.86 ,  0.13 ,  10.02
22 ,  3 ,  681019 ,  0 ,  220 ,  40.75 ,  0.12 ,  10.02
22 ,  3 ,  681057 ,  0 ,  220 ,  40.64 ,  0.13 ,  9.92
22 ,  3 ,  681095 ,  0 ,  220 ,  40.53 ,  0.12 ,  9.92
22 ,  3 ,  681136 ,  0 ,  220 ,  40.42 ,  0.12 ,  9.82
22 ,  3 ,  681174 ,  0 ,  220 ,  40.20 ,  0.12 ,  9.82
22 ,  3 ,  681212 ,  0 ,  220 ,  40.09 ,  0.12 ,  9.72
22 ,  3 ,  681250 ,  0 ,  220 ,  40.09 ,  0.12 ,  9.72
22 ,  3 ,  681289 ,  0 ,  220 ,  39.98 ,  0.12 ,  9.72
22 ,  3 ,  681327 ,  0 ,  220 ,  39.87 ,  0.11 ,  9.62
22 ,  3 ,  681365 ,  0 ,  220 ,  39.76 ,  0.11 ,  9.53
22 ,  3 ,  681404 ,  0 ,  220 ,  39.76 ,  0.11 ,  9.53
22 ,  3 ,  681442 ,  0 ,  220 ,  39.54 ,  0.11 ,  9.53
22 ,  3 ,  681483 ,  0 ,  220 ,  39.54 ,  0.11 ,  9.43
22 ,  3 ,  681521 ,  0 ,  220 ,  39.32 ,  0.11 ,  9.43
22 ,  3 ,  681560 ,  0 ,  220 ,  39.32 ,  0.11 ,  9.33
22 ,  3 ,  681597 ,  0 ,  220 ,  39.21 ,  0.11 ,  9.33
22 ,  3 ,  681636 ,  0 ,  220 ,  39.10 ,  0.11 ,  9.33
22 ,  3 ,  681674 ,  0 ,  220 ,  38.99 ,  0.10 ,  9.23
22 ,  3 ,  681712 ,  0 ,  220 ,  38.99 ,  0.10 ,  9.23
22 ,  3 ,  681751 ,  0 ,  220 ,  38.88 ,  0.10 ,  9.13
22 ,  3 ,  681789 ,  0 ,  220 ,  38.77 ,  0.10 ,  9.13
22 ,  3 ,  681830 ,  0 ,  220 ,  38.66 ,  0.10 ,  9.13
22 ,  3 ,  681868 ,  0 ,  220 ,  38.55 ,  0.10 ,  9.03
22 ,  3 ,  681907 ,  0 ,  220 ,  38.44 ,  0.10 ,  9.03
22 ,  3 ,  681945 ,  0 ,  220 ,  38.44 ,  0.10 ,  9.03
22 ,  3 ,  681982 ,  0 ,  220 ,  38.22 ,  0.10 ,  8.93
22 ,  3 ,  682021 ,  0 ,  220 ,  38.22 ,  0.10 ,  8.93
22 ,  3 ,  682059 ,  0 ,  220 ,  38.11 ,  0.10 ,  8.83
22 ,  3 ,  682098 ,  0 ,  220 ,  38.11 ,  0.10 ,  8.83
22 ,  3 ,  682136 ,  0 ,  220 ,  38.00 ,  0.09 ,  8.83
22 ,  3 ,  682177 ,  0 ,  220 ,  37.89 ,  0.09 ,  8.73
22 ,  3 ,  682215 ,  0 ,  220 ,  37.78 ,  0.09 ,  8.73
22 ,  3 ,  682254 ,  0 ,  220 ,  37.67 ,  0.09 ,  8.73
22 ,  3 ,  682292 ,  0 ,  220 ,  37.56 ,  0.09 ,  8.63
22 ,  3 ,  682330 ,  0 ,  220 ,  37.56 ,  0.09 ,  8.63
22 ,  3 ,  682369 ,  0 ,  220 ,  37.45 ,  0.09 ,  8.53
22 ,  3 ,  682406 ,  0 ,  220 ,  37.34 ,  0.09 ,  8.53
22 ,  3 ,  682445 ,  0 ,  220 ,  37.23 ,  0.09 ,  8.53
22 ,  3 ,  682483 ,  0 ,  220 ,  37.12 ,  0.09 ,  8.53
22 ,  3 ,  682521 ,  0 ,  220 ,  37.12 ,  0.09 ,  8.43
22 ,  3 ,  682562 ,  0 ,  220 ,  37.01 ,  0.09 ,  8.33
22 ,  3 ,  682600 ,  0 ,  220 ,  36.90 ,  0.09 ,  8.43
22 ,  3 ,  682639 ,  0 ,  220 ,  36.90 ,  0.09 ,  8.33
22 ,  3 ,  682677 ,  0 ,  220 ,  36.79 ,  0.08 ,  8.33
22 ,  3 ,  682716 ,  0 ,  220 ,  36.68 ,  0.09 ,  8.33
22 ,  3 ,  682754 ,  0 ,  220 ,  36.57 ,  0.09 ,  8.24
22 ,  3 ,  682791 ,  0 ,  220 ,  36.57 ,  0.08 ,  8.24
22 ,  3 ,  682830 ,  0 ,  220 ,  36.35 ,  0.08 ,  8.14
22 ,  3 ,  682868 ,  0 ,  220 ,  36.35 ,  0.08 ,  8.14
22 ,  3 ,  682909 ,  0 ,  220 ,  36.24 ,  0.08 ,  8.14
22 ,  3 ,  682947 ,  0 ,  220 ,  36.13 ,  0.08 ,  8.14
22 ,  3 ,  682986 ,  0 ,  220 ,  36.02 ,  0.08 ,  8.04
22 ,  3 ,  683024 ,  0 ,  220 ,  35.91 ,  0.08 ,  8.04
22 ,  3 ,  683062 ,  0 ,  220 ,  35.91 ,  0.08 ,  8.04
22 ,  3 ,  683101 ,  0 ,  220 ,  35.80 ,  0.08 ,  7.94
22 ,  3 ,  683139 ,  0 ,  220 ,  35.69 ,  0.08 ,  7.94
22 ,  3 ,  683177 ,  0 ,  220 ,  35.58 ,  0.08 ,  7.94
22 ,  3 ,  683215 ,  0 ,  220 ,  35.47 ,  0.08 ,  7.84
22 ,  3 ,  683256 ,  0 ,  220 ,  35.47 ,  0.08 ,  7.84
22 ,  3 ,  683294 ,  0 ,  220 ,  35.36 ,  0.08 ,  7.84
22 ,  3 ,  683333 ,  0 ,  220 ,  35.36 ,  0.08 ,  7.74
22 ,  3 ,  683371 ,  0 ,  220 ,  35.25 ,  0.08 ,  7.74
22 ,  3 ,  683409 ,  0 ,  220 ,  35.13 ,  0.08 ,  7.74
22 ,  3 ,  683448 ,  0 ,  220 ,  35.02 ,  0.08 ,  7.64
22 ,  3 ,  683486 ,  0 ,  220 ,  34.91 ,  0.08 ,  7.64
22 ,  3 ,  683525 ,  0 ,  220 ,  34.91 ,  0.08 ,  7.64
22 ,  3 ,  683563 ,  0 ,  220 ,  34.80 ,  0.08 ,  7.64
22 ,  3 ,  683603 ,  0 ,  220 ,  34.69 ,  0.07 ,  7.54
22 ,  3 ,  683641 ,  0 ,  220 ,  34.58 ,  0.07 ,  7.54
22 ,  3 ,  683679 ,  0 ,  220 ,  34.47 ,  0.07 ,  7.54
22 ,  3 ,  683718 ,  0 ,  220 ,  34.47 ,  0.07 ,  7.44
22 ,  3 ,  683756 ,  0 ,  220 ,  34.36 ,  0.07 ,  7.44
22 ,  3 ,  683795 ,  0 ,  220 ,  34.25 ,  0.07 ,  7.44
22 ,  3 ,  683833 ,  0 ,  220 ,  34.14 ,  0.07 ,  7.34
22 ,  3 ,  683871 ,  0 ,  220 ,  34.14 ,  0.07 ,  7.34
22 ,  3 ,  683910 ,  0 ,  220 ,  34.03 ,  0.07 ,  7.34
22 ,  3 ,  683950 ,  0 ,  220 ,  33.92 ,  0.07 ,  7.34
22 ,  3 ,  683988 ,  0 ,  220 ,  33.81 ,  0.07 ,  7.24
22 ,  3 ,  684026 ,  0 ,  220 ,  33.81 ,  0.07 ,  7.24
22 ,  3 ,  684065 ,  0 ,  220 ,  33.70 ,  0.07 ,  7.24
22 ,  3 ,  684103 ,  0 ,  220 ,  33.59 ,  0.07 ,  7.14
22 ,  3 ,  684141 ,  0 ,  220 ,  33.48 ,  0.07 ,  7.14
22 ,  3 ,  684180 ,  0 ,  220 ,  33.48 ,  0.07 ,  7.14
22 ,  3 ,  684218 ,  0 ,  220 ,  33.37 ,  0.07 ,  7.14
22 ,  3 ,  684257 ,  0 ,  220 ,  33.26 ,  0.07 ,  7.04
22 ,  3 ,  684297 ,  0 ,  220 ,  33.26 ,  0.07 ,  7.04
22 ,  3 ,  684336 ,  0 ,  220 ,  33.15 ,  0.07 ,  6.95
22 ,  3 ,  684375 ,  0 ,  220 ,  33.04 ,  0.07 ,  6.95
22 ,  3 ,  684412 ,  0 ,  220 ,  32.93 ,  0.06 ,  6.95
22 ,  3 ,  684451 ,  0 ,  220 ,  32.82 ,  0.07 ,  6.95
22 ,  3 ,  684489 ,  0 ,  220 ,  32.82 ,  0.06 ,  6.95
22 ,  3 ,  684527 ,  0 ,  220 ,  32.71 ,  0.06 ,  6.85
22 ,  3 ,  684566 ,  0 ,  220 ,  32.60 ,  0.06 ,  6.85
22 ,  3 ,  684604 ,  0 ,  220 ,  32.49 ,  0.06 ,  6.75
22 ,  3 ,  684645 ,  0 ,  220 ,  32.49 ,  0.06 ,  6.75
22 ,  3 ,  684683 ,  0 ,  220 ,  32.38 ,  0.06 ,  6.75
22 ,  3 ,  684722 ,  0 ,  220 ,  32.27 ,  0.06 ,  6.75
22 ,  3 ,  684760 ,  0 ,  220 ,  32.27 ,  0.06 ,  6.75
22 ,  3 ,  684798 ,  0 ,  220 ,  32.16 ,  0.07 ,  6.65
22 ,  3 ,  684836 ,  0 ,  220 ,  32.05 ,  0.06 ,  6.65
22 ,  3 ,  684875 ,  0 ,  220 ,  31.94 ,  0.06 ,  6.65
22 ,  3 ,  684913 ,  0 ,  220 ,  31.83 ,  0.06 ,  6.65
22 ,  3 ,  684951 ,  0 ,  220 ,  31.83 ,  0.06 ,  6.55
22 ,  3 ,  684990 ,  0 ,  220 ,  31.72 ,  0.06 ,  6.55
22 ,  3 ,  685030 ,  0 ,  220 ,  31.61 ,  0.06 ,  6.55
22 ,  3 ,  685069 ,  0 ,  220 ,  31.61 ,  0.06 ,  6.55
22 ,  3 ,  685107 ,  0 ,  220 ,  31.50 ,  0.06 ,  6.45
22 ,  3 ,  685146 ,  0 ,  220 ,  31.39 ,  0.06 ,  6.45
22 ,  3 ,  685184 ,  0 ,  220 ,  31.39 ,  0.06 ,  6.45
22 ,  3 ,  685222 ,  0 ,  220 ,  31.28 ,  0.06 ,  6.35
22 ,  3 ,  685260 ,  0 ,  220 ,  31.17 ,  0.06 ,  6.35
22 ,  3 ,  685298 ,  0 ,  220 ,  31.06 ,  0.06 ,  6.35
22 ,  3 ,  685337 ,  0 ,  220 ,  31.06 ,  0.06 ,  6.25
22 ,  3 ,  685377 ,  0 ,  220 ,  30.95 ,  0.06 ,  6.25
22 ,  3 ,  685416 ,  0 ,  220 ,  30.84 ,  0.06 ,  6.25
22 ,  3 ,  685454 ,  0 ,  220 ,  30.73 ,  0.06 ,  6.25
22 ,  3 ,  685493 ,  0 ,  220 ,  30.73 ,  0.06 ,  6.25
22 ,  3 ,  685531 ,  0 ,  220 ,  30.62 ,  0.06 ,  6.15
22 ,  3 ,  685570 ,  0 ,  220 ,  30.51 ,  0.06 ,  6.15
22 ,  3 ,  685607 ,  0 ,  220 ,  30.51 ,  0.06 ,  6.15
22 ,  3 ,  685645 ,  0 ,  220 ,  30.40 ,  0.06 ,  6.15
22 ,  3 ,  685684 ,  0 ,  220 ,  30.29 ,  0.06 ,  6.05
22 ,  3 ,  685725 ,  0 ,  220 ,  30.18 ,  0.06 ,  6.05
22 ,  3 ,  685763 ,  0 ,  220 ,  30.18 ,  0.05 ,  6.05
22 ,  3 ,  685801 ,  0 ,  220 ,  30.07 ,  0.06 ,  6.05
22 ,  3 ,  685840 ,  0 ,  220 ,  29.96 ,  0.06 ,  5.95
22 ,  3 ,  685878 ,  0 ,  220 ,  29.96 ,  0.06 ,  5.95
22 ,  3 ,  685917 ,  0 ,  220 ,  29.85 ,  0.06 ,  5.95
22 ,  3 ,  685955 ,  0 ,  220 ,  29.74 ,  0.06 ,  5.85
22 ,  3 ,  685992 ,  0 ,  220 ,  29.63 ,  0.05 ,  5.85
22 ,  3 ,  686031 ,  0 ,  220 ,  29.63 ,  0.06 ,  5.85
22 ,  3 ,  686072 ,  0 ,  220 ,  29.52 ,  0.06 ,  5.85
22 ,  3 ,  686110 ,  0 ,  220 ,  29.41 ,  0.05 ,  5.75
22 ,  3 ,  686149 ,  0 ,  220 ,  29.41 ,  0.06 ,  5.75
22 ,  3 ,  686187 ,  0 ,  220 ,  29.30 ,  0.05 ,  5.75
22 ,  3 ,  686226 ,  0 ,  220 ,  29.19 ,  0.06 ,  5.75
22 ,  3 ,  686264 ,  0 ,  220 ,  29.19 ,  0.05 ,  5.75
22 ,  3 ,  686303 ,  0 ,  220 ,  29.08 ,  0.05 ,  5.66
22 ,  3 ,  686341 ,  0 ,  220 ,  28.97 ,  0.05 ,  5.66
22 ,  3 ,  686380 ,  0 ,  220 ,  28.86 ,  0.06 ,  5.66
22 ,  3 ,  686420 ,  0 ,  220 ,  28.86 ,  0.05 ,  5.66
22 ,  3 ,  686458 ,  0 ,  220 ,  28.75 ,  0.06 ,  5.56
22 ,  3 ,  686497 ,  0 ,  220 ,  28.64 ,  0.05 ,  5.56
22 ,  3 ,  686535 ,  0 ,  220 ,  28.64 ,  0.05 ,  5.56
22 ,  3 ,  686574 ,  0 ,  220 ,  28.53 ,  0.05 ,  5.56
22 ,  3 ,  686612 ,  0 ,  220 ,  28.53 ,  0.06 ,  5.46
22 ,  3 ,  686651 ,  0 ,  220 ,  28.42 ,  0.06 ,  5.46
22 ,  3 ,  686689 ,  0 ,  220 ,  28.31 ,  0.05 ,  5.46
22 ,  3 ,  686728 ,  0 ,  220 ,  28.31 ,  0.05 ,  5.46
22 ,  3 ,  686768 ,  0 ,  220 ,  28.20 ,  0.06 ,  5.46
22 ,  3 ,  686807 ,  0 ,  220 ,  28.09 ,  0.05 ,  5.36
22 ,  3 ,  686844 ,  0 ,  220 ,  27.98 ,  0.05 ,  5.36
22 ,  3 ,  686883 ,  0 ,  220 ,  27.98 ,  0.06 ,  5.36
22 ,  3 ,  686921 ,  0 ,  220 ,  27.87 ,  0.05 ,  5.36
22 ,  3 ,  686960 ,  0 ,  220 ,  27.87 ,  0.05 ,  5.36
22 ,  3 ,  686998 ,  0 ,  220 ,  27.76 ,  0.05 ,  5.26
22 ,  3 ,  687037 ,  0 ,  220 ,  27.65 ,  0.06 ,  5.26
22 ,  3 ,  687075 ,  0 ,  220 ,  27.54 ,  0.05 ,  5.26
22 ,  3 ,  687123 ,  0 ,  220 ,  27.54 ,  0.05 ,  5.26
22 ,  3 ,  687164 ,  0 ,  220 ,  27.43 ,  0.05 ,  5.16
22 ,  3 ,  687204 ,  0 ,  220 ,  27.32 ,  0.05 ,  5.16
22 ,  3 ,  687245 ,  0 ,  220 ,  27.32 ,  0.05 ,  5.16
22 ,  3 ,  687286 ,  0 ,  220 ,  27.21 ,  0.05 ,  5.06
22 ,  3 ,  687326 ,  0 ,  220 ,  27.10 ,  0.05 ,  5.06
22 ,  3 ,  687367 ,  0 ,  220 ,  27.10 ,  0.05 ,  5.06
22 ,  3 ,  687407 ,  0 ,  220 ,  26.99 ,  0.05 ,  5.06
22 ,  3 ,  687448 ,  0 ,  220 ,  26.88 ,  0.05 ,  5.06
22 ,  3 ,  687489 ,  0 ,  220 ,  26.88 ,  0.05 ,  5.06
22 ,  3 ,  687532 ,  0 ,  220 ,  26.77 ,  0.05 ,  4.96
22 ,  3 ,  687571 ,  0 ,  220 ,  26.66 ,  0.05 ,  4.96
22 ,  3 ,  687612 ,  0 ,  220 ,  26.55 ,  0.05 ,  4.96
22 ,  3 ,  687652 ,  0 ,  220 ,  26.55 ,  0.05 ,  4.96
22 ,  3 ,  687693 ,  0 ,  220 ,  26.43 ,  0.05 ,  4.86
22 ,  3 ,  687733 ,  0 ,  220 ,  26.43 ,  0.05 ,  4.86
22 ,  3 ,  687773 ,  0 ,  220 ,  26.32 ,  0.05 ,  4.86
22 ,  3 ,  687814 ,  0 ,  220 ,  26.21 ,  0.05 ,  4.86
22 ,  3 ,  687854 ,  0 ,  220 ,  26.10 ,  0.05 ,  4.86
22 ,  3 ,  687898 ,  0 ,  220 ,  26.10 ,  0.05 ,  4.76
22 ,  3 ,  687938 ,  0 ,  220 ,  25.99 ,  0.05 ,  4.76
22 ,  3 ,  687979 ,  0 ,  220 ,  25.99 ,  0.05 ,  4.76
22 ,  3 ,  688019 ,  0 ,  220 ,  25.88 ,  0.05 ,  4.76
22 ,  3 ,  688060 ,  0 ,  220 ,  25.77 ,  0.05 ,  4.76
22 ,  3 ,  688110 ,  0 ,  220 ,  25.66 ,  0.05 ,  4.66
22 ,  3 ,  688150 ,  0 ,  220 ,  25.66 ,  0.05 ,  4.66
22 ,  3 ,  688191 ,  0 ,  220 ,  25.55 ,  0.05 ,  4.66
22 ,  3 ,  688231 ,  0 ,  220 ,  25.44 ,  0.05 ,  4.66
22 ,  3 ,  688274 ,  0 ,  220 ,  25.44 ,  0.05 ,  4.56
22 ,  3 ,  688314 ,  0 ,  220 ,  25.33 ,  0.05 ,  4.56
22 ,  3 ,  688355 ,  0 ,  220 ,  25.22 ,  0.05 ,  4.56
22 ,  3 ,  688395 ,  0 ,  220 ,  25.22 ,  0.05 ,  4.56
22 ,  3 ,  688436 ,  0 ,  220 ,  25.11 ,  0.05 ,  4.56
22 ,  3 ,  688476 ,  0 ,  220 ,  25.00 ,  0.05 ,  4.56
22 ,  3 ,  688516 ,  0 ,  220 ,  25.00 ,  0.05 ,  4.46
22 ,  3 ,  688557 ,  0 ,  220 ,  24.89 ,  0.05 ,  4.46
22 ,  3 ,  688596 ,  0 ,  220 ,  24.89 ,  0.05 ,  4.46
22 ,  3 ,  688640 ,  0 ,  220 ,  24.78 ,  0.05 ,  4.46
22 ,  3 ,  688679 ,  0 ,  220 ,  24.67 ,  0.05 ,  4.46
22 ,  3 ,  688720 ,  0 ,  220 ,  24.67 ,  0.05 ,  4.37
22 ,  3 ,  688760 ,  0 ,  220 ,  24.56 ,  0.05 ,  4.37
22 ,  3 ,  688801 ,  0 ,  220 ,  24.45 ,  0.05 ,  4.37
22 ,  3 ,  688841 ,  0 ,  220 ,  24.45 ,  0.04 ,  4.37
22 ,  3 ,  688882 ,  0 ,  220 ,  24.34 ,  0.05 ,  4.37
22 ,  3 ,  688922 ,  0 ,  220 ,  24.23 ,  0.05 ,  4.37
22 ,  3 ,  688963 ,  0 ,  220 ,  24.23 ,  0.05 ,  4.27
22 ,  3 ,  689005 ,  0 ,  220 ,  24.12 ,  0.05 ,  4.27
22 ,  3 ,  689046 ,  0 ,  220 ,  24.01 ,  0.05 ,  4.27
22 ,  3 ,  689086 ,  0 ,  220 ,  24.01 ,  0.05 ,  4.27
22 ,  3 ,  689127 ,  0 ,  220 ,  23.90 ,  0.05 ,  4.27
22 ,  3 ,  689167 ,  0 ,  220 ,  23.79 ,  0.04 ,  4.17
22 ,  3 ,  689207 ,  0 ,  220 ,  23.79 ,  0.04 ,  4.17
22 ,  3 ,  689248 ,  0 ,  220 ,  23.68 ,  0.05 ,  4.17
22 ,  3 ,  689288 ,  0 ,  220 ,  23.68 ,  0.05 ,  4.17
22 ,  3 ,  689329 ,  0 ,  220 ,  23.57 ,  0.04 ,  4.17
22 ,  3 ,  689371 ,  0 ,  220 ,  23.46 ,  0.04 ,  4.07
22 ,  3 ,  689412 ,  0 ,  220 ,  23.46 ,  0.04 ,  4.07
22 ,  3 ,  689452 ,  0 ,  220 ,  23.35 ,  0.05 ,  4.07
22 ,  3 ,  689492 ,  0 ,  220 ,  23.35 ,  0.04 ,  4.07
22 ,  3 ,  689532 ,  0 ,  220 ,  23.24 ,  0.04 ,  4.07
22 ,  3 ,  689573 ,  0 ,  220 ,  23.13 ,  0.05 ,  4.07
22 ,  3 ,  689613 ,  0 ,  220 ,  23.13 ,  0.04 ,  4.07
22 ,  3 ,  689653 ,  0 ,  220 ,  23.02 ,  0.04 ,  3.97
22 ,  3 ,  689694 ,  0 ,  220 ,  23.02 ,  0.04 ,  3.97
22 ,  3 ,  689737 ,  0 ,  220 ,  22.91 ,  0.04 ,  3.97
22 ,  3 ,  689777 ,  0 ,  220 ,  22.80 ,  0.04 ,  3.97
22 ,  3 ,  689817 ,  0 ,  220 ,  22.80 ,  0.05 ,  3.87
22 ,  3 ,  689858 ,  0 ,  220 ,  22.69 ,  0.05 ,  3.87
22 ,  3 ,  689898 ,  0 ,  220 ,  22.69 ,  0.04 ,  3.87
22 ,  3 ,  689939 ,  0 ,  220 ,  22.58 ,  0.05 ,  3.87
22 ,  3 ,  689979 ,  0 ,  220 ,  22.58 ,  0.04 ,  3.87
22 ,  3 ,  690020 ,  0 ,  220 ,  22.47 ,  0.04 ,  3.87
22 ,  3 ,  690060 ,  0 ,  220 ,  22.47 ,  0.04 ,  3.77
22 ,  3 ,  690100 ,  0 ,  220 ,  22.25 ,  0.05 ,  3.77
22 ,  3 ,  690143 ,  0 ,  220 ,  22.25 ,  0.04 ,  3.77
22 ,  3 ,  690184 ,  0 ,  220 ,  22.25 ,  0.05 ,  3.77
22 ,  3 ,  690224 ,  0 ,  220 ,  22.14 ,  0.05 ,  3.77
22 ,  3 ,  690264 ,  0 ,  220 ,  22.03 ,  0.05 ,  3.77
22 ,  3 ,  690305 ,  0 ,  220 ,  22.03 ,  0.04 ,  3.77
22 ,  3 ,  690344 ,  0 ,  220 ,  22.03 ,  0.04 ,  3.77
22 ,  3 ,  690385 ,  0 ,  220 ,  21.92 ,  0.04 ,  3.67
22 ,  3 ,  690425 ,  0 ,  220 ,  21.81 ,  0.05 ,  3.67
22 ,  3 ,  690466 ,  0 ,  220 ,  21.81 ,  0.04 ,  3.67
22 ,  3 ,  690508 ,  0 ,  220 ,  21.70 ,  0.04 ,  3.67
22 ,  3 ,  690549 ,  0 ,  220 ,  21.70 ,  0.04 ,  3.67
22 ,  3 ,  690589 ,  0 ,  220 ,  21.59 ,  0.05 ,  3.57
22 ,  3 ,  690630 ,  0 ,  220 ,  21.48 ,  0.05 ,  3.57
22 ,  3 ,  690670 ,  0 ,  220 ,  21.48 ,  0.04 ,  3.57
22 ,  3 ,  690711 ,  0 ,  220 ,  21.37 ,  0.05 ,  3.57
22 ,  3 ,  690751 ,  0 ,  220 ,  21.26 ,  0.04 ,  3.57
22 ,  3 ,  690791 ,  0 ,  220 ,  21.26 ,  0.05 ,  3.57
22 ,  3 ,  690832 ,  0 ,  220 ,  21.15 ,  0.04 ,  3.57
22 ,  3 ,  690875 ,  0 ,  220 ,  21.15 ,  0.05 ,  3.57
22 ,  3 ,  690915 ,  0 ,  220 ,  21.04 ,  0.04 ,  3.47
22 ,  3 ,  690955 ,  0 ,  220 ,  21.04 ,  0.05 ,  3.47
22 ,  3 ,  690996 ,  0 ,  220 ,  21.04 ,  0.05 ,  3.47
22 ,  3 ,  691036 ,  0 ,  220 ,  20.93 ,  0.05 ,  3.47
22 ,  3 ,  691077 ,  0 ,  220 ,  20.82 ,  0.05 ,  3.47
22 ,  3 ,  691117 ,  0 ,  220 ,  20.82 ,  0.04 ,  3.47
22 ,  3 ,  691158 ,  0 ,  220 ,  20.71 ,  0.04 ,  3.37
22 ,  3 ,  691197 ,  0 ,  220 ,  20.60 ,  0.04 ,  3.37
22 ,  3 ,  691240 ,  0 ,  220 ,  20.60 ,  0.04 ,  3.37
22 ,  3 ,  691280 ,  0 ,  220 ,  20.60 ,  0.04 ,  3.37
22 ,  3 ,  691321 ,  0 ,  220 ,  20.49 ,  0.05 ,  3.37
22 ,  3 ,  691361 ,  0 ,  220 ,  20.38 ,  0.04 ,  3.27
22 ,  3 ,  691401 ,  0 ,  220 ,  20.38 ,  0.04 ,  3.37
22 ,  3 ,  691442 ,  0 ,  220 ,  20.38 ,  0.04 ,  3.27
22 ,  3 ,  691482 ,  0 ,  220 ,  20.27 ,  0.04 ,  3.27
22 ,  3 ,  691523 ,  0 ,  220 ,  20.27 ,  0.04 ,  3.27
22 ,  3 ,  691563 ,  0 ,  220 ,  20.16 ,  0.04 ,  3.27
22 ,  3 ,  691606 ,  0 ,  220 ,  20.16 ,  0.04 ,  3.27
22 ,  3 ,  691646 ,  0 ,  220 ,  20.05 ,  0.04 ,  3.27
22 ,  3 ,  691687 ,  0 ,  220 ,  20.05 ,  0.04 ,  3.27
22 ,  3 ,  691727 ,  0 ,  220 ,  19.94 ,  0.04 ,  3.17
22 ,  3 ,  691768 ,  0 ,  220 ,  19.83 ,  0.04 ,  3.17
22 ,  3 ,  691809 ,  0 ,  220 ,  19.83 ,  0.04 ,  3.17
22 ,  3 ,  691849 ,  0 ,  220 ,  19.72 ,  0.04 ,  3.17
22 ,  3 ,  691890 ,  0 ,  220 ,  19.72 ,  0.05 ,  3.17
22 ,  3 ,  691930 ,  0 ,  220 ,  19.72 ,  0.04 ,  3.17
22 ,  3 ,  691973 ,  0 ,  220 ,  19.61 ,  0.04 ,  3.17
22 ,  3 ,  692013 ,  0 ,  220 ,  19.61 ,  0.04 ,  3.08
22 ,  3 ,  692054 ,  0 ,  220 ,  19.50 ,  0.04 ,  3.08
22 ,  3 ,  692093 ,  0 ,  220 ,  19.39 ,  0.04 ,  3.08
22 ,  3 ,  692133 ,  0 ,  220 ,  19.39 ,  0.04 ,  3.08
22 ,  3 ,  692174 ,  0 ,  220 ,  19.28 ,  0.04 ,  3.08
22 ,  3 ,  692214 ,  0 ,  220 ,  19.28 ,  0.04 ,  3.08
22 ,  3 ,  692255 ,  0 ,  220 ,  19.17 ,  0.05 ,  3.08
22 ,  3 ,  692295 ,  0 ,  220 ,  19.17 ,  0.05 ,  3.08
22 ,  3 ,  692338 ,  0 ,  220 ,  19.06 ,  0.05 ,  2.98
22 ,  3 ,  692378 ,  0 ,  220 ,  18.95 ,  0.04 ,  2.98
22 ,  3 ,  692419 ,  0 ,  220 ,  18.95 ,  0.05 ,  2.98
22 ,  3 ,  692459 ,  0 ,  220 ,  18.95 ,  0.04 ,  2.98
22 ,  3 ,  692500 ,  0 ,  220 ,  18.84 ,  0.04 ,  2.98
22 ,  3 ,  692540 ,  0 ,  220 ,  18.84 ,  0.05 ,  2.98
22 ,  3 ,  692581 ,  0 ,  220 ,  18.73 ,  0.04 ,  2.98
22 ,  3 ,  692621 ,  0 ,  220 ,  18.73 ,  0.04 ,  2.88
22 ,  3 ,  692662 ,  0 ,  220 ,  18.62 ,  0.05 ,  2.88
22 ,  3 ,  692702 ,  0 ,  220 ,  18.62 ,  0.05 ,  2.88
22 ,  3 ,  692745 ,  0 ,  220 ,  18.51 ,  0.05 ,  2.88
22 ,  3 ,  692785 ,  0 ,  220 ,  18.51 ,  0.05 ,  2.88
22 ,  3 ,  692826 ,  0 ,  220 ,  18.51 ,  0.05 ,  2.88
22 ,  3 ,  692866 ,  0 ,  220 ,  18.40 ,  0.05 ,  2.88
22 ,  3 ,  692905 ,  0 ,  220 ,  18.29 ,  0.04 ,  2.88
22 ,  3 ,  692946 ,  0 ,  220 ,  18.29 ,  0.04 ,  2.78
22 ,  3 ,  692986 ,  0 ,  220 ,  18.18 ,  0.04 ,  2.78
22 ,  3 ,  693027 ,  0 ,  220 ,  18.18 ,  0.04 ,  2.78
22 ,  3 ,  693067 ,  0 ,  220 ,  18.18 ,  0.05 ,  2.78
22 ,  3 ,  693110 ,  0 ,  220 ,  18.07 ,  0.04 ,  2.78
22 ,  3 ,  693150 ,  0 ,  220 ,  17.96 ,  0.04 ,  2.78
22 ,  3 ,  693191 ,  0 ,  220 ,  17.96 ,  0.04 ,  2.78
22 ,  3 ,  693231 ,  0 ,  220 ,  17.96 ,  0.04 ,  2.78
22 ,  3 ,  693272 ,  0 ,  220 ,  17.85 ,  0.04 ,  2.68
22 ,  3 ,  693312 ,  0 ,  220 ,  17.85 ,  0.05 ,  2.68
22 ,  3 ,  693353 ,  0 ,  220 ,  17.73 ,  0.04 ,  2.68
22 ,  3 ,  693393 ,  0 ,  220 ,  17.62 ,  0.04 ,  2.68
22 ,  3 ,  693433 ,  0 ,  220 ,  17.62 ,  0.04 ,  2.68
22 ,  3 ,  693476 ,  0 ,  220 ,  17.62 ,  0.04 ,  2.68
22 ,  3 ,  693517 ,  0 ,  220 ,  17.62 ,  0.04 ,  2.68
22 ,  3 ,  693557 ,  0 ,  220 ,  17.51 ,  0.04 ,  2.68
22 ,  3 ,  693597 ,  0 ,  220 ,  17.51 ,  0.04 ,  2.68
22 ,  3 ,  693638 ,  0 ,  220 ,  17.40 ,  0.04 ,  2.68
22 ,  3 ,  693678 ,  0 ,  220 ,  17.40 ,  0.04 ,  2.58
22 ,  3 ,  693719 ,  0 ,  220 ,  17.29 ,  0.04 ,  2.58
22 ,  3 ,  693758 ,  0 ,  220 ,  17.18 ,  0.04 ,  2.58
22 ,  3 ,  693799 ,  0 ,  220 ,  17.18 ,  0.04 ,  2.58
22 ,  3 ,  693841 ,  0 ,  220 ,  17.18 ,  0.04 ,  2.58
22 ,  3 ,  693882 ,  0 ,  220 ,  17.07 ,  0.04 ,  2.58
22 ,  3 ,  693922 ,  0 ,  220 ,  17.07 ,  0.05 ,  2.58
22 ,  3 ,  693963 ,  0 ,  220 ,  17.07 ,  0.04 ,  2.48
22 ,  3 ,  694003 ,  0 ,  220 ,  16.96 ,  0.04 ,  2.58
22 ,  3 ,  694043 ,  0 ,  220 ,  16.96 ,  0.04 ,  2.48
22 ,  3 ,  694084 ,  0 ,  220 ,  16.85 ,  0.04 ,  2.48
22 ,  3 ,  694124 ,  0 ,  220 ,  16.74 ,  0.04 ,  2.48
22 ,  3 ,  694165 ,  0 ,  220 ,  16.74 ,  0.04 ,  2.48
22 ,  3 ,  694207 ,  0 ,  220 ,  16.74 ,  0.04 ,  2.48
22 ,  3 ,  694248 ,  0 ,  220 ,  16.74 ,  0.04 ,  2.48
22 ,  3 ,  694288 ,  0 ,  220 ,  16.63 ,  0.04 ,  2.48
22 ,  3 ,  694329 ,  0 ,  220 ,  16.63 ,  0.04 ,  2.48
22 ,  3 ,  694369 ,  0 ,  220 ,  16.52 ,  0.04 ,  2.48
22 ,  3 ,  694410 ,  0 ,  220 ,  16.52 ,  0.04 ,  2.48
22 ,  3 ,  694450 ,  0 ,  220 ,  16.41 ,  0.04 ,  2.38
22 ,  3 ,  694490 ,  0 ,  220 ,  16.41 ,  0.04 ,  2.38
22 ,  3 ,  694531 ,  0 ,  220 ,  16.30 ,  0.04 ,  2.38
22 ,  3 ,  694574 ,  0 ,  220 ,  16.30 ,  0.04 ,  2.38
22 ,  3 ,  694614 ,  0 ,  220 ,  16.30 ,  0.04 ,  2.38
22 ,  3 ,  694653 ,  0 ,  220 ,  16.19 ,  0.04 ,  2.38
22 ,  3 ,  694694 ,  0 ,  220 ,  16.19 ,  0.04 ,  2.38
22 ,  3 ,  694734 ,  0 ,  220 ,  16.19 ,  0.04 ,  2.38
22 ,  3 ,  694775 ,  0 ,  220 ,  16.08 ,  0.04 ,  2.28
22 ,  3 ,  694815 ,  0 ,  220 ,  16.08 ,  0.04 ,  2.28
22 ,  3 ,  694856 ,  0 ,  220 ,  15.97 ,  0.04 ,  2.28
22 ,  3 ,  694896 ,  0 ,  220 ,  15.97 ,  0.04 ,  2.38
22 ,  3 ,  694939 ,  0 ,  220 ,  15.86 ,  0.04 ,  2.28
22 ,  3 ,  694979 ,  0 ,  220 ,  15.86 ,  0.04 ,  2.28
22 ,  3 ,  695020 ,  0 ,  220 ,  15.86 ,  0.04 ,  2.28
22 ,  3 ,  695060 ,  0 ,  220 ,  15.75 ,  0.04 ,  2.28
22 ,  3 ,  695100 ,  0 ,  220 ,  15.75 ,  0.04 ,  2.28
22 ,  3 ,  695141 ,  0 ,  220 ,  15.75 ,  0.04 ,  2.28
22 ,  3 ,  695181 ,  0 ,  220 ,  15.64 ,  0.04 ,  2.28
22 ,  3 ,  695222 ,  0 ,  220 ,  15.53 ,  0.04 ,  2.28
22 ,  3 ,  695262 ,  0 ,  220 ,  15.53 ,  0.04 ,  2.28
22 ,  3 ,  695303 ,  0 ,  220 ,  15.53 ,  0.04 ,  2.18
22 ,  3 ,  695345 ,  0 ,  220 ,  15.53 ,  0.04 ,  2.18
22 ,  3 ,  695386 ,  0 ,  220 ,  15.42 ,  0.04 ,  2.18
22 ,  3 ,  695426 ,  0 ,  220 ,  15.42 ,  0.04 ,  2.18
22 ,  3 ,  695467 ,  0 ,  220 ,  15.31 ,  0.04 ,  2.18
22 ,  3 ,  695514 ,  0 ,  220 ,  15.31 ,  0.03 ,  2.18
22 ,  3 ,  695554 ,  0 ,  220 ,  15.20 ,  0.04 ,  2.18
22 ,  3 ,  695595 ,  0 ,  220 ,  15.20 ,  0.04 ,  2.18
22 ,  3 ,  695634 ,  0 ,  220 ,  15.20 ,  0.04 ,  2.18
22 ,  3 ,  695674 ,  0 ,  220 ,  15.09 ,  0.04 ,  2.18
22 ,  3 ,  695717 ,  0 ,  220 ,  14.98 ,  0.04 ,  2.18
22 ,  3 ,  695757 ,  0 ,  220 ,  14.98 ,  0.04 ,  2.18
22 ,  3 ,  695798 ,  0 ,  220 ,  14.87 ,  0.04 ,  2.08
22 ,  3 ,  695838 ,  0 ,  220 ,  14.87 ,  0.04 ,  2.08
22 ,  3 ,  695879 ,  0 ,  220 ,  14.98 ,  0.04 ,  2.08
22 ,  3 ,  695919 ,  0 ,  220 ,  14.87 ,  0.04 ,  2.08
22 ,  3 ,  695960 ,  0 ,  220 ,  14.87 ,  0.04 ,  2.08
22 ,  3 ,  696000 ,  0 ,  220 ,  14.76 ,  0.04 ,  2.08
22 ,  3 ,  696040 ,  0 ,  220 ,  14.76 ,  0.04 ,  2.08
22 ,  3 ,  696083 ,  0 ,  220 ,  14.65 ,  0.04 ,  2.08
22 ,  3 ,  696124 ,  0 ,  220 ,  14.65 ,  0.03 ,  2.08
22 ,  3 ,  696164 ,  0 ,  220 ,  14.65 ,  0.04 ,  2.08
22 ,  3 ,  696204 ,  0 ,  220 ,  14.54 ,  0.04 ,  2.08
22 ,  3 ,  696245 ,  0 ,  220 ,  14.54 ,  0.04 ,  2.08
22 ,  3 ,  696285 ,  0 ,  220 ,  14.54 ,  0.04 ,  2.08
22 ,  3 ,  696326 ,  0 ,  220 ,  14.43 ,  0.04 ,  2.08
22 ,  3 ,  696366 ,  0 ,  220 ,  14.43 ,  0.04 ,  1.98
