MS, MPT, t (s), PWMi, PWMe, Pressure (Psi), LW (V), Displacement (mm)
22 ,  4 ,  696448 ,  0 ,  220 ,  14.43 ,  0.04 ,  1.98
22 ,  4 ,  696485 ,  255 ,  0 ,  14.21 ,  0.04 ,  1.98
22 ,  4 ,  696524 ,  255 ,  0 ,  16.19 ,  0.04 ,  1.98
22 ,  4 ,  696562 ,  255 ,  0 ,  30.07 ,  0.06 ,  3.57
22 ,  4 ,  696601 ,  255 ,  0 ,  43.61 ,  0.12 ,  6.65
22 ,  4 ,  696640 ,  255 ,  0 ,  53.31 ,  0.19 ,  9.92
22 ,  4 ,  696678 ,  255 ,  0 ,  60.02 ,  0.27 ,  12.50
22 ,  4 ,  696717 ,  255 ,  0 ,  64.76 ,  0.33 ,  14.59
22 ,  4 ,  696758 ,  255 ,  0 ,  68.50 ,  0.39 ,  16.07
22 ,  4 ,  696797 ,  255 ,  0 ,  71.26 ,  0.43 ,  17.16
22 ,  4 ,  696835 ,  255 ,  0 ,  73.57 ,  0.47 ,  18.06
22 ,  4 ,  696873 ,  255 ,  0 ,  75.44 ,  0.49 ,  18.75
22 ,  4 ,  696911 ,  255 ,  0 ,  77.20 ,  0.52 ,  19.35
22 ,  4 ,  696950 ,  255 ,  0 ,  78.64 ,  0.53 ,  19.84
22 ,  4 ,  696988 ,  255 ,  0 ,  80.07 ,  0.55 ,  20.34
22 ,  4 ,  697027 ,  255 ,  0 ,  81.28 ,  0.56 ,  20.64
22 ,  4 ,  697065 ,  255 ,  0 ,  82.49 ,  0.57 ,  21.03
22 ,  4 ,  697106 ,  255 ,  0 ,  83.59 ,  0.57 ,  21.33
22 ,  4 ,  697144 ,  255 ,  0 ,  84.58 ,  0.58 ,  21.63
22 ,  4 ,  697183 ,  255 ,  0 ,  85.57 ,  0.58 ,  21.93
22 ,  4 ,  697221 ,  255 ,  0 ,  86.34 ,  0.59 ,  22.22
22 ,  4 ,  697260 ,  255 ,  0 ,  87.23 ,  0.59 ,  22.42
22 ,  4 ,  697297 ,  255 ,  0 ,  88.00 ,  0.59 ,  22.62
22 ,  4 ,  697336 ,  255 ,  0 ,  88.77 ,  0.59 ,  22.72
22 ,  4 ,  697374 ,  255 ,  0 ,  89.54 ,  0.59 ,  23.02
22 ,  4 ,  697413 ,  255 ,  0 ,  90.20 ,  0.60 ,  23.12
22 ,  4 ,  697454 ,  255 ,  0 ,  90.75 ,  0.60 ,  23.32
22 ,  4 ,  697492 ,  255 ,  0 ,  91.30 ,  0.60 ,  23.42
22 ,  4 ,  697531 ,  255 ,  0 ,  91.85 ,  0.60 ,  23.61
22 ,  4 ,  697569 ,  255 ,  0 ,  92.29 ,  0.60 ,  23.71
22 ,  4 ,  697608 ,  255 ,  0 ,  92.84 ,  0.60 ,  23.81
22 ,  4 ,  697646 ,  255 ,  0 ,  93.28 ,  0.60 ,  23.91
22 ,  4 ,  697684 ,  255 ,  0 ,  93.72 ,  0.61 ,  24.01
22 ,  4 ,  697722 ,  255 ,  0 ,  94.05 ,  0.61 ,  24.11
22 ,  4 ,  697761 ,  255 ,  0 ,  94.38 ,  0.61 ,  24.21
22 ,  4 ,  697801 ,  255 ,  0 ,  94.71 ,  0.61 ,  24.31
22 ,  4 ,  697840 ,  255 ,  0 ,  94.93 ,  0.61 ,  24.31
22 ,  4 ,  697878 ,  255 ,  0 ,  95.15 ,  0.61 ,  24.41
22 ,  4 ,  697917 ,  255 ,  0 ,  95.37 ,  0.61 ,  24.41
22 ,  4 ,  697955 ,  255 ,  0 ,  95.48 ,  0.61 ,  24.51
22 ,  4 ,  697994 ,  255 ,  0 ,  95.59 ,  0.61 ,  24.51
22 ,  4 ,  698032 ,  255 ,  0 ,  95.70 ,  0.61 ,  24.61
22 ,  4 ,  698071 ,  255 ,  0 ,  95.82 ,  0.61 ,  24.61
22 ,  4 ,  698108 ,  255 ,  0 ,  95.93 ,  0.61 ,  24.61
22 ,  4 ,  698149 ,  255 ,  0 ,  96.04 ,  0.61 ,  24.71
22 ,  4 ,  698188 ,  255 ,  0 ,  96.04 ,  0.61 ,  24.71
22 ,  4 ,  698226 ,  255 ,  0 ,  96.04 ,  0.61 ,  24.71
22 ,  4 ,  698265 ,  255 ,  0 ,  96.15 ,  0.61 ,  24.71
22 ,  4 ,  698303 ,  255 ,  0 ,  96.15 ,  0.61 ,  24.71
22 ,  4 ,  698342 ,  255 ,  0 ,  96.15 ,  0.61 ,  24.71
22 ,  4 ,  698380 ,  255 ,  0 ,  96.15 ,  0.61 ,  24.80
22 ,  4 ,  698419 ,  255 ,  0 ,  96.15 ,  0.61 ,  24.80
22 ,  4 ,  698457 ,  255 ,  0 ,  96.15 ,  0.61 ,  24.80
22 ,  4 ,  698498 ,  255 ,  0 ,  96.26 ,  0.61 ,  24.80
22 ,  4 ,  698535 ,  255 ,  0 ,  96.15 ,  0.61 ,  24.90
22 ,  4 ,  698574 ,  255 ,  0 ,  96.26 ,  0.61 ,  24.90
22 ,  4 ,  698612 ,  255 ,  0 ,  96.26 ,  0.61 ,  24.90
22 ,  4 ,  698651 ,  255 ,  0 ,  96.15 ,  0.61 ,  24.90
22 ,  4 ,  698690 ,  255 ,  0 ,  96.15 ,  0.61 ,  24.80
22 ,  4 ,  698728 ,  255 ,  0 ,  96.15 ,  0.61 ,  24.90
22 ,  4 ,  698767 ,  255 ,  0 ,  96.26 ,  0.61 ,  24.90
22 ,  4 ,  698805 ,  255 ,  0 ,  96.26 ,  0.61 ,  25.00
22 ,  4 ,  698846 ,  255 ,  0 ,  96.15 ,  0.61 ,  25.00
22 ,  4 ,  698884 ,  255 ,  0 ,  96.26 ,  0.61 ,  24.90
22 ,  4 ,  698923 ,  255 ,  0 ,  96.15 ,  0.61 ,  25.00
22 ,  4 ,  698960 ,  255 ,  0 ,  96.26 ,  0.61 ,  25.00
22 ,  4 ,  698999 ,  255 ,  0 ,  96.15 ,  0.61 ,  25.00
22 ,  4 ,  699038 ,  255 ,  0 ,  96.15 ,  0.61 ,  25.00
22 ,  4 ,  699076 ,  255 ,  0 ,  96.15 ,  0.61 ,  25.00
22 ,  4 ,  699115 ,  255 ,  0 ,  96.15 ,  0.61 ,  25.00
22 ,  4 ,  699153 ,  255 ,  0 ,  96.15 ,  0.61 ,  25.00
22 ,  4 ,  699194 ,  255 ,  0 ,  96.15 ,  0.61 ,  25.00
22 ,  4 ,  699233 ,  255 ,  0 ,  96.15 ,  0.61 ,  25.00
22 ,  4 ,  699271 ,  255 ,  0 ,  96.15 ,  0.61 ,  25.00
22 ,  4 ,  699310 ,  255 ,  0 ,  96.15 ,  0.61 ,  25.10
22 ,  4 ,  699347 ,  255 ,  0 ,  96.15 ,  0.61 ,  25.10
22 ,  4 ,  699386 ,  255 ,  0 ,  96.15 ,  0.61 ,  25.00
22 ,  4 ,  699424 ,  0 ,  220 ,  96.15 ,  0.61 ,  25.10
22 ,  4 ,  699463 ,  0 ,  220 ,  93.17 ,  0.61 ,  25.00
22 ,  4 ,  699501 ,  0 ,  220 ,  86.34 ,  0.61 ,  24.31
22 ,  4 ,  699542 ,  0 ,  220 ,  79.52 ,  0.60 ,  23.32
22 ,  4 ,  699580 ,  0 ,  220 ,  74.45 ,  0.58 ,  22.22
22 ,  4 ,  699619 ,  0 ,  220 ,  70.16 ,  0.56 ,  21.23
22 ,  4 ,  699657 ,  0 ,  220 ,  66.63 ,  0.54 ,  20.34
22 ,  4 ,  699696 ,  0 ,  220 ,  63.77 ,  0.51 ,  19.55
22 ,  4 ,  699734 ,  0 ,  220 ,  61.35 ,  0.48 ,  18.75
22 ,  4 ,  699772 ,  0 ,  220 ,  59.36 ,  0.44 ,  18.06
22 ,  4 ,  699810 ,  0 ,  220 ,  57.60 ,  0.42 ,  17.46
22 ,  4 ,  699849 ,  0 ,  220 ,  55.95 ,  0.40 ,  16.87
22 ,  4 ,  699890 ,  0 ,  220 ,  54.63 ,  0.37 ,  16.27
22 ,  4 ,  699928 ,  0 ,  220 ,  53.42 ,  0.35 ,  15.88
22 ,  4 ,  699967 ,  0 ,  220 ,  52.31 ,  0.33 ,  15.38
22 ,  4 ,  700005 ,  0 ,  220 ,  51.43 ,  0.31 ,  14.98
22 ,  4 ,  700044 ,  0 ,  220 ,  50.55 ,  0.30 ,  14.68
22 ,  4 ,  700082 ,  0 ,  220 ,  49.78 ,  0.28 ,  14.29
22 ,  4 ,  700121 ,  0 ,  220 ,  49.23 ,  0.27 ,  13.99
22 ,  4 ,  700158 ,  0 ,  220 ,  48.57 ,  0.26 ,  13.79
22 ,  4 ,  700197 ,  0 ,  220 ,  48.13 ,  0.25 ,  13.49
22 ,  4 ,  700237 ,  0 ,  220 ,  47.47 ,  0.24 ,  13.20
22 ,  4 ,  700276 ,  0 ,  220 ,  47.14 ,  0.23 ,  13.00
22 ,  4 ,  700314 ,  0 ,  220 ,  46.59 ,  0.22 ,  12.80
22 ,  4 ,  700353 ,  0 ,  220 ,  46.26 ,  0.22 ,  12.60
22 ,  4 ,  700391 ,  0 ,  220 ,  45.93 ,  0.21 ,  12.50
22 ,  4 ,  700430 ,  0 ,  220 ,  45.60 ,  0.21 ,  12.30
22 ,  4 ,  700468 ,  0 ,  220 ,  45.38 ,  0.20 ,  12.20
22 ,  4 ,  700507 ,  0 ,  220 ,  45.05 ,  0.20 ,  12.10
22 ,  4 ,  700545 ,  0 ,  220 ,  44.83 ,  0.19 ,  11.91
22 ,  4 ,  700585 ,  0 ,  220 ,  44.61 ,  0.19 ,  11.81
22 ,  4 ,  700624 ,  0 ,  220 ,  44.28 ,  0.18 ,  11.71
22 ,  4 ,  700662 ,  0 ,  220 ,  44.06 ,  0.18 ,  11.61
22 ,  4 ,  700701 ,  0 ,  220 ,  43.95 ,  0.18 ,  11.41
22 ,  4 ,  700739 ,  0 ,  220 ,  43.72 ,  0.17 ,  11.41
22 ,  4 ,  700778 ,  0 ,  220 ,  43.50 ,  0.17 ,  11.31
22 ,  4 ,  700816 ,  0 ,  220 ,  43.28 ,  0.16 ,  11.21
22 ,  4 ,  700855 ,  0 ,  220 ,  43.17 ,  0.16 ,  11.11
22 ,  4 ,  700893 ,  0 ,  220 ,  42.95 ,  0.16 ,  11.01
22 ,  4 ,  700934 ,  0 ,  220 ,  42.84 ,  0.16 ,  11.01
22 ,  4 ,  700972 ,  0 ,  220 ,  42.73 ,  0.15 ,  10.91
22 ,  4 ,  701010 ,  0 ,  220 ,  42.51 ,  0.15 ,  10.81
22 ,  4 ,  701048 ,  0 ,  220 ,  42.40 ,  0.15 ,  10.72
22 ,  4 ,  701087 ,  0 ,  220 ,  42.18 ,  0.15 ,  10.72
22 ,  4 ,  701125 ,  0 ,  220 ,  42.07 ,  0.15 ,  10.62
22 ,  4 ,  701164 ,  0 ,  220 ,  41.96 ,  0.14 ,  10.52
22 ,  4 ,  701202 ,  0 ,  220 ,  41.85 ,  0.14 ,  10.52
22 ,  4 ,  701241 ,  0 ,  220 ,  41.74 ,  0.14 ,  10.42
22 ,  4 ,  701281 ,  0 ,  220 ,  41.52 ,  0.14 ,  10.42
22 ,  4 ,  701320 ,  0 ,  220 ,  41.41 ,  0.14 ,  10.32
22 ,  4 ,  701358 ,  0 ,  220 ,  41.30 ,  0.13 ,  10.22
22 ,  4 ,  701396 ,  0 ,  220 ,  41.19 ,  0.13 ,  10.22
22 ,  4 ,  701434 ,  0 ,  220 ,  41.08 ,  0.13 ,  10.12
22 ,  4 ,  701473 ,  0 ,  220 ,  40.97 ,  0.13 ,  10.12
22 ,  4 ,  701511 ,  0 ,  220 ,  40.86 ,  0.13 ,  10.02
22 ,  4 ,  701550 ,  0 ,  220 ,  40.75 ,  0.13 ,  10.02
22 ,  4 ,  701588 ,  0 ,  220 ,  40.64 ,  0.13 ,  10.02
22 ,  4 ,  701629 ,  0 ,  220 ,  40.53 ,  0.12 ,  9.92
22 ,  4 ,  701668 ,  0 ,  220 ,  40.42 ,  0.12 ,  9.92
22 ,  4 ,  701706 ,  0 ,  220 ,  40.31 ,  0.12 ,  9.82
22 ,  4 ,  701744 ,  0 ,  220 ,  40.20 ,  0.12 ,  9.82
22 ,  4 ,  701783 ,  0 ,  220 ,  40.09 ,  0.12 ,  9.72
22 ,  4 ,  701820 ,  0 ,  220 ,  39.98 ,  0.12 ,  9.72
22 ,  4 ,  701859 ,  0 ,  220 ,  39.87 ,  0.12 ,  9.62
22 ,  4 ,  701897 ,  0 ,  220 ,  39.76 ,  0.12 ,  9.62
22 ,  4 ,  701936 ,  0 ,  220 ,  39.76 ,  0.12 ,  9.53
22 ,  4 ,  701976 ,  0 ,  220 ,  39.65 ,  0.12 ,  9.53
22 ,  4 ,  702015 ,  0 ,  220 ,  39.54 ,  0.11 ,  9.53
22 ,  4 ,  702053 ,  0 ,  220 ,  39.43 ,  0.11 ,  9.43
22 ,  4 ,  702092 ,  0 ,  220 ,  39.32 ,  0.11 ,  9.33
22 ,  4 ,  702130 ,  0 ,  220 ,  39.32 ,  0.11 ,  9.33
22 ,  4 ,  702169 ,  0 ,  220 ,  39.10 ,  0.11 ,  9.33
22 ,  4 ,  702206 ,  0 ,  220 ,  38.99 ,  0.11 ,  9.23
22 ,  4 ,  702245 ,  0 ,  220 ,  38.99 ,  0.11 ,  9.23
22 ,  4 ,  702283 ,  0 ,  220 ,  38.88 ,  0.11 ,  9.23
22 ,  4 ,  702324 ,  0 ,  220 ,  38.77 ,  0.11 ,  9.13
22 ,  4 ,  702362 ,  0 ,  220 ,  38.66 ,  0.11 ,  9.13
22 ,  4 ,  702401 ,  0 ,  220 ,  38.66 ,  0.10 ,  9.03
22 ,  4 ,  702439 ,  0 ,  220 ,  38.55 ,  0.10 ,  9.03
22 ,  4 ,  702478 ,  0 ,  220 ,  38.44 ,  0.10 ,  9.03
22 ,  4 ,  702516 ,  0 ,  220 ,  38.33 ,  0.10 ,  8.93
22 ,  4 ,  702562 ,  0 ,  220 ,  38.22 ,  0.10 ,  8.83
22 ,  4 ,  702600 ,  0 ,  220 ,  38.11 ,  0.10 ,  8.83
22 ,  4 ,  702639 ,  0 ,  220 ,  38.00 ,  0.10 ,  8.83
22 ,  4 ,  702679 ,  0 ,  220 ,  38.00 ,  0.10 ,  8.83
22 ,  4 ,  702717 ,  0 ,  220 ,  37.89 ,  0.10 ,  8.73
22 ,  4 ,  702755 ,  0 ,  220 ,  37.78 ,  0.10 ,  8.73
22 ,  4 ,  702794 ,  0 ,  220 ,  37.67 ,  0.10 ,  8.73
22 ,  4 ,  702832 ,  0 ,  220 ,  37.67 ,  0.09 ,  8.63
22 ,  4 ,  702871 ,  0 ,  220 ,  37.56 ,  0.10 ,  8.63
22 ,  4 ,  702909 ,  0 ,  220 ,  37.45 ,  0.09 ,  8.63
22 ,  4 ,  702948 ,  0 ,  220 ,  37.34 ,  0.09 ,  8.53
22 ,  4 ,  702986 ,  0 ,  220 ,  37.34 ,  0.09 ,  8.53
22 ,  4 ,  703027 ,  0 ,  220 ,  37.23 ,  0.09 ,  8.53
22 ,  4 ,  703065 ,  0 ,  220 ,  37.12 ,  0.10 ,  8.43
22 ,  4 ,  703104 ,  0 ,  220 ,  37.01 ,  0.09 ,  8.43
22 ,  4 ,  703141 ,  0 ,  220 ,  37.01 ,  0.09 ,  8.33
22 ,  4 ,  703179 ,  0 ,  220 ,  36.90 ,  0.09 ,  8.33
22 ,  4 ,  703218 ,  0 ,  220 ,  36.79 ,  0.09 ,  8.33
22 ,  4 ,  703256 ,  0 ,  220 ,  36.68 ,  0.09 ,  8.33
22 ,  4 ,  703295 ,  0 ,  220 ,  36.57 ,  0.09 ,  8.24
22 ,  4 ,  703333 ,  0 ,  220 ,  36.57 ,  0.09 ,  8.24
22 ,  4 ,  703372 ,  0 ,  220 ,  36.46 ,  0.08 ,  8.24
22 ,  4 ,  703412 ,  0 ,  220 ,  36.35 ,  0.08 ,  8.24
22 ,  4 ,  703451 ,  0 ,  220 ,  36.24 ,  0.09 ,  8.14
22 ,  4 ,  703489 ,  0 ,  220 ,  36.13 ,  0.09 ,  8.14
22 ,  4 ,  703527 ,  0 ,  220 ,  36.02 ,  0.09 ,  8.14
22 ,  4 ,  703565 ,  0 ,  220 ,  36.02 ,  0.08 ,  8.04
22 ,  4 ,  703604 ,  0 ,  220 ,  35.91 ,  0.08 ,  8.04
22 ,  4 ,  703642 ,  0 ,  220 ,  35.80 ,  0.08 ,  7.94
22 ,  4 ,  703680 ,  0 ,  220 ,  35.69 ,  0.09 ,  7.94
22 ,  4 ,  703719 ,  0 ,  220 ,  35.69 ,  0.08 ,  7.94
22 ,  4 ,  703760 ,  0 ,  220 ,  35.58 ,  0.08 ,  7.94
22 ,  4 ,  703798 ,  0 ,  220 ,  35.47 ,  0.08 ,  7.84
22 ,  4 ,  703836 ,  0 ,  220 ,  35.36 ,  0.09 ,  7.84
22 ,  4 ,  703875 ,  0 ,  220 ,  35.36 ,  0.08 ,  7.84
22 ,  4 ,  703912 ,  0 ,  220 ,  35.25 ,  0.08 ,  7.74
22 ,  4 ,  703951 ,  0 ,  220 ,  35.13 ,  0.08 ,  7.74
22 ,  4 ,  703989 ,  0 ,  220 ,  35.02 ,  0.08 ,  7.64
22 ,  4 ,  704028 ,  0 ,  220 ,  35.02 ,  0.08 ,  7.74
22 ,  4 ,  704066 ,  0 ,  220 ,  34.91 ,  0.08 ,  7.64
22 ,  4 ,  704107 ,  0 ,  220 ,  34.80 ,  0.08 ,  7.64
22 ,  4 ,  704145 ,  0 ,  220 ,  34.69 ,  0.08 ,  7.54
22 ,  4 ,  704184 ,  0 ,  220 ,  34.58 ,  0.08 ,  7.54
22 ,  4 ,  704222 ,  0 ,  220 ,  34.47 ,  0.07 ,  7.54
22 ,  4 ,  704261 ,  0 ,  220 ,  34.47 ,  0.08 ,  7.54
22 ,  4 ,  704299 ,  0 ,  220 ,  34.36 ,  0.07 ,  7.44
22 ,  4 ,  704337 ,  0 ,  220 ,  34.25 ,  0.08 ,  7.44
22 ,  4 ,  704375 ,  0 ,  220 ,  34.25 ,  0.07 ,  7.44
22 ,  4 ,  704413 ,  0 ,  220 ,  34.14 ,  0.07 ,  7.34
22 ,  4 ,  704454 ,  0 ,  220 ,  34.03 ,  0.07 ,  7.34
22 ,  4 ,  704493 ,  0 ,  220 ,  33.92 ,  0.07 ,  7.34
22 ,  4 ,  704531 ,  0 ,  220 ,  33.81 ,  0.07 ,  7.34
22 ,  4 ,  704569 ,  0 ,  220 ,  33.81 ,  0.08 ,  7.24
22 ,  4 ,  704608 ,  0 ,  220 ,  33.70 ,  0.07 ,  7.24
22 ,  4 ,  704646 ,  0 ,  220 ,  33.59 ,  0.07 ,  7.24
22 ,  4 ,  704685 ,  0 ,  220 ,  33.59 ,  0.07 ,  7.14
22 ,  4 ,  704722 ,  0 ,  220 ,  33.48 ,  0.07 ,  7.14
22 ,  4 ,  704761 ,  0 ,  220 ,  33.37 ,  0.07 ,  7.14
22 ,  4 ,  704801 ,  0 ,  220 ,  33.26 ,  0.07 ,  7.04
22 ,  4 ,  704840 ,  0 ,  220 ,  33.15 ,  0.07 ,  7.04
22 ,  4 ,  704878 ,  0 ,  220 ,  33.04 ,  0.07 ,  7.04
22 ,  4 ,  704917 ,  0 ,  220 ,  33.04 ,  0.07 ,  7.04
22 ,  4 ,  704955 ,  0 ,  220 ,  33.04 ,  0.07 ,  6.95
22 ,  4 ,  704994 ,  0 ,  220 ,  32.82 ,  0.07 ,  6.95
22 ,  4 ,  705032 ,  0 ,  220 ,  32.82 ,  0.07 ,  6.95
22 ,  4 ,  705071 ,  0 ,  220 ,  32.71 ,  0.07 ,  6.85
22 ,  4 ,  705108 ,  0 ,  220 ,  32.60 ,  0.07 ,  6.85
22 ,  4 ,  705149 ,  0 ,  220 ,  32.49 ,  0.07 ,  6.85
22 ,  4 ,  705187 ,  0 ,  220 ,  32.49 ,  0.07 ,  6.75
22 ,  4 ,  705226 ,  0 ,  220 ,  32.38 ,  0.07 ,  6.85
22 ,  4 ,  705264 ,  0 ,  220 ,  32.27 ,  0.06 ,  6.75
22 ,  4 ,  705302 ,  0 ,  220 ,  32.27 ,  0.07 ,  6.75
22 ,  4 ,  705341 ,  0 ,  220 ,  32.16 ,  0.07 ,  6.75
22 ,  4 ,  705379 ,  0 ,  220 ,  32.05 ,  0.07 ,  6.65
22 ,  4 ,  705418 ,  0 ,  220 ,  31.94 ,  0.07 ,  6.65
22 ,  4 ,  705456 ,  0 ,  220 ,  31.83 ,  0.06 ,  6.65
22 ,  4 ,  705497 ,  0 ,  220 ,  31.83 ,  0.06 ,  6.55
22 ,  4 ,  705534 ,  0 ,  220 ,  31.72 ,  0.06 ,  6.55
22 ,  4 ,  705573 ,  0 ,  220 ,  31.61 ,  0.07 ,  6.55
22 ,  4 ,  705611 ,  0 ,  220 ,  31.61 ,  0.06 ,  6.55
22 ,  4 ,  705650 ,  0 ,  220 ,  31.50 ,  0.06 ,  6.45
22 ,  4 ,  705688 ,  0 ,  220 ,  31.50 ,  0.06 ,  6.45
22 ,  4 ,  705727 ,  0 ,  220 ,  31.28 ,  0.06 ,  6.45
22 ,  4 ,  705765 ,  0 ,  220 ,  31.28 ,  0.06 ,  6.45
22 ,  4 ,  705803 ,  0 ,  220 ,  31.17 ,  0.06 ,  6.35
22 ,  4 ,  705842 ,  0 ,  220 ,  31.06 ,  0.06 ,  6.35
22 ,  4 ,  705883 ,  0 ,  220 ,  31.06 ,  0.06 ,  6.35
22 ,  4 ,  705921 ,  0 ,  220 ,  30.95 ,  0.06 ,  6.35
22 ,  4 ,  705958 ,  0 ,  220 ,  30.84 ,  0.06 ,  6.25
22 ,  4 ,  705997 ,  0 ,  220 ,  30.73 ,  0.06 ,  6.25
22 ,  4 ,  706035 ,  0 ,  220 ,  30.73 ,  0.06 ,  6.25
22 ,  4 ,  706074 ,  0 ,  220 ,  30.62 ,  0.06 ,  6.25
22 ,  4 ,  706113 ,  0 ,  220 ,  30.51 ,  0.06 ,  6.15
22 ,  4 ,  706151 ,  0 ,  220 ,  30.51 ,  0.06 ,  6.15
22 ,  4 ,  706190 ,  0 ,  220 ,  30.40 ,  0.06 ,  6.15
22 ,  4 ,  706230 ,  0 ,  220 ,  30.29 ,  0.06 ,  6.05
22 ,  4 ,  706269 ,  0 ,  220 ,  30.29 ,  0.06 ,  6.05
22 ,  4 ,  706307 ,  0 ,  220 ,  30.18 ,  0.06 ,  6.05
22 ,  4 ,  706345 ,  0 ,  220 ,  30.07 ,  0.06 ,  6.05
22 ,  4 ,  706383 ,  0 ,  220 ,  30.07 ,  0.06 ,  5.95
22 ,  4 ,  706422 ,  0 ,  220 ,  29.96 ,  0.06 ,  5.95
22 ,  4 ,  706460 ,  0 ,  220 ,  29.85 ,  0.06 ,  5.95
22 ,  4 ,  706499 ,  0 ,  220 ,  29.85 ,  0.06 ,  5.95
22 ,  4 ,  706537 ,  0 ,  220 ,  29.74 ,  0.06 ,  5.85
22 ,  4 ,  706578 ,  0 ,  220 ,  29.63 ,  0.06 ,  5.85
22 ,  4 ,  706616 ,  0 ,  220 ,  29.52 ,  0.06 ,  5.85
22 ,  4 ,  706655 ,  0 ,  220 ,  29.52 ,  0.06 ,  5.85
22 ,  4 ,  706693 ,  0 ,  220 ,  29.41 ,  0.06 ,  5.75
22 ,  4 ,  706732 ,  0 ,  220 ,  29.30 ,  0.06 ,  5.75
22 ,  4 ,  706770 ,  0 ,  220 ,  29.19 ,  0.06 ,  5.75
22 ,  4 ,  706808 ,  0 ,  220 ,  29.19 ,  0.06 ,  5.75
22 ,  4 ,  706847 ,  0 ,  220 ,  29.08 ,  0.05 ,  5.75
22 ,  4 ,  706885 ,  0 ,  220 ,  28.97 ,  0.06 ,  5.66
22 ,  4 ,  706926 ,  0 ,  220 ,  28.86 ,  0.05 ,  5.66
22 ,  4 ,  706965 ,  0 ,  220 ,  28.86 ,  0.05 ,  5.66
22 ,  4 ,  707003 ,  0 ,  220 ,  28.86 ,  0.05 ,  5.56
22 ,  4 ,  707042 ,  0 ,  220 ,  28.75 ,  0.05 ,  5.56
22 ,  4 ,  707080 ,  0 ,  220 ,  28.64 ,  0.06 ,  5.56
22 ,  4 ,  707119 ,  0 ,  220 ,  28.64 ,  0.06 ,  5.56
22 ,  4 ,  707156 ,  0 ,  220 ,  28.53 ,  0.06 ,  5.56
22 ,  4 ,  707195 ,  0 ,  220 ,  28.42 ,  0.06 ,  5.46
22 ,  4 ,  707233 ,  0 ,  220 ,  28.42 ,  0.05 ,  5.46
22 ,  4 ,  707292 ,  0 ,  220 ,  28.20 ,  0.05 ,  5.46
22 ,  4 ,  707331 ,  0 ,  220 ,  28.20 ,  0.05 ,  5.36
22 ,  4 ,  707368 ,  0 ,  220 ,  28.09 ,  0.06 ,  5.36
22 ,  4 ,  707407 ,  0 ,  220 ,  28.09 ,  0.05 ,  5.36
22 ,  4 ,  707445 ,  0 ,  220 ,  27.98 ,  0.05 ,  5.36
22 ,  4 ,  707484 ,  0 ,  220 ,  27.87 ,  0.05 ,  5.36
22 ,  4 ,  707522 ,  0 ,  220 ,  27.76 ,  0.06 ,  5.36
22 ,  4 ,  707561 ,  0 ,  220 ,  27.76 ,  0.05 ,  5.26
22 ,  4 ,  707599 ,  0 ,  220 ,  27.65 ,  0.05 ,  5.26
22 ,  4 ,  707647 ,  0 ,  220 ,  27.54 ,  0.05 ,  5.16
22 ,  4 ,  707688 ,  0 ,  220 ,  27.43 ,  0.05 ,  5.26
22 ,  4 ,  707729 ,  0 ,  220 ,  27.43 ,  0.05 ,  5.16
22 ,  4 ,  707769 ,  0 ,  220 ,  27.32 ,  0.05 ,  5.16
22 ,  4 ,  707810 ,  0 ,  220 ,  27.21 ,  0.05 ,  5.16
22 ,  4 ,  707851 ,  0 ,  220 ,  27.21 ,  0.05 ,  5.16
22 ,  4 ,  707891 ,  0 ,  220 ,  27.10 ,  0.05 ,  5.16
22 ,  4 ,  707932 ,  0 ,  220 ,  26.99 ,  0.05 ,  5.06
22 ,  4 ,  707973 ,  0 ,  220 ,  26.99 ,  0.05 ,  5.06
22 ,  4 ,  708016 ,  0 ,  220 ,  26.88 ,  0.05 ,  5.06
22 ,  4 ,  708056 ,  0 ,  220 ,  26.77 ,  0.05 ,  5.06
22 ,  4 ,  708097 ,  0 ,  220 ,  26.66 ,  0.05 ,  4.96
22 ,  4 ,  708136 ,  0 ,  220 ,  26.66 ,  0.05 ,  4.96
22 ,  4 ,  708177 ,  0 ,  220 ,  26.55 ,  0.05 ,  4.96
22 ,  4 ,  708217 ,  0 ,  220 ,  26.55 ,  0.05 ,  4.86
22 ,  4 ,  708258 ,  0 ,  220 ,  26.43 ,  0.05 ,  4.86
22 ,  4 ,  708298 ,  0 ,  220 ,  26.32 ,  0.05 ,  4.86
22 ,  4 ,  708339 ,  0 ,  220 ,  26.21 ,  0.05 ,  4.86
22 ,  4 ,  708379 ,  0 ,  220 ,  26.21 ,  0.05 ,  4.86
22 ,  4 ,  708422 ,  0 ,  220 ,  26.10 ,  0.05 ,  4.86
22 ,  4 ,  708462 ,  0 ,  220 ,  26.10 ,  0.05 ,  4.76
22 ,  4 ,  708503 ,  0 ,  220 ,  25.99 ,  0.05 ,  4.76
22 ,  4 ,  708543 ,  0 ,  220 ,  25.88 ,  0.05 ,  4.76
22 ,  4 ,  708584 ,  0 ,  220 ,  25.88 ,  0.05 ,  4.76
22 ,  4 ,  708624 ,  0 ,  220 ,  25.77 ,  0.05 ,  4.66
22 ,  4 ,  708665 ,  0 ,  220 ,  25.66 ,  0.05 ,  4.76
22 ,  4 ,  708705 ,  0 ,  220 ,  25.66 ,  0.05 ,  4.66
22 ,  4 ,  708746 ,  0 ,  220 ,  25.55 ,  0.05 ,  4.66
22 ,  4 ,  708788 ,  0 ,  220 ,  25.44 ,  0.05 ,  4.66
22 ,  4 ,  708829 ,  0 ,  220 ,  25.44 ,  0.05 ,  4.56
22 ,  4 ,  708869 ,  0 ,  220 ,  25.33 ,  0.05 ,  4.56
22 ,  4 ,  708910 ,  0 ,  220 ,  25.33 ,  0.05 ,  4.56
22 ,  4 ,  708950 ,  0 ,  220 ,  25.22 ,  0.05 ,  4.56
22 ,  4 ,  708990 ,  0 ,  220 ,  25.11 ,  0.05 ,  4.56
22 ,  4 ,  709030 ,  0 ,  220 ,  25.11 ,  0.04 ,  4.56
22 ,  4 ,  709071 ,  0 ,  220 ,  25.00 ,  0.05 ,  4.46
22 ,  4 ,  709111 ,  0 ,  220 ,  24.89 ,  0.05 ,  4.46
22 ,  4 ,  709154 ,  0 ,  220 ,  24.78 ,  0.05 ,  4.46
22 ,  4 ,  709195 ,  0 ,  220 ,  24.78 ,  0.05 ,  4.46
22 ,  4 ,  709235 ,  0 ,  220 ,  24.67 ,  0.05 ,  4.46
22 ,  4 ,  709276 ,  0 ,  220 ,  24.56 ,  0.05 ,  4.37
22 ,  4 ,  709316 ,  0 ,  220 ,  24.56 ,  0.05 ,  4.37
22 ,  4 ,  709356 ,  0 ,  220 ,  24.45 ,  0.05 ,  4.37
22 ,  4 ,  709397 ,  0 ,  220 ,  24.45 ,  0.05 ,  4.27
22 ,  4 ,  709437 ,  0 ,  220 ,  24.34 ,  0.05 ,  4.37
22 ,  4 ,  709478 ,  0 ,  220 ,  24.23 ,  0.05 ,  4.37
22 ,  4 ,  709521 ,  0 ,  220 ,  24.12 ,  0.05 ,  4.27
22 ,  4 ,  709561 ,  0 ,  220 ,  24.12 ,  0.05 ,  4.27
22 ,  4 ,  709602 ,  0 ,  220 ,  24.01 ,  0.05 ,  4.27
22 ,  4 ,  709642 ,  0 ,  220 ,  24.01 ,  0.05 ,  4.27
22 ,  4 ,  709683 ,  0 ,  220 ,  23.90 ,  0.05 ,  4.27
22 ,  4 ,  709723 ,  0 ,  220 ,  23.90 ,  0.05 ,  4.17
22 ,  4 ,  709764 ,  0 ,  220 ,  23.79 ,  0.05 ,  4.17
22 ,  4 ,  709804 ,  0 ,  220 ,  23.68 ,  0.05 ,  4.17
22 ,  4 ,  709844 ,  0 ,  220 ,  23.68 ,  0.04 ,  4.17
22 ,  4 ,  709886 ,  0 ,  220 ,  23.57 ,  0.04 ,  4.17
22 ,  4 ,  709927 ,  0 ,  220 ,  23.57 ,  0.05 ,  4.07
22 ,  4 ,  709967 ,  0 ,  220 ,  23.46 ,  0.05 ,  4.07
22 ,  4 ,  710008 ,  0 ,  220 ,  23.35 ,  0.05 ,  4.07
22 ,  4 ,  710048 ,  0 ,  220 ,  23.35 ,  0.04 ,  4.07
22 ,  4 ,  710089 ,  0 ,  220 ,  23.24 ,  0.05 ,  4.07
22 ,  4 ,  710129 ,  0 ,  220 ,  23.13 ,  0.05 ,  4.07
22 ,  4 ,  710170 ,  0 ,  220 ,  23.13 ,  0.05 ,  3.97
22 ,  4 ,  710210 ,  0 ,  220 ,  23.02 ,  0.05 ,  3.97
22 ,  4 ,  710253 ,  0 ,  220 ,  23.02 ,  0.05 ,  3.97
22 ,  4 ,  710293 ,  0 ,  220 ,  22.91 ,  0.05 ,  3.97
22 ,  4 ,  710334 ,  0 ,  220 ,  22.91 ,  0.05 ,  3.97
22 ,  4 ,  710374 ,  0 ,  220 ,  22.80 ,  0.04 ,  3.97
22 ,  4 ,  710415 ,  0 ,  220 ,  22.69 ,  0.05 ,  3.87
22 ,  4 ,  710455 ,  0 ,  220 ,  22.69 ,  0.05 ,  3.87
22 ,  4 ,  710496 ,  0 ,  220 ,  22.58 ,  0.04 ,  3.87
22 ,  4 ,  710536 ,  0 ,  220 ,  22.47 ,  0.05 ,  3.87
22 ,  4 ,  710577 ,  0 ,  220 ,  22.47 ,  0.05 ,  3.87
22 ,  4 ,  710620 ,  0 ,  220 ,  22.47 ,  0.05 ,  3.87
22 ,  4 ,  710660 ,  0 ,  220 ,  22.36 ,  0.05 ,  3.77
22 ,  4 ,  710701 ,  0 ,  220 ,  22.25 ,  0.05 ,  3.77
22 ,  4 ,  710740 ,  0 ,  220 ,  22.25 ,  0.04 ,  3.77
22 ,  4 ,  710780 ,  0 ,  220 ,  22.14 ,  0.05 ,  3.77
22 ,  4 ,  710821 ,  0 ,  220 ,  22.03 ,  0.05 ,  3.77
22 ,  4 ,  710861 ,  0 ,  220 ,  22.03 ,  0.04 ,  3.77
22 ,  4 ,  710903 ,  0 ,  220 ,  21.92 ,  0.05 ,  3.67
22 ,  4 ,  710943 ,  0 ,  220 ,  21.92 ,  0.05 ,  3.67
22 ,  4 ,  710984 ,  0 ,  220 ,  21.81 ,  0.04 ,  3.67
22 ,  4 ,  711026 ,  0 ,  220 ,  21.81 ,  0.05 ,  3.67
22 ,  4 ,  711067 ,  0 ,  220 ,  21.70 ,  0.05 ,  3.67
22 ,  4 ,  711107 ,  0 ,  220 ,  21.59 ,  0.04 ,  3.57
22 ,  4 ,  711148 ,  0 ,  220 ,  21.59 ,  0.05 ,  3.57
22 ,  4 ,  711188 ,  0 ,  220 ,  21.48 ,  0.05 ,  3.57
22 ,  4 ,  711229 ,  0 ,  220 ,  21.48 ,  0.05 ,  3.57
22 ,  4 ,  711269 ,  0 ,  220 ,  21.37 ,  0.05 ,  3.57
22 ,  4 ,  711310 ,  0 ,  220 ,  21.26 ,  0.05 ,  3.57
22 ,  4 ,  711350 ,  0 ,  220 ,  21.26 ,  0.05 ,  3.57
22 ,  4 ,  711393 ,  0 ,  220 ,  21.26 ,  0.05 ,  3.57
22 ,  4 ,  711434 ,  0 ,  220 ,  21.15 ,  0.04 ,  3.47
22 ,  4 ,  711474 ,  0 ,  220 ,  21.15 ,  0.04 ,  3.47
22 ,  4 ,  711515 ,  0 ,  220 ,  21.04 ,  0.05 ,  3.47
22 ,  4 ,  711555 ,  0 ,  220 ,  20.93 ,  0.04 ,  3.47
22 ,  4 ,  711595 ,  0 ,  220 ,  20.93 ,  0.04 ,  3.47
22 ,  4 ,  711635 ,  0 ,  220 ,  20.93 ,  0.04 ,  3.47
22 ,  4 ,  711675 ,  0 ,  220 ,  20.71 ,  0.05 ,  3.47
22 ,  4 ,  711716 ,  0 ,  220 ,  20.71 ,  0.05 ,  3.37
22 ,  4 ,  711759 ,  0 ,  220 ,  20.60 ,  0.05 ,  3.37
22 ,  4 ,  711799 ,  0 ,  220 ,  20.60 ,  0.05 ,  3.37
22 ,  4 ,  711840 ,  0 ,  220 ,  20.49 ,  0.04 ,  3.37
22 ,  4 ,  711880 ,  0 ,  220 ,  20.49 ,  0.04 ,  3.37
22 ,  4 ,  711921 ,  0 ,  220 ,  20.49 ,  0.05 ,  3.37
22 ,  4 ,  711961 ,  0 ,  220 ,  20.38 ,  0.04 ,  3.37
22 ,  4 ,  712002 ,  0 ,  220 ,  20.27 ,  0.04 ,  3.27
22 ,  4 ,  712042 ,  0 ,  220 ,  20.16 ,  0.05 ,  3.27
22 ,  4 ,  712083 ,  0 ,  220 ,  20.16 ,  0.05 ,  3.27
22 ,  4 ,  712125 ,  0 ,  220 ,  20.16 ,  0.05 ,  3.27
22 ,  4 ,  712166 ,  0 ,  220 ,  20.05 ,  0.05 ,  3.27
22 ,  4 ,  712206 ,  0 ,  220 ,  20.05 ,  0.05 ,  3.27
22 ,  4 ,  712247 ,  0 ,  220 ,  19.94 ,  0.04 ,  3.17
22 ,  4 ,  712287 ,  0 ,  220 ,  19.94 ,  0.04 ,  3.27
22 ,  4 ,  712328 ,  0 ,  220 ,  19.83 ,  0.05 ,  3.17
22 ,  4 ,  712368 ,  0 ,  220 ,  19.83 ,  0.05 ,  3.17
22 ,  4 ,  712409 ,  0 ,  220 ,  19.72 ,  0.05 ,  3.17
22 ,  4 ,  712449 ,  0 ,  220 ,  19.72 ,  0.05 ,  3.17
22 ,  4 ,  712492 ,  0 ,  220 ,  19.61 ,  0.04 ,  3.17
22 ,  4 ,  712532 ,  0 ,  220 ,  19.61 ,  0.04 ,  3.17
22 ,  4 ,  712572 ,  0 ,  220 ,  19.50 ,  0.04 ,  3.08
22 ,  4 ,  712613 ,  0 ,  220 ,  19.50 ,  0.04 ,  3.08
22 ,  4 ,  712653 ,  0 ,  220 ,  19.39 ,  0.04 ,  3.08
22 ,  4 ,  712693 ,  0 ,  220 ,  19.28 ,  0.05 ,  3.08
22 ,  4 ,  712734 ,  0 ,  220 ,  19.39 ,  0.04 ,  3.08
22 ,  4 ,  712774 ,  0 ,  220 ,  19.17 ,  0.05 ,  3.08
22 ,  4 ,  712815 ,  0 ,  220 ,  19.17 ,  0.05 ,  3.08
22 ,  4 ,  712858 ,  0 ,  220 ,  19.06 ,  0.04 ,  3.08
22 ,  4 ,  712898 ,  0 ,  220 ,  19.06 ,  0.04 ,  2.98
22 ,  4 ,  712939 ,  0 ,  220 ,  18.95 ,  0.04 ,  2.98
22 ,  4 ,  712979 ,  0 ,  220 ,  18.95 ,  0.04 ,  2.98
22 ,  4 ,  713020 ,  0 ,  220 ,  18.95 ,  0.04 ,  2.98
22 ,  4 ,  713060 ,  0 ,  220 ,  18.84 ,  0.04 ,  2.98
22 ,  4 ,  713101 ,  0 ,  220 ,  18.84 ,  0.04 ,  2.98
22 ,  4 ,  713141 ,  0 ,  220 ,  18.73 ,  0.04 ,  2.98
22 ,  4 ,  713182 ,  0 ,  220 ,  18.62 ,  0.04 ,  2.98
22 ,  4 ,  713224 ,  0 ,  220 ,  18.62 ,  0.04 ,  2.88
22 ,  4 ,  713265 ,  0 ,  220 ,  18.62 ,  0.04 ,  2.88
22 ,  4 ,  713305 ,  0 ,  220 ,  18.51 ,  0.04 ,  2.88
22 ,  4 ,  713346 ,  0 ,  220 ,  18.51 ,  0.04 ,  2.88
22 ,  4 ,  713385 ,  0 ,  220 ,  18.40 ,  0.04 ,  2.88
22 ,  4 ,  713426 ,  0 ,  220 ,  18.40 ,  0.05 ,  2.88
22 ,  4 ,  713466 ,  0 ,  220 ,  18.29 ,  0.04 ,  2.88
22 ,  4 ,  713507 ,  0 ,  220 ,  18.29 ,  0.04 ,  2.88
22 ,  4 ,  713547 ,  0 ,  220 ,  18.29 ,  0.04 ,  2.78
22 ,  4 ,  713588 ,  0 ,  220 ,  18.18 ,  0.04 ,  2.78
22 ,  4 ,  713631 ,  0 ,  220 ,  18.07 ,  0.05 ,  2.78
22 ,  4 ,  713671 ,  0 ,  220 ,  18.07 ,  0.04 ,  2.78
22 ,  4 ,  713711 ,  0 ,  220 ,  17.96 ,  0.04 ,  2.78
22 ,  4 ,  713752 ,  0 ,  220 ,  17.96 ,  0.05 ,  2.78
22 ,  4 ,  713792 ,  0 ,  220 ,  17.85 ,  0.04 ,  2.78
22 ,  4 ,  713833 ,  0 ,  220 ,  17.85 ,  0.04 ,  2.78
22 ,  4 ,  713873 ,  0 ,  220 ,  17.85 ,  0.05 ,  2.78
22 ,  4 ,  713914 ,  0 ,  220 ,  17.73 ,  0.05 ,  2.78
22 ,  4 ,  713954 ,  0 ,  220 ,  17.62 ,  0.05 ,  2.68
22 ,  4 ,  713997 ,  0 ,  220 ,  17.62 ,  0.05 ,  2.68
22 ,  4 ,  714038 ,  0 ,  220 ,  17.62 ,  0.05 ,  2.68
22 ,  4 ,  714078 ,  0 ,  220 ,  17.51 ,  0.05 ,  2.68
22 ,  4 ,  714119 ,  0 ,  220 ,  17.40 ,  0.04 ,  2.68
22 ,  4 ,  714159 ,  0 ,  220 ,  17.40 ,  0.05 ,  2.68
22 ,  4 ,  714200 ,  0 ,  220 ,  17.40 ,  0.04 ,  2.58
22 ,  4 ,  714240 ,  0 ,  220 ,  17.40 ,  0.05 ,  2.58
22 ,  4 ,  714280 ,  0 ,  220 ,  17.29 ,  0.05 ,  2.58
22 ,  4 ,  714320 ,  0 ,  220 ,  17.29 ,  0.05 ,  2.58
22 ,  4 ,  714363 ,  0 ,  220 ,  17.18 ,  0.05 ,  2.58
22 ,  4 ,  714403 ,  0 ,  220 ,  17.18 ,  0.04 ,  2.58
22 ,  4 ,  714444 ,  0 ,  220 ,  17.07 ,  0.05 ,  2.58
22 ,  4 ,  714484 ,  0 ,  220 ,  17.07 ,  0.04 ,  2.58
22 ,  4 ,  714525 ,  0 ,  220 ,  16.96 ,  0.04 ,  2.58
22 ,  4 ,  714565 ,  0 ,  220 ,  16.96 ,  0.04 ,  2.58
22 ,  4 ,  714607 ,  0 ,  220 ,  16.96 ,  0.05 ,  2.58
22 ,  4 ,  714647 ,  0 ,  220 ,  16.85 ,  0.04 ,  2.48
22 ,  4 ,  714688 ,  0 ,  220 ,  16.85 ,  0.05 ,  2.48
22 ,  4 ,  714730 ,  0 ,  220 ,  16.74 ,  0.05 ,  2.48
22 ,  4 ,  714771 ,  0 ,  220 ,  16.74 ,  0.05 ,  2.48
22 ,  4 ,  714811 ,  0 ,  220 ,  16.63 ,  0.04 ,  2.48
22 ,  4 ,  714861 ,  0 ,  220 ,  16.63 ,  0.04 ,  2.48
22 ,  4 ,  714902 ,  0 ,  220 ,  16.63 ,  0.04 ,  2.38
22 ,  4 ,  714942 ,  0 ,  220 ,  16.52 ,  0.04 ,  2.48
22 ,  4 ,  714983 ,  0 ,  220 ,  16.41 ,  0.04 ,  2.38
22 ,  4 ,  715023 ,  0 ,  220 ,  16.41 ,  0.05 ,  2.38
22 ,  4 ,  715064 ,  0 ,  220 ,  16.41 ,  0.04 ,  2.38
22 ,  4 ,  715106 ,  0 ,  220 ,  16.30 ,  0.04 ,  2.38
22 ,  4 ,  715147 ,  0 ,  220 ,  16.30 ,  0.04 ,  2.38
22 ,  4 ,  715187 ,  0 ,  220 ,  16.19 ,  0.04 ,  2.38
22 ,  4 ,  715228 ,  0 ,  220 ,  16.19 ,  0.04 ,  2.38
22 ,  4 ,  715268 ,  0 ,  220 ,  16.19 ,  0.04 ,  2.38
22 ,  4 ,  715309 ,  0 ,  220 ,  16.08 ,  0.04 ,  2.38
22 ,  4 ,  715348 ,  0 ,  220 ,  16.08 ,  0.04 ,  2.38
22 ,  4 ,  715389 ,  0 ,  220 ,  16.08 ,  0.04 ,  2.28
22 ,  4 ,  715429 ,  0 ,  220 ,  15.97 ,  0.04 ,  2.28
22 ,  4 ,  715472 ,  0 ,  220 ,  15.86 ,  0.04 ,  2.28
22 ,  4 ,  715513 ,  0 ,  220 ,  15.86 ,  0.04 ,  2.28
22 ,  4 ,  715553 ,  0 ,  220 ,  15.75 ,  0.04 ,  2.28
22 ,  4 ,  715594 ,  0 ,  220 ,  15.75 ,  0.04 ,  2.28
22 ,  4 ,  715634 ,  0 ,  220 ,  15.75 ,  0.04 ,  2.28
22 ,  4 ,  715675 ,  0 ,  220 ,  15.64 ,  0.04 ,  2.28
22 ,  4 ,  715715 ,  0 ,  220 ,  15.64 ,  0.04 ,  2.28
22 ,  4 ,  715755 ,  0 ,  220 ,  15.64 ,  0.04 ,  2.28
22 ,  4 ,  715796 ,  0 ,  220 ,  15.53 ,  0.04 ,  2.18
22 ,  4 ,  715839 ,  0 ,  220 ,  15.53 ,  0.04 ,  2.28
22 ,  4 ,  715879 ,  0 ,  220 ,  15.42 ,  0.04 ,  2.28
22 ,  4 ,  715920 ,  0 ,  220 ,  15.42 ,  0.04 ,  2.18
22 ,  4 ,  715960 ,  0 ,  220 ,  15.42 ,  0.04 ,  2.18
22 ,  4 ,  716001 ,  0 ,  220 ,  15.31 ,  0.04 ,  2.18
22 ,  4 ,  716041 ,  0 ,  220 ,  15.31 ,  0.04 ,  2.18
22 ,  4 ,  716082 ,  0 ,  220 ,  15.31 ,  0.04 ,  2.18
22 ,  4 ,  716122 ,  0 ,  220 ,  15.20 ,  0.04 ,  2.18
22 ,  4 ,  716163 ,  0 ,  220 ,  15.20 ,  0.04 ,  2.18
22 ,  4 ,  716203 ,  0 ,  220 ,  15.09 ,  0.04 ,  2.18
22 ,  4 ,  716246 ,  0 ,  220 ,  15.09 ,  0.04 ,  2.18
22 ,  4 ,  716285 ,  0 ,  220 ,  14.98 ,  0.04 ,  2.18
22 ,  4 ,  716326 ,  0 ,  220 ,  14.98 ,  0.04 ,  2.08
22 ,  4 ,  716366 ,  0 ,  220 ,  14.98 ,  0.04 ,  2.18
22 ,  4 ,  716407 ,  0 ,  220 ,  14.87 ,  0.04 ,  2.08
22 ,  4 ,  716447 ,  0 ,  220 ,  14.87 ,  0.04 ,  2.08
22 ,  4 ,  716488 ,  0 ,  220 ,  14.87 ,  0.04 ,  2.08
22 ,  4 ,  716528 ,  0 ,  220 ,  14.76 ,  0.04 ,  2.08
22 ,  4 ,  716569 ,  0 ,  220 ,  14.76 ,  0.04 ,  2.08
22 ,  4 ,  716611 ,  0 ,  220 ,  14.65 ,  0.04 ,  2.08
22 ,  4 ,  716652 ,  0 ,  220 ,  14.65 ,  0.04 ,  2.08
22 ,  4 ,  716692 ,  0 ,  220 ,  14.65 ,  0.04 ,  2.08
22 ,  4 ,  716733 ,  0 ,  220 ,  14.65 ,  0.04 ,  2.08
22 ,  4 ,  716773 ,  0 ,  220 ,  14.54 ,  0.04 ,  2.08
22 ,  4 ,  716814 ,  0 ,  220 ,  14.54 ,  0.04 ,  2.08
22 ,  4 ,  716854 ,  0 ,  220 ,  14.43 ,  0.04 ,  2.08
22 ,  4 ,  716895 ,  0 ,  220 ,  14.43 ,  0.04 ,  1.98
