MS, MPT, t (s), PWMi, PWMe, Pressure (Psi), LW (V), Displacement (mm)
23 ,  3 ,  782226 ,  0 ,  215 ,  14.21 ,  0.04 ,  1.98
23 ,  3 ,  782265 ,  255 ,  0 ,  14.10 ,  0.04 ,  1.98
23 ,  3 ,  782304 ,  255 ,  0 ,  16.19 ,  0.04 ,  1.98
23 ,  3 ,  782343 ,  255 ,  0 ,  30.07 ,  0.05 ,  3.67
23 ,  3 ,  782381 ,  255 ,  0 ,  44.06 ,  0.12 ,  6.75
23 ,  3 ,  782419 ,  255 ,  0 ,  53.86 ,  0.19 ,  10.12
23 ,  3 ,  782458 ,  255 ,  0 ,  60.57 ,  0.27 ,  12.80
23 ,  3 ,  782497 ,  255 ,  0 ,  65.42 ,  0.34 ,  14.78
23 ,  3 ,  782538 ,  255 ,  0 ,  69.16 ,  0.40 ,  16.37
23 ,  3 ,  782577 ,  255 ,  0 ,  72.03 ,  0.44 ,  17.46
23 ,  3 ,  782615 ,  255 ,  0 ,  74.34 ,  0.47 ,  18.26
23 ,  3 ,  782654 ,  255 ,  0 ,  76.21 ,  0.50 ,  19.05
23 ,  3 ,  782693 ,  255 ,  0 ,  77.86 ,  0.52 ,  19.65
23 ,  3 ,  782731 ,  255 ,  0 ,  79.41 ,  0.54 ,  20.04
23 ,  3 ,  782770 ,  255 ,  0 ,  80.84 ,  0.55 ,  20.54
23 ,  3 ,  782816 ,  255 ,  0 ,  82.27 ,  0.56 ,  20.94
23 ,  3 ,  782855 ,  255 ,  0 ,  83.48 ,  0.57 ,  21.33
23 ,  3 ,  782895 ,  255 ,  0 ,  84.58 ,  0.58 ,  21.63
23 ,  3 ,  782934 ,  255 ,  0 ,  85.57 ,  0.58 ,  21.83
23 ,  3 ,  782972 ,  255 ,  0 ,  86.56 ,  0.58 ,  22.22
23 ,  3 ,  783010 ,  255 ,  0 ,  87.45 ,  0.59 ,  22.42
23 ,  3 ,  783049 ,  255 ,  0 ,  88.33 ,  0.59 ,  22.62
23 ,  3 ,  783088 ,  255 ,  0 ,  89.10 ,  0.59 ,  22.92
23 ,  3 ,  783126 ,  255 ,  0 ,  89.87 ,  0.60 ,  23.02
23 ,  3 ,  783165 ,  255 ,  0 ,  90.53 ,  0.60 ,  23.22
23 ,  3 ,  783204 ,  255 ,  0 ,  91.19 ,  0.60 ,  23.42
23 ,  3 ,  783245 ,  255 ,  0 ,  91.85 ,  0.60 ,  23.51
23 ,  3 ,  783283 ,  255 ,  0 ,  92.40 ,  0.60 ,  23.71
23 ,  3 ,  783322 ,  255 ,  0 ,  92.95 ,  0.60 ,  23.71
23 ,  3 ,  783361 ,  255 ,  0 ,  93.50 ,  0.60 ,  23.91
23 ,  3 ,  783398 ,  255 ,  0 ,  93.94 ,  0.61 ,  24.01
23 ,  3 ,  783437 ,  255 ,  0 ,  94.27 ,  0.60 ,  24.11
23 ,  3 ,  783476 ,  255 ,  0 ,  94.71 ,  0.61 ,  24.21
23 ,  3 ,  783514 ,  255 ,  0 ,  95.04 ,  0.61 ,  24.31
23 ,  3 ,  783553 ,  255 ,  0 ,  95.26 ,  0.61 ,  24.31
23 ,  3 ,  783594 ,  255 ,  0 ,  95.48 ,  0.61 ,  24.41
23 ,  3 ,  783632 ,  255 ,  0 ,  95.70 ,  0.61 ,  24.51
23 ,  3 ,  783671 ,  255 ,  0 ,  95.70 ,  0.61 ,  24.51
23 ,  3 ,  783710 ,  255 ,  0 ,  95.93 ,  0.61 ,  24.61
23 ,  3 ,  783748 ,  255 ,  0 ,  96.04 ,  0.61 ,  24.61
23 ,  3 ,  783787 ,  255 ,  0 ,  96.04 ,  0.61 ,  24.71
23 ,  3 ,  783825 ,  255 ,  0 ,  96.15 ,  0.61 ,  24.71
23 ,  3 ,  783863 ,  255 ,  0 ,  96.15 ,  0.61 ,  24.71
23 ,  3 ,  783902 ,  255 ,  0 ,  96.15 ,  0.61 ,  24.71
23 ,  3 ,  783943 ,  255 ,  0 ,  96.15 ,  0.61 ,  24.71
23 ,  3 ,  783982 ,  255 ,  0 ,  96.26 ,  0.61 ,  24.80
23 ,  3 ,  784020 ,  255 ,  0 ,  96.26 ,  0.61 ,  24.80
23 ,  3 ,  784059 ,  255 ,  0 ,  96.26 ,  0.61 ,  24.71
23 ,  3 ,  784098 ,  255 ,  0 ,  96.26 ,  0.61 ,  24.80
23 ,  3 ,  784136 ,  255 ,  0 ,  96.26 ,  0.61 ,  24.80
23 ,  3 ,  784175 ,  255 ,  0 ,  96.26 ,  0.61 ,  24.80
23 ,  3 ,  784214 ,  255 ,  0 ,  96.26 ,  0.61 ,  24.90
23 ,  3 ,  784251 ,  255 ,  0 ,  96.26 ,  0.61 ,  24.90
23 ,  3 ,  784292 ,  255 ,  0 ,  96.26 ,  0.61 ,  24.90
23 ,  3 ,  784331 ,  255 ,  0 ,  96.26 ,  0.61 ,  24.90
23 ,  3 ,  784369 ,  255 ,  0 ,  96.26 ,  0.61 ,  24.90
23 ,  3 ,  784408 ,  255 ,  0 ,  96.26 ,  0.61 ,  24.90
23 ,  3 ,  784447 ,  255 ,  0 ,  96.26 ,  0.61 ,  24.90
23 ,  3 ,  784485 ,  255 ,  0 ,  96.26 ,  0.61 ,  25.00
23 ,  3 ,  784524 ,  255 ,  0 ,  96.26 ,  0.61 ,  25.00
23 ,  3 ,  784563 ,  255 ,  0 ,  96.26 ,  0.61 ,  25.00
23 ,  3 ,  784601 ,  255 ,  0 ,  96.26 ,  0.61 ,  25.00
23 ,  3 ,  784642 ,  255 ,  0 ,  96.26 ,  0.61 ,  25.00
23 ,  3 ,  784680 ,  255 ,  0 ,  96.26 ,  0.61 ,  25.00
23 ,  3 ,  784719 ,  255 ,  0 ,  96.26 ,  0.61 ,  25.00
23 ,  3 ,  784757 ,  255 ,  0 ,  96.26 ,  0.61 ,  25.00
23 ,  3 ,  784796 ,  255 ,  0 ,  96.26 ,  0.61 ,  25.00
23 ,  3 ,  784835 ,  255 ,  0 ,  96.26 ,  0.61 ,  25.00
23 ,  3 ,  784873 ,  255 ,  0 ,  96.26 ,  0.61 ,  25.00
23 ,  3 ,  784912 ,  255 ,  0 ,  96.26 ,  0.61 ,  25.00
23 ,  3 ,  784951 ,  255 ,  0 ,  96.15 ,  0.61 ,  25.00
23 ,  3 ,  784991 ,  255 ,  0 ,  96.26 ,  0.61 ,  25.00
23 ,  3 ,  785030 ,  255 ,  0 ,  96.26 ,  0.61 ,  25.00
23 ,  3 ,  785069 ,  255 ,  0 ,  96.15 ,  0.61 ,  25.10
23 ,  3 ,  785106 ,  255 ,  0 ,  96.15 ,  0.61 ,  25.10
23 ,  3 ,  785145 ,  255 ,  0 ,  96.15 ,  0.61 ,  25.10
23 ,  3 ,  785184 ,  0 ,  215 ,  96.15 ,  0.61 ,  25.10
23 ,  3 ,  785222 ,  0 ,  215 ,  93.39 ,  0.61 ,  25.10
23 ,  3 ,  785261 ,  0 ,  215 ,  87.00 ,  0.60 ,  24.41
23 ,  3 ,  785300 ,  0 ,  215 ,  81.28 ,  0.60 ,  23.51
23 ,  3 ,  785341 ,  0 ,  215 ,  76.21 ,  0.59 ,  22.62
23 ,  3 ,  785379 ,  0 ,  215 ,  72.25 ,  0.57 ,  21.73
23 ,  3 ,  785418 ,  0 ,  215 ,  69.05 ,  0.56 ,  20.94
23 ,  3 ,  785457 ,  0 ,  215 ,  66.41 ,  0.53 ,  20.24
23 ,  3 ,  785495 ,  0 ,  215 ,  64.10 ,  0.51 ,  19.55
23 ,  3 ,  785533 ,  0 ,  215 ,  62.23 ,  0.49 ,  18.95
23 ,  3 ,  785572 ,  0 ,  215 ,  60.57 ,  0.46 ,  18.36
23 ,  3 ,  785610 ,  0 ,  215 ,  59.03 ,  0.43 ,  17.86
23 ,  3 ,  785649 ,  0 ,  215 ,  57.82 ,  0.42 ,  17.46
23 ,  3 ,  785690 ,  0 ,  215 ,  56.61 ,  0.40 ,  16.97
23 ,  3 ,  785728 ,  0 ,  215 ,  55.62 ,  0.38 ,  16.67
23 ,  3 ,  785767 ,  0 ,  215 ,  54.74 ,  0.36 ,  16.27
23 ,  3 ,  785806 ,  0 ,  215 ,  53.97 ,  0.35 ,  15.97
23 ,  3 ,  785844 ,  0 ,  215 ,  53.31 ,  0.34 ,  15.68
23 ,  3 ,  785883 ,  0 ,  215 ,  52.65 ,  0.32 ,  15.38
23 ,  3 ,  785922 ,  0 ,  215 ,  52.09 ,  0.31 ,  15.18
23 ,  3 ,  785959 ,  0 ,  215 ,  51.65 ,  0.30 ,  14.98
23 ,  3 ,  785998 ,  0 ,  215 ,  51.21 ,  0.29 ,  14.78
23 ,  3 ,  786039 ,  0 ,  215 ,  50.66 ,  0.29 ,  14.59
23 ,  3 ,  786078 ,  0 ,  215 ,  50.33 ,  0.28 ,  14.39
23 ,  3 ,  786116 ,  0 ,  215 ,  50.00 ,  0.27 ,  14.19
23 ,  3 ,  786155 ,  0 ,  215 ,  49.67 ,  0.26 ,  14.09
23 ,  3 ,  786194 ,  0 ,  215 ,  49.34 ,  0.26 ,  13.89
23 ,  3 ,  786232 ,  0 ,  215 ,  49.01 ,  0.25 ,  13.79
23 ,  3 ,  786271 ,  0 ,  215 ,  48.79 ,  0.24 ,  13.69
23 ,  3 ,  786309 ,  0 ,  215 ,  48.57 ,  0.24 ,  13.49
23 ,  3 ,  786349 ,  0 ,  215 ,  48.35 ,  0.24 ,  13.39
23 ,  3 ,  786390 ,  0 ,  215 ,  48.13 ,  0.23 ,  13.30
23 ,  3 ,  786427 ,  0 ,  215 ,  47.91 ,  0.23 ,  13.20
23 ,  3 ,  786466 ,  0 ,  215 ,  47.69 ,  0.22 ,  13.10
23 ,  3 ,  786505 ,  0 ,  215 ,  47.47 ,  0.22 ,  13.00
23 ,  3 ,  786543 ,  0 ,  215 ,  47.36 ,  0.22 ,  13.00
23 ,  3 ,  786582 ,  0 ,  215 ,  47.14 ,  0.22 ,  12.90
23 ,  3 ,  786621 ,  0 ,  215 ,  47.03 ,  0.21 ,  12.80
23 ,  3 ,  786659 ,  0 ,  215 ,  46.81 ,  0.21 ,  12.70
23 ,  3 ,  786698 ,  0 ,  215 ,  46.70 ,  0.21 ,  12.60
23 ,  3 ,  786739 ,  0 ,  215 ,  46.59 ,  0.21 ,  12.60
23 ,  3 ,  786777 ,  0 ,  215 ,  46.37 ,  0.21 ,  12.50
23 ,  3 ,  786816 ,  0 ,  215 ,  46.26 ,  0.20 ,  12.40
23 ,  3 ,  786854 ,  0 ,  215 ,  46.15 ,  0.20 ,  12.40
23 ,  3 ,  786892 ,  0 ,  215 ,  45.93 ,  0.20 ,  12.30
23 ,  3 ,  786931 ,  0 ,  215 ,  45.82 ,  0.19 ,  12.30
23 ,  3 ,  786970 ,  0 ,  215 ,  45.71 ,  0.19 ,  12.20
23 ,  3 ,  787008 ,  0 ,  215 ,  45.60 ,  0.19 ,  12.20
23 ,  3 ,  787047 ,  0 ,  215 ,  45.49 ,  0.19 ,  12.10
23 ,  3 ,  787088 ,  0 ,  215 ,  45.38 ,  0.18 ,  12.01
23 ,  3 ,  787127 ,  0 ,  215 ,  45.27 ,  0.18 ,  12.01
23 ,  3 ,  787165 ,  0 ,  215 ,  45.16 ,  0.18 ,  11.91
23 ,  3 ,  787204 ,  0 ,  215 ,  45.05 ,  0.18 ,  11.91
23 ,  3 ,  787241 ,  0 ,  215 ,  44.83 ,  0.18 ,  11.81
23 ,  3 ,  787280 ,  0 ,  215 ,  44.83 ,  0.18 ,  11.81
23 ,  3 ,  787319 ,  0 ,  215 ,  44.72 ,  0.18 ,  11.71
23 ,  3 ,  787358 ,  0 ,  215 ,  44.61 ,  0.18 ,  11.71
23 ,  3 ,  787396 ,  0 ,  215 ,  44.50 ,  0.17 ,  11.61
23 ,  3 ,  787437 ,  0 ,  215 ,  44.39 ,  0.17 ,  11.61
23 ,  3 ,  787476 ,  0 ,  215 ,  44.28 ,  0.17 ,  11.51
23 ,  3 ,  787545 ,  0 ,  215 ,  44.06 ,  0.17 ,  11.51
23 ,  3 ,  787584 ,  0 ,  215 ,  43.95 ,  0.17 ,  11.41
23 ,  3 ,  787621 ,  0 ,  215 ,  43.84 ,  0.16 ,  11.41
23 ,  3 ,  787660 ,  0 ,  215 ,  43.72 ,  0.16 ,  11.31
23 ,  3 ,  787699 ,  0 ,  215 ,  43.72 ,  0.16 ,  11.31
23 ,  3 ,  787737 ,  0 ,  215 ,  43.61 ,  0.16 ,  11.31
23 ,  3 ,  787776 ,  0 ,  215 ,  43.50 ,  0.16 ,  11.21
23 ,  3 ,  787817 ,  0 ,  215 ,  43.39 ,  0.16 ,  11.21
23 ,  3 ,  787855 ,  0 ,  215 ,  43.28 ,  0.16 ,  11.11
23 ,  3 ,  787894 ,  0 ,  215 ,  43.06 ,  0.15 ,  11.11
23 ,  3 ,  787933 ,  0 ,  215 ,  43.06 ,  0.15 ,  11.01
23 ,  3 ,  787971 ,  0 ,  215 ,  42.95 ,  0.15 ,  11.01
23 ,  3 ,  788009 ,  0 ,  215 ,  42.84 ,  0.15 ,  10.91
23 ,  3 ,  788048 ,  0 ,  215 ,  42.84 ,  0.15 ,  10.91
23 ,  3 ,  788086 ,  0 ,  215 ,  42.73 ,  0.15 ,  10.91
23 ,  3 ,  788125 ,  0 ,  215 ,  42.62 ,  0.15 ,  10.81
23 ,  3 ,  788166 ,  0 ,  215 ,  42.51 ,  0.15 ,  10.81
23 ,  3 ,  788205 ,  0 ,  215 ,  42.40 ,  0.15 ,  10.72
23 ,  3 ,  788243 ,  0 ,  215 ,  42.29 ,  0.14 ,  10.72
23 ,  3 ,  788282 ,  0 ,  215 ,  42.29 ,  0.14 ,  10.72
23 ,  3 ,  788320 ,  0 ,  215 ,  42.18 ,  0.14 ,  10.62
23 ,  3 ,  788359 ,  0 ,  215 ,  42.07 ,  0.13 ,  10.62
23 ,  3 ,  788398 ,  0 ,  215 ,  41.96 ,  0.14 ,  10.62
23 ,  3 ,  788435 ,  0 ,  215 ,  41.85 ,  0.13 ,  10.52
23 ,  3 ,  788474 ,  0 ,  215 ,  41.74 ,  0.13 ,  10.52
23 ,  3 ,  788515 ,  0 ,  215 ,  41.63 ,  0.13 ,  10.42
23 ,  3 ,  788554 ,  0 ,  215 ,  41.52 ,  0.13 ,  10.42
23 ,  3 ,  788592 ,  0 ,  215 ,  41.52 ,  0.13 ,  10.42
23 ,  3 ,  788631 ,  0 ,  215 ,  41.41 ,  0.13 ,  10.32
23 ,  3 ,  788670 ,  0 ,  215 ,  41.30 ,  0.13 ,  10.32
23 ,  3 ,  788708 ,  0 ,  215 ,  41.19 ,  0.13 ,  10.32
23 ,  3 ,  788747 ,  0 ,  215 ,  41.19 ,  0.12 ,  10.22
23 ,  3 ,  788786 ,  0 ,  215 ,  41.08 ,  0.12 ,  10.22
23 ,  3 ,  788824 ,  0 ,  215 ,  40.97 ,  0.12 ,  10.12
23 ,  3 ,  788865 ,  0 ,  215 ,  40.86 ,  0.12 ,  10.12
23 ,  3 ,  788903 ,  0 ,  215 ,  40.75 ,  0.12 ,  10.12
23 ,  3 ,  788941 ,  0 ,  215 ,  40.64 ,  0.12 ,  10.02
23 ,  3 ,  788980 ,  0 ,  215 ,  40.53 ,  0.12 ,  10.02
23 ,  3 ,  789019 ,  0 ,  215 ,  40.53 ,  0.12 ,  9.92
23 ,  3 ,  789057 ,  0 ,  215 ,  40.42 ,  0.12 ,  9.92
23 ,  3 ,  789096 ,  0 ,  215 ,  40.31 ,  0.11 ,  9.92
23 ,  3 ,  789135 ,  0 ,  215 ,  40.20 ,  0.12 ,  9.92
23 ,  3 ,  789173 ,  0 ,  215 ,  40.09 ,  0.11 ,  9.82
23 ,  3 ,  789214 ,  0 ,  215 ,  39.98 ,  0.11 ,  9.72
23 ,  3 ,  789253 ,  0 ,  215 ,  39.98 ,  0.11 ,  9.72
23 ,  3 ,  789291 ,  0 ,  215 ,  39.87 ,  0.11 ,  9.72
23 ,  3 ,  789329 ,  0 ,  215 ,  39.76 ,  0.11 ,  9.72
23 ,  3 ,  789367 ,  0 ,  215 ,  39.65 ,  0.11 ,  9.62
23 ,  3 ,  789406 ,  0 ,  215 ,  39.54 ,  0.11 ,  9.62
23 ,  3 ,  789445 ,  0 ,  215 ,  39.43 ,  0.11 ,  9.53
23 ,  3 ,  789483 ,  0 ,  215 ,  39.32 ,  0.11 ,  9.53
23 ,  3 ,  789522 ,  0 ,  215 ,  39.32 ,  0.11 ,  9.53
23 ,  3 ,  789563 ,  0 ,  215 ,  39.21 ,  0.10 ,  9.43
23 ,  3 ,  789601 ,  0 ,  215 ,  39.10 ,  0.10 ,  9.43
23 ,  3 ,  789640 ,  0 ,  215 ,  38.99 ,  0.10 ,  9.33
23 ,  3 ,  789679 ,  0 ,  215 ,  38.88 ,  0.10 ,  9.33
23 ,  3 ,  789716 ,  0 ,  215 ,  38.88 ,  0.10 ,  9.33
23 ,  3 ,  789755 ,  0 ,  215 ,  38.77 ,  0.10 ,  9.23
23 ,  3 ,  789794 ,  0 ,  215 ,  38.66 ,  0.10 ,  9.23
23 ,  3 ,  789832 ,  0 ,  215 ,  38.55 ,  0.10 ,  9.13
23 ,  3 ,  789871 ,  0 ,  215 ,  38.55 ,  0.10 ,  9.13
23 ,  3 ,  789912 ,  0 ,  215 ,  38.33 ,  0.10 ,  9.13
23 ,  3 ,  789950 ,  0 ,  215 ,  38.33 ,  0.09 ,  9.03
23 ,  3 ,  789989 ,  0 ,  215 ,  38.22 ,  0.10 ,  9.03
23 ,  3 ,  790027 ,  0 ,  215 ,  38.11 ,  0.09 ,  9.03
23 ,  3 ,  790066 ,  0 ,  215 ,  38.11 ,  0.10 ,  8.93
23 ,  3 ,  790105 ,  0 ,  215 ,  37.89 ,  0.09 ,  8.93
23 ,  3 ,  790142 ,  0 ,  215 ,  37.78 ,  0.09 ,  8.93
23 ,  3 ,  790181 ,  0 ,  215 ,  37.78 ,  0.09 ,  8.83
23 ,  3 ,  790219 ,  0 ,  215 ,  37.67 ,  0.09 ,  8.83
23 ,  3 ,  790256 ,  0 ,  215 ,  37.56 ,  0.09 ,  8.73
23 ,  3 ,  790295 ,  0 ,  215 ,  37.56 ,  0.09 ,  8.73
23 ,  3 ,  790333 ,  0 ,  215 ,  37.34 ,  0.10 ,  8.73
23 ,  3 ,  790372 ,  0 ,  215 ,  37.34 ,  0.09 ,  8.73
23 ,  3 ,  790410 ,  0 ,  215 ,  37.23 ,  0.09 ,  8.63
23 ,  3 ,  790449 ,  0 ,  215 ,  37.12 ,  0.09 ,  8.63
23 ,  3 ,  790488 ,  0 ,  215 ,  37.01 ,  0.09 ,  8.53
23 ,  3 ,  790525 ,  0 ,  215 ,  36.90 ,  0.09 ,  8.53
23 ,  3 ,  790564 ,  0 ,  215 ,  36.90 ,  0.08 ,  8.53
23 ,  3 ,  790605 ,  0 ,  215 ,  36.79 ,  0.09 ,  8.43
23 ,  3 ,  790643 ,  0 ,  215 ,  36.79 ,  0.09 ,  8.43
23 ,  3 ,  790682 ,  0 ,  215 ,  36.57 ,  0.08 ,  8.43
23 ,  3 ,  790721 ,  0 ,  215 ,  36.46 ,  0.09 ,  8.33
23 ,  3 ,  790759 ,  0 ,  215 ,  36.46 ,  0.08 ,  8.33
23 ,  3 ,  790798 ,  0 ,  215 ,  36.35 ,  0.08 ,  8.33
23 ,  3 ,  790836 ,  0 ,  215 ,  36.24 ,  0.08 ,  8.33
23 ,  3 ,  790875 ,  0 ,  215 ,  36.13 ,  0.08 ,  8.24
23 ,  3 ,  790914 ,  0 ,  215 ,  36.13 ,  0.08 ,  8.24
23 ,  3 ,  790951 ,  0 ,  215 ,  36.02 ,  0.08 ,  8.14
23 ,  3 ,  790992 ,  0 ,  215 ,  35.91 ,  0.08 ,  8.14
23 ,  3 ,  791031 ,  0 ,  215 ,  35.80 ,  0.08 ,  8.14
23 ,  3 ,  791070 ,  0 ,  215 ,  35.69 ,  0.08 ,  8.04
23 ,  3 ,  791109 ,  0 ,  215 ,  35.69 ,  0.08 ,  8.04
23 ,  3 ,  791147 ,  0 ,  215 ,  35.58 ,  0.08 ,  8.04
23 ,  3 ,  791186 ,  0 ,  215 ,  35.47 ,  0.08 ,  8.04
23 ,  3 ,  791225 ,  0 ,  215 ,  35.36 ,  0.08 ,  7.94
23 ,  3 ,  791263 ,  0 ,  215 ,  35.36 ,  0.08 ,  7.94
23 ,  3 ,  791302 ,  0 ,  215 ,  35.25 ,  0.08 ,  7.94
23 ,  3 ,  791343 ,  0 ,  215 ,  35.13 ,  0.07 ,  7.84
23 ,  3 ,  791380 ,  0 ,  215 ,  35.02 ,  0.08 ,  7.84
23 ,  3 ,  791419 ,  0 ,  215 ,  35.02 ,  0.08 ,  7.84
23 ,  3 ,  791458 ,  0 ,  215 ,  34.91 ,  0.08 ,  7.74
23 ,  3 ,  791496 ,  0 ,  215 ,  34.80 ,  0.08 ,  7.74
23 ,  3 ,  791535 ,  0 ,  215 ,  34.69 ,  0.07 ,  7.74
23 ,  3 ,  791573 ,  0 ,  215 ,  34.69 ,  0.07 ,  7.64
23 ,  3 ,  791612 ,  0 ,  215 ,  34.58 ,  0.07 ,  7.64
23 ,  3 ,  791651 ,  0 ,  215 ,  34.47 ,  0.07 ,  7.64
23 ,  3 ,  791692 ,  0 ,  215 ,  34.36 ,  0.07 ,  7.54
23 ,  3 ,  791730 ,  0 ,  215 ,  34.25 ,  0.07 ,  7.54
23 ,  3 ,  791769 ,  0 ,  215 ,  34.25 ,  0.07 ,  7.54
23 ,  3 ,  791806 ,  0 ,  215 ,  34.14 ,  0.07 ,  7.44
23 ,  3 ,  791845 ,  0 ,  215 ,  34.03 ,  0.07 ,  7.44
23 ,  3 ,  791884 ,  0 ,  215 ,  33.92 ,  0.07 ,  7.44
23 ,  3 ,  791922 ,  0 ,  215 ,  33.92 ,  0.07 ,  7.44
23 ,  3 ,  791961 ,  0 ,  215 ,  33.81 ,  0.07 ,  7.34
23 ,  3 ,  791999 ,  0 ,  215 ,  33.70 ,  0.07 ,  7.34
23 ,  3 ,  792040 ,  0 ,  215 ,  33.59 ,  0.07 ,  7.34
23 ,  3 ,  792079 ,  0 ,  215 ,  33.48 ,  0.07 ,  7.24
23 ,  3 ,  792118 ,  0 ,  215 ,  33.48 ,  0.07 ,  7.24
23 ,  3 ,  792156 ,  0 ,  215 ,  33.37 ,  0.07 ,  7.24
23 ,  3 ,  792195 ,  0 ,  215 ,  33.26 ,  0.07 ,  7.14
23 ,  3 ,  792233 ,  0 ,  215 ,  33.15 ,  0.07 ,  7.14
23 ,  3 ,  792271 ,  0 ,  215 ,  33.15 ,  0.07 ,  7.14
23 ,  3 ,  792310 ,  0 ,  215 ,  33.04 ,  0.07 ,  7.14
23 ,  3 ,  792348 ,  0 ,  215 ,  32.93 ,  0.07 ,  7.04
23 ,  3 ,  792389 ,  0 ,  215 ,  32.82 ,  0.06 ,  7.04
23 ,  3 ,  792428 ,  0 ,  215 ,  32.82 ,  0.07 ,  7.04
23 ,  3 ,  792467 ,  0 ,  215 ,  32.71 ,  0.06 ,  7.04
23 ,  3 ,  792505 ,  0 ,  215 ,  32.60 ,  0.07 ,  6.95
23 ,  3 ,  792544 ,  0 ,  215 ,  32.49 ,  0.06 ,  6.95
23 ,  3 ,  792583 ,  0 ,  215 ,  32.49 ,  0.07 ,  6.95
23 ,  3 ,  792622 ,  0 ,  215 ,  32.38 ,  0.06 ,  6.85
23 ,  3 ,  792659 ,  0 ,  215 ,  32.27 ,  0.06 ,  6.85
23 ,  3 ,  792698 ,  0 ,  215 ,  32.27 ,  0.06 ,  6.85
23 ,  3 ,  792735 ,  0 ,  215 ,  32.16 ,  0.07 ,  6.85
23 ,  3 ,  792773 ,  0 ,  215 ,  32.05 ,  0.06 ,  6.75
23 ,  3 ,  792812 ,  0 ,  215 ,  31.94 ,  0.06 ,  6.75
23 ,  3 ,  792851 ,  0 ,  215 ,  31.83 ,  0.06 ,  6.75
23 ,  3 ,  792890 ,  0 ,  215 ,  31.83 ,  0.06 ,  6.75
23 ,  3 ,  792928 ,  0 ,  215 ,  31.72 ,  0.06 ,  6.65
23 ,  3 ,  792967 ,  0 ,  215 ,  31.72 ,  0.06 ,  6.65
23 ,  3 ,  793006 ,  0 ,  215 ,  31.61 ,  0.06 ,  6.65
23 ,  3 ,  793044 ,  0 ,  215 ,  31.50 ,  0.06 ,  6.55
23 ,  3 ,  793084 ,  0 ,  215 ,  31.39 ,  0.06 ,  6.55
23 ,  3 ,  793123 ,  0 ,  215 ,  31.28 ,  0.06 ,  6.55
23 ,  3 ,  793162 ,  0 ,  215 ,  31.28 ,  0.06 ,  6.55
23 ,  3 ,  793201 ,  0 ,  215 ,  31.17 ,  0.06 ,  6.45
23 ,  3 ,  793239 ,  0 ,  215 ,  31.06 ,  0.06 ,  6.45
23 ,  3 ,  793278 ,  0 ,  215 ,  31.06 ,  0.06 ,  6.45
23 ,  3 ,  793317 ,  0 ,  215 ,  30.95 ,  0.06 ,  6.35
23 ,  3 ,  793355 ,  0 ,  215 ,  30.84 ,  0.06 ,  6.35
23 ,  3 ,  793394 ,  0 ,  215 ,  30.73 ,  0.06 ,  6.35
23 ,  3 ,  793433 ,  0 ,  215 ,  30.73 ,  0.06 ,  6.35
23 ,  3 ,  793483 ,  0 ,  215 ,  30.62 ,  0.06 ,  6.25
23 ,  3 ,  793524 ,  0 ,  215 ,  30.51 ,  0.05 ,  6.25
23 ,  3 ,  793565 ,  0 ,  215 ,  30.51 ,  0.06 ,  6.25
23 ,  3 ,  793605 ,  0 ,  215 ,  30.40 ,  0.06 ,  6.25
23 ,  3 ,  793646 ,  0 ,  215 ,  30.29 ,  0.06 ,  6.15
23 ,  3 ,  793687 ,  0 ,  215 ,  30.18 ,  0.06 ,  6.15
23 ,  3 ,  793728 ,  0 ,  215 ,  30.18 ,  0.06 ,  6.15
23 ,  3 ,  793768 ,  0 ,  215 ,  30.07 ,  0.06 ,  6.05
23 ,  3 ,  793809 ,  0 ,  215 ,  29.96 ,  0.06 ,  6.05
23 ,  3 ,  793852 ,  0 ,  215 ,  29.85 ,  0.06 ,  6.05
23 ,  3 ,  793892 ,  0 ,  215 ,  29.74 ,  0.05 ,  6.05
23 ,  3 ,  793933 ,  0 ,  215 ,  29.63 ,  0.06 ,  5.95
23 ,  3 ,  793974 ,  0 ,  215 ,  29.63 ,  0.05 ,  5.95
23 ,  3 ,  794014 ,  0 ,  215 ,  29.52 ,  0.05 ,  5.95
23 ,  3 ,  794055 ,  0 ,  215 ,  29.52 ,  0.05 ,  5.85
23 ,  3 ,  794096 ,  0 ,  215 ,  29.41 ,  0.06 ,  5.85
23 ,  3 ,  794136 ,  0 ,  215 ,  29.30 ,  0.05 ,  5.85
23 ,  3 ,  794177 ,  0 ,  215 ,  29.30 ,  0.05 ,  5.85
23 ,  3 ,  794220 ,  0 ,  215 ,  29.19 ,  0.05 ,  5.75
23 ,  3 ,  794261 ,  0 ,  215 ,  28.97 ,  0.05 ,  5.75
23 ,  3 ,  794301 ,  0 ,  215 ,  28.97 ,  0.05 ,  5.75
23 ,  3 ,  794342 ,  0 ,  215 ,  28.97 ,  0.05 ,  5.66
23 ,  3 ,  794383 ,  0 ,  215 ,  28.86 ,  0.05 ,  5.75
23 ,  3 ,  794423 ,  0 ,  215 ,  28.75 ,  0.05 ,  5.66
23 ,  3 ,  794464 ,  0 ,  215 ,  28.64 ,  0.05 ,  5.66
23 ,  3 ,  794505 ,  0 ,  215 ,  28.64 ,  0.05 ,  5.66
23 ,  3 ,  794545 ,  0 ,  215 ,  28.53 ,  0.05 ,  5.56
23 ,  3 ,  794588 ,  0 ,  215 ,  28.53 ,  0.05 ,  5.56
23 ,  3 ,  794629 ,  0 ,  215 ,  28.31 ,  0.05 ,  5.56
23 ,  3 ,  794670 ,  0 ,  215 ,  28.20 ,  0.05 ,  5.56
23 ,  3 ,  794711 ,  0 ,  215 ,  28.20 ,  0.05 ,  5.56
23 ,  3 ,  794752 ,  0 ,  215 ,  28.20 ,  0.05 ,  5.46
23 ,  3 ,  794791 ,  0 ,  215 ,  28.09 ,  0.05 ,  5.46
23 ,  3 ,  794832 ,  0 ,  215 ,  27.98 ,  0.05 ,  5.46
23 ,  3 ,  794883 ,  0 ,  215 ,  27.87 ,  0.05 ,  5.36
23 ,  3 ,  794924 ,  0 ,  215 ,  27.76 ,  0.05 ,  5.36
23 ,  3 ,  794967 ,  0 ,  215 ,  27.65 ,  0.05 ,  5.36
23 ,  3 ,  795008 ,  0 ,  215 ,  27.65 ,  0.05 ,  5.36
23 ,  3 ,  795047 ,  0 ,  215 ,  27.54 ,  0.05 ,  5.36
23 ,  3 ,  795088 ,  0 ,  215 ,  27.43 ,  0.05 ,  5.26
23 ,  3 ,  795129 ,  0 ,  215 ,  27.43 ,  0.05 ,  5.26
23 ,  3 ,  795169 ,  0 ,  215 ,  27.32 ,  0.05 ,  5.26
23 ,  3 ,  795210 ,  0 ,  215 ,  27.21 ,  0.05 ,  5.26
23 ,  3 ,  795251 ,  0 ,  215 ,  27.21 ,  0.05 ,  5.16
23 ,  3 ,  795291 ,  0 ,  215 ,  27.10 ,  0.05 ,  5.16
23 ,  3 ,  795330 ,  0 ,  215 ,  26.99 ,  0.05 ,  5.16
23 ,  3 ,  795371 ,  0 ,  215 ,  26.99 ,  0.05 ,  5.16
23 ,  3 ,  795411 ,  0 ,  215 ,  26.88 ,  0.05 ,  5.16
23 ,  3 ,  795452 ,  0 ,  215 ,  26.77 ,  0.05 ,  5.06
23 ,  3 ,  795493 ,  0 ,  215 ,  26.66 ,  0.05 ,  5.06
23 ,  3 ,  795533 ,  0 ,  215 ,  26.66 ,  0.05 ,  5.06
23 ,  3 ,  795574 ,  0 ,  215 ,  26.55 ,  0.05 ,  5.06
23 ,  3 ,  795615 ,  0 ,  215 ,  26.43 ,  0.05 ,  5.06
23 ,  3 ,  795655 ,  0 ,  215 ,  26.32 ,  0.05 ,  4.96
23 ,  3 ,  795698 ,  0 ,  215 ,  26.32 ,  0.05 ,  4.96
23 ,  3 ,  795739 ,  0 ,  215 ,  26.21 ,  0.05 ,  4.96
23 ,  3 ,  795779 ,  0 ,  215 ,  26.21 ,  0.05 ,  4.86
23 ,  3 ,  795820 ,  0 ,  215 ,  26.10 ,  0.05 ,  4.86
23 ,  3 ,  795860 ,  0 ,  215 ,  26.10 ,  0.05 ,  4.86
23 ,  3 ,  795900 ,  0 ,  215 ,  25.99 ,  0.05 ,  4.86
23 ,  3 ,  795941 ,  0 ,  215 ,  25.88 ,  0.05 ,  4.76
23 ,  3 ,  795982 ,  0 ,  215 ,  25.77 ,  0.05 ,  4.76
23 ,  3 ,  796022 ,  0 ,  215 ,  25.77 ,  0.05 ,  4.76
23 ,  3 ,  796063 ,  0 ,  215 ,  25.66 ,  0.04 ,  4.76
23 ,  3 ,  796106 ,  0 ,  215 ,  25.55 ,  0.04 ,  4.76
23 ,  3 ,  796147 ,  0 ,  215 ,  25.55 ,  0.04 ,  4.76
23 ,  3 ,  796187 ,  0 ,  215 ,  25.44 ,  0.05 ,  4.76
23 ,  3 ,  796228 ,  0 ,  215 ,  25.44 ,  0.05 ,  4.66
23 ,  3 ,  796269 ,  0 ,  215 ,  25.33 ,  0.05 ,  4.66
23 ,  3 ,  796309 ,  0 ,  215 ,  25.22 ,  0.05 ,  4.66
23 ,  3 ,  796350 ,  0 ,  215 ,  25.22 ,  0.05 ,  4.66
23 ,  3 ,  796391 ,  0 ,  215 ,  25.11 ,  0.04 ,  4.66
23 ,  3 ,  796431 ,  0 ,  215 ,  25.00 ,  0.05 ,  4.56
23 ,  3 ,  796474 ,  0 ,  215 ,  25.00 ,  0.05 ,  4.56
23 ,  3 ,  796515 ,  0 ,  215 ,  24.89 ,  0.05 ,  4.56
23 ,  3 ,  796555 ,  0 ,  215 ,  24.78 ,  0.05 ,  4.56
23 ,  3 ,  796596 ,  0 ,  215 ,  24.78 ,  0.05 ,  4.56
23 ,  3 ,  796637 ,  0 ,  215 ,  24.67 ,  0.04 ,  4.46
23 ,  3 ,  796677 ,  0 ,  215 ,  24.56 ,  0.05 ,  4.46
23 ,  3 ,  796718 ,  0 ,  215 ,  24.56 ,  0.05 ,  4.46
23 ,  3 ,  796759 ,  0 ,  215 ,  24.45 ,  0.05 ,  4.46
23 ,  3 ,  796798 ,  0 ,  215 ,  24.45 ,  0.05 ,  4.46
23 ,  3 ,  796841 ,  0 ,  215 ,  24.34 ,  0.04 ,  4.37
23 ,  3 ,  796882 ,  0 ,  215 ,  24.23 ,  0.04 ,  4.37
23 ,  3 ,  796923 ,  0 ,  215 ,  24.12 ,  0.05 ,  4.37
23 ,  3 ,  796963 ,  0 ,  215 ,  24.12 ,  0.04 ,  4.37
23 ,  3 ,  797004 ,  0 ,  215 ,  24.01 ,  0.04 ,  4.27
23 ,  3 ,  797045 ,  0 ,  215 ,  24.01 ,  0.04 ,  4.27
23 ,  3 ,  797085 ,  0 ,  215 ,  23.90 ,  0.04 ,  4.27
23 ,  3 ,  797126 ,  0 ,  215 ,  23.90 ,  0.04 ,  4.27
23 ,  3 ,  797166 ,  0 ,  215 ,  23.79 ,  0.05 ,  4.27
23 ,  3 ,  797209 ,  0 ,  215 ,  23.68 ,  0.04 ,  4.27
23 ,  3 ,  797250 ,  0 ,  215 ,  23.68 ,  0.05 ,  4.27
23 ,  3 ,  797291 ,  0 ,  215 ,  23.57 ,  0.05 ,  4.17
23 ,  3 ,  797331 ,  0 ,  215 ,  23.57 ,  0.04 ,  4.17
23 ,  3 ,  797372 ,  0 ,  215 ,  23.46 ,  0.04 ,  4.17
23 ,  3 ,  797413 ,  0 ,  215 ,  23.35 ,  0.05 ,  4.07
23 ,  3 ,  797453 ,  0 ,  215 ,  23.35 ,  0.04 ,  4.17
23 ,  3 ,  797494 ,  0 ,  215 ,  23.24 ,  0.04 ,  4.07
23 ,  3 ,  797535 ,  0 ,  215 ,  23.24 ,  0.05 ,  4.07
23 ,  3 ,  797577 ,  0 ,  215 ,  23.13 ,  0.04 ,  4.07
23 ,  3 ,  797618 ,  0 ,  215 ,  23.02 ,  0.04 ,  4.07
23 ,  3 ,  797659 ,  0 ,  215 ,  23.02 ,  0.04 ,  4.07
23 ,  3 ,  797699 ,  0 ,  215 ,  22.80 ,  0.04 ,  4.07
23 ,  3 ,  797740 ,  0 ,  215 ,  22.91 ,  0.04 ,  3.97
23 ,  3 ,  797780 ,  0 ,  215 ,  22.80 ,  0.04 ,  3.97
23 ,  3 ,  797820 ,  0 ,  215 ,  22.69 ,  0.04 ,  3.97
23 ,  3 ,  797861 ,  0 ,  215 ,  22.69 ,  0.04 ,  3.97
23 ,  3 ,  797902 ,  0 ,  215 ,  22.58 ,  0.04 ,  3.97
23 ,  3 ,  797940 ,  0 ,  215 ,  22.47 ,  0.04 ,  3.97
23 ,  3 ,  797981 ,  0 ,  215 ,  22.47 ,  0.04 ,  3.87
23 ,  3 ,  798022 ,  0 ,  215 ,  22.36 ,  0.04 ,  3.87
23 ,  3 ,  798062 ,  0 ,  215 ,  22.36 ,  0.04 ,  3.87
23 ,  3 ,  798103 ,  0 ,  215 ,  22.25 ,  0.04 ,  3.87
23 ,  3 ,  798143 ,  0 ,  215 ,  22.14 ,  0.04 ,  3.87
23 ,  3 ,  798184 ,  0 ,  215 ,  22.14 ,  0.04 ,  3.77
23 ,  3 ,  798225 ,  0 ,  215 ,  22.03 ,  0.04 ,  3.77
23 ,  3 ,  798265 ,  0 ,  215 ,  22.03 ,  0.04 ,  3.77
23 ,  3 ,  798308 ,  0 ,  215 ,  21.92 ,  0.05 ,  3.77
23 ,  3 ,  798349 ,  0 ,  215 ,  21.92 ,  0.04 ,  3.77
23 ,  3 ,  798390 ,  0 ,  215 ,  21.81 ,  0.04 ,  3.77
23 ,  3 ,  798430 ,  0 ,  215 ,  21.70 ,  0.04 ,  3.77
23 ,  3 ,  798471 ,  0 ,  215 ,  21.70 ,  0.04 ,  3.67
23 ,  3 ,  798512 ,  0 ,  215 ,  21.59 ,  0.04 ,  3.67
23 ,  3 ,  798552 ,  0 ,  215 ,  21.59 ,  0.05 ,  3.67
23 ,  3 ,  798593 ,  0 ,  215 ,  21.48 ,  0.04 ,  3.67
23 ,  3 ,  798633 ,  0 ,  215 ,  21.37 ,  0.05 ,  3.67
23 ,  3 ,  798674 ,  0 ,  215 ,  21.37 ,  0.04 ,  3.67
23 ,  3 ,  798717 ,  0 ,  215 ,  21.37 ,  0.04 ,  3.67
23 ,  3 ,  798757 ,  0 ,  215 ,  21.26 ,  0.04 ,  3.57
23 ,  3 ,  798798 ,  0 ,  215 ,  21.15 ,  0.04 ,  3.57
23 ,  3 ,  798838 ,  0 ,  215 ,  21.15 ,  0.04 ,  3.57
23 ,  3 ,  798879 ,  0 ,  215 ,  21.04 ,  0.04 ,  3.57
23 ,  3 ,  798920 ,  0 ,  215 ,  21.04 ,  0.04 ,  3.57
23 ,  3 ,  798960 ,  0 ,  215 ,  20.93 ,  0.04 ,  3.57
23 ,  3 ,  799001 ,  0 ,  215 ,  20.93 ,  0.04 ,  3.47
23 ,  3 ,  799042 ,  0 ,  215 ,  20.82 ,  0.04 ,  3.47
23 ,  3 ,  799085 ,  0 ,  215 ,  20.71 ,  0.04 ,  3.47
23 ,  3 ,  799125 ,  0 ,  215 ,  20.71 ,  0.04 ,  3.47
23 ,  3 ,  799166 ,  0 ,  215 ,  20.60 ,  0.04 ,  3.47
23 ,  3 ,  799207 ,  0 ,  215 ,  20.60 ,  0.04 ,  3.47
23 ,  3 ,  799247 ,  0 ,  215 ,  20.60 ,  0.04 ,  3.47
23 ,  3 ,  799288 ,  0 ,  215 ,  20.49 ,  0.04 ,  3.37
23 ,  3 ,  799329 ,  0 ,  215 ,  20.38 ,  0.04 ,  3.37
23 ,  3 ,  799369 ,  0 ,  215 ,  20.38 ,  0.04 ,  3.37
23 ,  3 ,  799410 ,  0 ,  215 ,  20.27 ,  0.04 ,  3.37
23 ,  3 ,  799453 ,  0 ,  215 ,  20.27 ,  0.04 ,  3.37
23 ,  3 ,  799494 ,  0 ,  215 ,  20.16 ,  0.04 ,  3.37
23 ,  3 ,  799534 ,  0 ,  215 ,  20.16 ,  0.04 ,  3.37
23 ,  3 ,  799575 ,  0 ,  215 ,  20.05 ,  0.04 ,  3.27
23 ,  3 ,  799616 ,  0 ,  215 ,  20.05 ,  0.04 ,  3.27
23 ,  3 ,  799655 ,  0 ,  215 ,  19.94 ,  0.04 ,  3.27
23 ,  3 ,  799696 ,  0 ,  215 ,  19.83 ,  0.04 ,  3.27
23 ,  3 ,  799736 ,  0 ,  215 ,  19.83 ,  0.04 ,  3.27
23 ,  3 ,  799777 ,  0 ,  215 ,  19.83 ,  0.04 ,  3.27
23 ,  3 ,  799820 ,  0 ,  215 ,  19.72 ,  0.04 ,  3.17
23 ,  3 ,  799861 ,  0 ,  215 ,  19.61 ,  0.04 ,  3.17
23 ,  3 ,  799901 ,  0 ,  215 ,  19.61 ,  0.04 ,  3.17
23 ,  3 ,  799942 ,  0 ,  215 ,  19.50 ,  0.04 ,  3.17
23 ,  3 ,  799983 ,  0 ,  215 ,  19.50 ,  0.04 ,  3.17
23 ,  3 ,  800023 ,  0 ,  215 ,  19.39 ,  0.04 ,  3.17
23 ,  3 ,  800064 ,  0 ,  215 ,  19.28 ,  0.04 ,  3.17
23 ,  3 ,  800105 ,  0 ,  215 ,  19.39 ,  0.04 ,  3.17
23 ,  3 ,  800145 ,  0 ,  215 ,  19.28 ,  0.04 ,  3.08
23 ,  3 ,  800188 ,  0 ,  215 ,  19.17 ,  0.04 ,  3.08
23 ,  3 ,  800229 ,  0 ,  215 ,  19.17 ,  0.04 ,  3.08
23 ,  3 ,  800269 ,  0 ,  215 ,  19.06 ,  0.04 ,  3.08
23 ,  3 ,  800310 ,  0 ,  215 ,  19.06 ,  0.04 ,  3.08
23 ,  3 ,  800351 ,  0 ,  215 ,  18.95 ,  0.04 ,  3.08
23 ,  3 ,  800391 ,  0 ,  215 ,  18.95 ,  0.04 ,  3.08
23 ,  3 ,  800432 ,  0 ,  215 ,  18.84 ,  0.04 ,  2.98
23 ,  3 ,  800473 ,  0 ,  215 ,  18.84 ,  0.04 ,  2.98
23 ,  3 ,  800513 ,  0 ,  215 ,  18.73 ,  0.04 ,  2.98
23 ,  3 ,  800551 ,  0 ,  215 ,  18.73 ,  0.04 ,  2.98
23 ,  3 ,  800591 ,  0 ,  215 ,  18.62 ,  0.04 ,  2.98
23 ,  3 ,  800632 ,  0 ,  215 ,  18.62 ,  0.04 ,  2.98
23 ,  3 ,  800673 ,  0 ,  215 ,  18.62 ,  0.04 ,  2.98
23 ,  3 ,  800713 ,  0 ,  215 ,  18.51 ,  0.04 ,  2.98
23 ,  3 ,  800754 ,  0 ,  215 ,  18.51 ,  0.05 ,  2.98
23 ,  3 ,  800795 ,  0 ,  215 ,  18.40 ,  0.04 ,  2.88
23 ,  3 ,  800835 ,  0 ,  215 ,  18.29 ,  0.04 ,  2.88
23 ,  3 ,  800876 ,  0 ,  215 ,  18.29 ,  0.04 ,  2.88
23 ,  3 ,  800919 ,  0 ,  215 ,  18.18 ,  0.04 ,  2.88
23 ,  3 ,  800959 ,  0 ,  215 ,  18.18 ,  0.04 ,  2.88
23 ,  3 ,  801000 ,  0 ,  215 ,  18.18 ,  0.04 ,  2.88
23 ,  3 ,  801041 ,  0 ,  215 ,  18.07 ,  0.04 ,  2.78
23 ,  3 ,  801081 ,  0 ,  215 ,  18.07 ,  0.04 ,  2.88
23 ,  3 ,  801122 ,  0 ,  215 ,  17.96 ,  0.04 ,  2.78
23 ,  3 ,  801163 ,  0 ,  215 ,  17.96 ,  0.04 ,  2.78
23 ,  3 ,  801203 ,  0 ,  215 ,  17.85 ,  0.04 ,  2.78
23 ,  3 ,  801244 ,  0 ,  215 ,  17.85 ,  0.04 ,  2.78
23 ,  3 ,  801285 ,  0 ,  215 ,  17.85 ,  0.04 ,  2.78
23 ,  3 ,  801327 ,  0 ,  215 ,  17.73 ,  0.04 ,  2.68
23 ,  3 ,  801368 ,  0 ,  215 ,  17.62 ,  0.04 ,  2.78
23 ,  3 ,  801409 ,  0 ,  215 ,  17.62 ,  0.04 ,  2.78
23 ,  3 ,  801448 ,  0 ,  215 ,  17.51 ,  0.04 ,  2.68
23 ,  3 ,  801489 ,  0 ,  215 ,  17.51 ,  0.04 ,  2.78
23 ,  3 ,  801530 ,  0 ,  215 ,  17.51 ,  0.04 ,  2.68
23 ,  3 ,  801570 ,  0 ,  215 ,  17.40 ,  0.04 ,  2.68
23 ,  3 ,  801611 ,  0 ,  215 ,  17.29 ,  0.04 ,  2.68
23 ,  3 ,  801652 ,  0 ,  215 ,  17.29 ,  0.04 ,  2.68
23 ,  3 ,  801694 ,  0 ,  215 ,  17.29 ,  0.04 ,  2.68
23 ,  3 ,  801735 ,  0 ,  215 ,  17.18 ,  0.04 ,  2.68
23 ,  3 ,  801776 ,  0 ,  215 ,  17.18 ,  0.04 ,  2.68
23 ,  3 ,  801816 ,  0 ,  215 ,  17.07 ,  0.04 ,  2.58
23 ,  3 ,  801857 ,  0 ,  215 ,  17.07 ,  0.04 ,  2.58
23 ,  3 ,  801898 ,  0 ,  215 ,  17.07 ,  0.04 ,  2.58
23 ,  3 ,  801938 ,  0 ,  215 ,  16.96 ,  0.04 ,  2.58
23 ,  3 ,  801979 ,  0 ,  215 ,  16.96 ,  0.04 ,  2.58
23 ,  3 ,  802020 ,  0 ,  215 ,  16.85 ,  0.04 ,  2.58
23 ,  3 ,  802062 ,  0 ,  215 ,  16.85 ,  0.04 ,  2.58
23 ,  3 ,  802103 ,  0 ,  215 ,  16.74 ,  0.04 ,  2.58
23 ,  3 ,  802144 ,  0 ,  215 ,  16.74 ,  0.04 ,  2.58
23 ,  3 ,  802184 ,  0 ,  215 ,  16.74 ,  0.04 ,  2.58
23 ,  3 ,  802225 ,  0 ,  215 ,  16.63 ,  0.04 ,  2.48
23 ,  3 ,  802266 ,  0 ,  215 ,  16.63 ,  0.04 ,  2.48
23 ,  3 ,  802306 ,  0 ,  215 ,  16.52 ,  0.04 ,  2.48
23 ,  3 ,  802348 ,  0 ,  215 ,  16.52 ,  0.03 ,  2.48
23 ,  3 ,  802394 ,  0 ,  215 ,  16.41 ,  0.04 ,  2.48
23 ,  3 ,  802437 ,  0 ,  215 ,  16.41 ,  0.04 ,  2.48
23 ,  3 ,  802478 ,  0 ,  215 ,  16.41 ,  0.04 ,  2.48
23 ,  3 ,  802518 ,  0 ,  215 ,  16.30 ,  0.04 ,  2.48
23 ,  3 ,  802558 ,  0 ,  215 ,  16.19 ,  0.04 ,  2.48
23 ,  3 ,  802599 ,  0 ,  215 ,  16.19 ,  0.04 ,  2.38
23 ,  3 ,  802639 ,  0 ,  215 ,  16.19 ,  0.04 ,  2.38
23 ,  3 ,  802680 ,  0 ,  215 ,  16.19 ,  0.04 ,  2.38
23 ,  3 ,  802720 ,  0 ,  215 ,  16.08 ,  0.05 ,  2.38
23 ,  3 ,  802761 ,  0 ,  215 ,  16.08 ,  0.04 ,  2.38
23 ,  3 ,  802804 ,  0 ,  215 ,  15.97 ,  0.04 ,  2.38
23 ,  3 ,  802845 ,  0 ,  215 ,  15.97 ,  0.04 ,  2.38
23 ,  3 ,  802885 ,  0 ,  215 ,  15.86 ,  0.04 ,  2.38
23 ,  3 ,  802926 ,  0 ,  215 ,  15.86 ,  0.04 ,  2.38
23 ,  3 ,  802967 ,  0 ,  215 ,  15.86 ,  0.04 ,  2.38
23 ,  3 ,  803007 ,  0 ,  215 ,  15.75 ,  0.04 ,  2.38
23 ,  3 ,  803048 ,  0 ,  215 ,  15.64 ,  0.04 ,  2.28
23 ,  3 ,  803088 ,  0 ,  215 ,  15.64 ,  0.04 ,  2.28
23 ,  3 ,  803129 ,  0 ,  215 ,  15.64 ,  0.04 ,  2.28
23 ,  3 ,  803168 ,  0 ,  215 ,  15.64 ,  0.04 ,  2.28
23 ,  3 ,  803208 ,  0 ,  215 ,  15.53 ,  0.04 ,  2.28
23 ,  3 ,  803249 ,  0 ,  215 ,  15.42 ,  0.04 ,  2.28
23 ,  3 ,  803290 ,  0 ,  215 ,  15.42 ,  0.04 ,  2.28
23 ,  3 ,  803330 ,  0 ,  215 ,  15.42 ,  0.04 ,  2.28
23 ,  3 ,  803371 ,  0 ,  215 ,  15.31 ,  0.04 ,  2.28
23 ,  3 ,  803410 ,  0 ,  215 ,  15.31 ,  0.03 ,  2.28
23 ,  3 ,  803451 ,  0 ,  215 ,  15.31 ,  0.04 ,  2.28
23 ,  3 ,  803492 ,  0 ,  215 ,  15.31 ,  0.04 ,  2.18
23 ,  3 ,  803535 ,  0 ,  215 ,  15.20 ,  0.04 ,  2.18
23 ,  3 ,  803575 ,  0 ,  215 ,  15.09 ,  0.04 ,  2.18
23 ,  3 ,  803616 ,  0 ,  215 ,  15.09 ,  0.04 ,  2.18
23 ,  3 ,  803657 ,  0 ,  215 ,  15.09 ,  0.04 ,  2.18
23 ,  3 ,  803697 ,  0 ,  215 ,  14.98 ,  0.04 ,  2.18
23 ,  3 ,  803738 ,  0 ,  215 ,  14.98 ,  0.04 ,  2.18
23 ,  3 ,  803778 ,  0 ,  215 ,  14.98 ,  0.04 ,  2.18
23 ,  3 ,  803819 ,  0 ,  215 ,  14.98 ,  0.04 ,  2.18
23 ,  3 ,  803860 ,  0 ,  215 ,  14.87 ,  0.04 ,  2.18
23 ,  3 ,  803900 ,  0 ,  215 ,  14.76 ,  0.04 ,  2.18
23 ,  3 ,  803943 ,  0 ,  215 ,  14.76 ,  0.04 ,  2.18
23 ,  3 ,  803984 ,  0 ,  215 ,  14.76 ,  0.03 ,  2.18
23 ,  3 ,  804025 ,  0 ,  215 ,  14.65 ,  0.04 ,  2.08
23 ,  3 ,  804065 ,  0 ,  215 ,  14.65 ,  0.04 ,  2.08
23 ,  3 ,  804106 ,  0 ,  215 ,  14.65 ,  0.04 ,  2.08
23 ,  3 ,  804146 ,  0 ,  215 ,  14.54 ,  0.03 ,  2.08
23 ,  3 ,  804187 ,  0 ,  215 ,  14.54 ,  0.04 ,  2.08
23 ,  3 ,  804228 ,  0 ,  215 ,  14.43 ,  0.04 ,  2.08
23 ,  3 ,  804268 ,  0 ,  215 ,  14.43 ,  0.04 ,  2.08
23 ,  3 ,  804311 ,  0 ,  215 ,  14.43 ,  0.04 ,  2.08
23 ,  3 ,  804352 ,  0 ,  215 ,  14.32 ,  0.04 ,  2.08
23 ,  3 ,  804392 ,  0 ,  215 ,  14.32 ,  0.04 ,  2.08
23 ,  3 ,  804432 ,  0 ,  215 ,  14.32 ,  0.04 ,  2.08
23 ,  3 ,  804473 ,  0 ,  215 ,  14.21 ,  0.04 ,  1.98
