MS, MPT, t (s), PWMi, PWMe, Pressure (Psi), LW (V), Displacement (mm)
24 ,  1 ,  849482 ,  0 ,  215 ,  13.99 ,  0.03 ,  1.98
24 ,  1 ,  849521 ,  255 ,  0 ,  13.99 ,  0.03 ,  1.98
24 ,  1 ,  849560 ,  255 ,  0 ,  16.30 ,  0.03 ,  1.98
24 ,  1 ,  849599 ,  255 ,  0 ,  30.18 ,  0.06 ,  3.67
24 ,  1 ,  849638 ,  255 ,  0 ,  44.17 ,  0.11 ,  6.85
24 ,  1 ,  849677 ,  255 ,  0 ,  54.08 ,  0.19 ,  10.22
24 ,  1 ,  849716 ,  255 ,  0 ,  60.90 ,  0.27 ,  12.90
24 ,  1 ,  849755 ,  255 ,  0 ,  65.75 ,  0.34 ,  14.88
24 ,  1 ,  849796 ,  255 ,  0 ,  69.49 ,  0.40 ,  16.47
24 ,  1 ,  849835 ,  255 ,  0 ,  72.36 ,  0.43 ,  17.56
24 ,  1 ,  849873 ,  255 ,  0 ,  74.56 ,  0.47 ,  18.45
24 ,  1 ,  849912 ,  255 ,  0 ,  76.54 ,  0.50 ,  19.15
24 ,  1 ,  849950 ,  255 ,  0 ,  78.19 ,  0.52 ,  19.74
24 ,  1 ,  849989 ,  255 ,  0 ,  79.74 ,  0.54 ,  20.14
24 ,  1 ,  850028 ,  255 ,  0 ,  81.17 ,  0.55 ,  20.54
24 ,  1 ,  850067 ,  255 ,  0 ,  82.38 ,  0.56 ,  20.94
24 ,  1 ,  850106 ,  255 ,  0 ,  83.59 ,  0.57 ,  21.33
24 ,  1 ,  850147 ,  255 ,  0 ,  84.69 ,  0.58 ,  21.63
24 ,  1 ,  850185 ,  255 ,  0 ,  85.68 ,  0.58 ,  21.93
24 ,  1 ,  850224 ,  255 ,  0 ,  86.78 ,  0.58 ,  22.22
24 ,  1 ,  850263 ,  255 ,  0 ,  87.56 ,  0.59 ,  22.42
24 ,  1 ,  850301 ,  255 ,  0 ,  88.44 ,  0.59 ,  22.72
24 ,  1 ,  850339 ,  255 ,  0 ,  89.21 ,  0.59 ,  22.92
24 ,  1 ,  850378 ,  255 ,  0 ,  89.98 ,  0.59 ,  23.12
24 ,  1 ,  850417 ,  255 ,  0 ,  90.75 ,  0.60 ,  23.32
24 ,  1 ,  850456 ,  255 ,  0 ,  91.30 ,  0.60 ,  23.42
24 ,  1 ,  850497 ,  255 ,  0 ,  92.07 ,  0.60 ,  23.51
24 ,  1 ,  850536 ,  255 ,  0 ,  92.62 ,  0.60 ,  23.71
24 ,  1 ,  850574 ,  255 ,  0 ,  93.06 ,  0.60 ,  23.81
24 ,  1 ,  850613 ,  255 ,  0 ,  93.61 ,  0.60 ,  23.91
24 ,  1 ,  850652 ,  255 ,  0 ,  94.05 ,  0.60 ,  24.11
24 ,  1 ,  850691 ,  255 ,  0 ,  94.49 ,  0.61 ,  24.11
24 ,  1 ,  850728 ,  255 ,  0 ,  94.82 ,  0.60 ,  24.21
24 ,  1 ,  850767 ,  255 ,  0 ,  95.15 ,  0.61 ,  24.31
24 ,  1 ,  850806 ,  255 ,  0 ,  95.37 ,  0.61 ,  24.41
24 ,  1 ,  850847 ,  255 ,  0 ,  95.59 ,  0.61 ,  24.41
24 ,  1 ,  850886 ,  255 ,  0 ,  95.70 ,  0.61 ,  24.51
24 ,  1 ,  850925 ,  255 ,  0 ,  95.82 ,  0.61 ,  24.51
24 ,  1 ,  850963 ,  255 ,  0 ,  95.93 ,  0.61 ,  24.61
24 ,  1 ,  851002 ,  255 ,  0 ,  96.04 ,  0.61 ,  24.61
24 ,  1 ,  851041 ,  255 ,  0 ,  96.15 ,  0.61 ,  24.61
24 ,  1 ,  851080 ,  255 ,  0 ,  96.15 ,  0.61 ,  24.71
24 ,  1 ,  851119 ,  255 ,  0 ,  96.15 ,  0.61 ,  24.71
24 ,  1 ,  851156 ,  255 ,  0 ,  96.26 ,  0.61 ,  24.71
24 ,  1 ,  851197 ,  255 ,  0 ,  96.26 ,  0.61 ,  24.71
24 ,  1 ,  851236 ,  255 ,  0 ,  96.26 ,  0.61 ,  24.80
24 ,  1 ,  851275 ,  255 ,  0 ,  96.26 ,  0.61 ,  24.80
24 ,  1 ,  851314 ,  255 ,  0 ,  96.26 ,  0.61 ,  24.80
24 ,  1 ,  851353 ,  255 ,  0 ,  96.26 ,  0.61 ,  24.80
24 ,  1 ,  851391 ,  255 ,  0 ,  96.26 ,  0.61 ,  24.80
24 ,  1 ,  851430 ,  255 ,  0 ,  96.26 ,  0.61 ,  24.90
24 ,  1 ,  851469 ,  255 ,  0 ,  96.26 ,  0.61 ,  24.90
24 ,  1 ,  851508 ,  255 ,  0 ,  96.37 ,  0.61 ,  24.90
24 ,  1 ,  851549 ,  255 ,  0 ,  96.26 ,  0.61 ,  24.90
24 ,  1 ,  851587 ,  255 ,  0 ,  96.26 ,  0.61 ,  24.90
24 ,  1 ,  851625 ,  255 ,  0 ,  96.26 ,  0.61 ,  24.90
24 ,  1 ,  851664 ,  255 ,  0 ,  96.26 ,  0.61 ,  24.90
24 ,  1 ,  851703 ,  255 ,  0 ,  96.26 ,  0.61 ,  24.90
24 ,  1 ,  851742 ,  255 ,  0 ,  96.26 ,  0.61 ,  24.90
24 ,  1 ,  851780 ,  255 ,  0 ,  96.26 ,  0.61 ,  24.90
24 ,  1 ,  851819 ,  255 ,  0 ,  96.26 ,  0.61 ,  25.00
24 ,  1 ,  851858 ,  255 ,  0 ,  96.26 ,  0.61 ,  25.00
24 ,  1 ,  851899 ,  255 ,  0 ,  96.26 ,  0.61 ,  24.90
24 ,  1 ,  851938 ,  255 ,  0 ,  96.26 ,  0.61 ,  25.00
24 ,  1 ,  851976 ,  255 ,  0 ,  96.26 ,  0.61 ,  25.00
24 ,  1 ,  852015 ,  255 ,  0 ,  96.26 ,  0.61 ,  25.00
24 ,  1 ,  852054 ,  255 ,  0 ,  96.26 ,  0.61 ,  25.00
24 ,  1 ,  852092 ,  255 ,  0 ,  96.26 ,  0.61 ,  25.00
24 ,  1 ,  852131 ,  255 ,  0 ,  96.26 ,  0.61 ,  25.00
24 ,  1 ,  852169 ,  255 ,  0 ,  96.26 ,  0.61 ,  25.00
24 ,  1 ,  852208 ,  255 ,  0 ,  96.26 ,  0.61 ,  25.10
24 ,  1 ,  852250 ,  255 ,  0 ,  96.26 ,  0.61 ,  25.10
24 ,  1 ,  852289 ,  255 ,  0 ,  96.15 ,  0.61 ,  25.10
24 ,  1 ,  852327 ,  255 ,  0 ,  96.26 ,  0.61 ,  25.10
24 ,  1 ,  852366 ,  255 ,  0 ,  96.26 ,  0.61 ,  25.10
24 ,  1 ,  852405 ,  255 ,  0 ,  96.26 ,  0.61 ,  25.10
24 ,  1 ,  852444 ,  0 ,  210 ,  96.26 ,  0.61 ,  25.10
24 ,  1 ,  852483 ,  0 ,  210 ,  93.61 ,  0.61 ,  25.10
24 ,  1 ,  852520 ,  0 ,  210 ,  88.00 ,  0.61 ,  24.61
24 ,  1 ,  852559 ,  0 ,  210 ,  82.71 ,  0.60 ,  23.81
24 ,  1 ,  852600 ,  0 ,  210 ,  77.97 ,  0.59 ,  22.92
24 ,  1 ,  852639 ,  0 ,  210 ,  74.45 ,  0.58 ,  22.22
24 ,  1 ,  852678 ,  0 ,  210 ,  71.48 ,  0.57 ,  21.43
24 ,  1 ,  852717 ,  0 ,  210 ,  68.94 ,  0.55 ,  20.84
24 ,  1 ,  852755 ,  0 ,  210 ,  66.85 ,  0.53 ,  20.24
24 ,  1 ,  852794 ,  0 ,  210 ,  64.98 ,  0.51 ,  19.74
24 ,  1 ,  852833 ,  0 ,  210 ,  63.44 ,  0.49 ,  19.35
24 ,  1 ,  852872 ,  0 ,  210 ,  62.01 ,  0.47 ,  18.85
24 ,  1 ,  852910 ,  0 ,  210 ,  60.90 ,  0.45 ,  18.45
24 ,  1 ,  852951 ,  0 ,  210 ,  59.69 ,  0.44 ,  18.06
24 ,  1 ,  852989 ,  0 ,  210 ,  58.81 ,  0.42 ,  17.76
24 ,  1 ,  853028 ,  0 ,  210 ,  58.04 ,  0.41 ,  17.46
24 ,  1 ,  853067 ,  0 ,  210 ,  57.27 ,  0.40 ,  17.16
24 ,  1 ,  853106 ,  0 ,  210 ,  56.72 ,  0.39 ,  16.97
24 ,  1 ,  853144 ,  0 ,  210 ,  56.06 ,  0.37 ,  16.67
24 ,  1 ,  853183 ,  0 ,  210 ,  55.51 ,  0.36 ,  16.47
24 ,  1 ,  853222 ,  0 ,  210 ,  54.96 ,  0.36 ,  16.27
24 ,  1 ,  853261 ,  0 ,  210 ,  54.63 ,  0.35 ,  16.07
24 ,  1 ,  853302 ,  0 ,  210 ,  54.19 ,  0.34 ,  15.97
24 ,  1 ,  853340 ,  0 ,  210 ,  53.86 ,  0.33 ,  15.78
24 ,  1 ,  853379 ,  0 ,  210 ,  53.53 ,  0.32 ,  15.68
24 ,  1 ,  853417 ,  0 ,  210 ,  53.20 ,  0.32 ,  15.48
24 ,  1 ,  853456 ,  0 ,  210 ,  52.87 ,  0.32 ,  15.38
24 ,  1 ,  853494 ,  0 ,  210 ,  52.65 ,  0.31 ,  15.28
24 ,  1 ,  853533 ,  0 ,  210 ,  52.42 ,  0.30 ,  15.18
24 ,  1 ,  853572 ,  0 ,  210 ,  52.09 ,  0.30 ,  15.08
24 ,  1 ,  853611 ,  0 ,  210 ,  51.98 ,  0.29 ,  14.88
24 ,  1 ,  853652 ,  0 ,  210 ,  51.76 ,  0.29 ,  14.78
24 ,  1 ,  853691 ,  0 ,  210 ,  51.54 ,  0.28 ,  14.78
24 ,  1 ,  853729 ,  0 ,  210 ,  51.32 ,  0.28 ,  14.68
24 ,  1 ,  853768 ,  0 ,  210 ,  51.21 ,  0.28 ,  14.59
24 ,  1 ,  853807 ,  0 ,  210 ,  50.99 ,  0.28 ,  14.49
24 ,  1 ,  853846 ,  0 ,  210 ,  50.77 ,  0.27 ,  14.49
24 ,  1 ,  853883 ,  0 ,  210 ,  50.66 ,  0.26 ,  14.39
24 ,  1 ,  853922 ,  0 ,  210 ,  50.55 ,  0.27 ,  14.29
24 ,  1 ,  853961 ,  0 ,  210 ,  50.33 ,  0.26 ,  14.19
24 ,  1 ,  854002 ,  0 ,  210 ,  50.22 ,  0.26 ,  14.19
24 ,  1 ,  854041 ,  0 ,  210 ,  50.11 ,  0.26 ,  14.09
24 ,  1 ,  854080 ,  0 ,  210 ,  50.00 ,  0.25 ,  14.09
24 ,  1 ,  854118 ,  0 ,  210 ,  49.78 ,  0.25 ,  13.99
24 ,  1 ,  854157 ,  0 ,  210 ,  49.67 ,  0.25 ,  13.89
24 ,  1 ,  854196 ,  0 ,  210 ,  49.56 ,  0.24 ,  13.89
24 ,  1 ,  854235 ,  0 ,  210 ,  49.34 ,  0.24 ,  13.79
24 ,  1 ,  854273 ,  0 ,  210 ,  49.34 ,  0.24 ,  13.79
24 ,  1 ,  854311 ,  0 ,  210 ,  49.12 ,  0.24 ,  13.69
24 ,  1 ,  854352 ,  0 ,  210 ,  49.01 ,  0.23 ,  13.59
24 ,  1 ,  854391 ,  0 ,  210 ,  48.90 ,  0.23 ,  13.59
24 ,  1 ,  854430 ,  0 ,  210 ,  48.79 ,  0.23 ,  13.59
24 ,  1 ,  854468 ,  0 ,  210 ,  48.68 ,  0.23 ,  13.49
24 ,  1 ,  854507 ,  0 ,  210 ,  48.57 ,  0.22 ,  13.49
24 ,  1 ,  854546 ,  0 ,  210 ,  48.46 ,  0.22 ,  13.39
24 ,  1 ,  854585 ,  0 ,  210 ,  48.35 ,  0.22 ,  13.39
24 ,  1 ,  854623 ,  0 ,  210 ,  48.24 ,  0.22 ,  13.30
24 ,  1 ,  854662 ,  0 ,  210 ,  48.13 ,  0.22 ,  13.30
24 ,  1 ,  854703 ,  0 ,  210 ,  48.02 ,  0.22 ,  13.20
24 ,  1 ,  854742 ,  0 ,  210 ,  47.91 ,  0.22 ,  13.20
24 ,  1 ,  854780 ,  0 ,  210 ,  47.80 ,  0.22 ,  13.10
24 ,  1 ,  854819 ,  0 ,  210 ,  47.69 ,  0.21 ,  13.10
24 ,  1 ,  854857 ,  0 ,  210 ,  47.58 ,  0.21 ,  13.00
24 ,  1 ,  854896 ,  0 ,  210 ,  47.58 ,  0.21 ,  13.00
24 ,  1 ,  854935 ,  0 ,  210 ,  47.47 ,  0.21 ,  12.90
24 ,  1 ,  854974 ,  0 ,  210 ,  47.25 ,  0.21 ,  12.90
24 ,  1 ,  855012 ,  0 ,  210 ,  47.25 ,  0.20 ,  12.90
24 ,  1 ,  855053 ,  0 ,  210 ,  47.14 ,  0.21 ,  12.80
24 ,  1 ,  855092 ,  0 ,  210 ,  47.03 ,  0.20 ,  12.80
24 ,  1 ,  855131 ,  0 ,  210 ,  46.92 ,  0.20 ,  12.70
24 ,  1 ,  855170 ,  0 ,  210 ,  46.81 ,  0.20 ,  12.70
24 ,  1 ,  855207 ,  0 ,  210 ,  46.70 ,  0.20 ,  12.60
24 ,  1 ,  855246 ,  0 ,  210 ,  46.59 ,  0.20 ,  12.60
24 ,  1 ,  855285 ,  0 ,  210 ,  46.48 ,  0.19 ,  12.50
24 ,  1 ,  855324 ,  0 ,  210 ,  46.48 ,  0.19 ,  12.50
24 ,  1 ,  855363 ,  0 ,  210 ,  46.37 ,  0.19 ,  12.50
24 ,  1 ,  855404 ,  0 ,  210 ,  46.26 ,  0.19 ,  12.40
24 ,  1 ,  855442 ,  0 ,  210 ,  46.15 ,  0.19 ,  12.40
24 ,  1 ,  855481 ,  0 ,  210 ,  46.04 ,  0.19 ,  12.30
24 ,  1 ,  855520 ,  0 ,  210 ,  45.93 ,  0.19 ,  12.30
24 ,  1 ,  855559 ,  0 ,  210 ,  45.82 ,  0.19 ,  12.30
24 ,  1 ,  855597 ,  0 ,  210 ,  45.71 ,  0.18 ,  12.20
24 ,  1 ,  855635 ,  0 ,  210 ,  45.60 ,  0.18 ,  12.10
24 ,  1 ,  855674 ,  0 ,  210 ,  45.60 ,  0.18 ,  12.10
24 ,  1 ,  855713 ,  0 ,  210 ,  45.49 ,  0.18 ,  12.10
24 ,  1 ,  855754 ,  0 ,  210 ,  45.38 ,  0.17 ,  12.10
24 ,  1 ,  855800 ,  0 ,  210 ,  45.27 ,  0.17 ,  12.01
24 ,  1 ,  855838 ,  0 ,  210 ,  45.16 ,  0.17 ,  12.01
24 ,  1 ,  855877 ,  0 ,  210 ,  45.05 ,  0.17 ,  11.91
24 ,  1 ,  855916 ,  0 ,  210 ,  44.94 ,  0.17 ,  11.91
24 ,  1 ,  855955 ,  0 ,  210 ,  44.83 ,  0.17 ,  11.81
24 ,  1 ,  855993 ,  0 ,  210 ,  44.72 ,  0.16 ,  11.81
24 ,  1 ,  856032 ,  0 ,  210 ,  44.72 ,  0.17 ,  11.81
24 ,  1 ,  856071 ,  0 ,  210 ,  44.61 ,  0.17 ,  11.71
24 ,  1 ,  856112 ,  0 ,  210 ,  44.50 ,  0.17 ,  11.71
24 ,  1 ,  856151 ,  0 ,  210 ,  44.39 ,  0.16 ,  11.71
24 ,  1 ,  856188 ,  0 ,  210 ,  44.28 ,  0.16 ,  11.61
24 ,  1 ,  856227 ,  0 ,  210 ,  44.17 ,  0.16 ,  11.61
24 ,  1 ,  856266 ,  0 ,  210 ,  44.06 ,  0.16 ,  11.51
24 ,  1 ,  856305 ,  0 ,  210 ,  43.95 ,  0.16 ,  11.51
24 ,  1 ,  856343 ,  0 ,  210 ,  43.84 ,  0.16 ,  11.51
24 ,  1 ,  856382 ,  0 ,  210 ,  43.72 ,  0.15 ,  11.41
24 ,  1 ,  856421 ,  0 ,  210 ,  43.61 ,  0.15 ,  11.41
24 ,  1 ,  856462 ,  0 ,  210 ,  43.50 ,  0.15 ,  11.31
24 ,  1 ,  856501 ,  0 ,  210 ,  43.39 ,  0.15 ,  11.31
24 ,  1 ,  856540 ,  0 ,  210 ,  43.39 ,  0.15 ,  11.31
24 ,  1 ,  856578 ,  0 ,  210 ,  43.28 ,  0.15 ,  11.21
24 ,  1 ,  856616 ,  0 ,  210 ,  43.17 ,  0.15 ,  11.21
24 ,  1 ,  856655 ,  0 ,  210 ,  43.06 ,  0.15 ,  11.11
24 ,  1 ,  856694 ,  0 ,  210 ,  42.95 ,  0.15 ,  11.11
24 ,  1 ,  856732 ,  0 ,  210 ,  42.95 ,  0.14 ,  11.11
24 ,  1 ,  856771 ,  0 ,  210 ,  42.73 ,  0.14 ,  11.01
24 ,  1 ,  856812 ,  0 ,  210 ,  42.73 ,  0.14 ,  11.01
24 ,  1 ,  856851 ,  0 ,  210 ,  42.62 ,  0.13 ,  10.91
24 ,  1 ,  856890 ,  0 ,  210 ,  42.51 ,  0.14 ,  10.91
24 ,  1 ,  856928 ,  0 ,  210 ,  42.40 ,  0.14 ,  10.91
24 ,  1 ,  856967 ,  0 ,  210 ,  42.29 ,  0.13 ,  10.81
24 ,  1 ,  857006 ,  0 ,  210 ,  42.18 ,  0.13 ,  10.81
24 ,  1 ,  857044 ,  0 ,  210 ,  42.07 ,  0.13 ,  10.72
24 ,  1 ,  857083 ,  0 ,  210 ,  41.96 ,  0.13 ,  10.72
24 ,  1 ,  857121 ,  0 ,  210 ,  41.85 ,  0.13 ,  10.72
24 ,  1 ,  857162 ,  0 ,  210 ,  41.85 ,  0.13 ,  10.62
24 ,  1 ,  857201 ,  0 ,  210 ,  41.74 ,  0.12 ,  10.62
24 ,  1 ,  857240 ,  0 ,  210 ,  41.63 ,  0.13 ,  10.52
24 ,  1 ,  857279 ,  0 ,  210 ,  41.52 ,  0.13 ,  10.52
24 ,  1 ,  857317 ,  0 ,  210 ,  41.41 ,  0.12 ,  10.52
24 ,  1 ,  857356 ,  0 ,  210 ,  41.30 ,  0.12 ,  10.42
24 ,  1 ,  857395 ,  0 ,  210 ,  41.19 ,  0.12 ,  10.42
24 ,  1 ,  857434 ,  0 ,  210 ,  41.19 ,  0.12 ,  10.32
24 ,  1 ,  857472 ,  0 ,  210 ,  41.08 ,  0.12 ,  10.32
24 ,  1 ,  857513 ,  0 ,  210 ,  40.97 ,  0.12 ,  10.32
24 ,  1 ,  857551 ,  0 ,  210 ,  40.86 ,  0.12 ,  10.22
24 ,  1 ,  857590 ,  0 ,  210 ,  40.75 ,  0.12 ,  10.22
24 ,  1 ,  857629 ,  0 ,  210 ,  40.64 ,  0.12 ,  10.22
24 ,  1 ,  857668 ,  0 ,  210 ,  40.53 ,  0.11 ,  10.12
24 ,  1 ,  857706 ,  0 ,  210 ,  40.53 ,  0.11 ,  10.02
24 ,  1 ,  857745 ,  0 ,  210 ,  40.42 ,  0.11 ,  10.02
24 ,  1 ,  857784 ,  0 ,  210 ,  40.31 ,  0.11 ,  10.02
24 ,  1 ,  857823 ,  0 ,  210 ,  40.20 ,  0.11 ,  10.02
24 ,  1 ,  857864 ,  0 ,  210 ,  40.09 ,  0.11 ,  9.92
24 ,  1 ,  857902 ,  0 ,  210 ,  40.09 ,  0.11 ,  9.92
24 ,  1 ,  857940 ,  0 ,  210 ,  39.87 ,  0.11 ,  9.82
24 ,  1 ,  857979 ,  0 ,  210 ,  39.87 ,  0.11 ,  9.82
24 ,  1 ,  858018 ,  0 ,  210 ,  39.76 ,  0.11 ,  9.82
24 ,  1 ,  858056 ,  0 ,  210 ,  39.65 ,  0.11 ,  9.72
24 ,  1 ,  858095 ,  0 ,  210 ,  39.54 ,  0.10 ,  9.72
24 ,  1 ,  858134 ,  0 ,  210 ,  39.54 ,  0.10 ,  9.72
24 ,  1 ,  858173 ,  0 ,  210 ,  39.43 ,  0.10 ,  9.62
24 ,  1 ,  858213 ,  0 ,  210 ,  39.32 ,  0.10 ,  9.53
24 ,  1 ,  858252 ,  0 ,  210 ,  39.21 ,  0.10 ,  9.53
24 ,  1 ,  858291 ,  0 ,  210 ,  39.10 ,  0.10 ,  9.53
24 ,  1 ,  858330 ,  0 ,  210 ,  38.99 ,  0.10 ,  9.53
24 ,  1 ,  858368 ,  0 ,  210 ,  38.99 ,  0.10 ,  9.43
24 ,  1 ,  858406 ,  0 ,  210 ,  38.77 ,  0.10 ,  9.43
24 ,  1 ,  858445 ,  0 ,  210 ,  38.66 ,  0.09 ,  9.33
24 ,  1 ,  858484 ,  0 ,  210 ,  38.66 ,  0.09 ,  9.33
24 ,  1 ,  858522 ,  0 ,  210 ,  38.55 ,  0.09 ,  9.23
24 ,  1 ,  858563 ,  0 ,  210 ,  38.44 ,  0.09 ,  9.23
24 ,  1 ,  858602 ,  0 ,  210 ,  38.44 ,  0.09 ,  9.23
24 ,  1 ,  858641 ,  0 ,  210 ,  38.33 ,  0.09 ,  9.13
24 ,  1 ,  858679 ,  0 ,  210 ,  38.22 ,  0.09 ,  9.13
24 ,  1 ,  858718 ,  0 ,  210 ,  38.11 ,  0.09 ,  9.13
24 ,  1 ,  858757 ,  0 ,  210 ,  38.00 ,  0.09 ,  9.03
24 ,  1 ,  858796 ,  0 ,  210 ,  38.00 ,  0.09 ,  9.03
24 ,  1 ,  858833 ,  0 ,  210 ,  37.78 ,  0.09 ,  9.03
24 ,  1 ,  858872 ,  0 ,  210 ,  37.78 ,  0.09 ,  8.93
24 ,  1 ,  858913 ,  0 ,  210 ,  37.67 ,  0.09 ,  8.93
24 ,  1 ,  858952 ,  0 ,  210 ,  37.56 ,  0.08 ,  8.93
24 ,  1 ,  858991 ,  0 ,  210 ,  37.45 ,  0.09 ,  8.83
24 ,  1 ,  859029 ,  0 ,  210 ,  37.45 ,  0.08 ,  8.83
24 ,  1 ,  859068 ,  0 ,  210 ,  37.34 ,  0.08 ,  8.73
24 ,  1 ,  859107 ,  0 ,  210 ,  37.23 ,  0.08 ,  8.73
24 ,  1 ,  859145 ,  0 ,  210 ,  37.12 ,  0.09 ,  8.73
24 ,  1 ,  859184 ,  0 ,  210 ,  37.01 ,  0.08 ,  8.73
24 ,  1 ,  859223 ,  0 ,  210 ,  37.01 ,  0.08 ,  8.63
24 ,  1 ,  859264 ,  0 ,  210 ,  36.90 ,  0.08 ,  8.63
24 ,  1 ,  859302 ,  0 ,  210 ,  36.79 ,  0.08 ,  8.53
24 ,  1 ,  859341 ,  0 ,  210 ,  36.68 ,  0.08 ,  8.53
24 ,  1 ,  859380 ,  0 ,  210 ,  36.57 ,  0.08 ,  8.53
24 ,  1 ,  859418 ,  0 ,  210 ,  36.57 ,  0.08 ,  8.43
24 ,  1 ,  859457 ,  0 ,  210 ,  36.46 ,  0.08 ,  8.43
24 ,  1 ,  859496 ,  0 ,  210 ,  36.35 ,  0.08 ,  8.43
24 ,  1 ,  859535 ,  0 ,  210 ,  36.24 ,  0.08 ,  8.33
24 ,  1 ,  859573 ,  0 ,  210 ,  36.13 ,  0.07 ,  8.33
24 ,  1 ,  859614 ,  0 ,  210 ,  36.13 ,  0.07 ,  8.33
24 ,  1 ,  859653 ,  0 ,  210 ,  36.02 ,  0.08 ,  8.24
24 ,  1 ,  859692 ,  0 ,  210 ,  35.91 ,  0.08 ,  8.24
24 ,  1 ,  859730 ,  0 ,  210 ,  35.80 ,  0.07 ,  8.24
24 ,  1 ,  859769 ,  0 ,  210 ,  35.69 ,  0.07 ,  8.14
24 ,  1 ,  859807 ,  0 ,  210 ,  35.69 ,  0.07 ,  8.14
24 ,  1 ,  859846 ,  0 ,  210 ,  35.58 ,  0.07 ,  8.14
24 ,  1 ,  859885 ,  0 ,  210 ,  35.47 ,  0.07 ,  8.04
24 ,  1 ,  859924 ,  0 ,  210 ,  35.36 ,  0.07 ,  8.04
24 ,  1 ,  859963 ,  0 ,  210 ,  35.25 ,  0.07 ,  8.04
24 ,  1 ,  860004 ,  0 ,  210 ,  35.25 ,  0.07 ,  7.94
24 ,  1 ,  860043 ,  0 ,  210 ,  35.13 ,  0.07 ,  7.94
24 ,  1 ,  860082 ,  0 ,  210 ,  35.13 ,  0.07 ,  7.94
24 ,  1 ,  860120 ,  0 ,  210 ,  34.91 ,  0.07 ,  7.84
24 ,  1 ,  860158 ,  0 ,  210 ,  34.80 ,  0.07 ,  7.84
24 ,  1 ,  860197 ,  0 ,  210 ,  34.80 ,  0.07 ,  7.84
24 ,  1 ,  860236 ,  0 ,  210 ,  34.69 ,  0.07 ,  7.84
24 ,  1 ,  860275 ,  0 ,  210 ,  34.58 ,  0.07 ,  7.74
24 ,  1 ,  860313 ,  0 ,  210 ,  34.58 ,  0.07 ,  7.74
24 ,  1 ,  860355 ,  0 ,  210 ,  34.47 ,  0.06 ,  7.64
24 ,  1 ,  860393 ,  0 ,  210 ,  34.36 ,  0.07 ,  7.64
24 ,  1 ,  860432 ,  0 ,  210 ,  34.25 ,  0.06 ,  7.64
24 ,  1 ,  860471 ,  0 ,  210 ,  34.14 ,  0.06 ,  7.64
24 ,  1 ,  860510 ,  0 ,  210 ,  34.14 ,  0.06 ,  7.54
24 ,  1 ,  860549 ,  0 ,  210 ,  34.03 ,  0.06 ,  7.54
24 ,  1 ,  860587 ,  0 ,  210 ,  33.92 ,  0.06 ,  7.54
24 ,  1 ,  860625 ,  0 ,  210 ,  33.92 ,  0.06 ,  7.44
24 ,  1 ,  860664 ,  0 ,  210 ,  33.81 ,  0.06 ,  7.44
24 ,  1 ,  860715 ,  0 ,  210 ,  33.70 ,  0.06 ,  7.44
24 ,  1 ,  860755 ,  0 ,  210 ,  33.59 ,  0.06 ,  7.34
24 ,  1 ,  860796 ,  0 ,  210 ,  33.48 ,  0.06 ,  7.34
24 ,  1 ,  860837 ,  0 ,  210 ,  33.48 ,  0.06 ,  7.34
24 ,  1 ,  860878 ,  0 ,  210 ,  33.26 ,  0.06 ,  7.24
24 ,  1 ,  860919 ,  0 ,  210 ,  33.15 ,  0.06 ,  7.24
24 ,  1 ,  860960 ,  0 ,  210 ,  33.15 ,  0.06 ,  7.24
24 ,  1 ,  861001 ,  0 ,  210 ,  33.04 ,  0.06 ,  7.14
24 ,  1 ,  861042 ,  0 ,  210 ,  33.04 ,  0.06 ,  7.14
24 ,  1 ,  861085 ,  0 ,  210 ,  32.82 ,  0.06 ,  7.14
24 ,  1 ,  861126 ,  0 ,  210 ,  32.82 ,  0.06 ,  7.14
24 ,  1 ,  861167 ,  0 ,  210 ,  32.71 ,  0.06 ,  7.04
24 ,  1 ,  861207 ,  0 ,  210 ,  32.60 ,  0.06 ,  7.04
24 ,  1 ,  861248 ,  0 ,  210 ,  32.60 ,  0.06 ,  7.04
24 ,  1 ,  861289 ,  0 ,  210 ,  32.49 ,  0.06 ,  7.04
24 ,  1 ,  861330 ,  0 ,  210 ,  32.38 ,  0.06 ,  6.95
24 ,  1 ,  861370 ,  0 ,  210 ,  32.27 ,  0.05 ,  6.95
24 ,  1 ,  861411 ,  0 ,  210 ,  32.16 ,  0.06 ,  6.85
24 ,  1 ,  861454 ,  0 ,  210 ,  32.05 ,  0.06 ,  6.85
24 ,  1 ,  861495 ,  0 ,  210 ,  32.05 ,  0.06 ,  6.85
24 ,  1 ,  861536 ,  0 ,  210 ,  31.94 ,  0.06 ,  6.85
24 ,  1 ,  861577 ,  0 ,  210 ,  31.83 ,  0.06 ,  6.75
24 ,  1 ,  861617 ,  0 ,  210 ,  31.72 ,  0.05 ,  6.75
24 ,  1 ,  861658 ,  0 ,  210 ,  31.72 ,  0.05 ,  6.75
24 ,  1 ,  861699 ,  0 ,  210 ,  31.61 ,  0.05 ,  6.65
24 ,  1 ,  861740 ,  0 ,  210 ,  31.50 ,  0.05 ,  6.65
24 ,  1 ,  861779 ,  0 ,  210 ,  31.39 ,  0.05 ,  6.65
24 ,  1 ,  861822 ,  0 ,  210 ,  31.28 ,  0.05 ,  6.65
24 ,  1 ,  861863 ,  0 ,  210 ,  31.28 ,  0.06 ,  6.55
24 ,  1 ,  861904 ,  0 ,  210 ,  31.17 ,  0.05 ,  6.55
24 ,  1 ,  861945 ,  0 ,  210 ,  31.06 ,  0.05 ,  6.45
24 ,  1 ,  861986 ,  0 ,  210 ,  31.06 ,  0.06 ,  6.45
24 ,  1 ,  862026 ,  0 ,  210 ,  30.95 ,  0.05 ,  6.45
24 ,  1 ,  862067 ,  0 ,  210 ,  30.84 ,  0.06 ,  6.45
24 ,  1 ,  862108 ,  0 ,  210 ,  30.73 ,  0.05 ,  6.35
24 ,  1 ,  862149 ,  0 ,  210 ,  30.62 ,  0.06 ,  6.35
24 ,  1 ,  862192 ,  0 ,  210 ,  30.62 ,  0.05 ,  6.35
24 ,  1 ,  862232 ,  0 ,  210 ,  30.51 ,  0.05 ,  6.35
24 ,  1 ,  862273 ,  0 ,  210 ,  30.40 ,  0.05 ,  6.35
24 ,  1 ,  862314 ,  0 ,  210 ,  30.29 ,  0.05 ,  6.25
24 ,  1 ,  862355 ,  0 ,  210 ,  30.29 ,  0.05 ,  6.25
24 ,  1 ,  862395 ,  0 ,  210 ,  30.18 ,  0.05 ,  6.25
24 ,  1 ,  862436 ,  0 ,  210 ,  30.07 ,  0.05 ,  6.15
24 ,  1 ,  862477 ,  0 ,  210 ,  30.07 ,  0.05 ,  6.15
24 ,  1 ,  862518 ,  0 ,  210 ,  29.85 ,  0.05 ,  6.15
24 ,  1 ,  862559 ,  0 ,  210 ,  29.85 ,  0.05 ,  6.15
24 ,  1 ,  862602 ,  0 ,  210 ,  29.74 ,  0.05 ,  6.05
24 ,  1 ,  862642 ,  0 ,  210 ,  29.63 ,  0.05 ,  6.05
24 ,  1 ,  862683 ,  0 ,  210 ,  29.63 ,  0.05 ,  6.05
24 ,  1 ,  862724 ,  0 ,  210 ,  29.52 ,  0.05 ,  5.95
24 ,  1 ,  862765 ,  0 ,  210 ,  29.41 ,  0.05 ,  5.95
24 ,  1 ,  862804 ,  0 ,  210 ,  29.30 ,  0.05 ,  5.95
24 ,  1 ,  862845 ,  0 ,  210 ,  29.30 ,  0.05 ,  5.95
24 ,  1 ,  862886 ,  0 ,  210 ,  29.19 ,  0.05 ,  5.85
24 ,  1 ,  862927 ,  0 ,  210 ,  29.08 ,  0.05 ,  5.85
24 ,  1 ,  862970 ,  0 ,  210 ,  29.08 ,  0.05 ,  5.85
24 ,  1 ,  863011 ,  0 ,  210 ,  28.97 ,  0.05 ,  5.85
24 ,  1 ,  863052 ,  0 ,  210 ,  28.86 ,  0.05 ,  5.75
24 ,  1 ,  863093 ,  0 ,  210 ,  28.86 ,  0.05 ,  5.75
24 ,  1 ,  863133 ,  0 ,  210 ,  28.75 ,  0.05 ,  5.75
24 ,  1 ,  863184 ,  0 ,  210 ,  28.64 ,  0.05 ,  5.75
24 ,  1 ,  863224 ,  0 ,  210 ,  28.53 ,  0.05 ,  5.66
24 ,  1 ,  863265 ,  0 ,  210 ,  28.42 ,  0.05 ,  5.66
24 ,  1 ,  863306 ,  0 ,  210 ,  28.42 ,  0.05 ,  5.56
24 ,  1 ,  863349 ,  0 ,  210 ,  28.31 ,  0.05 ,  5.66
24 ,  1 ,  863390 ,  0 ,  210 ,  28.31 ,  0.04 ,  5.56
24 ,  1 ,  863430 ,  0 ,  210 ,  28.20 ,  0.05 ,  5.56
24 ,  1 ,  863471 ,  0 ,  210 ,  28.09 ,  0.05 ,  5.46
24 ,  1 ,  863512 ,  0 ,  210 ,  27.98 ,  0.05 ,  5.56
24 ,  1 ,  863553 ,  0 ,  210 ,  27.87 ,  0.04 ,  5.46
24 ,  1 ,  863593 ,  0 ,  210 ,  27.87 ,  0.05 ,  5.46
24 ,  1 ,  863634 ,  0 ,  210 ,  27.76 ,  0.05 ,  5.46
24 ,  1 ,  863675 ,  0 ,  210 ,  27.65 ,  0.04 ,  5.46
24 ,  1 ,  863718 ,  0 ,  210 ,  27.65 ,  0.05 ,  5.36
24 ,  1 ,  863759 ,  0 ,  210 ,  27.54 ,  0.04 ,  5.36
24 ,  1 ,  863799 ,  0 ,  210 ,  27.43 ,  0.04 ,  5.36
24 ,  1 ,  863840 ,  0 ,  210 ,  27.32 ,  0.04 ,  5.36
24 ,  1 ,  863881 ,  0 ,  210 ,  27.32 ,  0.04 ,  5.26
24 ,  1 ,  863922 ,  0 ,  210 ,  27.21 ,  0.04 ,  5.26
24 ,  1 ,  863962 ,  0 ,  210 ,  27.10 ,  0.04 ,  5.26
24 ,  1 ,  864003 ,  0 ,  210 ,  27.10 ,  0.04 ,  5.26
24 ,  1 ,  864044 ,  0 ,  210 ,  26.99 ,  0.04 ,  5.16
24 ,  1 ,  864087 ,  0 ,  210 ,  26.88 ,  0.04 ,  5.16
24 ,  1 ,  864128 ,  0 ,  210 ,  26.88 ,  0.04 ,  5.16
24 ,  1 ,  864168 ,  0 ,  210 ,  26.77 ,  0.05 ,  5.16
24 ,  1 ,  864208 ,  0 ,  210 ,  26.66 ,  0.05 ,  5.16
24 ,  1 ,  864249 ,  0 ,  210 ,  26.55 ,  0.04 ,  5.06
24 ,  1 ,  864290 ,  0 ,  210 ,  26.55 ,  0.04 ,  5.06
24 ,  1 ,  864331 ,  0 ,  210 ,  26.43 ,  0.04 ,  5.06
24 ,  1 ,  864371 ,  0 ,  210 ,  26.32 ,  0.04 ,  5.06
24 ,  1 ,  864412 ,  0 ,  210 ,  26.32 ,  0.05 ,  5.06
24 ,  1 ,  864455 ,  0 ,  210 ,  26.21 ,  0.04 ,  4.96
24 ,  1 ,  864496 ,  0 ,  210 ,  26.10 ,  0.04 ,  4.96
24 ,  1 ,  864537 ,  0 ,  210 ,  26.10 ,  0.04 ,  4.96
24 ,  1 ,  864577 ,  0 ,  210 ,  25.99 ,  0.04 ,  4.96
24 ,  1 ,  864618 ,  0 ,  210 ,  25.99 ,  0.04 ,  4.86
24 ,  1 ,  864659 ,  0 ,  210 ,  25.88 ,  0.04 ,  4.86
24 ,  1 ,  864700 ,  0 ,  210 ,  25.77 ,  0.04 ,  4.86
24 ,  1 ,  864740 ,  0 ,  210 ,  25.66 ,  0.04 ,  4.86
24 ,  1 ,  864781 ,  0 ,  210 ,  25.66 ,  0.04 ,  4.86
24 ,  1 ,  864824 ,  0 ,  210 ,  25.55 ,  0.04 ,  4.76
24 ,  1 ,  864865 ,  0 ,  210 ,  25.44 ,  0.04 ,  4.76
24 ,  1 ,  864906 ,  0 ,  210 ,  25.44 ,  0.04 ,  4.76
24 ,  1 ,  864946 ,  0 ,  210 ,  25.33 ,  0.04 ,  4.76
24 ,  1 ,  864987 ,  0 ,  210 ,  25.33 ,  0.04 ,  4.66
24 ,  1 ,  865028 ,  0 ,  210 ,  25.22 ,  0.04 ,  4.66
24 ,  1 ,  865069 ,  0 ,  210 ,  25.11 ,  0.04 ,  4.66
24 ,  1 ,  865108 ,  0 ,  210 ,  25.00 ,  0.04 ,  4.66
24 ,  1 ,  865149 ,  0 ,  210 ,  25.00 ,  0.04 ,  4.66
24 ,  1 ,  865190 ,  0 ,  210 ,  24.89 ,  0.04 ,  4.66
24 ,  1 ,  865233 ,  0 ,  210 ,  24.78 ,  0.04 ,  4.56
24 ,  1 ,  865274 ,  0 ,  210 ,  24.78 ,  0.04 ,  4.56
24 ,  1 ,  865315 ,  0 ,  210 ,  24.78 ,  0.04 ,  4.56
24 ,  1 ,  865355 ,  0 ,  210 ,  24.67 ,  0.04 ,  4.56
24 ,  1 ,  865396 ,  0 ,  210 ,  24.56 ,  0.04 ,  4.46
24 ,  1 ,  865437 ,  0 ,  210 ,  24.56 ,  0.04 ,  4.46
24 ,  1 ,  865478 ,  0 ,  210 ,  24.34 ,  0.04 ,  4.46
24 ,  1 ,  865518 ,  0 ,  210 ,  24.34 ,  0.04 ,  4.46
24 ,  1 ,  865559 ,  0 ,  210 ,  24.34 ,  0.04 ,  4.46
24 ,  1 ,  865602 ,  0 ,  210 ,  24.23 ,  0.04 ,  4.37
24 ,  1 ,  865643 ,  0 ,  210 ,  24.12 ,  0.04 ,  4.37
24 ,  1 ,  865684 ,  0 ,  210 ,  24.12 ,  0.04 ,  4.37
24 ,  1 ,  865724 ,  0 ,  210 ,  24.01 ,  0.04 ,  4.37
24 ,  1 ,  865765 ,  0 ,  210 ,  23.90 ,  0.04 ,  4.37
24 ,  1 ,  865806 ,  0 ,  210 ,  23.90 ,  0.04 ,  4.37
24 ,  1 ,  865847 ,  0 ,  210 ,  23.79 ,  0.03 ,  4.27
24 ,  1 ,  865888 ,  0 ,  210 ,  23.79 ,  0.04 ,  4.27
24 ,  1 ,  865928 ,  0 ,  210 ,  23.68 ,  0.04 ,  4.27
24 ,  1 ,  865971 ,  0 ,  210 ,  23.57 ,  0.04 ,  4.27
24 ,  1 ,  866012 ,  0 ,  210 ,  23.57 ,  0.04 ,  4.27
24 ,  1 ,  866053 ,  0 ,  210 ,  23.46 ,  0.04 ,  4.17
24 ,  1 ,  866094 ,  0 ,  210 ,  23.35 ,  0.04 ,  4.27
24 ,  1 ,  866134 ,  0 ,  210 ,  23.35 ,  0.04 ,  4.17
24 ,  1 ,  866174 ,  0 ,  210 ,  23.24 ,  0.04 ,  4.17
24 ,  1 ,  866215 ,  0 ,  210 ,  23.24 ,  0.03 ,  4.17
24 ,  1 ,  866256 ,  0 ,  210 ,  23.13 ,  0.04 ,  4.17
24 ,  1 ,  866296 ,  0 ,  210 ,  23.02 ,  0.04 ,  4.07
24 ,  1 ,  866339 ,  0 ,  210 ,  23.02 ,  0.04 ,  4.07
24 ,  1 ,  866380 ,  0 ,  210 ,  22.91 ,  0.04 ,  4.07
24 ,  1 ,  866421 ,  0 ,  210 ,  22.80 ,  0.04 ,  4.07
24 ,  1 ,  866462 ,  0 ,  210 ,  22.80 ,  0.04 ,  4.07
24 ,  1 ,  866502 ,  0 ,  210 ,  22.69 ,  0.04 ,  4.07
24 ,  1 ,  866543 ,  0 ,  210 ,  22.69 ,  0.04 ,  3.97
24 ,  1 ,  866584 ,  0 ,  210 ,  22.58 ,  0.04 ,  3.97
24 ,  1 ,  866625 ,  0 ,  210 ,  22.58 ,  0.04 ,  3.97
24 ,  1 ,  866666 ,  0 ,  210 ,  22.47 ,  0.04 ,  3.97
24 ,  1 ,  866709 ,  0 ,  210 ,  22.36 ,  0.04 ,  3.97
24 ,  1 ,  866749 ,  0 ,  210 ,  22.36 ,  0.04 ,  3.97
24 ,  1 ,  866790 ,  0 ,  210 ,  22.25 ,  0.04 ,  3.87
24 ,  1 ,  866831 ,  0 ,  210 ,  22.25 ,  0.04 ,  3.87
24 ,  1 ,  866872 ,  0 ,  210 ,  22.14 ,  0.04 ,  3.87
24 ,  1 ,  866913 ,  0 ,  210 ,  22.14 ,  0.04 ,  3.87
24 ,  1 ,  866954 ,  0 ,  210 ,  22.03 ,  0.04 ,  3.87
24 ,  1 ,  866994 ,  0 ,  210 ,  21.92 ,  0.04 ,  3.77
24 ,  1 ,  867035 ,  0 ,  210 ,  21.92 ,  0.04 ,  3.77
24 ,  1 ,  867078 ,  0 ,  210 ,  21.81 ,  0.04 ,  3.77
24 ,  1 ,  867119 ,  0 ,  210 ,  21.81 ,  0.03 ,  3.77
24 ,  1 ,  867160 ,  0 ,  210 ,  21.70 ,  0.04 ,  3.77
24 ,  1 ,  867201 ,  0 ,  210 ,  21.59 ,  0.03 ,  3.77
24 ,  1 ,  867240 ,  0 ,  210 ,  21.59 ,  0.04 ,  3.67
24 ,  1 ,  867281 ,  0 ,  210 ,  21.48 ,  0.03 ,  3.77
24 ,  1 ,  867322 ,  0 ,  210 ,  21.48 ,  0.04 ,  3.67
24 ,  1 ,  867363 ,  0 ,  210 ,  21.37 ,  0.04 ,  3.67
24 ,  1 ,  867403 ,  0 ,  210 ,  21.37 ,  0.04 ,  3.67
24 ,  1 ,  867446 ,  0 ,  210 ,  21.26 ,  0.03 ,  3.67
24 ,  1 ,  867487 ,  0 ,  210 ,  21.15 ,  0.04 ,  3.67
24 ,  1 ,  867528 ,  0 ,  210 ,  21.15 ,  0.04 ,  3.67
24 ,  1 ,  867569 ,  0 ,  210 ,  21.04 ,  0.04 ,  3.57
24 ,  1 ,  867609 ,  0 ,  210 ,  21.04 ,  0.04 ,  3.57
24 ,  1 ,  867650 ,  0 ,  210 ,  20.93 ,  0.03 ,  3.57
24 ,  1 ,  867691 ,  0 ,  210 ,  20.93 ,  0.03 ,  3.57
24 ,  1 ,  867732 ,  0 ,  210 ,  20.82 ,  0.04 ,  3.57
24 ,  1 ,  867772 ,  0 ,  210 ,  20.71 ,  0.03 ,  3.57
24 ,  1 ,  867813 ,  0 ,  210 ,  20.71 ,  0.04 ,  3.47
24 ,  1 ,  867856 ,  0 ,  210 ,  20.60 ,  0.04 ,  3.57
24 ,  1 ,  867897 ,  0 ,  210 ,  20.60 ,  0.03 ,  3.47
24 ,  1 ,  867938 ,  0 ,  210 ,  20.49 ,  0.03 ,  3.47
24 ,  1 ,  867979 ,  0 ,  210 ,  20.49 ,  0.03 ,  3.47
24 ,  1 ,  868019 ,  0 ,  210 ,  20.49 ,  0.04 ,  3.47
24 ,  1 ,  868060 ,  0 ,  210 ,  20.38 ,  0.03 ,  3.47
24 ,  1 ,  868101 ,  0 ,  210 ,  20.38 ,  0.03 ,  3.47
24 ,  1 ,  868159 ,  0 ,  210 ,  20.27 ,  0.03 ,  3.37
24 ,  1 ,  868199 ,  0 ,  210 ,  20.16 ,  0.03 ,  3.37
24 ,  1 ,  868242 ,  0 ,  210 ,  20.16 ,  0.03 ,  3.37
24 ,  1 ,  868283 ,  0 ,  210 ,  20.05 ,  0.04 ,  3.37
24 ,  1 ,  868324 ,  0 ,  210 ,  19.94 ,  0.03 ,  3.37
24 ,  1 ,  868365 ,  0 ,  210 ,  19.94 ,  0.03 ,  3.27
24 ,  1 ,  868405 ,  0 ,  210 ,  19.94 ,  0.04 ,  3.27
24 ,  1 ,  868446 ,  0 ,  210 ,  19.83 ,  0.03 ,  3.27
24 ,  1 ,  868487 ,  0 ,  210 ,  19.72 ,  0.04 ,  3.27
24 ,  1 ,  868528 ,  0 ,  210 ,  19.72 ,  0.04 ,  3.27
24 ,  1 ,  868569 ,  0 ,  210 ,  19.61 ,  0.03 ,  3.27
24 ,  1 ,  868612 ,  0 ,  210 ,  19.61 ,  0.03 ,  3.27
24 ,  1 ,  868652 ,  0 ,  210 ,  19.50 ,  0.03 ,  3.27
24 ,  1 ,  868692 ,  0 ,  210 ,  19.50 ,  0.03 ,  3.17
24 ,  1 ,  868733 ,  0 ,  210 ,  19.39 ,  0.03 ,  3.17
24 ,  1 ,  868774 ,  0 ,  210 ,  19.39 ,  0.03 ,  3.17
24 ,  1 ,  868814 ,  0 ,  210 ,  19.17 ,  0.03 ,  3.17
24 ,  1 ,  868855 ,  0 ,  210 ,  19.28 ,  0.03 ,  3.17
24 ,  1 ,  868896 ,  0 ,  210 ,  19.17 ,  0.03 ,  3.08
24 ,  1 ,  868937 ,  0 ,  210 ,  19.17 ,  0.03 ,  3.17
24 ,  1 ,  868980 ,  0 ,  210 ,  19.06 ,  0.03 ,  3.08
24 ,  1 ,  869020 ,  0 ,  210 ,  19.06 ,  0.04 ,  3.08
24 ,  1 ,  869061 ,  0 ,  210 ,  18.95 ,  0.03 ,  3.08
24 ,  1 ,  869102 ,  0 ,  210 ,  18.95 ,  0.03 ,  3.08
24 ,  1 ,  869143 ,  0 ,  210 ,  18.84 ,  0.03 ,  3.08
24 ,  1 ,  869183 ,  0 ,  210 ,  18.73 ,  0.04 ,  3.08
24 ,  1 ,  869224 ,  0 ,  210 ,  18.73 ,  0.03 ,  3.08
24 ,  1 ,  869265 ,  0 ,  210 ,  18.73 ,  0.03 ,  3.08
24 ,  1 ,  869306 ,  0 ,  210 ,  18.62 ,  0.03 ,  2.98
24 ,  1 ,  869349 ,  0 ,  210 ,  18.62 ,  0.03 ,  2.98
24 ,  1 ,  869389 ,  0 ,  210 ,  18.51 ,  0.03 ,  2.98
24 ,  1 ,  869430 ,  0 ,  210 ,  18.51 ,  0.03 ,  2.98
24 ,  1 ,  869471 ,  0 ,  210 ,  18.40 ,  0.03 ,  2.98
24 ,  1 ,  869512 ,  0 ,  210 ,  18.40 ,  0.03 ,  2.98
24 ,  1 ,  869552 ,  0 ,  210 ,  18.29 ,  0.03 ,  2.88
24 ,  1 ,  869593 ,  0 ,  210 ,  18.29 ,  0.03 ,  2.98
24 ,  1 ,  869634 ,  0 ,  210 ,  18.18 ,  0.03 ,  2.88
24 ,  1 ,  869675 ,  0 ,  210 ,  18.18 ,  0.03 ,  2.88
24 ,  1 ,  869718 ,  0 ,  210 ,  18.07 ,  0.03 ,  2.88
24 ,  1 ,  869757 ,  0 ,  210 ,  18.07 ,  0.03 ,  2.88
24 ,  1 ,  869798 ,  0 ,  210 ,  17.96 ,  0.03 ,  2.88
24 ,  1 ,  869839 ,  0 ,  210 ,  17.96 ,  0.04 ,  2.88
24 ,  1 ,  869880 ,  0 ,  210 ,  17.96 ,  0.03 ,  2.88
24 ,  1 ,  869920 ,  0 ,  210 ,  17.85 ,  0.03 ,  2.88
24 ,  1 ,  869961 ,  0 ,  210 ,  17.73 ,  0.03 ,  2.78
24 ,  1 ,  870002 ,  0 ,  210 ,  17.73 ,  0.03 ,  2.78
24 ,  1 ,  870043 ,  0 ,  210 ,  17.73 ,  0.03 ,  2.78
24 ,  1 ,  870086 ,  0 ,  210 ,  17.62 ,  0.03 ,  2.78
24 ,  1 ,  870127 ,  0 ,  210 ,  17.51 ,  0.03 ,  2.78
24 ,  1 ,  870167 ,  0 ,  210 ,  17.51 ,  0.03 ,  2.78
24 ,  1 ,  870208 ,  0 ,  210 ,  17.51 ,  0.03 ,  2.78
24 ,  1 ,  870249 ,  0 ,  210 ,  17.40 ,  0.03 ,  2.68
24 ,  1 ,  870290 ,  0 ,  210 ,  17.40 ,  0.03 ,  2.68
24 ,  1 ,  870330 ,  0 ,  210 ,  17.29 ,  0.03 ,  2.68
24 ,  1 ,  870371 ,  0 ,  210 ,  17.29 ,  0.03 ,  2.68
24 ,  1 ,  870412 ,  0 ,  210 ,  17.18 ,  0.03 ,  2.68
24 ,  1 ,  870453 ,  0 ,  210 ,  17.18 ,  0.03 ,  2.68
24 ,  1 ,  870496 ,  0 ,  210 ,  17.18 ,  0.03 ,  2.68
24 ,  1 ,  870536 ,  0 ,  210 ,  17.07 ,  0.03 ,  2.68
24 ,  1 ,  870577 ,  0 ,  210 ,  17.07 ,  0.03 ,  2.68
24 ,  1 ,  870618 ,  0 ,  210 ,  16.96 ,  0.03 ,  2.58
24 ,  1 ,  870659 ,  0 ,  210 ,  16.96 ,  0.03 ,  2.58
24 ,  1 ,  870699 ,  0 ,  210 ,  16.85 ,  0.03 ,  2.58
24 ,  1 ,  870739 ,  0 ,  210 ,  16.85 ,  0.03 ,  2.58
24 ,  1 ,  870780 ,  0 ,  210 ,  16.74 ,  0.03 ,  2.58
24 ,  1 ,  870821 ,  0 ,  210 ,  16.74 ,  0.03 ,  2.58
24 ,  1 ,  870864 ,  0 ,  210 ,  16.74 ,  0.03 ,  2.58
24 ,  1 ,  870904 ,  0 ,  210 ,  16.63 ,  0.03 ,  2.58
24 ,  1 ,  870945 ,  0 ,  210 ,  16.52 ,  0.04 ,  2.58
24 ,  1 ,  870986 ,  0 ,  210 ,  16.63 ,  0.03 ,  2.58
24 ,  1 ,  871027 ,  0 ,  210 ,  16.52 ,  0.03 ,  2.48
24 ,  1 ,  871068 ,  0 ,  210 ,  16.52 ,  0.03 ,  2.48
24 ,  1 ,  871108 ,  0 ,  210 ,  16.41 ,  0.03 ,  2.48
24 ,  1 ,  871149 ,  0 ,  210 ,  16.41 ,  0.03 ,  2.48
24 ,  1 ,  871190 ,  0 ,  210 ,  16.30 ,  0.03 ,  2.48
24 ,  1 ,  871233 ,  0 ,  210 ,  16.19 ,  0.03 ,  2.48
24 ,  1 ,  871274 ,  0 ,  210 ,  16.30 ,  0.03 ,  2.48
24 ,  1 ,  871314 ,  0 ,  210 ,  16.19 ,  0.03 ,  2.48
24 ,  1 ,  871355 ,  0 ,  210 ,  16.08 ,  0.03 ,  2.48
24 ,  1 ,  871396 ,  0 ,  210 ,  16.08 ,  0.03 ,  2.48
24 ,  1 ,  871437 ,  0 ,  210 ,  16.08 ,  0.03 ,  2.38
24 ,  1 ,  871477 ,  0 ,  210 ,  15.97 ,  0.04 ,  2.38
24 ,  1 ,  871518 ,  0 ,  210 ,  15.97 ,  0.03 ,  2.38
24 ,  1 ,  871559 ,  0 ,  210 ,  15.86 ,  0.03 ,  2.38
24 ,  1 ,  871602 ,  0 ,  210 ,  15.86 ,  0.03 ,  2.38
24 ,  1 ,  871643 ,  0 ,  210 ,  15.75 ,  0.03 ,  2.38
24 ,  1 ,  871684 ,  0 ,  210 ,  15.86 ,  0.03 ,  2.38
24 ,  1 ,  871725 ,  0 ,  210 ,  15.75 ,  0.03 ,  2.38
24 ,  1 ,  871764 ,  0 ,  210 ,  15.64 ,  0.03 ,  2.38
24 ,  1 ,  871805 ,  0 ,  210 ,  15.64 ,  0.03 ,  2.38
24 ,  1 ,  871846 ,  0 ,  210 ,  15.53 ,  0.03 ,  2.38
24 ,  1 ,  871888 ,  0 ,  210 ,  15.53 ,  0.03 ,  2.28
24 ,  1 ,  871929 ,  0 ,  210 ,  15.53 ,  0.03 ,  2.28
24 ,  1 ,  871972 ,  0 ,  210 ,  15.53 ,  0.03 ,  2.28
24 ,  1 ,  872013 ,  0 ,  210 ,  15.42 ,  0.03 ,  2.28
24 ,  1 ,  872053 ,  0 ,  210 ,  15.31 ,  0.03 ,  2.28
24 ,  1 ,  872094 ,  0 ,  210 ,  15.31 ,  0.03 ,  2.28
24 ,  1 ,  872135 ,  0 ,  210 ,  15.31 ,  0.03 ,  2.28
24 ,  1 ,  872176 ,  0 ,  210 ,  15.20 ,  0.03 ,  2.28
24 ,  1 ,  872217 ,  0 ,  210 ,  15.20 ,  0.03 ,  2.28
24 ,  1 ,  872258 ,  0 ,  210 ,  15.20 ,  0.03 ,  2.28
24 ,  1 ,  872299 ,  0 ,  210 ,  15.09 ,  0.03 ,  2.18
24 ,  1 ,  872342 ,  0 ,  210 ,  15.09 ,  0.03 ,  2.18
24 ,  1 ,  872383 ,  0 ,  210 ,  14.98 ,  0.03 ,  2.18
24 ,  1 ,  872424 ,  0 ,  210 ,  14.98 ,  0.03 ,  2.18
24 ,  1 ,  872464 ,  0 ,  210 ,  14.87 ,  0.03 ,  2.18
24 ,  1 ,  872505 ,  0 ,  210 ,  14.98 ,  0.03 ,  2.18
24 ,  1 ,  872546 ,  0 ,  210 ,  14.87 ,  0.03 ,  2.18
24 ,  1 ,  872587 ,  0 ,  210 ,  14.87 ,  0.03 ,  2.18
24 ,  1 ,  872628 ,  0 ,  210 ,  14.76 ,  0.03 ,  2.18
24 ,  1 ,  872669 ,  0 ,  210 ,  14.76 ,  0.03 ,  2.18
24 ,  1 ,  872719 ,  0 ,  210 ,  14.76 ,  0.03 ,  2.18
24 ,  1 ,  872760 ,  0 ,  210 ,  14.65 ,  0.03 ,  2.18
24 ,  1 ,  872801 ,  0 ,  210 ,  14.65 ,  0.03 ,  2.18
24 ,  1 ,  872842 ,  0 ,  210 ,  14.54 ,  0.03 ,  2.18
24 ,  1 ,  872883 ,  0 ,  210 ,  14.54 ,  0.03 ,  2.08
24 ,  1 ,  872924 ,  0 ,  210 ,  14.43 ,  0.03 ,  2.08
24 ,  1 ,  872965 ,  0 ,  210 ,  14.43 ,  0.03 ,  2.08
24 ,  1 ,  873006 ,  0 ,  210 ,  14.43 ,  0.03 ,  2.08
24 ,  1 ,  873047 ,  0 ,  210 ,  14.32 ,  0.03 ,  2.08
24 ,  1 ,  873088 ,  0 ,  210 ,  14.32 ,  0.03 ,  2.08
24 ,  1 ,  873131 ,  0 ,  210 ,  14.32 ,  0.03 ,  2.08
24 ,  1 ,  873171 ,  0 ,  210 ,  14.32 ,  0.03 ,  2.08
24 ,  1 ,  873211 ,  0 ,  210 ,  14.21 ,  0.03 ,  2.08
24 ,  1 ,  873252 ,  0 ,  210 ,  14.21 ,  0.03 ,  2.08
24 ,  1 ,  873293 ,  0 ,  210 ,  14.10 ,  0.03 ,  2.08
24 ,  1 ,  873334 ,  0 ,  210 ,  14.10 ,  0.03 ,  2.08
24 ,  1 ,  873375 ,  0 ,  210 ,  14.10 ,  0.03 ,  1.98
