MS, MPT, t (s), PWMi, PWMe, Pressure (Psi), LW (V), Displacement (mm)
24 ,  3 ,  897276 ,  0 ,  210 ,  14.10 ,  0.03 ,  2.08
24 ,  3 ,  897315 ,  255 ,  0 ,  14.10 ,  0.03 ,  2.08
24 ,  3 ,  897354 ,  255 ,  0 ,  16.41 ,  0.03 ,  2.08
24 ,  3 ,  897393 ,  255 ,  0 ,  30.29 ,  0.06 ,  3.67
24 ,  3 ,  897432 ,  255 ,  0 ,  44.39 ,  0.12 ,  6.95
24 ,  3 ,  897471 ,  255 ,  0 ,  54.30 ,  0.20 ,  10.32
24 ,  3 ,  897510 ,  255 ,  0 ,  61.13 ,  0.27 ,  13.10
24 ,  3 ,  897549 ,  255 ,  0 ,  65.97 ,  0.34 ,  15.08
24 ,  3 ,  897591 ,  255 ,  0 ,  69.83 ,  0.40 ,  16.67
24 ,  3 ,  897630 ,  255 ,  0 ,  72.58 ,  0.44 ,  17.66
24 ,  3 ,  897668 ,  255 ,  0 ,  74.89 ,  0.47 ,  18.55
24 ,  3 ,  897707 ,  255 ,  0 ,  76.76 ,  0.50 ,  19.25
24 ,  3 ,  897745 ,  255 ,  0 ,  78.41 ,  0.52 ,  19.84
24 ,  3 ,  897784 ,  255 ,  0 ,  79.96 ,  0.54 ,  20.24
24 ,  3 ,  897823 ,  255 ,  0 ,  81.28 ,  0.55 ,  20.64
24 ,  3 ,  897862 ,  255 ,  0 ,  82.60 ,  0.56 ,  21.03
24 ,  3 ,  897901 ,  255 ,  0 ,  83.70 ,  0.57 ,  21.33
24 ,  3 ,  897942 ,  255 ,  0 ,  84.91 ,  0.57 ,  21.73
24 ,  3 ,  897981 ,  255 ,  0 ,  85.90 ,  0.58 ,  22.03
24 ,  3 ,  898019 ,  255 ,  0 ,  86.89 ,  0.58 ,  22.32
24 ,  3 ,  898058 ,  255 ,  0 ,  87.78 ,  0.59 ,  22.52
24 ,  3 ,  898097 ,  255 ,  0 ,  88.66 ,  0.59 ,  22.72
24 ,  3 ,  898136 ,  255 ,  0 ,  89.43 ,  0.59 ,  22.92
24 ,  3 ,  898174 ,  255 ,  0 ,  90.20 ,  0.59 ,  23.12
24 ,  3 ,  898213 ,  255 ,  0 ,  90.86 ,  0.60 ,  23.32
24 ,  3 ,  898252 ,  255 ,  0 ,  91.63 ,  0.60 ,  23.42
24 ,  3 ,  898293 ,  255 ,  0 ,  92.29 ,  0.60 ,  23.61
24 ,  3 ,  898332 ,  255 ,  0 ,  92.73 ,  0.60 ,  23.71
24 ,  3 ,  898370 ,  255 ,  0 ,  93.39 ,  0.60 ,  23.91
24 ,  3 ,  898409 ,  255 ,  0 ,  93.83 ,  0.60 ,  24.01
24 ,  3 ,  898448 ,  255 ,  0 ,  94.27 ,  0.60 ,  24.11
24 ,  3 ,  898487 ,  255 ,  0 ,  94.60 ,  0.61 ,  24.21
24 ,  3 ,  898526 ,  255 ,  0 ,  94.93 ,  0.60 ,  24.31
24 ,  3 ,  898565 ,  255 ,  0 ,  95.26 ,  0.61 ,  24.41
24 ,  3 ,  898604 ,  255 ,  0 ,  95.37 ,  0.61 ,  24.41
24 ,  3 ,  898644 ,  255 ,  0 ,  95.70 ,  0.61 ,  24.51
24 ,  3 ,  898683 ,  255 ,  0 ,  95.82 ,  0.61 ,  24.51
24 ,  3 ,  898721 ,  255 ,  0 ,  95.93 ,  0.61 ,  24.61
24 ,  3 ,  898760 ,  255 ,  0 ,  95.93 ,  0.61 ,  24.61
24 ,  3 ,  898799 ,  255 ,  0 ,  96.04 ,  0.61 ,  24.61
24 ,  3 ,  898838 ,  255 ,  0 ,  96.15 ,  0.61 ,  24.71
24 ,  3 ,  898878 ,  255 ,  0 ,  96.15 ,  0.61 ,  24.71
24 ,  3 ,  898917 ,  255 ,  0 ,  96.26 ,  0.61 ,  24.71
24 ,  3 ,  898955 ,  255 ,  0 ,  96.26 ,  0.61 ,  24.80
24 ,  3 ,  898997 ,  255 ,  0 ,  96.26 ,  0.61 ,  24.80
24 ,  3 ,  899035 ,  255 ,  0 ,  96.26 ,  0.61 ,  24.80
24 ,  3 ,  899074 ,  255 ,  0 ,  96.26 ,  0.61 ,  24.80
24 ,  3 ,  899112 ,  255 ,  0 ,  96.26 ,  0.61 ,  24.80
24 ,  3 ,  899151 ,  255 ,  0 ,  96.37 ,  0.61 ,  24.80
24 ,  3 ,  899190 ,  255 ,  0 ,  96.26 ,  0.61 ,  24.90
24 ,  3 ,  899229 ,  255 ,  0 ,  96.37 ,  0.61 ,  24.90
24 ,  3 ,  899268 ,  255 ,  0 ,  96.26 ,  0.61 ,  24.90
24 ,  3 ,  899307 ,  255 ,  0 ,  96.26 ,  0.61 ,  24.90
24 ,  3 ,  899348 ,  255 ,  0 ,  96.26 ,  0.61 ,  24.90
24 ,  3 ,  899387 ,  255 ,  0 ,  96.26 ,  0.61 ,  24.90
24 ,  3 ,  899425 ,  255 ,  0 ,  96.26 ,  0.61 ,  24.90
24 ,  3 ,  899464 ,  255 ,  0 ,  96.26 ,  0.61 ,  24.90
24 ,  3 ,  899503 ,  255 ,  0 ,  96.37 ,  0.61 ,  25.00
24 ,  3 ,  899542 ,  255 ,  0 ,  96.37 ,  0.61 ,  25.00
24 ,  3 ,  899580 ,  255 ,  0 ,  96.26 ,  0.61 ,  25.00
24 ,  3 ,  899619 ,  255 ,  0 ,  96.26 ,  0.61 ,  25.00
24 ,  3 ,  899658 ,  255 ,  0 ,  96.26 ,  0.61 ,  25.00
24 ,  3 ,  899699 ,  255 ,  0 ,  96.26 ,  0.61 ,  25.00
24 ,  3 ,  899738 ,  255 ,  0 ,  96.37 ,  0.61 ,  25.00
24 ,  3 ,  899777 ,  255 ,  0 ,  96.26 ,  0.61 ,  25.00
24 ,  3 ,  899815 ,  255 ,  0 ,  96.26 ,  0.61 ,  25.00
24 ,  3 ,  899854 ,  255 ,  0 ,  96.37 ,  0.61 ,  25.00
24 ,  3 ,  899893 ,  255 ,  0 ,  96.26 ,  0.61 ,  25.00
24 ,  3 ,  899932 ,  255 ,  0 ,  96.26 ,  0.61 ,  25.00
24 ,  3 ,  899971 ,  255 ,  0 ,  96.26 ,  0.61 ,  25.10
24 ,  3 ,  900009 ,  255 ,  0 ,  96.26 ,  0.61 ,  25.10
24 ,  3 ,  900050 ,  255 ,  0 ,  96.26 ,  0.61 ,  25.00
24 ,  3 ,  900089 ,  255 ,  0 ,  96.26 ,  0.61 ,  25.10
24 ,  3 ,  900128 ,  255 ,  0 ,  96.26 ,  0.61 ,  25.10
24 ,  3 ,  900167 ,  255 ,  0 ,  96.26 ,  0.61 ,  25.10
24 ,  3 ,  900206 ,  255 ,  0 ,  96.26 ,  0.61 ,  25.10
24 ,  3 ,  900244 ,  0 ,  210 ,  96.26 ,  0.61 ,  25.10
24 ,  3 ,  900283 ,  0 ,  210 ,  93.61 ,  0.61 ,  25.10
24 ,  3 ,  900322 ,  0 ,  210 ,  87.89 ,  0.61 ,  24.51
24 ,  3 ,  900361 ,  0 ,  210 ,  82.60 ,  0.60 ,  23.81
24 ,  3 ,  900402 ,  0 ,  210 ,  77.86 ,  0.59 ,  22.92
24 ,  3 ,  900441 ,  0 ,  210 ,  74.34 ,  0.58 ,  22.22
24 ,  3 ,  900480 ,  0 ,  210 ,  71.37 ,  0.56 ,  21.53
24 ,  3 ,  900518 ,  0 ,  210 ,  68.83 ,  0.55 ,  20.84
24 ,  3 ,  900557 ,  0 ,  210 ,  66.74 ,  0.53 ,  20.34
24 ,  3 ,  900596 ,  0 ,  210 ,  64.98 ,  0.52 ,  19.74
24 ,  3 ,  900634 ,  0 ,  210 ,  63.33 ,  0.49 ,  19.35
24 ,  3 ,  900673 ,  0 ,  210 ,  62.01 ,  0.48 ,  18.85
24 ,  3 ,  900712 ,  0 ,  210 ,  60.79 ,  0.45 ,  18.45
24 ,  3 ,  900753 ,  0 ,  210 ,  59.69 ,  0.44 ,  18.06
24 ,  3 ,  900792 ,  0 ,  210 ,  58.81 ,  0.42 ,  17.76
24 ,  3 ,  900831 ,  0 ,  210 ,  57.93 ,  0.41 ,  17.46
24 ,  3 ,  900870 ,  0 ,  210 ,  57.27 ,  0.40 ,  17.16
24 ,  3 ,  900909 ,  0 ,  210 ,  56.61 ,  0.38 ,  16.97
24 ,  3 ,  900947 ,  0 ,  210 ,  56.06 ,  0.37 ,  16.77
24 ,  3 ,  900986 ,  0 ,  210 ,  55.51 ,  0.36 ,  16.47
24 ,  3 ,  901024 ,  0 ,  210 ,  55.07 ,  0.35 ,  16.37
24 ,  3 ,  901063 ,  0 ,  210 ,  54.63 ,  0.34 ,  16.17
24 ,  3 ,  901105 ,  0 ,  210 ,  54.19 ,  0.34 ,  15.97
24 ,  3 ,  901143 ,  0 ,  210 ,  53.86 ,  0.33 ,  15.78
24 ,  3 ,  901182 ,  0 ,  210 ,  53.42 ,  0.32 ,  15.58
24 ,  3 ,  901221 ,  0 ,  210 ,  53.20 ,  0.32 ,  15.58
24 ,  3 ,  901260 ,  0 ,  210 ,  52.87 ,  0.31 ,  15.38
24 ,  3 ,  901299 ,  0 ,  210 ,  52.65 ,  0.30 ,  15.28
24 ,  3 ,  901338 ,  0 ,  210 ,  52.42 ,  0.30 ,  15.18
24 ,  3 ,  901377 ,  0 ,  210 ,  52.20 ,  0.30 ,  15.08
24 ,  3 ,  901414 ,  0 ,  210 ,  51.87 ,  0.29 ,  14.98
24 ,  3 ,  901455 ,  0 ,  210 ,  51.76 ,  0.28 ,  14.88
24 ,  3 ,  901494 ,  0 ,  210 ,  51.54 ,  0.28 ,  14.78
24 ,  3 ,  901533 ,  0 ,  210 ,  51.32 ,  0.28 ,  14.68
24 ,  3 ,  901572 ,  0 ,  210 ,  51.10 ,  0.28 ,  14.59
24 ,  3 ,  901611 ,  0 ,  210 ,  50.99 ,  0.28 ,  14.59
24 ,  3 ,  901650 ,  0 ,  210 ,  50.77 ,  0.27 ,  14.49
24 ,  3 ,  901689 ,  0 ,  210 ,  50.66 ,  0.27 ,  14.39
24 ,  3 ,  901728 ,  0 ,  210 ,  50.55 ,  0.27 ,  14.29
24 ,  3 ,  901766 ,  0 ,  210 ,  50.33 ,  0.26 ,  14.29
24 ,  3 ,  901808 ,  0 ,  210 ,  50.11 ,  0.26 ,  14.19
24 ,  3 ,  901846 ,  0 ,  210 ,  50.00 ,  0.26 ,  14.09
24 ,  3 ,  901884 ,  0 ,  210 ,  50.00 ,  0.25 ,  13.99
24 ,  3 ,  901923 ,  0 ,  210 ,  49.78 ,  0.25 ,  13.99
24 ,  3 ,  901962 ,  0 ,  210 ,  49.67 ,  0.25 ,  13.99
24 ,  3 ,  902001 ,  0 ,  210 ,  49.56 ,  0.25 ,  13.89
24 ,  3 ,  902040 ,  0 ,  210 ,  49.34 ,  0.24 ,  13.89
24 ,  3 ,  902079 ,  0 ,  210 ,  49.23 ,  0.24 ,  13.79
24 ,  3 ,  902117 ,  0 ,  210 ,  49.12 ,  0.23 ,  13.69
24 ,  3 ,  902159 ,  0 ,  210 ,  49.01 ,  0.23 ,  13.69
24 ,  3 ,  902198 ,  0 ,  210 ,  48.90 ,  0.23 ,  13.59
24 ,  3 ,  902236 ,  0 ,  210 ,  48.79 ,  0.23 ,  13.59
24 ,  3 ,  902275 ,  0 ,  210 ,  48.68 ,  0.23 ,  13.49
24 ,  3 ,  902313 ,  0 ,  210 ,  48.57 ,  0.22 ,  13.49
24 ,  3 ,  902352 ,  0 ,  210 ,  48.46 ,  0.23 ,  13.49
24 ,  3 ,  902391 ,  0 ,  210 ,  48.35 ,  0.22 ,  13.39
24 ,  3 ,  902430 ,  0 ,  210 ,  48.24 ,  0.22 ,  13.30
24 ,  3 ,  902469 ,  0 ,  210 ,  48.13 ,  0.22 ,  13.30
24 ,  3 ,  902510 ,  0 ,  210 ,  48.02 ,  0.22 ,  13.20
24 ,  3 ,  902549 ,  0 ,  210 ,  47.91 ,  0.22 ,  13.20
24 ,  3 ,  902588 ,  0 ,  210 ,  47.80 ,  0.22 ,  13.20
24 ,  3 ,  902637 ,  0 ,  210 ,  47.69 ,  0.21 ,  13.10
24 ,  3 ,  902676 ,  0 ,  210 ,  47.58 ,  0.22 ,  13.10
24 ,  3 ,  902714 ,  0 ,  210 ,  47.47 ,  0.21 ,  13.00
24 ,  3 ,  902753 ,  0 ,  210 ,  47.36 ,  0.21 ,  13.00
24 ,  3 ,  902792 ,  0 ,  210 ,  47.25 ,  0.21 ,  12.90
24 ,  3 ,  902831 ,  0 ,  210 ,  47.14 ,  0.21 ,  12.90
24 ,  3 ,  902872 ,  0 ,  210 ,  47.03 ,  0.21 ,  12.80
24 ,  3 ,  902910 ,  0 ,  210 ,  47.03 ,  0.20 ,  12.80
24 ,  3 ,  902949 ,  0 ,  210 ,  46.92 ,  0.21 ,  12.80
24 ,  3 ,  902988 ,  0 ,  210 ,  46.81 ,  0.20 ,  12.60
24 ,  3 ,  903027 ,  0 ,  210 ,  46.70 ,  0.20 ,  12.60
24 ,  3 ,  903065 ,  0 ,  210 ,  46.59 ,  0.20 ,  12.60
24 ,  3 ,  903104 ,  0 ,  210 ,  46.48 ,  0.19 ,  12.60
24 ,  3 ,  903143 ,  0 ,  210 ,  46.37 ,  0.19 ,  12.50
24 ,  3 ,  903182 ,  0 ,  210 ,  46.26 ,  0.19 ,  12.50
24 ,  3 ,  903223 ,  0 ,  210 ,  46.26 ,  0.19 ,  12.40
24 ,  3 ,  903262 ,  0 ,  210 ,  46.04 ,  0.19 ,  12.40
24 ,  3 ,  903301 ,  0 ,  210 ,  46.04 ,  0.19 ,  12.40
24 ,  3 ,  903340 ,  0 ,  210 ,  45.82 ,  0.19 ,  12.30
24 ,  3 ,  903378 ,  0 ,  210 ,  45.82 ,  0.18 ,  12.30
24 ,  3 ,  903416 ,  0 ,  210 ,  45.71 ,  0.19 ,  12.30
24 ,  3 ,  903455 ,  0 ,  210 ,  45.60 ,  0.18 ,  12.20
24 ,  3 ,  903494 ,  0 ,  210 ,  45.49 ,  0.18 ,  12.10
24 ,  3 ,  903533 ,  0 ,  210 ,  45.38 ,  0.18 ,  12.10
24 ,  3 ,  903574 ,  0 ,  210 ,  45.27 ,  0.18 ,  12.10
24 ,  3 ,  903613 ,  0 ,  210 ,  45.27 ,  0.18 ,  12.01
24 ,  3 ,  903652 ,  0 ,  210 ,  45.05 ,  0.17 ,  12.01
24 ,  3 ,  903691 ,  0 ,  210 ,  45.05 ,  0.17 ,  11.91
24 ,  3 ,  903730 ,  0 ,  210 ,  44.94 ,  0.17 ,  11.91
24 ,  3 ,  903768 ,  0 ,  210 ,  44.72 ,  0.17 ,  11.91
24 ,  3 ,  903806 ,  0 ,  210 ,  44.72 ,  0.17 ,  11.81
24 ,  3 ,  903845 ,  0 ,  210 ,  44.61 ,  0.16 ,  11.81
24 ,  3 ,  903884 ,  0 ,  210 ,  44.50 ,  0.17 ,  11.81
24 ,  3 ,  903925 ,  0 ,  210 ,  44.39 ,  0.17 ,  11.71
24 ,  3 ,  903964 ,  0 ,  210 ,  44.28 ,  0.16 ,  11.71
24 ,  3 ,  904003 ,  0 ,  210 ,  44.17 ,  0.16 ,  11.61
24 ,  3 ,  904042 ,  0 ,  210 ,  44.17 ,  0.16 ,  11.61
24 ,  3 ,  904081 ,  0 ,  210 ,  43.95 ,  0.16 ,  11.61
24 ,  3 ,  904119 ,  0 ,  210 ,  43.95 ,  0.15 ,  11.51
24 ,  3 ,  904158 ,  0 ,  210 ,  43.84 ,  0.15 ,  11.51
24 ,  3 ,  904197 ,  0 ,  210 ,  43.72 ,  0.15 ,  11.41
24 ,  3 ,  904236 ,  0 ,  210 ,  43.61 ,  0.15 ,  11.41
24 ,  3 ,  904276 ,  0 ,  210 ,  43.50 ,  0.15 ,  11.41
24 ,  3 ,  904315 ,  0 ,  210 ,  43.39 ,  0.15 ,  11.31
24 ,  3 ,  904354 ,  0 ,  210 ,  43.28 ,  0.15 ,  11.31
24 ,  3 ,  904393 ,  0 ,  210 ,  43.17 ,  0.15 ,  11.21
24 ,  3 ,  904432 ,  0 ,  210 ,  43.06 ,  0.15 ,  11.21
24 ,  3 ,  904470 ,  0 ,  210 ,  43.06 ,  0.14 ,  11.21
24 ,  3 ,  904509 ,  0 ,  210 ,  42.95 ,  0.15 ,  11.11
24 ,  3 ,  904548 ,  0 ,  210 ,  42.84 ,  0.14 ,  11.11
24 ,  3 ,  904587 ,  0 ,  210 ,  42.73 ,  0.14 ,  11.11
24 ,  3 ,  904628 ,  0 ,  210 ,  42.62 ,  0.14 ,  11.01
24 ,  3 ,  904667 ,  0 ,  210 ,  42.51 ,  0.14 ,  11.01
24 ,  3 ,  904706 ,  0 ,  210 ,  42.40 ,  0.14 ,  10.91
24 ,  3 ,  904744 ,  0 ,  210 ,  42.40 ,  0.13 ,  10.91
24 ,  3 ,  904782 ,  0 ,  210 ,  42.29 ,  0.13 ,  10.91
24 ,  3 ,  904821 ,  0 ,  210 ,  42.18 ,  0.13 ,  10.81
24 ,  3 ,  904860 ,  0 ,  210 ,  42.07 ,  0.13 ,  10.81
24 ,  3 ,  904899 ,  0 ,  210 ,  41.96 ,  0.13 ,  10.72
24 ,  3 ,  904938 ,  0 ,  210 ,  41.85 ,  0.13 ,  10.72
24 ,  3 ,  904979 ,  0 ,  210 ,  41.74 ,  0.13 ,  10.62
24 ,  3 ,  905018 ,  0 ,  210 ,  41.63 ,  0.13 ,  10.62
24 ,  3 ,  905057 ,  0 ,  210 ,  41.52 ,  0.13 ,  10.62
24 ,  3 ,  905096 ,  0 ,  210 ,  41.41 ,  0.12 ,  10.52
24 ,  3 ,  905134 ,  0 ,  210 ,  41.41 ,  0.13 ,  10.52
24 ,  3 ,  905172 ,  0 ,  210 ,  41.30 ,  0.12 ,  10.42
24 ,  3 ,  905211 ,  0 ,  210 ,  41.19 ,  0.12 ,  10.42
24 ,  3 ,  905250 ,  0 ,  210 ,  41.19 ,  0.12 ,  10.42
24 ,  3 ,  905289 ,  0 ,  210 ,  40.97 ,  0.12 ,  10.32
24 ,  3 ,  905330 ,  0 ,  210 ,  40.86 ,  0.12 ,  10.22
24 ,  3 ,  905369 ,  0 ,  210 ,  40.86 ,  0.12 ,  10.22
24 ,  3 ,  905408 ,  0 ,  210 ,  40.64 ,  0.11 ,  10.22
24 ,  3 ,  905447 ,  0 ,  210 ,  40.64 ,  0.11 ,  10.22
24 ,  3 ,  905485 ,  0 ,  210 ,  40.53 ,  0.11 ,  10.12
24 ,  3 ,  905524 ,  0 ,  210 ,  40.42 ,  0.11 ,  10.12
24 ,  3 ,  905563 ,  0 ,  210 ,  40.42 ,  0.11 ,  10.12
24 ,  3 ,  905602 ,  0 ,  210 ,  40.20 ,  0.11 ,  10.02
24 ,  3 ,  905640 ,  0 ,  210 ,  40.20 ,  0.11 ,  10.02
24 ,  3 ,  905681 ,  0 ,  210 ,  40.09 ,  0.11 ,  9.92
24 ,  3 ,  905720 ,  0 ,  210 ,  39.98 ,  0.11 ,  9.92
24 ,  3 ,  905759 ,  0 ,  210 ,  39.87 ,  0.10 ,  9.92
24 ,  3 ,  905797 ,  0 ,  210 ,  39.76 ,  0.10 ,  9.82
24 ,  3 ,  905836 ,  0 ,  210 ,  39.76 ,  0.10 ,  9.82
24 ,  3 ,  905875 ,  0 ,  210 ,  39.65 ,  0.10 ,  9.82
24 ,  3 ,  905914 ,  0 ,  210 ,  39.43 ,  0.10 ,  9.72
24 ,  3 ,  905953 ,  0 ,  210 ,  39.43 ,  0.10 ,  9.72
24 ,  3 ,  905992 ,  0 ,  210 ,  39.32 ,  0.10 ,  9.62
24 ,  3 ,  906033 ,  0 ,  210 ,  39.21 ,  0.10 ,  9.62
24 ,  3 ,  906071 ,  0 ,  210 ,  39.10 ,  0.10 ,  9.62
24 ,  3 ,  906109 ,  0 ,  210 ,  39.10 ,  0.10 ,  9.53
24 ,  3 ,  906148 ,  0 ,  210 ,  38.99 ,  0.09 ,  9.53
24 ,  3 ,  906188 ,  0 ,  210 ,  38.88 ,  0.10 ,  9.43
24 ,  3 ,  906226 ,  0 ,  210 ,  38.77 ,  0.09 ,  9.43
24 ,  3 ,  906265 ,  0 ,  210 ,  38.66 ,  0.09 ,  9.43
24 ,  3 ,  906304 ,  0 ,  210 ,  38.66 ,  0.09 ,  9.33
24 ,  3 ,  906343 ,  0 ,  210 ,  38.55 ,  0.09 ,  9.33
24 ,  3 ,  906384 ,  0 ,  210 ,  38.44 ,  0.09 ,  9.33
24 ,  3 ,  906423 ,  0 ,  210 ,  38.33 ,  0.09 ,  9.23
24 ,  3 ,  906462 ,  0 ,  210 ,  38.22 ,  0.09 ,  9.23
24 ,  3 ,  906500 ,  0 ,  210 ,  38.11 ,  0.09 ,  9.13
24 ,  3 ,  906539 ,  0 ,  210 ,  38.11 ,  0.09 ,  9.13
24 ,  3 ,  906577 ,  0 ,  210 ,  38.00 ,  0.09 ,  9.13
24 ,  3 ,  906616 ,  0 ,  210 ,  37.89 ,  0.09 ,  9.03
24 ,  3 ,  906655 ,  0 ,  210 ,  37.78 ,  0.08 ,  9.03
24 ,  3 ,  906694 ,  0 ,  210 ,  37.67 ,  0.09 ,  8.93
24 ,  3 ,  906735 ,  0 ,  210 ,  37.56 ,  0.08 ,  8.93
24 ,  3 ,  906774 ,  0 ,  210 ,  37.56 ,  0.09 ,  8.93
24 ,  3 ,  906812 ,  0 ,  210 ,  37.45 ,  0.08 ,  8.83
24 ,  3 ,  906851 ,  0 ,  210 ,  37.34 ,  0.09 ,  8.83
24 ,  3 ,  906890 ,  0 ,  210 ,  37.23 ,  0.08 ,  8.83
24 ,  3 ,  906929 ,  0 ,  210 ,  37.12 ,  0.08 ,  8.73
24 ,  3 ,  906968 ,  0 ,  210 ,  37.12 ,  0.08 ,  8.73
24 ,  3 ,  907005 ,  0 ,  210 ,  37.01 ,  0.08 ,  8.73
24 ,  3 ,  907044 ,  0 ,  210 ,  36.90 ,  0.08 ,  8.63
24 ,  3 ,  907085 ,  0 ,  210 ,  36.79 ,  0.08 ,  8.63
24 ,  3 ,  907124 ,  0 ,  210 ,  36.79 ,  0.08 ,  8.63
24 ,  3 ,  907163 ,  0 ,  210 ,  36.68 ,  0.08 ,  8.53
24 ,  3 ,  907202 ,  0 ,  210 ,  36.57 ,  0.08 ,  8.53
24 ,  3 ,  907241 ,  0 ,  210 ,  36.46 ,  0.07 ,  8.43
24 ,  3 ,  907279 ,  0 ,  210 ,  36.35 ,  0.08 ,  8.43
24 ,  3 ,  907318 ,  0 ,  210 ,  36.24 ,  0.08 ,  8.43
24 ,  3 ,  907357 ,  0 ,  210 ,  36.13 ,  0.08 ,  8.33
24 ,  3 ,  907396 ,  0 ,  210 ,  36.13 ,  0.08 ,  8.33
24 ,  3 ,  907437 ,  0 ,  210 ,  36.02 ,  0.07 ,  8.33
24 ,  3 ,  907475 ,  0 ,  210 ,  35.91 ,  0.08 ,  8.24
24 ,  3 ,  907514 ,  0 ,  210 ,  35.80 ,  0.07 ,  8.24
24 ,  3 ,  907553 ,  0 ,  210 ,  35.80 ,  0.07 ,  8.24
24 ,  3 ,  907592 ,  0 ,  210 ,  35.69 ,  0.08 ,  8.14
24 ,  3 ,  907630 ,  0 ,  210 ,  35.58 ,  0.07 ,  8.14
24 ,  3 ,  907669 ,  0 ,  210 ,  35.58 ,  0.07 ,  8.14
24 ,  3 ,  907708 ,  0 ,  210 ,  35.47 ,  0.07 ,  8.04
24 ,  3 ,  907747 ,  0 ,  210 ,  35.36 ,  0.07 ,  8.04
24 ,  3 ,  907786 ,  0 ,  210 ,  35.25 ,  0.07 ,  8.04
24 ,  3 ,  907827 ,  0 ,  210 ,  35.13 ,  0.07 ,  7.94
24 ,  3 ,  907866 ,  0 ,  210 ,  35.02 ,  0.07 ,  7.94
24 ,  3 ,  907905 ,  0 ,  210 ,  35.02 ,  0.07 ,  7.94
24 ,  3 ,  907943 ,  0 ,  210 ,  34.91 ,  0.07 ,  7.94
24 ,  3 ,  907982 ,  0 ,  210 ,  34.80 ,  0.07 ,  7.84
24 ,  3 ,  908021 ,  0 ,  210 ,  34.69 ,  0.07 ,  7.84
24 ,  3 ,  908060 ,  0 ,  210 ,  34.69 ,  0.07 ,  7.84
24 ,  3 ,  908099 ,  0 ,  210 ,  34.58 ,  0.07 ,  7.74
24 ,  3 ,  908138 ,  0 ,  210 ,  34.47 ,  0.06 ,  7.74
24 ,  3 ,  908179 ,  0 ,  210 ,  34.36 ,  0.06 ,  7.74
24 ,  3 ,  908218 ,  0 ,  210 ,  34.25 ,  0.06 ,  7.64
24 ,  3 ,  908257 ,  0 ,  210 ,  34.25 ,  0.06 ,  7.64
24 ,  3 ,  908295 ,  0 ,  210 ,  34.14 ,  0.07 ,  7.64
24 ,  3 ,  908334 ,  0 ,  210 ,  34.03 ,  0.06 ,  7.64
24 ,  3 ,  908372 ,  0 ,  210 ,  34.03 ,  0.06 ,  7.54
24 ,  3 ,  908411 ,  0 ,  210 ,  33.92 ,  0.06 ,  7.54
24 ,  3 ,  908450 ,  0 ,  210 ,  33.81 ,  0.07 ,  7.44
24 ,  3 ,  908489 ,  0 ,  210 ,  33.70 ,  0.06 ,  7.44
24 ,  3 ,  908539 ,  0 ,  210 ,  33.59 ,  0.07 ,  7.44
24 ,  3 ,  908580 ,  0 ,  210 ,  33.48 ,  0.06 ,  7.44
24 ,  3 ,  908621 ,  0 ,  210 ,  33.48 ,  0.07 ,  7.34
24 ,  3 ,  908662 ,  0 ,  210 ,  33.37 ,  0.06 ,  7.34
24 ,  3 ,  908703 ,  0 ,  210 ,  33.26 ,  0.06 ,  7.24
24 ,  3 ,  908744 ,  0 ,  210 ,  33.15 ,  0.06 ,  7.24
24 ,  3 ,  908785 ,  0 ,  210 ,  33.04 ,  0.06 ,  7.24
24 ,  3 ,  908826 ,  0 ,  210 ,  33.04 ,  0.06 ,  7.24
24 ,  3 ,  908868 ,  0 ,  210 ,  32.93 ,  0.06 ,  7.14
24 ,  3 ,  908911 ,  0 ,  210 ,  32.82 ,  0.06 ,  7.14
24 ,  3 ,  908952 ,  0 ,  210 ,  32.71 ,  0.06 ,  7.14
24 ,  3 ,  908993 ,  0 ,  210 ,  32.60 ,  0.06 ,  7.04
24 ,  3 ,  909033 ,  0 ,  210 ,  32.60 ,  0.06 ,  7.04
24 ,  3 ,  909074 ,  0 ,  210 ,  32.49 ,  0.06 ,  7.04
24 ,  3 ,  909115 ,  0 ,  210 ,  32.49 ,  0.06 ,  6.95
24 ,  3 ,  909156 ,  0 ,  210 ,  32.27 ,  0.06 ,  6.95
24 ,  3 ,  909197 ,  0 ,  210 ,  32.27 ,  0.06 ,  6.95
24 ,  3 ,  909238 ,  0 ,  210 ,  32.16 ,  0.06 ,  6.95
24 ,  3 ,  909281 ,  0 ,  210 ,  32.05 ,  0.06 ,  6.85
24 ,  3 ,  909322 ,  0 ,  210 ,  31.94 ,  0.07 ,  6.85
24 ,  3 ,  909362 ,  0 ,  210 ,  31.83 ,  0.06 ,  6.85
24 ,  3 ,  909403 ,  0 ,  210 ,  31.83 ,  0.06 ,  6.75
24 ,  3 ,  909444 ,  0 ,  210 ,  31.72 ,  0.06 ,  6.75
24 ,  3 ,  909485 ,  0 ,  210 ,  31.61 ,  0.06 ,  6.75
24 ,  3 ,  909526 ,  0 ,  210 ,  31.50 ,  0.06 ,  6.75
24 ,  3 ,  909566 ,  0 ,  210 ,  31.39 ,  0.05 ,  6.65
24 ,  3 ,  909607 ,  0 ,  210 ,  31.39 ,  0.05 ,  6.65
24 ,  3 ,  909650 ,  0 ,  210 ,  31.28 ,  0.05 ,  6.65
24 ,  3 ,  909691 ,  0 ,  210 ,  31.28 ,  0.05 ,  6.55
24 ,  3 ,  909731 ,  0 ,  210 ,  31.06 ,  0.05 ,  6.55
24 ,  3 ,  909773 ,  0 ,  210 ,  31.06 ,  0.05 ,  6.55
24 ,  3 ,  909814 ,  0 ,  210 ,  30.95 ,  0.05 ,  6.55
24 ,  3 ,  909855 ,  0 ,  210 ,  30.84 ,  0.05 ,  6.45
24 ,  3 ,  909895 ,  0 ,  210 ,  30.73 ,  0.05 ,  6.45
24 ,  3 ,  909936 ,  0 ,  210 ,  30.73 ,  0.05 ,  6.45
24 ,  3 ,  909987 ,  0 ,  210 ,  30.62 ,  0.05 ,  6.35
24 ,  3 ,  910030 ,  0 ,  210 ,  30.51 ,  0.05 ,  6.35
24 ,  3 ,  910071 ,  0 ,  210 ,  30.40 ,  0.05 ,  6.35
24 ,  3 ,  910111 ,  0 ,  210 ,  30.29 ,  0.05 ,  6.25
24 ,  3 ,  910152 ,  0 ,  210 ,  30.29 ,  0.05 ,  6.25
24 ,  3 ,  910193 ,  0 ,  210 ,  30.18 ,  0.05 ,  6.25
24 ,  3 ,  910234 ,  0 ,  210 ,  30.18 ,  0.05 ,  6.25
24 ,  3 ,  910275 ,  0 ,  210 ,  29.96 ,  0.05 ,  6.25
24 ,  3 ,  910316 ,  0 ,  210 ,  29.96 ,  0.05 ,  6.15
24 ,  3 ,  910357 ,  0 ,  210 ,  29.85 ,  0.05 ,  6.15
24 ,  3 ,  910397 ,  0 ,  210 ,  29.74 ,  0.05 ,  6.15
24 ,  3 ,  910440 ,  0 ,  210 ,  29.63 ,  0.04 ,  6.05
24 ,  3 ,  910481 ,  0 ,  210 ,  29.63 ,  0.05 ,  6.05
24 ,  3 ,  910522 ,  0 ,  210 ,  29.52 ,  0.05 ,  6.05
24 ,  3 ,  910563 ,  0 ,  210 ,  29.52 ,  0.05 ,  5.95
24 ,  3 ,  910604 ,  0 ,  210 ,  29.41 ,  0.05 ,  5.95
24 ,  3 ,  910645 ,  0 ,  210 ,  29.30 ,  0.05 ,  5.95
24 ,  3 ,  910685 ,  0 ,  210 ,  29.19 ,  0.05 ,  5.95
24 ,  3 ,  910726 ,  0 ,  210 ,  29.19 ,  0.05 ,  5.85
24 ,  3 ,  910767 ,  0 ,  210 ,  29.08 ,  0.05 ,  5.85
24 ,  3 ,  910810 ,  0 ,  210 ,  28.97 ,  0.05 ,  5.85
24 ,  3 ,  910851 ,  0 ,  210 ,  28.86 ,  0.05 ,  5.85
24 ,  3 ,  910892 ,  0 ,  210 ,  28.75 ,  0.05 ,  5.75
24 ,  3 ,  910932 ,  0 ,  210 ,  28.75 ,  0.05 ,  5.75
24 ,  3 ,  910973 ,  0 ,  210 ,  28.64 ,  0.04 ,  5.75
24 ,  3 ,  911014 ,  0 ,  210 ,  28.64 ,  0.05 ,  5.75
24 ,  3 ,  911054 ,  0 ,  210 ,  28.53 ,  0.05 ,  5.66
24 ,  3 ,  911095 ,  0 ,  210 ,  28.42 ,  0.05 ,  5.66
24 ,  3 ,  911136 ,  0 ,  210 ,  28.31 ,  0.04 ,  5.66
24 ,  3 ,  911179 ,  0 ,  210 ,  28.20 ,  0.05 ,  5.66
24 ,  3 ,  911220 ,  0 ,  210 ,  28.20 ,  0.05 ,  5.56
24 ,  3 ,  911261 ,  0 ,  210 ,  28.09 ,  0.05 ,  5.56
24 ,  3 ,  911302 ,  0 ,  210 ,  27.98 ,  0.04 ,  5.56
24 ,  3 ,  911343 ,  0 ,  210 ,  27.98 ,  0.04 ,  5.56
24 ,  3 ,  911383 ,  0 ,  210 ,  27.87 ,  0.05 ,  5.46
24 ,  3 ,  911424 ,  0 ,  210 ,  27.76 ,  0.04 ,  5.46
24 ,  3 ,  911465 ,  0 ,  210 ,  27.76 ,  0.05 ,  5.46
24 ,  3 ,  911506 ,  0 ,  210 ,  27.65 ,  0.05 ,  5.46
24 ,  3 ,  911549 ,  0 ,  210 ,  27.54 ,  0.05 ,  5.36
24 ,  3 ,  911590 ,  0 ,  210 ,  27.43 ,  0.05 ,  5.36
24 ,  3 ,  911631 ,  0 ,  210 ,  27.32 ,  0.05 ,  5.36
24 ,  3 ,  911672 ,  0 ,  210 ,  27.32 ,  0.04 ,  5.36
24 ,  3 ,  911713 ,  0 ,  210 ,  27.21 ,  0.05 ,  5.36
24 ,  3 ,  911753 ,  0 ,  210 ,  27.21 ,  0.05 ,  5.26
24 ,  3 ,  911794 ,  0 ,  210 ,  27.10 ,  0.05 ,  5.26
24 ,  3 ,  911835 ,  0 ,  210 ,  26.99 ,  0.05 ,  5.26
24 ,  3 ,  911876 ,  0 ,  210 ,  26.99 ,  0.04 ,  5.26
24 ,  3 ,  911919 ,  0 ,  210 ,  26.88 ,  0.05 ,  5.16
24 ,  3 ,  911960 ,  0 ,  210 ,  26.77 ,  0.04 ,  5.16
24 ,  3 ,  912001 ,  0 ,  210 ,  26.66 ,  0.05 ,  5.16
24 ,  3 ,  912041 ,  0 ,  210 ,  26.55 ,  0.05 ,  5.16
24 ,  3 ,  912081 ,  0 ,  210 ,  26.55 ,  0.04 ,  5.16
24 ,  3 ,  912122 ,  0 ,  210 ,  26.43 ,  0.04 ,  5.06
24 ,  3 ,  912163 ,  0 ,  210 ,  26.43 ,  0.04 ,  5.06
24 ,  3 ,  912204 ,  0 ,  210 ,  26.32 ,  0.05 ,  5.06
24 ,  3 ,  912245 ,  0 ,  210 ,  26.21 ,  0.04 ,  5.06
24 ,  3 ,  912288 ,  0 ,  210 ,  26.21 ,  0.05 ,  5.06
24 ,  3 ,  912329 ,  0 ,  210 ,  26.10 ,  0.04 ,  4.96
24 ,  3 ,  912370 ,  0 ,  210 ,  26.10 ,  0.05 ,  4.96
24 ,  3 ,  912410 ,  0 ,  210 ,  25.99 ,  0.04 ,  4.86
24 ,  3 ,  912451 ,  0 ,  210 ,  25.88 ,  0.05 ,  4.96
24 ,  3 ,  912492 ,  0 ,  210 ,  25.77 ,  0.05 ,  4.86
24 ,  3 ,  912533 ,  0 ,  210 ,  25.66 ,  0.04 ,  4.86
24 ,  3 ,  912574 ,  0 ,  210 ,  25.66 ,  0.04 ,  4.86
24 ,  3 ,  912615 ,  0 ,  210 ,  25.66 ,  0.04 ,  4.86
24 ,  3 ,  912658 ,  0 ,  210 ,  25.44 ,  0.04 ,  4.86
24 ,  3 ,  912699 ,  0 ,  210 ,  25.44 ,  0.04 ,  4.76
24 ,  3 ,  912739 ,  0 ,  210 ,  25.33 ,  0.04 ,  4.76
24 ,  3 ,  912780 ,  0 ,  210 ,  25.33 ,  0.04 ,  4.76
24 ,  3 ,  912821 ,  0 ,  210 ,  25.22 ,  0.05 ,  4.76
24 ,  3 ,  912862 ,  0 ,  210 ,  25.11 ,  0.04 ,  4.66
24 ,  3 ,  912903 ,  0 ,  210 ,  25.11 ,  0.04 ,  4.66
24 ,  3 ,  912944 ,  0 ,  210 ,  25.00 ,  0.04 ,  4.66
24 ,  3 ,  912985 ,  0 ,  210 ,  25.00 ,  0.04 ,  4.66
24 ,  3 ,  913025 ,  0 ,  210 ,  24.89 ,  0.04 ,  4.66
24 ,  3 ,  913068 ,  0 ,  210 ,  24.78 ,  0.04 ,  4.66
24 ,  3 ,  913108 ,  0 ,  210 ,  24.78 ,  0.04 ,  4.56
24 ,  3 ,  913149 ,  0 ,  210 ,  24.67 ,  0.04 ,  4.56
24 ,  3 ,  913190 ,  0 ,  210 ,  24.56 ,  0.04 ,  4.56
24 ,  3 ,  913231 ,  0 ,  210 ,  24.56 ,  0.04 ,  4.56
24 ,  3 ,  913272 ,  0 ,  210 ,  24.45 ,  0.04 ,  4.46
24 ,  3 ,  913313 ,  0 ,  210 ,  24.34 ,  0.04 ,  4.46
24 ,  3 ,  913353 ,  0 ,  210 ,  24.23 ,  0.04 ,  4.46
24 ,  3 ,  913394 ,  0 ,  210 ,  24.34 ,  0.04 ,  4.46
24 ,  3 ,  913437 ,  0 ,  210 ,  24.12 ,  0.04 ,  4.46
24 ,  3 ,  913478 ,  0 ,  210 ,  24.12 ,  0.04 ,  4.46
24 ,  3 ,  913519 ,  0 ,  210 ,  24.01 ,  0.04 ,  4.37
24 ,  3 ,  913560 ,  0 ,  210 ,  24.01 ,  0.04 ,  4.37
24 ,  3 ,  913601 ,  0 ,  210 ,  23.90 ,  0.04 ,  4.37
24 ,  3 ,  913642 ,  0 ,  210 ,  23.90 ,  0.04 ,  4.37
24 ,  3 ,  913683 ,  0 ,  210 ,  23.79 ,  0.04 ,  4.37
24 ,  3 ,  913724 ,  0 ,  210 ,  23.68 ,  0.04 ,  4.37
24 ,  3 ,  913765 ,  0 ,  210 ,  23.57 ,  0.04 ,  4.27
24 ,  3 ,  913808 ,  0 ,  210 ,  23.57 ,  0.04 ,  4.27
24 ,  3 ,  913849 ,  0 ,  210 ,  23.46 ,  0.04 ,  4.27
24 ,  3 ,  913890 ,  0 ,  210 ,  23.35 ,  0.04 ,  4.27
24 ,  3 ,  913930 ,  0 ,  210 ,  23.35 ,  0.04 ,  4.27
24 ,  3 ,  913971 ,  0 ,  210 ,  23.35 ,  0.04 ,  4.17
24 ,  3 ,  914012 ,  0 ,  210 ,  23.24 ,  0.04 ,  4.17
24 ,  3 ,  914053 ,  0 ,  210 ,  23.13 ,  0.04 ,  4.17
24 ,  3 ,  914094 ,  0 ,  210 ,  23.02 ,  0.04 ,  4.17
24 ,  3 ,  914135 ,  0 ,  210 ,  23.02 ,  0.04 ,  4.17
24 ,  3 ,  914178 ,  0 ,  210 ,  22.91 ,  0.04 ,  4.07
24 ,  3 ,  914219 ,  0 ,  210 ,  22.80 ,  0.04 ,  4.07
24 ,  3 ,  914259 ,  0 ,  210 ,  22.80 ,  0.04 ,  4.07
24 ,  3 ,  914299 ,  0 ,  210 ,  22.69 ,  0.04 ,  4.07
24 ,  3 ,  914340 ,  0 ,  210 ,  22.69 ,  0.04 ,  4.07
24 ,  3 ,  914381 ,  0 ,  210 ,  22.58 ,  0.04 ,  3.97
24 ,  3 ,  914422 ,  0 ,  210 ,  22.47 ,  0.04 ,  3.97
24 ,  3 ,  914463 ,  0 ,  210 ,  22.47 ,  0.04 ,  3.97
24 ,  3 ,  914504 ,  0 ,  210 ,  22.47 ,  0.04 ,  3.97
24 ,  3 ,  914547 ,  0 ,  210 ,  22.36 ,  0.04 ,  3.97
24 ,  3 ,  914588 ,  0 ,  210 ,  22.25 ,  0.04 ,  3.97
24 ,  3 ,  914628 ,  0 ,  210 ,  22.14 ,  0.04 ,  3.97
24 ,  3 ,  914669 ,  0 ,  210 ,  22.14 ,  0.04 ,  3.87
24 ,  3 ,  914710 ,  0 ,  210 ,  22.14 ,  0.04 ,  3.87
24 ,  3 ,  914751 ,  0 ,  210 ,  22.03 ,  0.04 ,  3.87
24 ,  3 ,  914792 ,  0 ,  210 ,  21.92 ,  0.04 ,  3.87
24 ,  3 ,  914833 ,  0 ,  210 ,  21.92 ,  0.04 ,  3.87
24 ,  3 ,  914873 ,  0 ,  210 ,  21.81 ,  0.04 ,  3.87
24 ,  3 ,  914917 ,  0 ,  210 ,  21.81 ,  0.04 ,  3.77
24 ,  3 ,  914957 ,  0 ,  210 ,  21.70 ,  0.04 ,  3.77
24 ,  3 ,  914998 ,  0 ,  210 ,  21.59 ,  0.04 ,  3.77
24 ,  3 ,  915039 ,  0 ,  210 ,  21.59 ,  0.04 ,  3.77
24 ,  3 ,  915080 ,  0 ,  210 ,  21.59 ,  0.04 ,  3.77
24 ,  3 ,  915121 ,  0 ,  210 ,  21.37 ,  0.04 ,  3.67
24 ,  3 ,  915162 ,  0 ,  210 ,  21.37 ,  0.04 ,  3.67
24 ,  3 ,  915202 ,  0 ,  210 ,  21.26 ,  0.04 ,  3.67
24 ,  3 ,  915243 ,  0 ,  210 ,  21.26 ,  0.04 ,  3.67
24 ,  3 ,  915286 ,  0 ,  210 ,  21.15 ,  0.04 ,  3.67
24 ,  3 ,  915326 ,  0 ,  210 ,  21.15 ,  0.04 ,  3.67
24 ,  3 ,  915367 ,  0 ,  210 ,  21.15 ,  0.04 ,  3.67
24 ,  3 ,  915408 ,  0 ,  210 ,  21.04 ,  0.04 ,  3.67
24 ,  3 ,  915449 ,  0 ,  210 ,  20.93 ,  0.04 ,  3.57
24 ,  3 ,  915490 ,  0 ,  210 ,  20.93 ,  0.04 ,  3.57
24 ,  3 ,  915530 ,  0 ,  210 ,  20.82 ,  0.04 ,  3.57
24 ,  3 ,  915571 ,  0 ,  210 ,  20.82 ,  0.04 ,  3.57
24 ,  3 ,  915612 ,  0 ,  210 ,  20.71 ,  0.03 ,  3.57
24 ,  3 ,  915653 ,  0 ,  210 ,  20.71 ,  0.04 ,  3.57
24 ,  3 ,  915696 ,  0 ,  210 ,  20.60 ,  0.03 ,  3.57
24 ,  3 ,  915737 ,  0 ,  210 ,  20.60 ,  0.04 ,  3.47
24 ,  3 ,  915778 ,  0 ,  210 ,  20.49 ,  0.04 ,  3.47
24 ,  3 ,  915819 ,  0 ,  210 ,  20.38 ,  0.04 ,  3.47
24 ,  3 ,  915859 ,  0 ,  210 ,  20.38 ,  0.04 ,  3.47
24 ,  3 ,  915900 ,  0 ,  210 ,  20.27 ,  0.03 ,  3.47
24 ,  3 ,  915941 ,  0 ,  210 ,  20.27 ,  0.04 ,  3.47
24 ,  3 ,  915982 ,  0 ,  210 ,  20.16 ,  0.04 ,  3.37
24 ,  3 ,  916023 ,  0 ,  210 ,  20.16 ,  0.04 ,  3.37
24 ,  3 ,  916066 ,  0 ,  210 ,  20.05 ,  0.04 ,  3.37
24 ,  3 ,  916107 ,  0 ,  210 ,  20.05 ,  0.04 ,  3.37
24 ,  3 ,  916148 ,  0 ,  210 ,  19.94 ,  0.04 ,  3.37
24 ,  3 ,  916189 ,  0 ,  210 ,  19.94 ,  0.04 ,  3.37
24 ,  3 ,  916229 ,  0 ,  210 ,  19.83 ,  0.04 ,  3.37
24 ,  3 ,  916270 ,  0 ,  210 ,  19.83 ,  0.03 ,  3.27
24 ,  3 ,  916311 ,  0 ,  210 ,  19.72 ,  0.04 ,  3.27
24 ,  3 ,  916352 ,  0 ,  210 ,  19.72 ,  0.04 ,  3.27
24 ,  3 ,  916392 ,  0 ,  210 ,  19.61 ,  0.03 ,  3.27
24 ,  3 ,  916435 ,  0 ,  210 ,  19.61 ,  0.04 ,  3.27
24 ,  3 ,  916476 ,  0 ,  210 ,  19.50 ,  0.04 ,  3.27
24 ,  3 ,  916517 ,  0 ,  210 ,  19.50 ,  0.04 ,  3.27
24 ,  3 ,  916557 ,  0 ,  210 ,  19.39 ,  0.03 ,  3.17
24 ,  3 ,  916598 ,  0 ,  210 ,  19.28 ,  0.03 ,  3.17
24 ,  3 ,  916639 ,  0 ,  210 ,  19.28 ,  0.04 ,  3.17
24 ,  3 ,  916680 ,  0 ,  210 ,  19.17 ,  0.03 ,  3.17
24 ,  3 ,  916721 ,  0 ,  210 ,  19.17 ,  0.03 ,  3.17
24 ,  3 ,  916762 ,  0 ,  210 ,  19.17 ,  0.04 ,  3.17
24 ,  3 ,  916805 ,  0 ,  210 ,  19.06 ,  0.03 ,  3.17
24 ,  3 ,  916846 ,  0 ,  210 ,  18.95 ,  0.03 ,  3.17
24 ,  3 ,  916887 ,  0 ,  210 ,  18.95 ,  0.03 ,  3.08
24 ,  3 ,  916927 ,  0 ,  210 ,  18.95 ,  0.04 ,  3.08
24 ,  3 ,  916968 ,  0 ,  210 ,  18.84 ,  0.04 ,  3.08
24 ,  3 ,  917009 ,  0 ,  210 ,  18.73 ,  0.04 ,  3.08
24 ,  3 ,  917050 ,  0 ,  210 ,  18.73 ,  0.04 ,  3.08
24 ,  3 ,  917091 ,  0 ,  210 ,  18.73 ,  0.04 ,  3.08
24 ,  3 ,  917132 ,  0 ,  210 ,  18.62 ,  0.04 ,  3.08
24 ,  3 ,  917175 ,  0 ,  210 ,  18.51 ,  0.04 ,  2.98
24 ,  3 ,  917216 ,  0 ,  210 ,  18.51 ,  0.03 ,  2.98
24 ,  3 ,  917256 ,  0 ,  210 ,  18.51 ,  0.03 ,  2.98
24 ,  3 ,  917297 ,  0 ,  210 ,  18.40 ,  0.04 ,  2.98
24 ,  3 ,  917338 ,  0 ,  210 ,  18.40 ,  0.03 ,  2.98
24 ,  3 ,  917379 ,  0 ,  210 ,  18.29 ,  0.04 ,  2.98
24 ,  3 ,  917420 ,  0 ,  210 ,  18.29 ,  0.04 ,  2.98
24 ,  3 ,  917467 ,  0 ,  210 ,  18.18 ,  0.04 ,  2.98
24 ,  3 ,  917508 ,  0 ,  210 ,  18.18 ,  0.04 ,  2.88
24 ,  3 ,  917551 ,  0 ,  210 ,  18.07 ,  0.04 ,  2.88
24 ,  3 ,  917592 ,  0 ,  210 ,  18.07 ,  0.04 ,  2.88
24 ,  3 ,  917633 ,  0 ,  210 ,  17.96 ,  0.04 ,  2.88
24 ,  3 ,  917673 ,  0 ,  210 ,  17.96 ,  0.03 ,  2.88
24 ,  3 ,  917714 ,  0 ,  210 ,  17.85 ,  0.04 ,  2.88
24 ,  3 ,  917754 ,  0 ,  210 ,  17.85 ,  0.04 ,  2.88
24 ,  3 ,  917795 ,  0 ,  210 ,  17.73 ,  0.04 ,  2.88
24 ,  3 ,  917836 ,  0 ,  210 ,  17.73 ,  0.03 ,  2.78
24 ,  3 ,  917877 ,  0 ,  210 ,  17.73 ,  0.04 ,  2.78
24 ,  3 ,  917920 ,  0 ,  210 ,  17.62 ,  0.03 ,  2.78
24 ,  3 ,  917961 ,  0 ,  210 ,  17.51 ,  0.03 ,  2.78
24 ,  3 ,  918002 ,  0 ,  210 ,  17.51 ,  0.03 ,  2.78
24 ,  3 ,  918043 ,  0 ,  210 ,  17.40 ,  0.03 ,  2.78
24 ,  3 ,  918083 ,  0 ,  210 ,  17.40 ,  0.03 ,  2.68
24 ,  3 ,  918124 ,  0 ,  210 ,  17.40 ,  0.04 ,  2.78
24 ,  3 ,  918165 ,  0 ,  210 ,  17.29 ,  0.04 ,  2.68
24 ,  3 ,  918206 ,  0 ,  210 ,  17.29 ,  0.04 ,  2.78
24 ,  3 ,  918247 ,  0 ,  210 ,  17.18 ,  0.04 ,  2.68
24 ,  3 ,  918288 ,  0 ,  210 ,  17.07 ,  0.04 ,  2.68
24 ,  3 ,  918331 ,  0 ,  210 ,  17.07 ,  0.04 ,  2.68
24 ,  3 ,  918372 ,  0 ,  210 ,  16.96 ,  0.03 ,  2.68
24 ,  3 ,  918412 ,  0 ,  210 ,  16.96 ,  0.04 ,  2.68
24 ,  3 ,  918453 ,  0 ,  210 ,  16.96 ,  0.03 ,  2.68
24 ,  3 ,  918494 ,  0 ,  210 ,  16.85 ,  0.03 ,  2.68
24 ,  3 ,  918535 ,  0 ,  210 ,  16.85 ,  0.03 ,  2.58
24 ,  3 ,  918576 ,  0 ,  210 ,  16.74 ,  0.04 ,  2.58
24 ,  3 ,  918617 ,  0 ,  210 ,  16.74 ,  0.03 ,  2.58
24 ,  3 ,  918657 ,  0 ,  210 ,  16.74 ,  0.04 ,  2.58
24 ,  3 ,  918701 ,  0 ,  210 ,  16.63 ,  0.04 ,  2.58
24 ,  3 ,  918740 ,  0 ,  210 ,  16.63 ,  0.03 ,  2.58
24 ,  3 ,  918781 ,  0 ,  210 ,  16.52 ,  0.04 ,  2.58
24 ,  3 ,  918822 ,  0 ,  210 ,  16.63 ,  0.03 ,  2.58
24 ,  3 ,  918863 ,  0 ,  210 ,  16.52 ,  0.03 ,  2.48
24 ,  3 ,  918904 ,  0 ,  210 ,  16.41 ,  0.04 ,  2.58
24 ,  3 ,  918945 ,  0 ,  210 ,  16.41 ,  0.03 ,  2.48
24 ,  3 ,  918985 ,  0 ,  210 ,  16.41 ,  0.04 ,  2.48
24 ,  3 ,  919026 ,  0 ,  210 ,  16.30 ,  0.04 ,  2.48
24 ,  3 ,  919069 ,  0 ,  210 ,  16.19 ,  0.03 ,  2.48
24 ,  3 ,  919110 ,  0 ,  210 ,  16.19 ,  0.04 ,  2.48
24 ,  3 ,  919151 ,  0 ,  210 ,  16.19 ,  0.04 ,  2.48
24 ,  3 ,  919192 ,  0 ,  210 ,  16.19 ,  0.04 ,  2.48
24 ,  3 ,  919233 ,  0 ,  210 ,  16.08 ,  0.03 ,  2.48
24 ,  3 ,  919274 ,  0 ,  210 ,  15.97 ,  0.03 ,  2.48
24 ,  3 ,  919314 ,  0 ,  210 ,  15.97 ,  0.03 ,  2.48
24 ,  3 ,  919355 ,  0 ,  210 ,  15.97 ,  0.04 ,  2.48
24 ,  3 ,  919396 ,  0 ,  210 ,  15.86 ,  0.04 ,  2.38
24 ,  3 ,  919439 ,  0 ,  210 ,  15.86 ,  0.04 ,  2.38
24 ,  3 ,  919480 ,  0 ,  210 ,  15.75 ,  0.03 ,  2.38
24 ,  3 ,  919521 ,  0 ,  210 ,  15.75 ,  0.04 ,  2.38
24 ,  3 ,  919562 ,  0 ,  210 ,  15.64 ,  0.04 ,  2.38
24 ,  3 ,  919603 ,  0 ,  210 ,  15.64 ,  0.03 ,  2.38
24 ,  3 ,  919644 ,  0 ,  210 ,  15.64 ,  0.03 ,  2.38
24 ,  3 ,  919685 ,  0 ,  210 ,  15.64 ,  0.03 ,  2.28
24 ,  3 ,  919726 ,  0 ,  210 ,  15.53 ,  0.03 ,  2.38
24 ,  3 ,  919767 ,  0 ,  210 ,  15.53 ,  0.04 ,  2.38
24 ,  3 ,  919810 ,  0 ,  210 ,  15.42 ,  0.04 ,  2.28
24 ,  3 ,  919851 ,  0 ,  210 ,  15.42 ,  0.03 ,  2.28
24 ,  3 ,  919891 ,  0 ,  210 ,  15.42 ,  0.04 ,  2.28
24 ,  3 ,  919932 ,  0 ,  210 ,  15.31 ,  0.03 ,  2.28
24 ,  3 ,  919973 ,  0 ,  210 ,  15.20 ,  0.04 ,  2.28
24 ,  3 ,  920014 ,  0 ,  210 ,  15.20 ,  0.03 ,  2.28
24 ,  3 ,  920055 ,  0 ,  210 ,  15.09 ,  0.03 ,  2.28
24 ,  3 ,  920096 ,  0 ,  210 ,  15.09 ,  0.03 ,  2.28
24 ,  3 ,  920137 ,  0 ,  210 ,  15.09 ,  0.03 ,  2.28
24 ,  3 ,  920180 ,  0 ,  210 ,  15.09 ,  0.04 ,  2.28
24 ,  3 ,  920221 ,  0 ,  210 ,  14.98 ,  0.03 ,  2.28
24 ,  3 ,  920262 ,  0 ,  210 ,  14.98 ,  0.03 ,  2.18
24 ,  3 ,  920302 ,  0 ,  210 ,  14.87 ,  0.03 ,  2.18
24 ,  3 ,  920343 ,  0 ,  210 ,  14.87 ,  0.04 ,  2.18
24 ,  3 ,  920384 ,  0 ,  210 ,  14.87 ,  0.03 ,  2.18
24 ,  3 ,  920425 ,  0 ,  210 ,  14.76 ,  0.03 ,  2.18
24 ,  3 ,  920466 ,  0 ,  210 ,  14.76 ,  0.03 ,  2.18
24 ,  3 ,  920507 ,  0 ,  210 ,  14.65 ,  0.03 ,  2.18
24 ,  3 ,  920557 ,  0 ,  210 ,  14.65 ,  0.03 ,  2.18
24 ,  3 ,  920598 ,  0 ,  210 ,  14.65 ,  0.04 ,  2.18
24 ,  3 ,  920639 ,  0 ,  210 ,  14.65 ,  0.03 ,  2.18
24 ,  3 ,  920680 ,  0 ,  210 ,  14.54 ,  0.03 ,  2.08
24 ,  3 ,  920721 ,  0 ,  210 ,  14.54 ,  0.03 ,  2.08
24 ,  3 ,  920762 ,  0 ,  210 ,  14.43 ,  0.03 ,  2.18
24 ,  3 ,  920803 ,  0 ,  210 ,  14.32 ,  0.03 ,  2.08
24 ,  3 ,  920845 ,  0 ,  210 ,  14.43 ,  0.04 ,  2.08
24 ,  3 ,  920886 ,  0 ,  210 ,  14.32 ,  0.03 ,  2.08
24 ,  3 ,  920927 ,  0 ,  210 ,  14.32 ,  0.03 ,  2.08
24 ,  3 ,  920970 ,  0 ,  210 ,  14.32 ,  0.03 ,  2.08
24 ,  3 ,  921011 ,  0 ,  210 ,  14.21 ,  0.03 ,  2.08
24 ,  3 ,  921052 ,  0 ,  210 ,  14.21 ,  0.03 ,  2.08
24 ,  3 ,  921092 ,  0 ,  210 ,  14.21 ,  0.03 ,  2.08
24 ,  3 ,  921133 ,  0 ,  210 ,  14.10 ,  0.03 ,  2.08
24 ,  3 ,  921175 ,  0 ,  210 ,  14.10 ,  0.03 ,  2.08
24 ,  3 ,  921216 ,  0 ,  210 ,  14.10 ,  0.03 ,  1.98
