MS, MPT, t (s), PWMi, PWMe, Pressure (Psi), LW (V), Displacement (mm)
24 ,  4 ,  921297 ,  0 ,  210 ,  13.99 ,  0.03 ,  1.98
24 ,  4 ,  921336 ,  255 ,  0 ,  13.88 ,  0.03 ,  1.98
24 ,  4 ,  921375 ,  255 ,  0 ,  16.19 ,  0.03 ,  1.98
24 ,  4 ,  921414 ,  255 ,  0 ,  30.29 ,  0.06 ,  3.67
24 ,  4 ,  921453 ,  255 ,  0 ,  44.39 ,  0.12 ,  6.85
24 ,  4 ,  921492 ,  255 ,  0 ,  54.30 ,  0.20 ,  10.32
24 ,  4 ,  921531 ,  255 ,  0 ,  61.13 ,  0.27 ,  13.10
24 ,  4 ,  921570 ,  255 ,  0 ,  65.97 ,  0.35 ,  15.08
24 ,  4 ,  921612 ,  255 ,  0 ,  69.83 ,  0.40 ,  16.67
24 ,  4 ,  921651 ,  255 ,  0 ,  72.69 ,  0.45 ,  17.66
24 ,  4 ,  921690 ,  255 ,  0 ,  74.89 ,  0.48 ,  18.55
24 ,  4 ,  921729 ,  255 ,  0 ,  76.87 ,  0.50 ,  19.25
24 ,  4 ,  921766 ,  255 ,  0 ,  78.53 ,  0.52 ,  19.84
24 ,  4 ,  921805 ,  255 ,  0 ,  79.96 ,  0.54 ,  20.24
24 ,  4 ,  921844 ,  255 ,  0 ,  81.39 ,  0.55 ,  20.74
24 ,  4 ,  921883 ,  255 ,  0 ,  82.60 ,  0.56 ,  21.03
24 ,  4 ,  921922 ,  255 ,  0 ,  83.70 ,  0.57 ,  21.43
24 ,  4 ,  921963 ,  255 ,  0 ,  84.91 ,  0.58 ,  21.73
24 ,  4 ,  922002 ,  255 ,  0 ,  85.90 ,  0.58 ,  22.03
24 ,  4 ,  922041 ,  255 ,  0 ,  86.89 ,  0.58 ,  22.22
24 ,  4 ,  922080 ,  255 ,  0 ,  87.78 ,  0.59 ,  22.52
24 ,  4 ,  922119 ,  255 ,  0 ,  88.66 ,  0.59 ,  22.72
24 ,  4 ,  922158 ,  255 ,  0 ,  89.43 ,  0.59 ,  23.02
24 ,  4 ,  922196 ,  255 ,  0 ,  90.20 ,  0.60 ,  23.12
24 ,  4 ,  922235 ,  255 ,  0 ,  90.97 ,  0.60 ,  23.32
24 ,  4 ,  922274 ,  255 ,  0 ,  91.52 ,  0.60 ,  23.51
24 ,  4 ,  922315 ,  255 ,  0 ,  92.29 ,  0.60 ,  23.61
24 ,  4 ,  922354 ,  255 ,  0 ,  92.84 ,  0.60 ,  23.81
24 ,  4 ,  922393 ,  255 ,  0 ,  93.39 ,  0.60 ,  23.91
24 ,  4 ,  922432 ,  255 ,  0 ,  93.94 ,  0.60 ,  24.01
24 ,  4 ,  922470 ,  255 ,  0 ,  94.27 ,  0.60 ,  24.11
24 ,  4 ,  922509 ,  255 ,  0 ,  94.60 ,  0.60 ,  24.21
24 ,  4 ,  922569 ,  255 ,  0 ,  95.15 ,  0.61 ,  24.31
24 ,  4 ,  922608 ,  255 ,  0 ,  95.37 ,  0.61 ,  24.41
24 ,  4 ,  922647 ,  255 ,  0 ,  95.59 ,  0.61 ,  24.41
24 ,  4 ,  922688 ,  255 ,  0 ,  95.82 ,  0.61 ,  24.51
24 ,  4 ,  922727 ,  255 ,  0 ,  95.93 ,  0.61 ,  24.61
24 ,  4 ,  922766 ,  255 ,  0 ,  96.04 ,  0.61 ,  24.61
24 ,  4 ,  922805 ,  255 ,  0 ,  96.04 ,  0.61 ,  24.61
24 ,  4 ,  922843 ,  255 ,  0 ,  96.15 ,  0.61 ,  24.71
24 ,  4 ,  922882 ,  255 ,  0 ,  96.15 ,  0.61 ,  24.71
24 ,  4 ,  922920 ,  255 ,  0 ,  96.15 ,  0.61 ,  24.71
24 ,  4 ,  922959 ,  255 ,  0 ,  96.26 ,  0.61 ,  24.71
24 ,  4 ,  922998 ,  255 ,  0 ,  96.26 ,  0.61 ,  24.80
24 ,  4 ,  923039 ,  255 ,  0 ,  96.26 ,  0.61 ,  24.80
24 ,  4 ,  923078 ,  255 ,  0 ,  96.26 ,  0.61 ,  24.80
24 ,  4 ,  923117 ,  255 ,  0 ,  96.26 ,  0.61 ,  24.80
24 ,  4 ,  923156 ,  255 ,  0 ,  96.26 ,  0.61 ,  24.80
24 ,  4 ,  923195 ,  255 ,  0 ,  96.37 ,  0.61 ,  24.80
24 ,  4 ,  923234 ,  255 ,  0 ,  96.26 ,  0.61 ,  24.90
24 ,  4 ,  923273 ,  255 ,  0 ,  96.26 ,  0.61 ,  24.90
24 ,  4 ,  923312 ,  255 ,  0 ,  96.37 ,  0.61 ,  24.90
24 ,  4 ,  923351 ,  255 ,  0 ,  96.37 ,  0.61 ,  24.90
24 ,  4 ,  923392 ,  255 ,  0 ,  96.37 ,  0.61 ,  24.90
24 ,  4 ,  923430 ,  255 ,  0 ,  96.37 ,  0.61 ,  24.90
24 ,  4 ,  923468 ,  255 ,  0 ,  96.26 ,  0.61 ,  25.00
24 ,  4 ,  923507 ,  255 ,  0 ,  96.26 ,  0.61 ,  24.90
24 ,  4 ,  923546 ,  255 ,  0 ,  96.26 ,  0.61 ,  25.00
24 ,  4 ,  923585 ,  255 ,  0 ,  96.37 ,  0.61 ,  24.90
24 ,  4 ,  923624 ,  255 ,  0 ,  96.37 ,  0.61 ,  25.00
24 ,  4 ,  923663 ,  255 ,  0 ,  96.26 ,  0.61 ,  25.00
24 ,  4 ,  923702 ,  255 ,  0 ,  96.26 ,  0.61 ,  25.00
24 ,  4 ,  923743 ,  255 ,  0 ,  96.37 ,  0.61 ,  25.00
24 ,  4 ,  923782 ,  255 ,  0 ,  96.37 ,  0.61 ,  25.00
24 ,  4 ,  923821 ,  255 ,  0 ,  96.26 ,  0.61 ,  25.00
24 ,  4 ,  923859 ,  255 ,  0 ,  96.26 ,  0.61 ,  25.00
24 ,  4 ,  923898 ,  255 ,  0 ,  96.26 ,  0.61 ,  25.00
24 ,  4 ,  923937 ,  255 ,  0 ,  96.26 ,  0.61 ,  25.00
24 ,  4 ,  923975 ,  255 ,  0 ,  96.26 ,  0.61 ,  25.10
24 ,  4 ,  924014 ,  255 ,  0 ,  96.26 ,  0.61 ,  25.10
24 ,  4 ,  924053 ,  255 ,  0 ,  96.37 ,  0.61 ,  25.00
24 ,  4 ,  924094 ,  255 ,  0 ,  96.26 ,  0.61 ,  25.10
24 ,  4 ,  924133 ,  255 ,  0 ,  96.26 ,  0.61 ,  25.10
24 ,  4 ,  924172 ,  255 ,  0 ,  96.26 ,  0.61 ,  25.10
24 ,  4 ,  924211 ,  255 ,  0 ,  96.26 ,  0.61 ,  25.10
24 ,  4 ,  924250 ,  255 ,  0 ,  96.26 ,  0.61 ,  25.10
24 ,  4 ,  924289 ,  0 ,  210 ,  96.26 ,  0.61 ,  25.10
24 ,  4 ,  924327 ,  0 ,  210 ,  93.50 ,  0.61 ,  25.10
24 ,  4 ,  924366 ,  0 ,  210 ,  87.89 ,  0.61 ,  24.51
24 ,  4 ,  924405 ,  0 ,  210 ,  82.60 ,  0.60 ,  23.81
24 ,  4 ,  924446 ,  0 ,  210 ,  77.97 ,  0.59 ,  22.92
24 ,  4 ,  924485 ,  0 ,  210 ,  74.45 ,  0.58 ,  22.22
24 ,  4 ,  924524 ,  0 ,  210 ,  71.37 ,  0.57 ,  21.43
24 ,  4 ,  924563 ,  0 ,  210 ,  68.83 ,  0.55 ,  20.84
24 ,  4 ,  924602 ,  0 ,  210 ,  66.85 ,  0.53 ,  20.34
24 ,  4 ,  924640 ,  0 ,  210 ,  64.98 ,  0.51 ,  19.74
24 ,  4 ,  924679 ,  0 ,  210 ,  63.44 ,  0.49 ,  19.35
24 ,  4 ,  924718 ,  0 ,  210 ,  62.01 ,  0.47 ,  18.85
24 ,  4 ,  924756 ,  0 ,  210 ,  60.90 ,  0.46 ,  18.45
24 ,  4 ,  924797 ,  0 ,  210 ,  59.69 ,  0.44 ,  18.06
24 ,  4 ,  924836 ,  0 ,  210 ,  58.81 ,  0.43 ,  17.76
24 ,  4 ,  924875 ,  0 ,  210 ,  58.04 ,  0.41 ,  17.46
24 ,  4 ,  924914 ,  0 ,  210 ,  57.27 ,  0.40 ,  17.16
24 ,  4 ,  924953 ,  0 ,  210 ,  56.61 ,  0.39 ,  16.97
24 ,  4 ,  924992 ,  0 ,  210 ,  56.06 ,  0.37 ,  16.77
24 ,  4 ,  925031 ,  0 ,  210 ,  55.51 ,  0.36 ,  16.57
24 ,  4 ,  925070 ,  0 ,  210 ,  55.07 ,  0.35 ,  16.37
24 ,  4 ,  925108 ,  0 ,  210 ,  54.63 ,  0.35 ,  16.17
24 ,  4 ,  925150 ,  0 ,  210 ,  54.19 ,  0.34 ,  15.97
24 ,  4 ,  925189 ,  0 ,  210 ,  53.86 ,  0.33 ,  15.88
24 ,  4 ,  925227 ,  0 ,  210 ,  53.53 ,  0.32 ,  15.68
24 ,  4 ,  925265 ,  0 ,  210 ,  53.20 ,  0.32 ,  15.58
24 ,  4 ,  925304 ,  0 ,  210 ,  52.98 ,  0.31 ,  15.48
24 ,  4 ,  925343 ,  0 ,  210 ,  52.65 ,  0.31 ,  15.28
24 ,  4 ,  925382 ,  0 ,  210 ,  52.42 ,  0.30 ,  15.18
24 ,  4 ,  925421 ,  0 ,  210 ,  52.20 ,  0.30 ,  15.08
24 ,  4 ,  925460 ,  0 ,  210 ,  51.98 ,  0.29 ,  14.98
24 ,  4 ,  925501 ,  0 ,  210 ,  51.76 ,  0.29 ,  14.88
24 ,  4 ,  925540 ,  0 ,  210 ,  51.54 ,  0.28 ,  14.78
24 ,  4 ,  925579 ,  0 ,  210 ,  51.43 ,  0.28 ,  14.78
24 ,  4 ,  925618 ,  0 ,  210 ,  51.10 ,  0.28 ,  14.68
24 ,  4 ,  925657 ,  0 ,  210 ,  50.99 ,  0.28 ,  14.49
24 ,  4 ,  925696 ,  0 ,  210 ,  50.88 ,  0.27 ,  14.49
24 ,  4 ,  925733 ,  0 ,  210 ,  50.66 ,  0.27 ,  14.39
24 ,  4 ,  925772 ,  0 ,  210 ,  50.55 ,  0.27 ,  14.39
24 ,  4 ,  925811 ,  0 ,  210 ,  50.33 ,  0.26 ,  14.29
24 ,  4 ,  925852 ,  0 ,  210 ,  50.22 ,  0.26 ,  14.19
24 ,  4 ,  925891 ,  0 ,  210 ,  50.11 ,  0.25 ,  14.09
24 ,  4 ,  925930 ,  0 ,  210 ,  50.00 ,  0.25 ,  13.99
24 ,  4 ,  925969 ,  0 ,  210 ,  49.78 ,  0.25 ,  13.99
24 ,  4 ,  926008 ,  0 ,  210 ,  49.67 ,  0.24 ,  13.99
24 ,  4 ,  926047 ,  0 ,  210 ,  49.56 ,  0.25 ,  13.89
24 ,  4 ,  926086 ,  0 ,  210 ,  49.45 ,  0.24 ,  13.89
24 ,  4 ,  926125 ,  0 ,  210 ,  49.23 ,  0.24 ,  13.79
24 ,  4 ,  926163 ,  0 ,  210 ,  49.23 ,  0.24 ,  13.79
24 ,  4 ,  926204 ,  0 ,  210 ,  49.12 ,  0.24 ,  13.69
24 ,  4 ,  926243 ,  0 ,  210 ,  49.01 ,  0.24 ,  13.69
24 ,  4 ,  926282 ,  0 ,  210 ,  48.79 ,  0.23 ,  13.59
24 ,  4 ,  926321 ,  0 ,  210 ,  48.68 ,  0.23 ,  13.59
24 ,  4 ,  926360 ,  0 ,  210 ,  48.57 ,  0.23 ,  13.49
24 ,  4 ,  926399 ,  0 ,  210 ,  48.46 ,  0.23 ,  13.49
24 ,  4 ,  926438 ,  0 ,  210 ,  48.35 ,  0.22 ,  13.39
24 ,  4 ,  926477 ,  0 ,  210 ,  48.24 ,  0.22 ,  13.39
24 ,  4 ,  926516 ,  0 ,  210 ,  48.24 ,  0.22 ,  13.30
24 ,  4 ,  926557 ,  0 ,  210 ,  48.02 ,  0.22 ,  13.30
24 ,  4 ,  926596 ,  0 ,  210 ,  48.02 ,  0.22 ,  13.30
24 ,  4 ,  926635 ,  0 ,  210 ,  47.80 ,  0.22 ,  13.20
24 ,  4 ,  926673 ,  0 ,  210 ,  47.69 ,  0.22 ,  13.10
24 ,  4 ,  926712 ,  0 ,  210 ,  47.58 ,  0.22 ,  13.10
24 ,  4 ,  926750 ,  0 ,  210 ,  47.58 ,  0.21 ,  13.10
24 ,  4 ,  926789 ,  0 ,  210 ,  47.47 ,  0.21 ,  13.00
24 ,  4 ,  926828 ,  0 ,  210 ,  47.36 ,  0.21 ,  13.00
24 ,  4 ,  926867 ,  0 ,  210 ,  47.25 ,  0.21 ,  12.90
24 ,  4 ,  926908 ,  0 ,  210 ,  47.14 ,  0.21 ,  12.90
24 ,  4 ,  926947 ,  0 ,  210 ,  47.03 ,  0.21 ,  12.80
24 ,  4 ,  926986 ,  0 ,  210 ,  46.92 ,  0.20 ,  12.80
24 ,  4 ,  927025 ,  0 ,  210 ,  46.81 ,  0.20 ,  12.80
24 ,  4 ,  927064 ,  0 ,  210 ,  46.70 ,  0.20 ,  12.70
24 ,  4 ,  927102 ,  0 ,  210 ,  46.59 ,  0.20 ,  12.60
24 ,  4 ,  927141 ,  0 ,  210 ,  46.48 ,  0.20 ,  12.60
24 ,  4 ,  927180 ,  0 ,  210 ,  46.48 ,  0.20 ,  12.60
24 ,  4 ,  927218 ,  0 ,  210 ,  46.37 ,  0.20 ,  12.50
24 ,  4 ,  927260 ,  0 ,  210 ,  46.26 ,  0.20 ,  12.40
24 ,  4 ,  927299 ,  0 ,  210 ,  46.15 ,  0.19 ,  12.40
24 ,  4 ,  927337 ,  0 ,  210 ,  46.04 ,  0.19 ,  12.40
24 ,  4 ,  927376 ,  0 ,  210 ,  45.93 ,  0.19 ,  12.40
24 ,  4 ,  927415 ,  0 ,  210 ,  45.82 ,  0.19 ,  12.30
24 ,  4 ,  927454 ,  0 ,  210 ,  45.71 ,  0.18 ,  12.30
24 ,  4 ,  927493 ,  0 ,  210 ,  45.60 ,  0.18 ,  12.20
24 ,  4 ,  927532 ,  0 ,  210 ,  45.60 ,  0.18 ,  12.20
24 ,  4 ,  927570 ,  0 ,  210 ,  45.38 ,  0.18 ,  12.10
24 ,  4 ,  927611 ,  0 ,  210 ,  45.38 ,  0.18 ,  12.10
24 ,  4 ,  927650 ,  0 ,  210 ,  45.27 ,  0.18 ,  12.10
24 ,  4 ,  927689 ,  0 ,  210 ,  45.16 ,  0.18 ,  12.01
24 ,  4 ,  927728 ,  0 ,  210 ,  45.05 ,  0.17 ,  12.01
24 ,  4 ,  927767 ,  0 ,  210 ,  44.94 ,  0.17 ,  11.91
24 ,  4 ,  927806 ,  0 ,  210 ,  44.83 ,  0.17 ,  11.91
24 ,  4 ,  927845 ,  0 ,  210 ,  44.72 ,  0.17 ,  11.91
24 ,  4 ,  927884 ,  0 ,  210 ,  44.72 ,  0.17 ,  11.81
24 ,  4 ,  927922 ,  0 ,  210 ,  44.50 ,  0.17 ,  11.81
24 ,  4 ,  927964 ,  0 ,  210 ,  44.50 ,  0.17 ,  11.71
24 ,  4 ,  928003 ,  0 ,  210 ,  44.28 ,  0.17 ,  11.71
24 ,  4 ,  928040 ,  0 ,  210 ,  44.28 ,  0.16 ,  11.71
24 ,  4 ,  928079 ,  0 ,  210 ,  44.17 ,  0.16 ,  11.71
24 ,  4 ,  928118 ,  0 ,  210 ,  44.06 ,  0.16 ,  11.61
24 ,  4 ,  928157 ,  0 ,  210 ,  43.95 ,  0.16 ,  11.61
24 ,  4 ,  928196 ,  0 ,  210 ,  43.84 ,  0.16 ,  11.51
24 ,  4 ,  928235 ,  0 ,  210 ,  43.72 ,  0.16 ,  11.51
24 ,  4 ,  928274 ,  0 ,  210 ,  43.61 ,  0.15 ,  11.51
24 ,  4 ,  928315 ,  0 ,  210 ,  43.61 ,  0.15 ,  11.41
24 ,  4 ,  928354 ,  0 ,  210 ,  43.50 ,  0.15 ,  11.41
24 ,  4 ,  928393 ,  0 ,  210 ,  43.39 ,  0.15 ,  11.31
24 ,  4 ,  928432 ,  0 ,  210 ,  43.28 ,  0.15 ,  11.31
24 ,  4 ,  928471 ,  0 ,  210 ,  43.17 ,  0.15 ,  11.31
24 ,  4 ,  928509 ,  0 ,  210 ,  43.06 ,  0.15 ,  11.21
24 ,  4 ,  928548 ,  0 ,  210 ,  42.95 ,  0.14 ,  11.21
24 ,  4 ,  928586 ,  0 ,  210 ,  42.84 ,  0.15 ,  11.11
24 ,  4 ,  928625 ,  0 ,  210 ,  42.73 ,  0.14 ,  11.11
24 ,  4 ,  928666 ,  0 ,  210 ,  42.62 ,  0.15 ,  11.11
24 ,  4 ,  928705 ,  0 ,  210 ,  42.51 ,  0.14 ,  11.01
24 ,  4 ,  928744 ,  0 ,  210 ,  42.51 ,  0.14 ,  10.91
24 ,  4 ,  928783 ,  0 ,  210 ,  42.40 ,  0.14 ,  10.91
24 ,  4 ,  928822 ,  0 ,  210 ,  42.29 ,  0.14 ,  10.91
24 ,  4 ,  928861 ,  0 ,  210 ,  42.18 ,  0.14 ,  10.81
24 ,  4 ,  928900 ,  0 ,  210 ,  42.07 ,  0.13 ,  10.81
24 ,  4 ,  928939 ,  0 ,  210 ,  41.96 ,  0.13 ,  10.81
24 ,  4 ,  928977 ,  0 ,  210 ,  41.85 ,  0.13 ,  10.72
24 ,  4 ,  929018 ,  0 ,  210 ,  41.85 ,  0.13 ,  10.72
24 ,  4 ,  929057 ,  0 ,  210 ,  41.74 ,  0.13 ,  10.62
24 ,  4 ,  929096 ,  0 ,  210 ,  41.63 ,  0.12 ,  10.62
24 ,  4 ,  929135 ,  0 ,  210 ,  41.52 ,  0.12 ,  10.62
24 ,  4 ,  929174 ,  0 ,  210 ,  41.41 ,  0.13 ,  10.52
24 ,  4 ,  929213 ,  0 ,  210 ,  41.41 ,  0.13 ,  10.42
24 ,  4 ,  929252 ,  0 ,  210 ,  41.30 ,  0.12 ,  10.42
24 ,  4 ,  929290 ,  0 ,  210 ,  41.19 ,  0.12 ,  10.42
24 ,  4 ,  929329 ,  0 ,  210 ,  41.08 ,  0.12 ,  10.42
24 ,  4 ,  929371 ,  0 ,  210 ,  40.97 ,  0.12 ,  10.32
24 ,  4 ,  929410 ,  0 ,  210 ,  40.86 ,  0.12 ,  10.32
24 ,  4 ,  929447 ,  0 ,  210 ,  40.75 ,  0.12 ,  10.22
24 ,  4 ,  929486 ,  0 ,  210 ,  40.75 ,  0.12 ,  10.22
24 ,  4 ,  929525 ,  0 ,  210 ,  40.64 ,  0.12 ,  10.12
24 ,  4 ,  929564 ,  0 ,  210 ,  40.42 ,  0.12 ,  10.12
24 ,  4 ,  929603 ,  0 ,  210 ,  40.42 ,  0.12 ,  10.12
24 ,  4 ,  929643 ,  0 ,  210 ,  40.31 ,  0.11 ,  10.12
24 ,  4 ,  929688 ,  0 ,  210 ,  40.20 ,  0.11 ,  10.02
24 ,  4 ,  929729 ,  0 ,  210 ,  40.09 ,  0.11 ,  10.02
24 ,  4 ,  929768 ,  0 ,  210 ,  39.98 ,  0.11 ,  9.92
24 ,  4 ,  929806 ,  0 ,  210 ,  39.98 ,  0.11 ,  9.92
24 ,  4 ,  929845 ,  0 ,  210 ,  39.76 ,  0.11 ,  9.92
24 ,  4 ,  929884 ,  0 ,  210 ,  39.65 ,  0.11 ,  9.82
24 ,  4 ,  929923 ,  0 ,  210 ,  39.65 ,  0.10 ,  9.72
24 ,  4 ,  929961 ,  0 ,  210 ,  39.54 ,  0.11 ,  9.72
24 ,  4 ,  930000 ,  0 ,  210 ,  39.43 ,  0.10 ,  9.72
24 ,  4 ,  930039 ,  0 ,  210 ,  39.32 ,  0.10 ,  9.72
24 ,  4 ,  930080 ,  0 ,  210 ,  39.32 ,  0.10 ,  9.62
24 ,  4 ,  930119 ,  0 ,  210 ,  39.21 ,  0.10 ,  9.62
24 ,  4 ,  930158 ,  0 ,  210 ,  39.10 ,  0.10 ,  9.62
24 ,  4 ,  930196 ,  0 ,  210 ,  38.99 ,  0.10 ,  9.53
24 ,  4 ,  930235 ,  0 ,  210 ,  38.88 ,  0.10 ,  9.53
24 ,  4 ,  930274 ,  0 ,  210 ,  38.77 ,  0.10 ,  9.43
24 ,  4 ,  930313 ,  0 ,  210 ,  38.66 ,  0.10 ,  9.43
24 ,  4 ,  930352 ,  0 ,  210 ,  38.66 ,  0.10 ,  9.43
24 ,  4 ,  930391 ,  0 ,  210 ,  38.55 ,  0.10 ,  9.33
24 ,  4 ,  930432 ,  0 ,  210 ,  38.44 ,  0.10 ,  9.33
24 ,  4 ,  930470 ,  0 ,  210 ,  38.33 ,  0.10 ,  9.23
24 ,  4 ,  930509 ,  0 ,  210 ,  38.22 ,  0.10 ,  9.23
24 ,  4 ,  930547 ,  0 ,  210 ,  38.22 ,  0.09 ,  9.23
24 ,  4 ,  930586 ,  0 ,  210 ,  38.11 ,  0.09 ,  9.13
24 ,  4 ,  930625 ,  0 ,  210 ,  38.00 ,  0.09 ,  9.13
24 ,  4 ,  930664 ,  0 ,  210 ,  37.89 ,  0.09 ,  9.03
24 ,  4 ,  930703 ,  0 ,  210 ,  37.89 ,  0.09 ,  9.03
24 ,  4 ,  930742 ,  0 ,  210 ,  37.67 ,  0.09 ,  9.03
24 ,  4 ,  930783 ,  0 ,  210 ,  37.67 ,  0.09 ,  8.93
24 ,  4 ,  930822 ,  0 ,  210 ,  37.56 ,  0.09 ,  8.93
24 ,  4 ,  930861 ,  0 ,  210 ,  37.45 ,  0.09 ,  8.93
24 ,  4 ,  930898 ,  0 ,  210 ,  37.23 ,  0.08 ,  8.83
24 ,  4 ,  930937 ,  0 ,  210 ,  37.23 ,  0.08 ,  8.83
24 ,  4 ,  930976 ,  0 ,  210 ,  37.12 ,  0.09 ,  8.73
24 ,  4 ,  931015 ,  0 ,  210 ,  37.12 ,  0.08 ,  8.73
24 ,  4 ,  931054 ,  0 ,  210 ,  37.01 ,  0.09 ,  8.63
24 ,  4 ,  931093 ,  0 ,  210 ,  36.90 ,  0.08 ,  8.73
24 ,  4 ,  931134 ,  0 ,  210 ,  36.79 ,  0.09 ,  8.63
24 ,  4 ,  931173 ,  0 ,  210 ,  36.79 ,  0.09 ,  8.63
24 ,  4 ,  931212 ,  0 ,  210 ,  36.68 ,  0.08 ,  8.53
24 ,  4 ,  931250 ,  0 ,  210 ,  36.57 ,  0.09 ,  8.53
24 ,  4 ,  931289 ,  0 ,  210 ,  36.46 ,  0.08 ,  8.53
24 ,  4 ,  931328 ,  0 ,  210 ,  36.35 ,  0.08 ,  8.43
24 ,  4 ,  931366 ,  0 ,  210 ,  36.24 ,  0.08 ,  8.43
24 ,  4 ,  931405 ,  0 ,  210 ,  36.24 ,  0.08 ,  8.43
24 ,  4 ,  931444 ,  0 ,  210 ,  36.13 ,  0.08 ,  8.33
24 ,  4 ,  931485 ,  0 ,  210 ,  36.02 ,  0.08 ,  8.33
24 ,  4 ,  931524 ,  0 ,  210 ,  35.91 ,  0.08 ,  8.33
24 ,  4 ,  931563 ,  0 ,  210 ,  35.80 ,  0.08 ,  8.24
24 ,  4 ,  931602 ,  0 ,  210 ,  35.80 ,  0.08 ,  8.24
24 ,  4 ,  931641 ,  0 ,  210 ,  35.69 ,  0.08 ,  8.24
24 ,  4 ,  931680 ,  0 ,  210 ,  35.58 ,  0.08 ,  8.24
24 ,  4 ,  931718 ,  0 ,  210 ,  35.58 ,  0.07 ,  8.14
24 ,  4 ,  931757 ,  0 ,  210 ,  35.36 ,  0.07 ,  8.14
24 ,  4 ,  931795 ,  0 ,  210 ,  35.36 ,  0.08 ,  8.04
24 ,  4 ,  931834 ,  0 ,  210 ,  35.36 ,  0.07 ,  8.04
24 ,  4 ,  931876 ,  0 ,  210 ,  35.13 ,  0.07 ,  8.04
24 ,  4 ,  931915 ,  0 ,  210 ,  35.13 ,  0.07 ,  8.04
24 ,  4 ,  931954 ,  0 ,  210 ,  34.91 ,  0.07 ,  7.94
24 ,  4 ,  931992 ,  0 ,  210 ,  34.91 ,  0.07 ,  7.94
24 ,  4 ,  932031 ,  0 ,  210 ,  34.80 ,  0.07 ,  7.84
24 ,  4 ,  932070 ,  0 ,  210 ,  34.80 ,  0.07 ,  7.84
24 ,  4 ,  932109 ,  0 ,  210 ,  34.69 ,  0.07 ,  7.84
24 ,  4 ,  932148 ,  0 ,  210 ,  34.58 ,  0.07 ,  7.84
24 ,  4 ,  932187 ,  0 ,  210 ,  34.47 ,  0.07 ,  7.74
24 ,  4 ,  932228 ,  0 ,  210 ,  34.47 ,  0.07 ,  7.74
24 ,  4 ,  932267 ,  0 ,  210 ,  34.25 ,  0.07 ,  7.74
24 ,  4 ,  932305 ,  0 ,  210 ,  34.25 ,  0.07 ,  7.64
24 ,  4 ,  932344 ,  0 ,  210 ,  34.14 ,  0.07 ,  7.64
24 ,  4 ,  932383 ,  0 ,  210 ,  34.03 ,  0.07 ,  7.64
24 ,  4 ,  932422 ,  0 ,  210 ,  34.03 ,  0.06 ,  7.54
24 ,  4 ,  932461 ,  0 ,  210 ,  33.92 ,  0.07 ,  7.54
24 ,  4 ,  932500 ,  0 ,  210 ,  33.81 ,  0.07 ,  7.54
24 ,  4 ,  932539 ,  0 ,  210 ,  33.70 ,  0.06 ,  7.44
24 ,  4 ,  932589 ,  0 ,  210 ,  33.59 ,  0.06 ,  7.44
24 ,  4 ,  932630 ,  0 ,  210 ,  33.48 ,  0.06 ,  7.34
24 ,  4 ,  932672 ,  0 ,  210 ,  33.48 ,  0.06 ,  7.44
24 ,  4 ,  932713 ,  0 ,  210 ,  33.37 ,  0.07 ,  7.34
24 ,  4 ,  932754 ,  0 ,  210 ,  33.26 ,  0.06 ,  7.34
24 ,  4 ,  932795 ,  0 ,  210 ,  33.15 ,  0.07 ,  7.24
24 ,  4 ,  932836 ,  0 ,  210 ,  33.04 ,  0.06 ,  7.24
24 ,  4 ,  932877 ,  0 ,  210 ,  33.04 ,  0.07 ,  7.24
24 ,  4 ,  932918 ,  0 ,  210 ,  32.93 ,  0.06 ,  7.14
24 ,  4 ,  932961 ,  0 ,  210 ,  32.82 ,  0.06 ,  7.14
24 ,  4 ,  933002 ,  0 ,  210 ,  32.71 ,  0.06 ,  7.04
24 ,  4 ,  933043 ,  0 ,  210 ,  32.71 ,  0.06 ,  7.14
24 ,  4 ,  933084 ,  0 ,  210 ,  32.60 ,  0.06 ,  7.04
24 ,  4 ,  933125 ,  0 ,  210 ,  32.49 ,  0.06 ,  7.04
24 ,  4 ,  933166 ,  0 ,  210 ,  32.38 ,  0.06 ,  6.95
24 ,  4 ,  933207 ,  0 ,  210 ,  32.27 ,  0.06 ,  6.95
24 ,  4 ,  933248 ,  0 ,  210 ,  32.16 ,  0.06 ,  6.95
24 ,  4 ,  933288 ,  0 ,  210 ,  32.16 ,  0.06 ,  6.95
24 ,  4 ,  933331 ,  0 ,  210 ,  32.05 ,  0.06 ,  6.85
24 ,  4 ,  933372 ,  0 ,  210 ,  31.94 ,  0.06 ,  6.85
24 ,  4 ,  933413 ,  0 ,  210 ,  31.94 ,  0.06 ,  6.85
24 ,  4 ,  933454 ,  0 ,  210 ,  31.83 ,  0.06 ,  6.85
24 ,  4 ,  933495 ,  0 ,  210 ,  31.72 ,  0.06 ,  6.75
24 ,  4 ,  933536 ,  0 ,  210 ,  31.61 ,  0.06 ,  6.75
24 ,  4 ,  933577 ,  0 ,  210 ,  31.50 ,  0.05 ,  6.75
24 ,  4 ,  933618 ,  0 ,  210 ,  31.39 ,  0.06 ,  6.65
24 ,  4 ,  933659 ,  0 ,  210 ,  31.39 ,  0.05 ,  6.65
24 ,  4 ,  933702 ,  0 ,  210 ,  31.28 ,  0.06 ,  6.65
24 ,  4 ,  933743 ,  0 ,  210 ,  31.28 ,  0.05 ,  6.65
24 ,  4 ,  933784 ,  0 ,  210 ,  31.17 ,  0.06 ,  6.55
24 ,  4 ,  933825 ,  0 ,  210 ,  31.06 ,  0.06 ,  6.55
24 ,  4 ,  933865 ,  0 ,  210 ,  30.95 ,  0.06 ,  6.55
24 ,  4 ,  933906 ,  0 ,  210 ,  30.84 ,  0.06 ,  6.45
24 ,  4 ,  933947 ,  0 ,  210 ,  30.73 ,  0.06 ,  6.45
24 ,  4 ,  933988 ,  0 ,  210 ,  30.73 ,  0.05 ,  6.45
24 ,  4 ,  934029 ,  0 ,  210 ,  30.62 ,  0.06 ,  6.45
24 ,  4 ,  934072 ,  0 ,  210 ,  30.62 ,  0.06 ,  6.35
24 ,  4 ,  934113 ,  0 ,  210 ,  30.51 ,  0.05 ,  6.35
24 ,  4 ,  934154 ,  0 ,  210 ,  30.40 ,  0.05 ,  6.35
24 ,  4 ,  934195 ,  0 ,  210 ,  30.29 ,  0.06 ,  6.25
24 ,  4 ,  934236 ,  0 ,  210 ,  30.18 ,  0.05 ,  6.25
24 ,  4 ,  934277 ,  0 ,  210 ,  30.07 ,  0.05 ,  6.25
24 ,  4 ,  934318 ,  0 ,  210 ,  30.07 ,  0.05 ,  6.25
24 ,  4 ,  934359 ,  0 ,  210 ,  29.96 ,  0.05 ,  6.25
24 ,  4 ,  934400 ,  0 ,  210 ,  29.85 ,  0.05 ,  6.15
24 ,  4 ,  934440 ,  0 ,  210 ,  29.85 ,  0.05 ,  6.15
24 ,  4 ,  934483 ,  0 ,  210 ,  29.74 ,  0.06 ,  6.15
24 ,  4 ,  934524 ,  0 ,  210 ,  29.63 ,  0.05 ,  6.05
24 ,  4 ,  934565 ,  0 ,  210 ,  29.63 ,  0.04 ,  6.05
24 ,  4 ,  934605 ,  0 ,  210 ,  29.41 ,  0.05 ,  6.05
24 ,  4 ,  934646 ,  0 ,  210 ,  29.41 ,  0.05 ,  5.95
24 ,  4 ,  934687 ,  0 ,  210 ,  29.30 ,  0.05 ,  5.95
24 ,  4 ,  934728 ,  0 ,  210 ,  29.19 ,  0.05 ,  5.95
24 ,  4 ,  934769 ,  0 ,  210 ,  29.19 ,  0.05 ,  5.95
24 ,  4 ,  934810 ,  0 ,  210 ,  29.08 ,  0.05 ,  5.85
24 ,  4 ,  934853 ,  0 ,  210 ,  28.97 ,  0.05 ,  5.85
24 ,  4 ,  934894 ,  0 ,  210 ,  28.97 ,  0.05 ,  5.85
24 ,  4 ,  934935 ,  0 ,  210 ,  28.86 ,  0.05 ,  5.85
24 ,  4 ,  934976 ,  0 ,  210 ,  28.75 ,  0.05 ,  5.75
24 ,  4 ,  935017 ,  0 ,  210 ,  28.64 ,  0.05 ,  5.75
24 ,  4 ,  935058 ,  0 ,  210 ,  28.64 ,  0.05 ,  5.75
24 ,  4 ,  935099 ,  0 ,  210 ,  28.53 ,  0.05 ,  5.66
24 ,  4 ,  935139 ,  0 ,  210 ,  28.42 ,  0.05 ,  5.66
24 ,  4 ,  935180 ,  0 ,  210 ,  28.31 ,  0.05 ,  5.66
24 ,  4 ,  935224 ,  0 ,  210 ,  28.31 ,  0.05 ,  5.66
24 ,  4 ,  935264 ,  0 ,  210 ,  28.20 ,  0.05 ,  5.66
24 ,  4 ,  935305 ,  0 ,  210 ,  28.09 ,  0.05 ,  5.56
24 ,  4 ,  935346 ,  0 ,  210 ,  28.09 ,  0.05 ,  5.56
24 ,  4 ,  935387 ,  0 ,  210 ,  27.98 ,  0.05 ,  5.56
24 ,  4 ,  935428 ,  0 ,  210 ,  27.87 ,  0.05 ,  5.56
24 ,  4 ,  935469 ,  0 ,  210 ,  27.87 ,  0.04 ,  5.46
24 ,  4 ,  935510 ,  0 ,  210 ,  27.76 ,  0.05 ,  5.46
24 ,  4 ,  935550 ,  0 ,  210 ,  27.65 ,  0.05 ,  5.46
24 ,  4 ,  935593 ,  0 ,  210 ,  27.54 ,  0.05 ,  5.46
24 ,  4 ,  935634 ,  0 ,  210 ,  27.43 ,  0.05 ,  5.46
24 ,  4 ,  935675 ,  0 ,  210 ,  27.43 ,  0.05 ,  5.36
24 ,  4 ,  935716 ,  0 ,  210 ,  27.32 ,  0.05 ,  5.36
24 ,  4 ,  935757 ,  0 ,  210 ,  27.21 ,  0.05 ,  5.36
24 ,  4 ,  935797 ,  0 ,  210 ,  27.21 ,  0.04 ,  5.36
24 ,  4 ,  935838 ,  0 ,  210 ,  27.10 ,  0.05 ,  5.26
24 ,  4 ,  935879 ,  0 ,  210 ,  26.99 ,  0.04 ,  5.26
24 ,  4 ,  935920 ,  0 ,  210 ,  26.99 ,  0.04 ,  5.26
24 ,  4 ,  935963 ,  0 ,  210 ,  26.88 ,  0.05 ,  5.26
24 ,  4 ,  936004 ,  0 ,  210 ,  26.77 ,  0.04 ,  5.26
24 ,  4 ,  936045 ,  0 ,  210 ,  26.77 ,  0.05 ,  5.16
24 ,  4 ,  936086 ,  0 ,  210 ,  26.66 ,  0.05 ,  5.16
24 ,  4 ,  936127 ,  0 ,  210 ,  26.55 ,  0.05 ,  5.06
24 ,  4 ,  936168 ,  0 ,  210 ,  26.43 ,  0.05 ,  5.16
24 ,  4 ,  936209 ,  0 ,  210 ,  26.43 ,  0.04 ,  5.06
24 ,  4 ,  936250 ,  0 ,  210 ,  26.32 ,  0.04 ,  5.06
24 ,  4 ,  936291 ,  0 ,  210 ,  26.21 ,  0.04 ,  5.06
24 ,  4 ,  936334 ,  0 ,  210 ,  26.21 ,  0.04 ,  5.06
24 ,  4 ,  936375 ,  0 ,  210 ,  26.10 ,  0.04 ,  4.96
24 ,  4 ,  936416 ,  0 ,  210 ,  25.99 ,  0.04 ,  4.96
24 ,  4 ,  936456 ,  0 ,  210 ,  25.99 ,  0.05 ,  4.96
24 ,  4 ,  936497 ,  0 ,  210 ,  25.88 ,  0.04 ,  4.96
24 ,  4 ,  936538 ,  0 ,  210 ,  25.77 ,  0.04 ,  4.96
24 ,  4 ,  936579 ,  0 ,  210 ,  25.77 ,  0.04 ,  4.86
24 ,  4 ,  936620 ,  0 ,  210 ,  25.66 ,  0.04 ,  4.86
24 ,  4 ,  936660 ,  0 ,  210 ,  25.55 ,  0.04 ,  4.86
24 ,  4 ,  936704 ,  0 ,  210 ,  25.55 ,  0.04 ,  4.86
24 ,  4 ,  936744 ,  0 ,  210 ,  25.44 ,  0.04 ,  4.76
24 ,  4 ,  936785 ,  0 ,  210 ,  25.44 ,  0.05 ,  4.76
24 ,  4 ,  936826 ,  0 ,  210 ,  25.33 ,  0.04 ,  4.76
24 ,  4 ,  936867 ,  0 ,  210 ,  25.22 ,  0.04 ,  4.76
24 ,  4 ,  936908 ,  0 ,  210 ,  25.11 ,  0.04 ,  4.76
24 ,  4 ,  936949 ,  0 ,  210 ,  25.11 ,  0.04 ,  4.66
24 ,  4 ,  936990 ,  0 ,  210 ,  25.00 ,  0.04 ,  4.66
24 ,  4 ,  937031 ,  0 ,  210 ,  24.89 ,  0.04 ,  4.66
24 ,  4 ,  937072 ,  0 ,  210 ,  24.89 ,  0.04 ,  4.66
24 ,  4 ,  937115 ,  0 ,  210 ,  24.78 ,  0.04 ,  4.66
24 ,  4 ,  937165 ,  0 ,  210 ,  24.78 ,  0.04 ,  4.56
24 ,  4 ,  937206 ,  0 ,  210 ,  24.67 ,  0.04 ,  4.56
24 ,  4 ,  937247 ,  0 ,  210 ,  24.56 ,  0.04 ,  4.56
24 ,  4 ,  937288 ,  0 ,  210 ,  24.56 ,  0.04 ,  4.56
24 ,  4 ,  937329 ,  0 ,  210 ,  24.45 ,  0.04 ,  4.56
24 ,  4 ,  937370 ,  0 ,  210 ,  24.34 ,  0.04 ,  4.46
24 ,  4 ,  937411 ,  0 ,  210 ,  24.23 ,  0.04 ,  4.46
24 ,  4 ,  937452 ,  0 ,  210 ,  24.23 ,  0.04 ,  4.46
24 ,  4 ,  937495 ,  0 ,  210 ,  24.12 ,  0.04 ,  4.46
24 ,  4 ,  937536 ,  0 ,  210 ,  24.12 ,  0.04 ,  4.37
24 ,  4 ,  937577 ,  0 ,  210 ,  24.01 ,  0.04 ,  4.37
24 ,  4 ,  937617 ,  0 ,  210 ,  23.90 ,  0.04 ,  4.37
24 ,  4 ,  937658 ,  0 ,  210 ,  23.79 ,  0.05 ,  4.37
24 ,  4 ,  937699 ,  0 ,  210 ,  23.79 ,  0.04 ,  4.37
24 ,  4 ,  937740 ,  0 ,  210 ,  23.79 ,  0.04 ,  4.37
24 ,  4 ,  937781 ,  0 ,  210 ,  23.68 ,  0.04 ,  4.37
24 ,  4 ,  937822 ,  0 ,  210 ,  23.57 ,  0.04 ,  4.27
24 ,  4 ,  937865 ,  0 ,  210 ,  23.57 ,  0.04 ,  4.27
24 ,  4 ,  937906 ,  0 ,  210 ,  23.46 ,  0.04 ,  4.27
24 ,  4 ,  937947 ,  0 ,  210 ,  23.46 ,  0.04 ,  4.27
24 ,  4 ,  937988 ,  0 ,  210 ,  23.35 ,  0.04 ,  4.27
24 ,  4 ,  938029 ,  0 ,  210 ,  23.24 ,  0.04 ,  4.17
24 ,  4 ,  938068 ,  0 ,  210 ,  23.24 ,  0.04 ,  4.17
24 ,  4 ,  938109 ,  0 ,  210 ,  23.13 ,  0.04 ,  4.17
24 ,  4 ,  938150 ,  0 ,  210 ,  23.13 ,  0.04 ,  4.17
24 ,  4 ,  938191 ,  0 ,  210 ,  23.02 ,  0.04 ,  4.17
24 ,  4 ,  938234 ,  0 ,  210 ,  22.91 ,  0.04 ,  4.07
24 ,  4 ,  938275 ,  0 ,  210 ,  22.91 ,  0.04 ,  4.07
24 ,  4 ,  938316 ,  0 ,  210 ,  22.80 ,  0.04 ,  4.07
24 ,  4 ,  938357 ,  0 ,  210 ,  22.69 ,  0.04 ,  4.07
24 ,  4 ,  938398 ,  0 ,  210 ,  22.69 ,  0.04 ,  4.07
24 ,  4 ,  938439 ,  0 ,  210 ,  22.58 ,  0.04 ,  4.07
24 ,  4 ,  938480 ,  0 ,  210 ,  22.58 ,  0.04 ,  3.97
24 ,  4 ,  938520 ,  0 ,  210 ,  22.47 ,  0.04 ,  3.97
24 ,  4 ,  938561 ,  0 ,  210 ,  22.47 ,  0.04 ,  3.97
24 ,  4 ,  938604 ,  0 ,  210 ,  22.36 ,  0.04 ,  3.87
24 ,  4 ,  938645 ,  0 ,  210 ,  22.25 ,  0.04 ,  3.97
24 ,  4 ,  938686 ,  0 ,  210 ,  22.25 ,  0.04 ,  3.87
24 ,  4 ,  938727 ,  0 ,  210 ,  22.14 ,  0.04 ,  3.87
24 ,  4 ,  938768 ,  0 ,  210 ,  22.14 ,  0.04 ,  3.87
24 ,  4 ,  938809 ,  0 ,  210 ,  22.03 ,  0.04 ,  3.87
24 ,  4 ,  938850 ,  0 ,  210 ,  22.03 ,  0.04 ,  3.87
24 ,  4 ,  938891 ,  0 ,  210 ,  21.92 ,  0.03 ,  3.87
24 ,  4 ,  938932 ,  0 ,  210 ,  21.81 ,  0.04 ,  3.87
24 ,  4 ,  938975 ,  0 ,  210 ,  21.81 ,  0.04 ,  3.77
24 ,  4 ,  939016 ,  0 ,  210 ,  21.81 ,  0.04 ,  3.77
24 ,  4 ,  939057 ,  0 ,  210 ,  21.59 ,  0.04 ,  3.77
24 ,  4 ,  939097 ,  0 ,  210 ,  21.59 ,  0.04 ,  3.77
24 ,  4 ,  939138 ,  0 ,  210 ,  21.59 ,  0.04 ,  3.77
24 ,  4 ,  939179 ,  0 ,  210 ,  21.48 ,  0.04 ,  3.77
24 ,  4 ,  939219 ,  0 ,  210 ,  21.48 ,  0.04 ,  3.67
24 ,  4 ,  939260 ,  0 ,  210 ,  21.37 ,  0.04 ,  3.67
24 ,  4 ,  939301 ,  0 ,  210 ,  21.26 ,  0.04 ,  3.67
24 ,  4 ,  939344 ,  0 ,  210 ,  21.26 ,  0.04 ,  3.67
24 ,  4 ,  939385 ,  0 ,  210 ,  21.15 ,  0.03 ,  3.67
24 ,  4 ,  939426 ,  0 ,  210 ,  21.04 ,  0.04 ,  3.67
24 ,  4 ,  939467 ,  0 ,  210 ,  21.04 ,  0.03 ,  3.67
24 ,  4 ,  939508 ,  0 ,  210 ,  20.93 ,  0.04 ,  3.57
24 ,  4 ,  939549 ,  0 ,  210 ,  20.93 ,  0.04 ,  3.57
24 ,  4 ,  939589 ,  0 ,  210 ,  20.82 ,  0.04 ,  3.57
24 ,  4 ,  939630 ,  0 ,  210 ,  20.82 ,  0.04 ,  3.57
24 ,  4 ,  939671 ,  0 ,  210 ,  20.71 ,  0.04 ,  3.57
24 ,  4 ,  939712 ,  0 ,  210 ,  20.71 ,  0.04 ,  3.57
24 ,  4 ,  939755 ,  0 ,  210 ,  20.60 ,  0.04 ,  3.57
24 ,  4 ,  939796 ,  0 ,  210 ,  20.49 ,  0.04 ,  3.47
24 ,  4 ,  939837 ,  0 ,  210 ,  20.49 ,  0.04 ,  3.47
24 ,  4 ,  939878 ,  0 ,  210 ,  20.49 ,  0.04 ,  3.47
24 ,  4 ,  939919 ,  0 ,  210 ,  20.38 ,  0.04 ,  3.47
24 ,  4 ,  939960 ,  0 ,  210 ,  20.38 ,  0.04 ,  3.37
24 ,  4 ,  940001 ,  0 ,  210 ,  20.16 ,  0.04 ,  3.47
24 ,  4 ,  940042 ,  0 ,  210 ,  20.16 ,  0.04 ,  3.37
24 ,  4 ,  940082 ,  0 ,  210 ,  20.16 ,  0.04 ,  3.37
24 ,  4 ,  940126 ,  0 ,  210 ,  20.05 ,  0.04 ,  3.37
24 ,  4 ,  940166 ,  0 ,  210 ,  19.94 ,  0.04 ,  3.37
24 ,  4 ,  940207 ,  0 ,  210 ,  19.94 ,  0.04 ,  3.37
24 ,  4 ,  940248 ,  0 ,  210 ,  19.83 ,  0.03 ,  3.37
24 ,  4 ,  940289 ,  0 ,  210 ,  19.83 ,  0.04 ,  3.37
24 ,  4 ,  940329 ,  0 ,  210 ,  19.83 ,  0.04 ,  3.27
24 ,  4 ,  940370 ,  0 ,  210 ,  19.72 ,  0.04 ,  3.27
24 ,  4 ,  940411 ,  0 ,  210 ,  19.61 ,  0.04 ,  3.27
24 ,  4 ,  940452 ,  0 ,  210 ,  19.61 ,  0.04 ,  3.27
24 ,  4 ,  940495 ,  0 ,  210 ,  19.50 ,  0.04 ,  3.27
24 ,  4 ,  940536 ,  0 ,  210 ,  19.39 ,  0.04 ,  3.27
24 ,  4 ,  940577 ,  0 ,  210 ,  19.50 ,  0.04 ,  3.27
24 ,  4 ,  940618 ,  0 ,  210 ,  19.39 ,  0.04 ,  3.27
24 ,  4 ,  940658 ,  0 ,  210 ,  19.28 ,  0.04 ,  3.17
24 ,  4 ,  940699 ,  0 ,  210 ,  19.28 ,  0.04 ,  3.17
24 ,  4 ,  940740 ,  0 ,  210 ,  19.17 ,  0.04 ,  3.17
24 ,  4 ,  940781 ,  0 ,  210 ,  19.17 ,  0.03 ,  3.17
24 ,  4 ,  940822 ,  0 ,  210 ,  19.06 ,  0.03 ,  3.17
24 ,  4 ,  940865 ,  0 ,  210 ,  19.06 ,  0.04 ,  3.08
24 ,  4 ,  940907 ,  0 ,  210 ,  18.95 ,  0.04 ,  3.08
24 ,  4 ,  940948 ,  0 ,  210 ,  18.95 ,  0.04 ,  3.08
24 ,  4 ,  940989 ,  0 ,  210 ,  18.84 ,  0.03 ,  3.08
24 ,  4 ,  941029 ,  0 ,  210 ,  18.84 ,  0.04 ,  3.08
24 ,  4 ,  941070 ,  0 ,  210 ,  18.73 ,  0.04 ,  3.08
24 ,  4 ,  941111 ,  0 ,  210 ,  18.73 ,  0.04 ,  3.08
24 ,  4 ,  941152 ,  0 ,  210 ,  18.62 ,  0.03 ,  2.98
24 ,  4 ,  941193 ,  0 ,  210 ,  18.62 ,  0.03 ,  3.08
24 ,  4 ,  941236 ,  0 ,  210 ,  18.51 ,  0.04 ,  2.98
24 ,  4 ,  941277 ,  0 ,  210 ,  18.51 ,  0.04 ,  2.98
24 ,  4 ,  941318 ,  0 ,  210 ,  18.40 ,  0.03 ,  2.98
24 ,  4 ,  941359 ,  0 ,  210 ,  18.40 ,  0.04 ,  2.98
24 ,  4 ,  941400 ,  0 ,  210 ,  18.29 ,  0.03 ,  2.98
24 ,  4 ,  941441 ,  0 ,  210 ,  18.29 ,  0.04 ,  2.98
24 ,  4 ,  941480 ,  0 ,  210 ,  18.18 ,  0.03 ,  2.98
24 ,  4 ,  941521 ,  0 ,  210 ,  18.18 ,  0.03 ,  2.98
24 ,  4 ,  941562 ,  0 ,  210 ,  18.18 ,  0.03 ,  2.98
24 ,  4 ,  941605 ,  0 ,  210 ,  18.07 ,  0.03 ,  2.88
24 ,  4 ,  941646 ,  0 ,  210 ,  18.07 ,  0.03 ,  2.88
24 ,  4 ,  941687 ,  0 ,  210 ,  18.07 ,  0.03 ,  2.88
24 ,  4 ,  941728 ,  0 ,  210 ,  17.85 ,  0.03 ,  2.88
24 ,  4 ,  941769 ,  0 ,  210 ,  17.85 ,  0.03 ,  2.88
24 ,  4 ,  941810 ,  0 ,  210 ,  17.73 ,  0.03 ,  2.88
24 ,  4 ,  941851 ,  0 ,  210 ,  17.73 ,  0.04 ,  2.88
24 ,  4 ,  941892 ,  0 ,  210 ,  17.73 ,  0.03 ,  2.78
24 ,  4 ,  941933 ,  0 ,  210 ,  17.73 ,  0.03 ,  2.78
24 ,  4 ,  941976 ,  0 ,  210 ,  17.62 ,  0.03 ,  2.78
24 ,  4 ,  942017 ,  0 ,  210 ,  17.51 ,  0.04 ,  2.78
24 ,  4 ,  942057 ,  0 ,  210 ,  17.51 ,  0.03 ,  2.78
24 ,  4 ,  942098 ,  0 ,  210 ,  17.40 ,  0.04 ,  2.78
24 ,  4 ,  942139 ,  0 ,  210 ,  17.40 ,  0.03 ,  2.78
24 ,  4 ,  942180 ,  0 ,  210 ,  17.29 ,  0.04 ,  2.68
24 ,  4 ,  942221 ,  0 ,  210 ,  17.29 ,  0.03 ,  2.78
24 ,  4 ,  942262 ,  0 ,  210 ,  17.18 ,  0.03 ,  2.68
24 ,  4 ,  942303 ,  0 ,  210 ,  17.18 ,  0.04 ,  2.78
24 ,  4 ,  942344 ,  0 ,  210 ,  17.18 ,  0.03 ,  2.68
24 ,  4 ,  942387 ,  0 ,  210 ,  17.07 ,  0.03 ,  2.68
24 ,  4 ,  942428 ,  0 ,  210 ,  16.96 ,  0.03 ,  2.68
24 ,  4 ,  942469 ,  0 ,  210 ,  16.96 ,  0.03 ,  2.68
24 ,  4 ,  942510 ,  0 ,  210 ,  16.96 ,  0.03 ,  2.58
24 ,  4 ,  942550 ,  0 ,  210 ,  16.85 ,  0.03 ,  2.68
24 ,  4 ,  942590 ,  0 ,  210 ,  16.85 ,  0.04 ,  2.68
24 ,  4 ,  942631 ,  0 ,  210 ,  16.85 ,  0.03 ,  2.58
24 ,  4 ,  942672 ,  0 ,  210 ,  16.74 ,  0.03 ,  2.58
24 ,  4 ,  942713 ,  0 ,  210 ,  16.63 ,  0.03 ,  2.58
24 ,  4 ,  942756 ,  0 ,  210 ,  16.63 ,  0.03 ,  2.58
24 ,  4 ,  942797 ,  0 ,  210 ,  16.52 ,  0.03 ,  2.58
24 ,  4 ,  942838 ,  0 ,  210 ,  16.63 ,  0.04 ,  2.58
24 ,  4 ,  942879 ,  0 ,  210 ,  16.52 ,  0.04 ,  2.58
24 ,  4 ,  942920 ,  0 ,  210 ,  16.41 ,  0.03 ,  2.58
24 ,  4 ,  942961 ,  0 ,  210 ,  16.52 ,  0.04 ,  2.58
24 ,  4 ,  943002 ,  0 ,  210 ,  16.41 ,  0.03 ,  2.48
24 ,  4 ,  943042 ,  0 ,  210 ,  16.30 ,  0.03 ,  2.48
24 ,  4 ,  943083 ,  0 ,  210 ,  16.30 ,  0.04 ,  2.48
24 ,  4 ,  943127 ,  0 ,  210 ,  16.19 ,  0.03 ,  2.48
24 ,  4 ,  943167 ,  0 ,  210 ,  16.19 ,  0.04 ,  2.48
24 ,  4 ,  943208 ,  0 ,  210 ,  16.08 ,  0.03 ,  2.48
24 ,  4 ,  943249 ,  0 ,  210 ,  16.08 ,  0.03 ,  2.48
24 ,  4 ,  943290 ,  0 ,  210 ,  16.08 ,  0.03 ,  2.48
24 ,  4 ,  943331 ,  0 ,  210 ,  15.97 ,  0.04 ,  2.48
24 ,  4 ,  943372 ,  0 ,  210 ,  15.86 ,  0.03 ,  2.48
24 ,  4 ,  943413 ,  0 ,  210 ,  15.86 ,  0.03 ,  2.48
24 ,  4 ,  943454 ,  0 ,  210 ,  15.86 ,  0.04 ,  2.38
24 ,  4 ,  943497 ,  0 ,  210 ,  15.86 ,  0.04 ,  2.38
24 ,  4 ,  943538 ,  0 ,  210 ,  15.75 ,  0.04 ,  2.38
24 ,  4 ,  943579 ,  0 ,  210 ,  15.64 ,  0.03 ,  2.38
24 ,  4 ,  943620 ,  0 ,  210 ,  15.64 ,  0.03 ,  2.38
24 ,  4 ,  943661 ,  0 ,  210 ,  15.75 ,  0.03 ,  2.38
24 ,  4 ,  943702 ,  0 ,  210 ,  15.64 ,  0.04 ,  2.38
24 ,  4 ,  943742 ,  0 ,  210 ,  15.53 ,  0.03 ,  2.28
24 ,  4 ,  943783 ,  0 ,  210 ,  15.42 ,  0.04 ,  2.38
24 ,  4 ,  943824 ,  0 ,  210 ,  15.42 ,  0.03 ,  2.38
24 ,  4 ,  943867 ,  0 ,  210 ,  15.42 ,  0.04 ,  2.28
24 ,  4 ,  943908 ,  0 ,  210 ,  15.42 ,  0.04 ,  2.28
24 ,  4 ,  943949 ,  0 ,  210 ,  15.31 ,  0.04 ,  2.28
24 ,  4 ,  943990 ,  0 ,  210 ,  15.31 ,  0.04 ,  2.28
24 ,  4 ,  944031 ,  0 ,  210 ,  15.20 ,  0.03 ,  2.28
24 ,  4 ,  944072 ,  0 ,  210 ,  15.20 ,  0.03 ,  2.28
24 ,  4 ,  944113 ,  0 ,  210 ,  15.20 ,  0.03 ,  2.28
24 ,  4 ,  944154 ,  0 ,  210 ,  15.09 ,  0.04 ,  2.28
24 ,  4 ,  944195 ,  0 ,  210 ,  15.09 ,  0.03 ,  2.28
24 ,  4 ,  944238 ,  0 ,  210 ,  15.09 ,  0.03 ,  2.28
24 ,  4 ,  944279 ,  0 ,  210 ,  14.98 ,  0.03 ,  2.28
24 ,  4 ,  944320 ,  0 ,  210 ,  14.87 ,  0.03 ,  2.18
24 ,  4 ,  944361 ,  0 ,  210 ,  14.87 ,  0.03 ,  2.18
24 ,  4 ,  944402 ,  0 ,  210 ,  14.87 ,  0.04 ,  2.18
24 ,  4 ,  944443 ,  0 ,  210 ,  14.76 ,  0.03 ,  2.18
24 ,  4 ,  944484 ,  0 ,  210 ,  14.76 ,  0.03 ,  2.18
24 ,  4 ,  944525 ,  0 ,  210 ,  14.76 ,  0.03 ,  2.18
24 ,  4 ,  944566 ,  0 ,  210 ,  14.65 ,  0.03 ,  2.18
24 ,  4 ,  944617 ,  0 ,  210 ,  14.65 ,  0.03 ,  2.18
24 ,  4 ,  944658 ,  0 ,  210 ,  14.65 ,  0.03 ,  2.18
24 ,  4 ,  944699 ,  0 ,  210 ,  14.54 ,  0.03 ,  2.18
24 ,  4 ,  944740 ,  0 ,  210 ,  14.54 ,  0.03 ,  2.18
24 ,  4 ,  944781 ,  0 ,  210 ,  14.43 ,  0.03 ,  2.18
24 ,  4 ,  944822 ,  0 ,  210 ,  14.43 ,  0.03 ,  2.18
24 ,  4 ,  944873 ,  0 ,  210 ,  14.43 ,  0.03 ,  2.08
24 ,  4 ,  944914 ,  0 ,  210 ,  14.32 ,  0.03 ,  2.08
24 ,  4 ,  944955 ,  0 ,  210 ,  14.32 ,  0.03 ,  2.08
24 ,  4 ,  944996 ,  0 ,  210 ,  14.21 ,  0.03 ,  2.08
24 ,  4 ,  945039 ,  0 ,  210 ,  14.21 ,  0.04 ,  2.08
24 ,  4 ,  945080 ,  0 ,  210 ,  14.21 ,  0.03 ,  2.08
24 ,  4 ,  945121 ,  0 ,  210 ,  14.10 ,  0.03 ,  2.08
24 ,  4 ,  945162 ,  0 ,  210 ,  14.10 ,  0.03 ,  2.08
24 ,  4 ,  945203 ,  0 ,  210 ,  14.10 ,  0.03 ,  2.08
24 ,  4 ,  945244 ,  0 ,  210 ,  14.10 ,  0.03 ,  2.08
24 ,  4 ,  945285 ,  0 ,  210 ,  13.99 ,  0.03 ,  2.08
24 ,  4 ,  945325 ,  0 ,  210 ,  13.99 ,  0.03 ,  2.08
24 ,  4 ,  945366 ,  0 ,  210 ,  13.99 ,  0.03 ,  1.98
