MS, MPT, t (s), PWMi, PWMe, Pressure (Psi), LW (V), Displacement (mm)
25 ,  4 ,  1046196 ,  0 ,  205 ,  13.77 ,  0.03 ,  1.98
25 ,  4 ,  1046237 ,  255 ,  0 ,  13.66 ,  0.03 ,  1.98
25 ,  4 ,  1046278 ,  255 ,  0 ,  16.52 ,  0.03 ,  1.98
25 ,  4 ,  1046320 ,  255 ,  0 ,  31.94 ,  0.06 ,  3.97
25 ,  4 ,  1046361 ,  255 ,  0 ,  46.15 ,  0.13 ,  7.54
25 ,  4 ,  1046402 ,  255 ,  0 ,  55.73 ,  0.21 ,  10.91
25 ,  4 ,  1046444 ,  255 ,  0 ,  62.23 ,  0.29 ,  13.59
25 ,  4 ,  1046484 ,  255 ,  0 ,  66.85 ,  0.35 ,  15.48
25 ,  4 ,  1046529 ,  255 ,  0 ,  70.49 ,  0.41 ,  16.97
25 ,  4 ,  1046569 ,  255 ,  0 ,  73.13 ,  0.45 ,  17.96
25 ,  4 ,  1046610 ,  255 ,  0 ,  75.33 ,  0.48 ,  18.75
25 ,  4 ,  1046651 ,  255 ,  0 ,  77.31 ,  0.50 ,  19.45
25 ,  4 ,  1046692 ,  255 ,  0 ,  78.97 ,  0.53 ,  19.94
25 ,  4 ,  1046734 ,  255 ,  0 ,  80.40 ,  0.54 ,  20.44
25 ,  4 ,  1046775 ,  255 ,  0 ,  81.83 ,  0.55 ,  20.84
25 ,  4 ,  1046816 ,  255 ,  0 ,  83.04 ,  0.56 ,  21.23
25 ,  4 ,  1046857 ,  255 ,  0 ,  84.25 ,  0.57 ,  21.53
25 ,  4 ,  1046901 ,  255 ,  0 ,  85.35 ,  0.58 ,  21.83
25 ,  4 ,  1046942 ,  255 ,  0 ,  86.34 ,  0.58 ,  22.13
25 ,  4 ,  1046983 ,  255 ,  0 ,  87.34 ,  0.59 ,  22.42
25 ,  4 ,  1047024 ,  255 ,  0 ,  88.22 ,  0.59 ,  22.72
25 ,  4 ,  1047065 ,  255 ,  0 ,  89.10 ,  0.59 ,  22.92
25 ,  4 ,  1047107 ,  255 ,  0 ,  89.87 ,  0.59 ,  23.02
25 ,  4 ,  1047148 ,  255 ,  0 ,  90.64 ,  0.59 ,  23.32
25 ,  4 ,  1047189 ,  255 ,  0 ,  91.30 ,  0.60 ,  23.42
25 ,  4 ,  1047230 ,  255 ,  0 ,  91.96 ,  0.60 ,  23.61
25 ,  4 ,  1047273 ,  255 ,  0 ,  92.62 ,  0.60 ,  23.71
25 ,  4 ,  1047315 ,  255 ,  0 ,  93.17 ,  0.60 ,  23.91
25 ,  4 ,  1047356 ,  255 ,  0 ,  93.72 ,  0.60 ,  24.01
25 ,  4 ,  1047397 ,  255 ,  0 ,  94.16 ,  0.60 ,  24.11
25 ,  4 ,  1047439 ,  255 ,  0 ,  94.49 ,  0.60 ,  24.21
25 ,  4 ,  1047480 ,  255 ,  0 ,  94.93 ,  0.60 ,  24.21
25 ,  4 ,  1047521 ,  255 ,  0 ,  95.15 ,  0.60 ,  24.31
25 ,  4 ,  1047562 ,  255 ,  0 ,  95.48 ,  0.61 ,  24.41
25 ,  4 ,  1047606 ,  255 ,  0 ,  95.59 ,  0.61 ,  24.41
25 ,  4 ,  1047656 ,  255 ,  0 ,  95.82 ,  0.61 ,  24.51
25 ,  4 ,  1047697 ,  255 ,  0 ,  95.93 ,  0.61 ,  24.61
25 ,  4 ,  1047739 ,  255 ,  0 ,  96.04 ,  0.61 ,  24.61
25 ,  4 ,  1047780 ,  255 ,  0 ,  96.15 ,  0.61 ,  24.71
25 ,  4 ,  1047821 ,  255 ,  0 ,  96.15 ,  0.61 ,  24.71
25 ,  4 ,  1047862 ,  255 ,  0 ,  96.26 ,  0.61 ,  24.71
25 ,  4 ,  1047903 ,  255 ,  0 ,  96.26 ,  0.61 ,  24.80
25 ,  4 ,  1047945 ,  255 ,  0 ,  96.26 ,  0.61 ,  24.80
25 ,  4 ,  1047984 ,  255 ,  0 ,  96.37 ,  0.61 ,  24.80
25 ,  4 ,  1048025 ,  255 ,  0 ,  96.26 ,  0.61 ,  24.80
25 ,  4 ,  1048066 ,  255 ,  0 ,  96.37 ,  0.61 ,  24.90
25 ,  4 ,  1048107 ,  255 ,  0 ,  96.37 ,  0.61 ,  24.90
25 ,  4 ,  1048147 ,  255 ,  0 ,  96.37 ,  0.61 ,  24.90
25 ,  4 ,  1048189 ,  255 ,  0 ,  96.37 ,  0.61 ,  24.90
25 ,  4 ,  1048230 ,  255 ,  0 ,  96.37 ,  0.61 ,  24.90
25 ,  4 ,  1048271 ,  255 ,  0 ,  96.37 ,  0.61 ,  24.90
25 ,  4 ,  1048312 ,  255 ,  0 ,  96.26 ,  0.61 ,  24.90
25 ,  4 ,  1048355 ,  255 ,  0 ,  96.26 ,  0.61 ,  24.90
25 ,  4 ,  1048397 ,  255 ,  0 ,  96.37 ,  0.61 ,  25.00
25 ,  4 ,  1048438 ,  255 ,  0 ,  96.37 ,  0.61 ,  24.90
25 ,  4 ,  1048479 ,  255 ,  0 ,  96.37 ,  0.61 ,  25.00
25 ,  4 ,  1048520 ,  255 ,  0 ,  96.37 ,  0.61 ,  25.00
25 ,  4 ,  1048561 ,  255 ,  0 ,  96.37 ,  0.61 ,  25.00
25 ,  4 ,  1048603 ,  255 ,  0 ,  96.37 ,  0.61 ,  25.00
25 ,  4 ,  1048644 ,  255 ,  0 ,  96.37 ,  0.61 ,  25.00
25 ,  4 ,  1048685 ,  255 ,  0 ,  96.37 ,  0.61 ,  25.00
25 ,  4 ,  1048728 ,  255 ,  0 ,  96.37 ,  0.61 ,  25.00
25 ,  4 ,  1048769 ,  255 ,  0 ,  96.37 ,  0.61 ,  25.00
25 ,  4 ,  1048811 ,  255 ,  0 ,  96.26 ,  0.61 ,  25.10
25 ,  4 ,  1048852 ,  255 ,  0 ,  96.26 ,  0.61 ,  25.00
25 ,  4 ,  1048893 ,  255 ,  0 ,  96.26 ,  0.61 ,  25.10
25 ,  4 ,  1048934 ,  255 ,  0 ,  96.37 ,  0.61 ,  25.10
25 ,  4 ,  1048975 ,  255 ,  0 ,  96.26 ,  0.61 ,  25.10
25 ,  4 ,  1049016 ,  255 ,  0 ,  96.37 ,  0.61 ,  25.10
25 ,  4 ,  1049058 ,  255 ,  0 ,  96.26 ,  0.61 ,  25.10
25 ,  4 ,  1049101 ,  255 ,  0 ,  96.26 ,  0.61 ,  25.10
25 ,  4 ,  1049142 ,  255 ,  0 ,  96.26 ,  0.61 ,  25.10
25 ,  4 ,  1049183 ,  0 ,  205 ,  96.26 ,  0.61 ,  25.10
25 ,  4 ,  1049225 ,  0 ,  205 ,  93.61 ,  0.61 ,  25.10
25 ,  4 ,  1049266 ,  0 ,  205 ,  88.22 ,  0.61 ,  24.61
25 ,  4 ,  1049307 ,  0 ,  205 ,  83.15 ,  0.60 ,  23.91
25 ,  4 ,  1049348 ,  0 ,  205 ,  79.08 ,  0.59 ,  23.12
25 ,  4 ,  1049389 ,  0 ,  205 ,  75.77 ,  0.58 ,  22.52
25 ,  4 ,  1049430 ,  0 ,  205 ,  72.91 ,  0.57 ,  21.83
25 ,  4 ,  1049474 ,  0 ,  205 ,  70.49 ,  0.56 ,  21.23
25 ,  4 ,  1049515 ,  0 ,  205 ,  68.50 ,  0.54 ,  20.74
25 ,  4 ,  1049555 ,  0 ,  205 ,  66.85 ,  0.53 ,  20.24
25 ,  4 ,  1049596 ,  0 ,  205 ,  65.42 ,  0.51 ,  19.84
25 ,  4 ,  1049637 ,  0 ,  205 ,  64.21 ,  0.49 ,  19.55
25 ,  4 ,  1049679 ,  0 ,  205 ,  63.11 ,  0.48 ,  19.15
25 ,  4 ,  1049720 ,  0 ,  205 ,  62.23 ,  0.46 ,  18.85
25 ,  4 ,  1049761 ,  0 ,  205 ,  61.35 ,  0.45 ,  18.55
25 ,  4 ,  1049804 ,  0 ,  205 ,  60.57 ,  0.43 ,  18.26
25 ,  4 ,  1049846 ,  0 ,  205 ,  59.91 ,  0.43 ,  18.06
25 ,  4 ,  1049887 ,  0 ,  205 ,  59.25 ,  0.42 ,  17.86
25 ,  4 ,  1049928 ,  0 ,  205 ,  58.81 ,  0.41 ,  17.66
25 ,  4 ,  1049969 ,  0 ,  205 ,  58.37 ,  0.40 ,  17.46
25 ,  4 ,  1050010 ,  0 ,  205 ,  57.93 ,  0.39 ,  17.36
25 ,  4 ,  1050051 ,  0 ,  205 ,  57.49 ,  0.38 ,  17.26
25 ,  4 ,  1050093 ,  0 ,  205 ,  57.16 ,  0.38 ,  17.07
25 ,  4 ,  1050134 ,  0 ,  205 ,  56.83 ,  0.37 ,  16.97
25 ,  4 ,  1050177 ,  0 ,  205 ,  56.61 ,  0.36 ,  16.77
25 ,  4 ,  1050218 ,  0 ,  205 ,  56.17 ,  0.36 ,  16.67
25 ,  4 ,  1050259 ,  0 ,  205 ,  55.95 ,  0.35 ,  16.57
25 ,  4 ,  1050301 ,  0 ,  205 ,  55.73 ,  0.35 ,  16.47
25 ,  4 ,  1050342 ,  0 ,  205 ,  55.51 ,  0.35 ,  16.37
25 ,  4 ,  1050383 ,  0 ,  205 ,  55.29 ,  0.34 ,  16.27
25 ,  4 ,  1050424 ,  0 ,  205 ,  55.07 ,  0.34 ,  16.27
25 ,  4 ,  1050465 ,  0 ,  205 ,  54.85 ,  0.33 ,  16.17
25 ,  4 ,  1050507 ,  0 ,  205 ,  54.74 ,  0.33 ,  16.07
25 ,  4 ,  1050550 ,  0 ,  205 ,  54.52 ,  0.32 ,  15.97
25 ,  4 ,  1050591 ,  0 ,  205 ,  54.30 ,  0.32 ,  15.88
25 ,  4 ,  1050632 ,  0 ,  205 ,  54.19 ,  0.32 ,  15.88
25 ,  4 ,  1050673 ,  0 ,  205 ,  53.97 ,  0.31 ,  15.78
25 ,  4 ,  1050715 ,  0 ,  205 ,  53.86 ,  0.31 ,  15.68
25 ,  4 ,  1050756 ,  0 ,  205 ,  53.64 ,  0.31 ,  15.68
25 ,  4 ,  1050797 ,  0 ,  205 ,  53.53 ,  0.31 ,  15.58
25 ,  4 ,  1050838 ,  0 ,  205 ,  53.42 ,  0.31 ,  15.58
25 ,  4 ,  1050878 ,  0 ,  205 ,  53.31 ,  0.30 ,  15.48
25 ,  4 ,  1050923 ,  0 ,  205 ,  53.09 ,  0.30 ,  15.38
25 ,  4 ,  1050963 ,  0 ,  205 ,  52.98 ,  0.30 ,  15.38
25 ,  4 ,  1051004 ,  0 ,  205 ,  52.87 ,  0.29 ,  15.28
25 ,  4 ,  1051045 ,  0 ,  205 ,  52.76 ,  0.29 ,  15.28
25 ,  4 ,  1051086 ,  0 ,  205 ,  52.54 ,  0.29 ,  15.18
25 ,  4 ,  1051128 ,  0 ,  205 ,  52.42 ,  0.29 ,  15.18
25 ,  4 ,  1051169 ,  0 ,  205 ,  52.31 ,  0.28 ,  15.08
25 ,  4 ,  1051210 ,  0 ,  205 ,  52.20 ,  0.28 ,  15.08
25 ,  4 ,  1051251 ,  0 ,  205 ,  52.09 ,  0.28 ,  14.98
25 ,  4 ,  1051294 ,  0 ,  205 ,  51.98 ,  0.28 ,  14.98
25 ,  4 ,  1051336 ,  0 ,  205 ,  51.87 ,  0.28 ,  14.88
25 ,  4 ,  1051377 ,  0 ,  205 ,  51.76 ,  0.27 ,  14.88
25 ,  4 ,  1051419 ,  0 ,  205 ,  51.54 ,  0.27 ,  14.78
25 ,  4 ,  1051460 ,  0 ,  205 ,  51.43 ,  0.27 ,  14.78
25 ,  4 ,  1051501 ,  0 ,  205 ,  51.32 ,  0.27 ,  14.68
25 ,  4 ,  1051542 ,  0 ,  205 ,  51.21 ,  0.27 ,  14.68
25 ,  4 ,  1051583 ,  0 ,  205 ,  51.10 ,  0.26 ,  14.59
25 ,  4 ,  1051624 ,  0 ,  205 ,  50.99 ,  0.26 ,  14.59
25 ,  4 ,  1051668 ,  0 ,  205 ,  50.88 ,  0.26 ,  14.49
25 ,  4 ,  1051709 ,  0 ,  205 ,  50.77 ,  0.26 ,  14.49
25 ,  4 ,  1051750 ,  0 ,  205 ,  50.66 ,  0.25 ,  14.49
25 ,  4 ,  1051791 ,  0 ,  205 ,  50.55 ,  0.25 ,  14.39
25 ,  4 ,  1051833 ,  0 ,  205 ,  50.44 ,  0.25 ,  14.39
25 ,  4 ,  1051874 ,  0 ,  205 ,  50.33 ,  0.25 ,  14.29
25 ,  4 ,  1051915 ,  0 ,  205 ,  50.22 ,  0.25 ,  14.29
25 ,  4 ,  1051956 ,  0 ,  205 ,  50.11 ,  0.24 ,  14.19
25 ,  4 ,  1052000 ,  0 ,  205 ,  50.00 ,  0.24 ,  14.19
25 ,  4 ,  1052041 ,  0 ,  205 ,  49.89 ,  0.24 ,  14.09
25 ,  4 ,  1052082 ,  0 ,  205 ,  49.78 ,  0.24 ,  14.09
25 ,  4 ,  1052123 ,  0 ,  205 ,  49.67 ,  0.24 ,  13.99
25 ,  4 ,  1052164 ,  0 ,  205 ,  49.56 ,  0.24 ,  13.99
25 ,  4 ,  1052205 ,  0 ,  205 ,  49.45 ,  0.23 ,  13.89
25 ,  4 ,  1052246 ,  0 ,  205 ,  49.34 ,  0.23 ,  13.89
25 ,  4 ,  1052288 ,  0 ,  205 ,  49.23 ,  0.23 ,  13.79
25 ,  4 ,  1052328 ,  0 ,  205 ,  49.12 ,  0.23 ,  13.79
25 ,  4 ,  1052371 ,  0 ,  205 ,  49.01 ,  0.22 ,  13.79
25 ,  4 ,  1052412 ,  0 ,  205 ,  48.90 ,  0.22 ,  13.69
25 ,  4 ,  1052454 ,  0 ,  205 ,  48.79 ,  0.22 ,  13.69
25 ,  4 ,  1052495 ,  0 ,  205 ,  48.68 ,  0.22 ,  13.59
25 ,  4 ,  1052536 ,  0 ,  205 ,  48.57 ,  0.22 ,  13.59
25 ,  4 ,  1052577 ,  0 ,  205 ,  48.46 ,  0.22 ,  13.49
25 ,  4 ,  1052618 ,  0 ,  205 ,  48.24 ,  0.22 ,  13.49
25 ,  4 ,  1052659 ,  0 ,  205 ,  48.13 ,  0.22 ,  13.49
25 ,  4 ,  1052701 ,  0 ,  205 ,  48.13 ,  0.22 ,  13.39
25 ,  4 ,  1052744 ,  0 ,  205 ,  48.02 ,  0.21 ,  13.39
25 ,  4 ,  1052785 ,  0 ,  205 ,  47.80 ,  0.21 ,  13.30
25 ,  4 ,  1052826 ,  0 ,  205 ,  47.69 ,  0.21 ,  13.30
25 ,  4 ,  1052867 ,  0 ,  205 ,  47.69 ,  0.21 ,  13.20
25 ,  4 ,  1052909 ,  0 ,  205 ,  47.47 ,  0.21 ,  13.20
25 ,  4 ,  1052950 ,  0 ,  205 ,  47.47 ,  0.20 ,  13.20
25 ,  4 ,  1052991 ,  0 ,  205 ,  47.36 ,  0.20 ,  13.10
25 ,  4 ,  1053032 ,  0 ,  205 ,  47.25 ,  0.20 ,  13.10
25 ,  4 ,  1053073 ,  0 ,  205 ,  47.14 ,  0.20 ,  13.00
25 ,  4 ,  1053117 ,  0 ,  205 ,  46.92 ,  0.20 ,  13.00
25 ,  4 ,  1053158 ,  0 ,  205 ,  46.92 ,  0.20 ,  12.90
25 ,  4 ,  1053199 ,  0 ,  205 ,  46.70 ,  0.20 ,  12.90
25 ,  4 ,  1053240 ,  0 ,  205 ,  46.70 ,  0.19 ,  12.80
25 ,  4 ,  1053281 ,  0 ,  205 ,  46.59 ,  0.19 ,  12.80
25 ,  4 ,  1053322 ,  0 ,  205 ,  46.48 ,  0.19 ,  12.70
25 ,  4 ,  1053364 ,  0 ,  205 ,  46.37 ,  0.19 ,  12.70
25 ,  4 ,  1053405 ,  0 ,  205 ,  46.26 ,  0.19 ,  12.60
25 ,  4 ,  1053446 ,  0 ,  205 ,  46.15 ,  0.18 ,  12.60
25 ,  4 ,  1053489 ,  0 ,  205 ,  46.04 ,  0.18 ,  12.50
25 ,  4 ,  1053531 ,  0 ,  205 ,  45.93 ,  0.18 ,  12.50
25 ,  4 ,  1053572 ,  0 ,  205 ,  45.82 ,  0.18 ,  12.40
25 ,  4 ,  1053613 ,  0 ,  205 ,  45.71 ,  0.18 ,  12.40
25 ,  4 ,  1053654 ,  0 ,  205 ,  45.60 ,  0.18 ,  12.40
25 ,  4 ,  1053694 ,  0 ,  205 ,  45.49 ,  0.18 ,  12.30
25 ,  4 ,  1053735 ,  0 ,  205 ,  45.38 ,  0.17 ,  12.20
25 ,  4 ,  1053777 ,  0 ,  205 ,  45.27 ,  0.17 ,  12.20
25 ,  4 ,  1053818 ,  0 ,  205 ,  45.16 ,  0.17 ,  12.20
25 ,  4 ,  1053861 ,  0 ,  205 ,  45.05 ,  0.17 ,  12.10
25 ,  4 ,  1053902 ,  0 ,  205 ,  44.94 ,  0.17 ,  12.10
25 ,  4 ,  1053943 ,  0 ,  205 ,  44.83 ,  0.17 ,  12.10
25 ,  4 ,  1053985 ,  0 ,  205 ,  44.72 ,  0.17 ,  12.01
25 ,  4 ,  1054026 ,  0 ,  205 ,  44.61 ,  0.16 ,  12.01
25 ,  4 ,  1054067 ,  0 ,  205 ,  44.50 ,  0.16 ,  11.91
25 ,  4 ,  1054108 ,  0 ,  205 ,  44.39 ,  0.16 ,  11.91
25 ,  4 ,  1054149 ,  0 ,  205 ,  44.28 ,  0.16 ,  11.81
25 ,  4 ,  1054193 ,  0 ,  205 ,  44.28 ,  0.16 ,  11.81
25 ,  4 ,  1054234 ,  0 ,  205 ,  44.06 ,  0.16 ,  11.71
25 ,  4 ,  1054275 ,  0 ,  205 ,  43.95 ,  0.15 ,  11.71
25 ,  4 ,  1054316 ,  0 ,  205 ,  43.84 ,  0.16 ,  11.71
25 ,  4 ,  1054357 ,  0 ,  205 ,  43.72 ,  0.15 ,  11.61
25 ,  4 ,  1054399 ,  0 ,  205 ,  43.61 ,  0.16 ,  11.61
25 ,  4 ,  1054440 ,  0 ,  205 ,  43.50 ,  0.15 ,  11.51
25 ,  4 ,  1054481 ,  0 ,  205 ,  43.39 ,  0.15 ,  11.51
25 ,  4 ,  1054522 ,  0 ,  205 ,  43.39 ,  0.15 ,  11.51
25 ,  4 ,  1054566 ,  0 ,  205 ,  43.17 ,  0.15 ,  11.41
25 ,  4 ,  1054607 ,  0 ,  205 ,  43.06 ,  0.14 ,  11.31
25 ,  4 ,  1054648 ,  0 ,  205 ,  43.06 ,  0.14 ,  11.31
25 ,  4 ,  1054689 ,  0 ,  205 ,  42.95 ,  0.14 ,  11.31
25 ,  4 ,  1054730 ,  0 ,  205 ,  42.84 ,  0.14 ,  11.31
25 ,  4 ,  1054771 ,  0 ,  205 ,  42.73 ,  0.14 ,  11.21
25 ,  4 ,  1054813 ,  0 ,  205 ,  42.62 ,  0.14 ,  11.21
25 ,  4 ,  1054854 ,  0 ,  205 ,  42.51 ,  0.13 ,  11.11
25 ,  4 ,  1054895 ,  0 ,  205 ,  42.40 ,  0.14 ,  11.11
25 ,  4 ,  1054938 ,  0 ,  205 ,  42.29 ,  0.13 ,  11.01
25 ,  4 ,  1054979 ,  0 ,  205 ,  42.18 ,  0.13 ,  11.01
25 ,  4 ,  1055021 ,  0 ,  205 ,  42.07 ,  0.13 ,  11.01
25 ,  4 ,  1055062 ,  0 ,  205 ,  41.96 ,  0.13 ,  10.91
25 ,  4 ,  1055102 ,  0 ,  205 ,  41.85 ,  0.13 ,  10.91
25 ,  4 ,  1055143 ,  0 ,  205 ,  41.85 ,  0.13 ,  10.81
25 ,  4 ,  1055192 ,  0 ,  205 ,  41.74 ,  0.12 ,  10.81
25 ,  4 ,  1055233 ,  0 ,  205 ,  41.63 ,  0.13 ,  10.72
25 ,  4 ,  1055273 ,  0 ,  205 ,  41.52 ,  0.12 ,  10.72
25 ,  4 ,  1055318 ,  0 ,  205 ,  41.41 ,  0.12 ,  10.62
25 ,  4 ,  1055358 ,  0 ,  205 ,  41.30 ,  0.12 ,  10.62
25 ,  4 ,  1055399 ,  0 ,  205 ,  41.08 ,  0.12 ,  10.62
25 ,  4 ,  1055440 ,  0 ,  205 ,  41.08 ,  0.12 ,  10.52
25 ,  4 ,  1055481 ,  0 ,  205 ,  40.97 ,  0.12 ,  10.52
25 ,  4 ,  1055523 ,  0 ,  205 ,  40.86 ,  0.12 ,  10.42
25 ,  4 ,  1055564 ,  0 ,  205 ,  40.75 ,  0.12 ,  10.42
25 ,  4 ,  1055605 ,  0 ,  205 ,  40.64 ,  0.12 ,  10.42
25 ,  4 ,  1055646 ,  0 ,  205 ,  40.53 ,  0.11 ,  10.32
25 ,  4 ,  1055689 ,  0 ,  205 ,  40.53 ,  0.11 ,  10.32
25 ,  4 ,  1055731 ,  0 ,  205 ,  40.31 ,  0.11 ,  10.22
25 ,  4 ,  1055772 ,  0 ,  205 ,  40.31 ,  0.11 ,  10.22
25 ,  4 ,  1055813 ,  0 ,  205 ,  40.20 ,  0.11 ,  10.12
25 ,  4 ,  1055854 ,  0 ,  205 ,  40.09 ,  0.11 ,  10.02
25 ,  4 ,  1055895 ,  0 ,  205 ,  39.98 ,  0.11 ,  10.12
25 ,  4 ,  1055936 ,  0 ,  205 ,  39.87 ,  0.10 ,  10.02
25 ,  4 ,  1055978 ,  0 ,  205 ,  39.76 ,  0.10 ,  10.02
25 ,  4 ,  1056019 ,  0 ,  205 ,  39.65 ,  0.11 ,  10.02
25 ,  4 ,  1056062 ,  0 ,  205 ,  39.54 ,  0.10 ,  9.92
25 ,  4 ,  1056103 ,  0 ,  205 ,  39.54 ,  0.10 ,  9.92
25 ,  4 ,  1056144 ,  0 ,  205 ,  39.43 ,  0.10 ,  9.82
25 ,  4 ,  1056185 ,  0 ,  205 ,  39.32 ,  0.10 ,  9.82
25 ,  4 ,  1056227 ,  0 ,  205 ,  39.21 ,  0.10 ,  9.72
25 ,  4 ,  1056268 ,  0 ,  205 ,  39.10 ,  0.10 ,  9.72
25 ,  4 ,  1056309 ,  0 ,  205 ,  38.99 ,  0.10 ,  9.72
25 ,  4 ,  1056350 ,  0 ,  205 ,  38.88 ,  0.10 ,  9.62
25 ,  4 ,  1056393 ,  0 ,  205 ,  38.77 ,  0.10 ,  9.62
25 ,  4 ,  1056434 ,  0 ,  205 ,  38.66 ,  0.09 ,  9.53
25 ,  4 ,  1056476 ,  0 ,  205 ,  38.55 ,  0.10 ,  9.43
25 ,  4 ,  1056517 ,  0 ,  205 ,  38.44 ,  0.09 ,  9.43
25 ,  4 ,  1056558 ,  0 ,  205 ,  38.44 ,  0.10 ,  9.43
25 ,  4 ,  1056599 ,  0 ,  205 ,  38.33 ,  0.09 ,  9.43
25 ,  4 ,  1056640 ,  0 ,  205 ,  38.22 ,  0.09 ,  9.33
25 ,  4 ,  1056680 ,  0 ,  205 ,  38.11 ,  0.09 ,  9.33
25 ,  4 ,  1056721 ,  0 ,  205 ,  38.11 ,  0.09 ,  9.23
25 ,  4 ,  1056765 ,  0 ,  205 ,  38.00 ,  0.09 ,  9.23
25 ,  4 ,  1056806 ,  0 ,  205 ,  37.78 ,  0.09 ,  9.13
25 ,  4 ,  1056847 ,  0 ,  205 ,  37.78 ,  0.09 ,  9.13
25 ,  4 ,  1056888 ,  0 ,  205 ,  37.67 ,  0.09 ,  9.13
25 ,  4 ,  1056929 ,  0 ,  205 ,  37.56 ,  0.09 ,  9.03
25 ,  4 ,  1056971 ,  0 ,  205 ,  37.45 ,  0.09 ,  9.03
25 ,  4 ,  1057012 ,  0 ,  205 ,  37.34 ,  0.08 ,  9.03
25 ,  4 ,  1057053 ,  0 ,  205 ,  37.23 ,  0.08 ,  8.93
25 ,  4 ,  1057094 ,  0 ,  205 ,  37.23 ,  0.08 ,  8.93
25 ,  4 ,  1057138 ,  0 ,  205 ,  37.12 ,  0.08 ,  8.83
25 ,  4 ,  1057179 ,  0 ,  205 ,  37.01 ,  0.08 ,  8.83
25 ,  4 ,  1057220 ,  0 ,  205 ,  36.90 ,  0.08 ,  8.83
25 ,  4 ,  1057261 ,  0 ,  205 ,  36.90 ,  0.08 ,  8.73
25 ,  4 ,  1057303 ,  0 ,  205 ,  36.68 ,  0.08 ,  8.73
25 ,  4 ,  1057344 ,  0 ,  205 ,  36.57 ,  0.08 ,  8.73
25 ,  4 ,  1057385 ,  0 ,  205 ,  36.46 ,  0.08 ,  8.63
25 ,  4 ,  1057426 ,  0 ,  205 ,  36.46 ,  0.08 ,  8.63
25 ,  4 ,  1057467 ,  0 ,  205 ,  36.35 ,  0.08 ,  8.53
25 ,  4 ,  1057511 ,  0 ,  205 ,  36.24 ,  0.08 ,  8.53
25 ,  4 ,  1057552 ,  0 ,  205 ,  36.24 ,  0.08 ,  8.53
25 ,  4 ,  1057593 ,  0 ,  205 ,  36.02 ,  0.08 ,  8.43
25 ,  4 ,  1057635 ,  0 ,  205 ,  36.02 ,  0.08 ,  8.43
25 ,  4 ,  1057676 ,  0 ,  205 ,  35.80 ,  0.08 ,  8.43
25 ,  4 ,  1057717 ,  0 ,  205 ,  35.80 ,  0.07 ,  8.33
25 ,  4 ,  1057758 ,  0 ,  205 ,  35.69 ,  0.07 ,  8.33
25 ,  4 ,  1057799 ,  0 ,  205 ,  35.58 ,  0.07 ,  8.24
25 ,  4 ,  1057841 ,  0 ,  205 ,  35.47 ,  0.07 ,  8.24
25 ,  4 ,  1057891 ,  0 ,  205 ,  35.36 ,  0.07 ,  8.24
25 ,  4 ,  1057934 ,  0 ,  205 ,  35.36 ,  0.07 ,  8.14
25 ,  4 ,  1057978 ,  0 ,  205 ,  35.25 ,  0.07 ,  8.14
25 ,  4 ,  1058021 ,  0 ,  205 ,  35.13 ,  0.07 ,  8.14
25 ,  4 ,  1058064 ,  0 ,  205 ,  35.02 ,  0.07 ,  8.04
25 ,  4 ,  1058108 ,  0 ,  205 ,  34.91 ,  0.07 ,  8.04
25 ,  4 ,  1058151 ,  0 ,  205 ,  34.80 ,  0.07 ,  7.94
25 ,  4 ,  1058195 ,  0 ,  205 ,  34.69 ,  0.07 ,  7.94
25 ,  4 ,  1058238 ,  0 ,  205 ,  34.58 ,  0.07 ,  7.94
25 ,  4 ,  1058284 ,  0 ,  205 ,  34.58 ,  0.07 ,  7.84
25 ,  4 ,  1058327 ,  0 ,  205 ,  34.47 ,  0.07 ,  7.84
25 ,  4 ,  1058370 ,  0 ,  205 ,  34.36 ,  0.06 ,  7.84
25 ,  4 ,  1058413 ,  0 ,  205 ,  34.25 ,  0.06 ,  7.74
25 ,  4 ,  1058456 ,  0 ,  205 ,  34.14 ,  0.06 ,  7.74
25 ,  4 ,  1058499 ,  0 ,  205 ,  34.03 ,  0.06 ,  7.74
25 ,  4 ,  1058543 ,  0 ,  205 ,  34.03 ,  0.06 ,  7.74
25 ,  4 ,  1058586 ,  0 ,  205 ,  33.92 ,  0.06 ,  7.64
25 ,  4 ,  1058629 ,  0 ,  205 ,  33.81 ,  0.06 ,  7.64
25 ,  4 ,  1058674 ,  0 ,  205 ,  33.70 ,  0.06 ,  7.54
25 ,  4 ,  1058718 ,  0 ,  205 ,  33.59 ,  0.06 ,  7.54
25 ,  4 ,  1058761 ,  0 ,  205 ,  33.48 ,  0.06 ,  7.44
25 ,  4 ,  1058804 ,  0 ,  205 ,  33.48 ,  0.06 ,  7.44
25 ,  4 ,  1058847 ,  0 ,  205 ,  33.37 ,  0.06 ,  7.44
25 ,  4 ,  1058890 ,  0 ,  205 ,  33.26 ,  0.06 ,  7.44
25 ,  4 ,  1058933 ,  0 ,  205 ,  33.15 ,  0.06 ,  7.44
25 ,  4 ,  1058977 ,  0 ,  205 ,  33.04 ,  0.06 ,  7.34
25 ,  4 ,  1059020 ,  0 ,  205 ,  32.93 ,  0.06 ,  7.34
25 ,  4 ,  1059066 ,  0 ,  205 ,  32.93 ,  0.06 ,  7.24
25 ,  4 ,  1059109 ,  0 ,  205 ,  32.82 ,  0.06 ,  7.24
25 ,  4 ,  1059152 ,  0 ,  205 ,  32.71 ,  0.06 ,  7.24
25 ,  4 ,  1059195 ,  0 ,  205 ,  32.60 ,  0.06 ,  7.24
25 ,  4 ,  1059238 ,  0 ,  205 ,  32.49 ,  0.06 ,  7.14
25 ,  4 ,  1059282 ,  0 ,  205 ,  32.49 ,  0.06 ,  7.14
25 ,  4 ,  1059325 ,  0 ,  205 ,  32.27 ,  0.06 ,  7.04
25 ,  4 ,  1059368 ,  0 ,  205 ,  32.27 ,  0.06 ,  7.04
25 ,  4 ,  1059411 ,  0 ,  205 ,  32.16 ,  0.06 ,  7.04
25 ,  4 ,  1059457 ,  0 ,  205 ,  32.05 ,  0.05 ,  6.95
25 ,  4 ,  1059501 ,  0 ,  205 ,  31.94 ,  0.06 ,  6.95
25 ,  4 ,  1059544 ,  0 ,  205 ,  31.83 ,  0.05 ,  6.95
25 ,  4 ,  1059587 ,  0 ,  205 ,  31.83 ,  0.06 ,  6.95
25 ,  4 ,  1059630 ,  0 ,  205 ,  31.61 ,  0.06 ,  6.85
25 ,  4 ,  1059673 ,  0 ,  205 ,  31.61 ,  0.05 ,  6.85
25 ,  4 ,  1059716 ,  0 ,  205 ,  31.50 ,  0.05 ,  6.85
25 ,  4 ,  1059760 ,  0 ,  205 ,  31.39 ,  0.05 ,  6.75
25 ,  4 ,  1059803 ,  0 ,  205 ,  31.39 ,  0.05 ,  6.75
25 ,  4 ,  1059848 ,  0 ,  205 ,  31.28 ,  0.05 ,  6.75
25 ,  4 ,  1059891 ,  0 ,  205 ,  31.17 ,  0.05 ,  6.65
25 ,  4 ,  1059935 ,  0 ,  205 ,  31.06 ,  0.05 ,  6.65
25 ,  4 ,  1059978 ,  0 ,  205 ,  30.95 ,  0.06 ,  6.65
25 ,  4 ,  1060021 ,  0 ,  205 ,  30.84 ,  0.05 ,  6.55
25 ,  4 ,  1060064 ,  0 ,  205 ,  30.84 ,  0.05 ,  6.55
25 ,  4 ,  1060107 ,  0 ,  205 ,  30.73 ,  0.05 ,  6.55
25 ,  4 ,  1060150 ,  0 ,  205 ,  30.62 ,  0.05 ,  6.55
25 ,  4 ,  1060194 ,  0 ,  205 ,  30.51 ,  0.05 ,  6.45
25 ,  4 ,  1060235 ,  0 ,  205 ,  30.40 ,  0.05 ,  6.45
25 ,  4 ,  1060278 ,  0 ,  205 ,  30.40 ,  0.05 ,  6.45
25 ,  4 ,  1060321 ,  0 ,  205 ,  30.29 ,  0.05 ,  6.45
25 ,  4 ,  1060364 ,  0 ,  205 ,  30.18 ,  0.05 ,  6.35
25 ,  4 ,  1060407 ,  0 ,  205 ,  30.07 ,  0.05 ,  6.35
25 ,  4 ,  1060451 ,  0 ,  205 ,  30.07 ,  0.05 ,  6.35
25 ,  4 ,  1060494 ,  0 ,  205 ,  29.96 ,  0.05 ,  6.25
25 ,  4 ,  1060571 ,  0 ,  205 ,  29.85 ,  0.05 ,  6.25
25 ,  4 ,  1060614 ,  0 ,  205 ,  29.74 ,  0.05 ,  6.25
25 ,  4 ,  1060659 ,  0 ,  205 ,  29.63 ,  0.05 ,  6.15
25 ,  4 ,  1060702 ,  0 ,  205 ,  29.52 ,  0.05 ,  6.15
25 ,  4 ,  1060745 ,  0 ,  205 ,  29.52 ,  0.05 ,  6.15
25 ,  4 ,  1060789 ,  0 ,  205 ,  29.41 ,  0.05 ,  6.05
25 ,  4 ,  1060832 ,  0 ,  205 ,  29.30 ,  0.05 ,  6.05
25 ,  4 ,  1060875 ,  0 ,  205 ,  29.19 ,  0.05 ,  6.05
25 ,  4 ,  1060918 ,  0 ,  205 ,  29.19 ,  0.05 ,  6.05
25 ,  4 ,  1060961 ,  0 ,  205 ,  28.97 ,  0.05 ,  5.95
25 ,  4 ,  1061004 ,  0 ,  205 ,  28.97 ,  0.05 ,  5.95
25 ,  4 ,  1061050 ,  0 ,  205 ,  28.86 ,  0.05 ,  5.95
25 ,  4 ,  1061093 ,  0 ,  205 ,  28.86 ,  0.05 ,  5.85
25 ,  4 ,  1061136 ,  0 ,  205 ,  28.75 ,  0.05 ,  5.85
25 ,  4 ,  1061179 ,  0 ,  205 ,  28.64 ,  0.05 ,  5.85
25 ,  4 ,  1061222 ,  0 ,  205 ,  28.53 ,  0.05 ,  5.85
25 ,  4 ,  1061266 ,  0 ,  205 ,  28.42 ,  0.05 ,  5.75
25 ,  4 ,  1061309 ,  0 ,  205 ,  28.42 ,  0.05 ,  5.75
25 ,  4 ,  1061352 ,  0 ,  205 ,  28.31 ,  0.05 ,  5.75
25 ,  4 ,  1061395 ,  0 ,  205 ,  28.20 ,  0.05 ,  5.66
25 ,  4 ,  1061440 ,  0 ,  205 ,  28.09 ,  0.05 ,  5.66
25 ,  4 ,  1061484 ,  0 ,  205 ,  27.98 ,  0.05 ,  5.66
25 ,  4 ,  1061527 ,  0 ,  205 ,  27.87 ,  0.05 ,  5.56
25 ,  4 ,  1061570 ,  0 ,  205 ,  27.87 ,  0.05 ,  5.66
25 ,  4 ,  1061613 ,  0 ,  205 ,  27.76 ,  0.05 ,  5.56
25 ,  4 ,  1061656 ,  0 ,  205 ,  27.65 ,  0.05 ,  5.56
25 ,  4 ,  1061699 ,  0 ,  205 ,  27.65 ,  0.05 ,  5.56
25 ,  4 ,  1061743 ,  0 ,  205 ,  27.54 ,  0.05 ,  5.46
25 ,  4 ,  1061786 ,  0 ,  205 ,  27.43 ,  0.05 ,  5.46
25 ,  4 ,  1061831 ,  0 ,  205 ,  27.32 ,  0.05 ,  5.46
25 ,  4 ,  1061874 ,  0 ,  205 ,  27.32 ,  0.05 ,  5.46
25 ,  4 ,  1061918 ,  0 ,  205 ,  27.21 ,  0.05 ,  5.36
25 ,  4 ,  1061961 ,  0 ,  205 ,  27.10 ,  0.04 ,  5.36
25 ,  4 ,  1062004 ,  0 ,  205 ,  27.10 ,  0.05 ,  5.36
25 ,  4 ,  1062047 ,  0 ,  205 ,  26.99 ,  0.05 ,  5.36
25 ,  4 ,  1062090 ,  0 ,  205 ,  26.88 ,  0.04 ,  5.26
25 ,  4 ,  1062133 ,  0 ,  205 ,  26.77 ,  0.04 ,  5.26
25 ,  4 ,  1062177 ,  0 ,  205 ,  26.77 ,  0.04 ,  5.26
25 ,  4 ,  1062222 ,  0 ,  205 ,  26.66 ,  0.05 ,  5.26
25 ,  4 ,  1062265 ,  0 ,  205 ,  26.55 ,  0.05 ,  5.16
25 ,  4 ,  1062308 ,  0 ,  205 ,  26.43 ,  0.04 ,  5.16
25 ,  4 ,  1062352 ,  0 ,  205 ,  26.43 ,  0.04 ,  5.16
25 ,  4 ,  1062395 ,  0 ,  205 ,  26.32 ,  0.05 ,  5.16
25 ,  4 ,  1062438 ,  0 ,  205 ,  26.21 ,  0.04 ,  5.16
25 ,  4 ,  1062481 ,  0 ,  205 ,  26.10 ,  0.04 ,  5.06
25 ,  4 ,  1062524 ,  0 ,  205 ,  26.10 ,  0.04 ,  5.06
25 ,  4 ,  1062567 ,  0 ,  205 ,  25.99 ,  0.04 ,  5.06
25 ,  4 ,  1062614 ,  0 ,  205 ,  25.88 ,  0.04 ,  5.06
25 ,  4 ,  1062657 ,  0 ,  205 ,  25.88 ,  0.04 ,  4.96
25 ,  4 ,  1062700 ,  0 ,  205 ,  25.77 ,  0.04 ,  4.96
25 ,  4 ,  1062743 ,  0 ,  205 ,  25.66 ,  0.04 ,  4.96
25 ,  4 ,  1062786 ,  0 ,  205 ,  25.66 ,  0.04 ,  4.96
25 ,  4 ,  1062830 ,  0 ,  205 ,  25.44 ,  0.04 ,  4.86
25 ,  4 ,  1062873 ,  0 ,  205 ,  25.44 ,  0.04 ,  4.86
25 ,  4 ,  1062916 ,  0 ,  205 ,  25.33 ,  0.04 ,  4.86
25 ,  4 ,  1062959 ,  0 ,  205 ,  25.33 ,  0.04 ,  4.86
25 ,  4 ,  1063004 ,  0 ,  205 ,  25.22 ,  0.04 ,  4.86
25 ,  4 ,  1063048 ,  0 ,  205 ,  25.11 ,  0.04 ,  4.76
25 ,  4 ,  1063091 ,  0 ,  205 ,  25.11 ,  0.04 ,  4.76
25 ,  4 ,  1063134 ,  0 ,  205 ,  25.00 ,  0.04 ,  4.76
25 ,  4 ,  1063177 ,  0 ,  205 ,  24.89 ,  0.04 ,  4.76
25 ,  4 ,  1063220 ,  0 ,  205 ,  24.89 ,  0.04 ,  4.66
25 ,  4 ,  1063263 ,  0 ,  205 ,  24.78 ,  0.04 ,  4.66
25 ,  4 ,  1063307 ,  0 ,  205 ,  24.78 ,  0.04 ,  4.66
25 ,  4 ,  1063350 ,  0 ,  205 ,  24.56 ,  0.04 ,  4.66
25 ,  4 ,  1063395 ,  0 ,  205 ,  24.45 ,  0.04 ,  4.66
25 ,  4 ,  1063438 ,  0 ,  205 ,  24.45 ,  0.04 ,  4.56
25 ,  4 ,  1063481 ,  0 ,  205 ,  24.45 ,  0.04 ,  4.56
25 ,  4 ,  1063525 ,  0 ,  205 ,  24.34 ,  0.04 ,  4.56
25 ,  4 ,  1063568 ,  0 ,  205 ,  24.23 ,  0.04 ,  4.56
25 ,  4 ,  1063611 ,  0 ,  205 ,  24.12 ,  0.04 ,  4.56
25 ,  4 ,  1063654 ,  0 ,  205 ,  24.12 ,  0.04 ,  4.46
25 ,  4 ,  1063697 ,  0 ,  205 ,  24.01 ,  0.04 ,  4.46
25 ,  4 ,  1063740 ,  0 ,  205 ,  23.90 ,  0.04 ,  4.46
25 ,  4 ,  1063786 ,  0 ,  205 ,  23.90 ,  0.04 ,  4.46
25 ,  4 ,  1063829 ,  0 ,  205 ,  23.90 ,  0.04 ,  4.37
25 ,  4 ,  1063872 ,  0 ,  205 ,  23.68 ,  0.04 ,  4.37
25 ,  4 ,  1063915 ,  0 ,  205 ,  23.68 ,  0.04 ,  4.37
25 ,  4 ,  1063959 ,  0 ,  205 ,  23.68 ,  0.04 ,  4.37
25 ,  4 ,  1064002 ,  0 ,  205 ,  23.57 ,  0.04 ,  4.37
25 ,  4 ,  1064045 ,  0 ,  205 ,  23.46 ,  0.04 ,  4.37
25 ,  4 ,  1064088 ,  0 ,  205 ,  23.35 ,  0.04 ,  4.27
25 ,  4 ,  1064131 ,  0 ,  205 ,  23.24 ,  0.04 ,  4.27
25 ,  4 ,  1064177 ,  0 ,  205 ,  23.24 ,  0.04 ,  4.27
25 ,  4 ,  1064220 ,  0 ,  205 ,  23.24 ,  0.04 ,  4.27
25 ,  4 ,  1064263 ,  0 ,  205 ,  23.13 ,  0.04 ,  4.17
25 ,  4 ,  1064306 ,  0 ,  205 ,  23.02 ,  0.04 ,  4.17
25 ,  4 ,  1064349 ,  0 ,  205 ,  22.91 ,  0.04 ,  4.17
25 ,  4 ,  1064392 ,  0 ,  205 ,  22.91 ,  0.04 ,  4.17
25 ,  4 ,  1064436 ,  0 ,  205 ,  22.80 ,  0.04 ,  4.17
25 ,  4 ,  1064479 ,  0 ,  205 ,  22.80 ,  0.04 ,  4.07
25 ,  4 ,  1064522 ,  0 ,  205 ,  22.58 ,  0.04 ,  4.17
25 ,  4 ,  1064568 ,  0 ,  205 ,  22.58 ,  0.04 ,  4.07
25 ,  4 ,  1064611 ,  0 ,  205 ,  22.58 ,  0.04 ,  4.07
25 ,  4 ,  1064654 ,  0 ,  205 ,  22.47 ,  0.04 ,  4.07
25 ,  4 ,  1064697 ,  0 ,  205 ,  22.36 ,  0.04 ,  4.07
25 ,  4 ,  1064741 ,  0 ,  205 ,  22.36 ,  0.04 ,  3.97
25 ,  4 ,  1064784 ,  0 ,  205 ,  22.25 ,  0.04 ,  3.97
25 ,  4 ,  1064827 ,  0 ,  205 ,  22.25 ,  0.04 ,  3.97
25 ,  4 ,  1064870 ,  0 ,  205 ,  22.14 ,  0.04 ,  3.97
25 ,  4 ,  1064913 ,  0 ,  205 ,  22.03 ,  0.04 ,  3.97
25 ,  4 ,  1064960 ,  0 ,  205 ,  22.03 ,  0.04 ,  3.97
25 ,  4 ,  1065003 ,  0 ,  205 ,  21.92 ,  0.04 ,  3.87
25 ,  4 ,  1065046 ,  0 ,  205 ,  21.92 ,  0.04 ,  3.87
25 ,  4 ,  1065089 ,  0 ,  205 ,  21.81 ,  0.04 ,  3.87
25 ,  4 ,  1065132 ,  0 ,  205 ,  21.70 ,  0.04 ,  3.87
25 ,  4 ,  1065175 ,  0 ,  205 ,  21.70 ,  0.04 ,  3.87
25 ,  4 ,  1065219 ,  0 ,  205 ,  21.59 ,  0.04 ,  3.87
25 ,  4 ,  1065262 ,  0 ,  205 ,  21.59 ,  0.04 ,  3.87
25 ,  4 ,  1065305 ,  0 ,  205 ,  21.48 ,  0.04 ,  3.77
25 ,  4 ,  1065350 ,  0 ,  205 ,  21.37 ,  0.04 ,  3.77
25 ,  4 ,  1065394 ,  0 ,  205 ,  21.26 ,  0.04 ,  3.77
25 ,  4 ,  1065437 ,  0 ,  205 ,  21.26 ,  0.04 ,  3.77
25 ,  4 ,  1065480 ,  0 ,  205 ,  21.15 ,  0.04 ,  3.77
25 ,  4 ,  1065523 ,  0 ,  205 ,  21.15 ,  0.04 ,  3.67
25 ,  4 ,  1065566 ,  0 ,  205 ,  21.04 ,  0.04 ,  3.67
25 ,  4 ,  1065609 ,  0 ,  205 ,  21.04 ,  0.04 ,  3.67
25 ,  4 ,  1065653 ,  0 ,  205 ,  20.82 ,  0.04 ,  3.67
25 ,  4 ,  1065696 ,  0 ,  205 ,  20.93 ,  0.04 ,  3.67
25 ,  4 ,  1065741 ,  0 ,  205 ,  20.82 ,  0.04 ,  3.67
25 ,  4 ,  1065784 ,  0 ,  205 ,  20.71 ,  0.04 ,  3.57
25 ,  4 ,  1065828 ,  0 ,  205 ,  20.71 ,  0.04 ,  3.67
25 ,  4 ,  1065871 ,  0 ,  205 ,  20.60 ,  0.04 ,  3.57
25 ,  4 ,  1065914 ,  0 ,  205 ,  20.60 ,  0.04 ,  3.57
25 ,  4 ,  1065957 ,  0 ,  205 ,  20.49 ,  0.04 ,  3.57
25 ,  4 ,  1066000 ,  0 ,  205 ,  20.38 ,  0.04 ,  3.57
25 ,  4 ,  1066043 ,  0 ,  205 ,  20.38 ,  0.04 ,  3.57
25 ,  4 ,  1066087 ,  0 ,  205 ,  20.27 ,  0.04 ,  3.57
25 ,  4 ,  1066132 ,  0 ,  205 ,  20.27 ,  0.04 ,  3.47
25 ,  4 ,  1066175 ,  0 ,  205 ,  20.16 ,  0.04 ,  3.47
25 ,  4 ,  1066218 ,  0 ,  205 ,  20.16 ,  0.04 ,  3.37
25 ,  4 ,  1066262 ,  0 ,  205 ,  20.05 ,  0.04 ,  3.47
25 ,  4 ,  1066305 ,  0 ,  205 ,  20.05 ,  0.04 ,  3.37
25 ,  4 ,  1066348 ,  0 ,  205 ,  19.94 ,  0.04 ,  3.47
25 ,  4 ,  1066391 ,  0 ,  205 ,  19.94 ,  0.04 ,  3.37
25 ,  4 ,  1066434 ,  0 ,  205 ,  19.83 ,  0.04 ,  3.37
25 ,  4 ,  1066477 ,  0 ,  205 ,  19.72 ,  0.04 ,  3.37
25 ,  4 ,  1066523 ,  0 ,  205 ,  19.72 ,  0.04 ,  3.37
25 ,  4 ,  1066566 ,  0 ,  205 ,  19.72 ,  0.04 ,  3.37
25 ,  4 ,  1066609 ,  0 ,  205 ,  19.61 ,  0.04 ,  3.37
25 ,  4 ,  1066652 ,  0 ,  205 ,  19.50 ,  0.04 ,  3.27
25 ,  4 ,  1066696 ,  0 ,  205 ,  19.39 ,  0.04 ,  3.27
25 ,  4 ,  1066739 ,  0 ,  205 ,  19.39 ,  0.04 ,  3.27
25 ,  4 ,  1066782 ,  0 ,  205 ,  19.28 ,  0.04 ,  3.27
25 ,  4 ,  1066825 ,  0 ,  205 ,  19.28 ,  0.04 ,  3.27
25 ,  4 ,  1066868 ,  0 ,  205 ,  19.17 ,  0.04 ,  3.27
25 ,  4 ,  1066914 ,  0 ,  205 ,  19.17 ,  0.04 ,  3.27
25 ,  4 ,  1066957 ,  0 ,  205 ,  19.06 ,  0.04 ,  3.17
25 ,  4 ,  1067000 ,  0 ,  205 ,  19.06 ,  0.04 ,  3.17
25 ,  4 ,  1067043 ,  0 ,  205 ,  18.95 ,  0.04 ,  3.17
25 ,  4 ,  1067086 ,  0 ,  205 ,  18.95 ,  0.04 ,  3.17
25 ,  4 ,  1067129 ,  0 ,  205 ,  18.84 ,  0.03 ,  3.17
25 ,  4 ,  1067173 ,  0 ,  205 ,  18.84 ,  0.04 ,  3.17
25 ,  4 ,  1067216 ,  0 ,  205 ,  18.73 ,  0.03 ,  3.08
25 ,  4 ,  1067259 ,  0 ,  205 ,  18.62 ,  0.04 ,  3.08
25 ,  4 ,  1067304 ,  0 ,  205 ,  18.62 ,  0.04 ,  3.08
25 ,  4 ,  1067348 ,  0 ,  205 ,  18.62 ,  0.04 ,  3.08
25 ,  4 ,  1067392 ,  0 ,  205 ,  18.51 ,  0.04 ,  3.08
25 ,  4 ,  1067435 ,  0 ,  205 ,  18.40 ,  0.04 ,  3.08
25 ,  4 ,  1067478 ,  0 ,  205 ,  18.40 ,  0.04 ,  3.08
25 ,  4 ,  1067521 ,  0 ,  205 ,  18.29 ,  0.04 ,  3.08
25 ,  4 ,  1067564 ,  0 ,  205 ,  18.29 ,  0.04 ,  2.98
25 ,  4 ,  1067608 ,  0 ,  205 ,  18.29 ,  0.03 ,  2.98
25 ,  4 ,  1067651 ,  0 ,  205 ,  18.18 ,  0.04 ,  2.98
25 ,  4 ,  1067696 ,  0 ,  205 ,  18.18 ,  0.03 ,  2.98
25 ,  4 ,  1067739 ,  0 ,  205 ,  18.07 ,  0.04 ,  2.98
25 ,  4 ,  1067782 ,  0 ,  205 ,  18.07 ,  0.03 ,  2.98
25 ,  4 ,  1067826 ,  0 ,  205 ,  17.96 ,  0.04 ,  2.98
25 ,  4 ,  1067869 ,  0 ,  205 ,  17.85 ,  0.04 ,  2.98
25 ,  4 ,  1067912 ,  0 ,  205 ,  17.85 ,  0.04 ,  2.98
25 ,  4 ,  1067955 ,  0 ,  205 ,  17.73 ,  0.04 ,  2.88
25 ,  4 ,  1067998 ,  0 ,  205 ,  17.73 ,  0.04 ,  2.88
25 ,  4 ,  1068042 ,  0 ,  205 ,  17.73 ,  0.03 ,  2.88
25 ,  4 ,  1068087 ,  0 ,  205 ,  17.62 ,  0.04 ,  2.88
25 ,  4 ,  1068130 ,  0 ,  205 ,  17.62 ,  0.04 ,  2.88
25 ,  4 ,  1068173 ,  0 ,  205 ,  17.51 ,  0.04 ,  2.88
25 ,  4 ,  1068217 ,  0 ,  205 ,  17.51 ,  0.04 ,  2.88
25 ,  4 ,  1068260 ,  0 ,  205 ,  17.40 ,  0.04 ,  2.78
25 ,  4 ,  1068303 ,  0 ,  205 ,  17.29 ,  0.03 ,  2.78
25 ,  4 ,  1068346 ,  0 ,  205 ,  17.29 ,  0.04 ,  2.78
25 ,  4 ,  1068389 ,  0 ,  205 ,  17.18 ,  0.04 ,  2.78
25 ,  4 ,  1068433 ,  0 ,  205 ,  17.18 ,  0.04 ,  2.78
25 ,  4 ,  1068484 ,  0 ,  205 ,  17.07 ,  0.03 ,  2.78
25 ,  4 ,  1068528 ,  0 ,  205 ,  17.07 ,  0.04 ,  2.78
25 ,  4 ,  1068571 ,  0 ,  205 ,  17.07 ,  0.04 ,  2.78
25 ,  4 ,  1068614 ,  0 ,  205 ,  16.96 ,  0.04 ,  2.78
25 ,  4 ,  1068657 ,  0 ,  205 ,  16.96 ,  0.04 ,  2.68
25 ,  4 ,  1068700 ,  0 ,  205 ,  16.85 ,  0.04 ,  2.68
25 ,  4 ,  1068743 ,  0 ,  205 ,  16.85 ,  0.04 ,  2.68
25 ,  4 ,  1068787 ,  0 ,  205 ,  16.74 ,  0.04 ,  2.68
25 ,  4 ,  1068830 ,  0 ,  205 ,  16.74 ,  0.03 ,  2.68
25 ,  4 ,  1068875 ,  0 ,  205 ,  16.63 ,  0.04 ,  2.68
25 ,  4 ,  1068918 ,  0 ,  205 ,  16.63 ,  0.04 ,  2.58
25 ,  4 ,  1068962 ,  0 ,  205 ,  16.52 ,  0.03 ,  2.58
25 ,  4 ,  1069005 ,  0 ,  205 ,  16.52 ,  0.04 ,  2.58
25 ,  4 ,  1069048 ,  0 ,  205 ,  16.52 ,  0.04 ,  2.58
25 ,  4 ,  1069091 ,  0 ,  205 ,  16.41 ,  0.04 ,  2.58
25 ,  4 ,  1069134 ,  0 ,  205 ,  16.41 ,  0.03 ,  2.58
25 ,  4 ,  1069177 ,  0 ,  205 ,  16.30 ,  0.04 ,  2.58
25 ,  4 ,  1069221 ,  0 ,  205 ,  16.30 ,  0.04 ,  2.48
25 ,  4 ,  1069266 ,  0 ,  205 ,  16.19 ,  0.04 ,  2.58
25 ,  4 ,  1069309 ,  0 ,  205 ,  16.19 ,  0.03 ,  2.58
25 ,  4 ,  1069352 ,  0 ,  205 ,  16.08 ,  0.03 ,  2.58
25 ,  4 ,  1069396 ,  0 ,  205 ,  16.08 ,  0.03 ,  2.48
25 ,  4 ,  1069440 ,  0 ,  205 ,  16.08 ,  0.04 ,  2.48
25 ,  4 ,  1069483 ,  0 ,  205 ,  15.97 ,  0.04 ,  2.48
25 ,  4 ,  1069526 ,  0 ,  205 ,  15.97 ,  0.03 ,  2.48
25 ,  4 ,  1069570 ,  0 ,  205 ,  15.86 ,  0.04 ,  2.48
25 ,  4 ,  1069613 ,  0 ,  205 ,  15.86 ,  0.04 ,  2.38
25 ,  4 ,  1069659 ,  0 ,  205 ,  15.75 ,  0.03 ,  2.38
25 ,  4 ,  1069702 ,  0 ,  205 ,  15.64 ,  0.04 ,  2.48
25 ,  4 ,  1069745 ,  0 ,  205 ,  15.64 ,  0.04 ,  2.38
25 ,  4 ,  1069788 ,  0 ,  205 ,  15.64 ,  0.03 ,  2.38
25 ,  4 ,  1069832 ,  0 ,  205 ,  15.53 ,  0.03 ,  2.38
25 ,  4 ,  1069875 ,  0 ,  205 ,  15.53 ,  0.03 ,  2.38
25 ,  4 ,  1069918 ,  0 ,  205 ,  15.53 ,  0.03 ,  2.38
25 ,  4 ,  1069961 ,  0 ,  205 ,  15.42 ,  0.03 ,  2.38
25 ,  4 ,  1070005 ,  0 ,  205 ,  15.31 ,  0.04 ,  2.38
25 ,  4 ,  1070050 ,  0 ,  205 ,  15.31 ,  0.04 ,  2.38
25 ,  4 ,  1070093 ,  0 ,  205 ,  15.31 ,  0.04 ,  2.38
25 ,  4 ,  1070137 ,  0 ,  205 ,  15.20 ,  0.03 ,  2.38
25 ,  4 ,  1070180 ,  0 ,  205 ,  15.20 ,  0.04 ,  2.38
25 ,  4 ,  1070223 ,  0 ,  205 ,  15.20 ,  0.03 ,  2.28
25 ,  4 ,  1070266 ,  0 ,  205 ,  15.09 ,  0.03 ,  2.28
25 ,  4 ,  1070310 ,  0 ,  205 ,  15.09 ,  0.03 ,  2.28
25 ,  4 ,  1070353 ,  0 ,  205 ,  14.98 ,  0.03 ,  2.28
25 ,  4 ,  1070396 ,  0 ,  205 ,  14.98 ,  0.04 ,  2.28
25 ,  4 ,  1070449 ,  0 ,  205 ,  14.87 ,  0.03 ,  2.28
25 ,  4 ,  1070492 ,  0 ,  205 ,  14.87 ,  0.04 ,  2.28
25 ,  4 ,  1070535 ,  0 ,  205 ,  14.87 ,  0.03 ,  2.28
25 ,  4 ,  1070579 ,  0 ,  205 ,  14.76 ,  0.04 ,  2.28
25 ,  4 ,  1070622 ,  0 ,  205 ,  14.76 ,  0.03 ,  2.28
25 ,  4 ,  1070665 ,  0 ,  205 ,  14.76 ,  0.03 ,  2.28
25 ,  4 ,  1070709 ,  0 ,  205 ,  14.65 ,  0.03 ,  2.18
25 ,  4 ,  1070752 ,  0 ,  205 ,  14.65 ,  0.03 ,  2.28
25 ,  4 ,  1070795 ,  0 ,  205 ,  14.54 ,  0.03 ,  2.18
25 ,  4 ,  1070841 ,  0 ,  205 ,  14.54 ,  0.04 ,  2.18
25 ,  4 ,  1070884 ,  0 ,  205 ,  14.54 ,  0.03 ,  2.18
25 ,  4 ,  1070927 ,  0 ,  205 ,  14.43 ,  0.03 ,  2.18
25 ,  4 ,  1070970 ,  0 ,  205 ,  14.43 ,  0.03 ,  2.18
25 ,  4 ,  1071014 ,  0 ,  205 ,  14.43 ,  0.03 ,  2.18
25 ,  4 ,  1071057 ,  0 ,  205 ,  14.32 ,  0.04 ,  2.18
25 ,  4 ,  1071100 ,  0 ,  205 ,  14.32 ,  0.03 ,  2.08
25 ,  4 ,  1071143 ,  0 ,  205 ,  14.21 ,  0.03 ,  2.08
25 ,  4 ,  1071186 ,  0 ,  205 ,  14.21 ,  0.03 ,  2.08
25 ,  4 ,  1071233 ,  0 ,  205 ,  14.10 ,  0.03 ,  2.08
25 ,  4 ,  1071276 ,  0 ,  205 ,  14.10 ,  0.04 ,  2.08
25 ,  4 ,  1071319 ,  0 ,  205 ,  14.10 ,  0.04 ,  2.08
25 ,  4 ,  1071362 ,  0 ,  205 ,  13.99 ,  0.03 ,  2.08
25 ,  4 ,  1071405 ,  0 ,  205 ,  13.99 ,  0.04 ,  2.08
25 ,  4 ,  1071448 ,  0 ,  205 ,  13.99 ,  0.04 ,  2.08
25 ,  4 ,  1071492 ,  0 ,  205 ,  13.88 ,  0.04 ,  2.08
25 ,  4 ,  1071535 ,  0 ,  205 ,  13.88 ,  0.03 ,  2.08
25 ,  4 ,  1071578 ,  0 ,  205 ,  13.88 ,  0.03 ,  2.08
25 ,  4 ,  1071623 ,  0 ,  205 ,  13.77 ,  0.04 ,  2.08
25 ,  4 ,  1071666 ,  0 ,  205 ,  13.77 ,  0.03 ,  2.08
25 ,  4 ,  1071710 ,  0 ,  205 ,  13.77 ,  0.03 ,  1.98
