MS, MPT, t (s), PWMi, PWMe, Pressure (Psi), LW (V), Displacement (mm)
25 ,  3 ,  1020687 ,  0 ,  205 ,  13.77 ,  0.03 ,  1.98
25 ,  3 ,  1020728 ,  255 ,  0 ,  13.77 ,  0.03 ,  1.98
25 ,  3 ,  1020769 ,  255 ,  0 ,  16.52 ,  0.04 ,  1.98
25 ,  3 ,  1020811 ,  255 ,  0 ,  31.94 ,  0.06 ,  3.97
25 ,  3 ,  1020852 ,  255 ,  0 ,  46.15 ,  0.13 ,  7.54
25 ,  3 ,  1020893 ,  255 ,  0 ,  55.73 ,  0.21 ,  10.91
25 ,  3 ,  1020935 ,  255 ,  0 ,  62.23 ,  0.28 ,  13.59
25 ,  3 ,  1020976 ,  255 ,  0 ,  66.96 ,  0.35 ,  15.58
25 ,  3 ,  1021020 ,  255 ,  0 ,  70.49 ,  0.41 ,  16.97
25 ,  3 ,  1021061 ,  255 ,  0 ,  73.24 ,  0.45 ,  17.96
25 ,  3 ,  1021102 ,  255 ,  0 ,  75.44 ,  0.48 ,  18.75
25 ,  3 ,  1021143 ,  255 ,  0 ,  77.31 ,  0.51 ,  19.45
25 ,  3 ,  1021184 ,  255 ,  0 ,  78.97 ,  0.53 ,  20.04
25 ,  3 ,  1021224 ,  255 ,  0 ,  80.51 ,  0.55 ,  20.44
25 ,  3 ,  1021265 ,  255 ,  0 ,  81.83 ,  0.56 ,  20.84
25 ,  3 ,  1021306 ,  255 ,  0 ,  83.15 ,  0.56 ,  21.23
25 ,  3 ,  1021348 ,  255 ,  0 ,  84.25 ,  0.57 ,  21.53
25 ,  3 ,  1021391 ,  255 ,  0 ,  85.46 ,  0.58 ,  21.93
25 ,  3 ,  1021432 ,  255 ,  0 ,  86.45 ,  0.58 ,  22.22
25 ,  3 ,  1021473 ,  255 ,  0 ,  87.45 ,  0.58 ,  22.42
25 ,  3 ,  1021514 ,  255 ,  0 ,  88.33 ,  0.59 ,  22.72
25 ,  3 ,  1021556 ,  255 ,  0 ,  89.10 ,  0.59 ,  22.92
25 ,  3 ,  1021597 ,  255 ,  0 ,  89.98 ,  0.59 ,  23.12
25 ,  3 ,  1021638 ,  255 ,  0 ,  90.64 ,  0.59 ,  23.32
25 ,  3 ,  1021679 ,  255 ,  0 ,  91.30 ,  0.60 ,  23.42
25 ,  3 ,  1021720 ,  255 ,  0 ,  92.07 ,  0.60 ,  23.61
25 ,  3 ,  1021763 ,  255 ,  0 ,  92.73 ,  0.60 ,  23.71
25 ,  3 ,  1021805 ,  255 ,  0 ,  93.17 ,  0.60 ,  23.91
25 ,  3 ,  1021846 ,  255 ,  0 ,  93.72 ,  0.60 ,  24.01
25 ,  3 ,  1021887 ,  255 ,  0 ,  94.16 ,  0.60 ,  24.11
25 ,  3 ,  1021928 ,  255 ,  0 ,  94.60 ,  0.61 ,  24.21
25 ,  3 ,  1021969 ,  255 ,  0 ,  94.93 ,  0.60 ,  24.31
25 ,  3 ,  1022010 ,  255 ,  0 ,  95.26 ,  0.61 ,  24.31
25 ,  3 ,  1022051 ,  255 ,  0 ,  95.48 ,  0.61 ,  24.41
25 ,  3 ,  1022095 ,  255 ,  0 ,  95.59 ,  0.61 ,  24.51
25 ,  3 ,  1022136 ,  255 ,  0 ,  95.82 ,  0.61 ,  24.51
25 ,  3 ,  1022177 ,  255 ,  0 ,  95.93 ,  0.61 ,  24.51
25 ,  3 ,  1022218 ,  255 ,  0 ,  96.04 ,  0.61 ,  24.61
25 ,  3 ,  1022259 ,  255 ,  0 ,  96.15 ,  0.61 ,  24.71
25 ,  3 ,  1022300 ,  255 ,  0 ,  96.15 ,  0.61 ,  24.71
25 ,  3 ,  1022342 ,  255 ,  0 ,  96.26 ,  0.61 ,  24.71
25 ,  3 ,  1022383 ,  255 ,  0 ,  96.26 ,  0.61 ,  24.71
25 ,  3 ,  1022424 ,  255 ,  0 ,  96.26 ,  0.61 ,  24.80
25 ,  3 ,  1022462 ,  255 ,  0 ,  96.37 ,  0.61 ,  24.80
25 ,  3 ,  1022503 ,  255 ,  0 ,  96.37 ,  0.61 ,  24.80
25 ,  3 ,  1022544 ,  255 ,  0 ,  96.37 ,  0.61 ,  24.80
25 ,  3 ,  1022585 ,  255 ,  0 ,  96.37 ,  0.61 ,  24.90
25 ,  3 ,  1022627 ,  255 ,  0 ,  96.26 ,  0.61 ,  24.90
25 ,  3 ,  1022668 ,  255 ,  0 ,  96.37 ,  0.61 ,  24.90
25 ,  3 ,  1022709 ,  255 ,  0 ,  96.37 ,  0.61 ,  24.90
25 ,  3 ,  1022750 ,  255 ,  0 ,  96.37 ,  0.61 ,  24.90
25 ,  3 ,  1022791 ,  255 ,  0 ,  96.37 ,  0.61 ,  24.90
25 ,  3 ,  1022835 ,  255 ,  0 ,  96.37 ,  0.61 ,  24.90
25 ,  3 ,  1022876 ,  255 ,  0 ,  96.37 ,  0.61 ,  24.90
25 ,  3 ,  1022917 ,  255 ,  0 ,  96.37 ,  0.61 ,  24.90
25 ,  3 ,  1022959 ,  255 ,  0 ,  96.37 ,  0.61 ,  25.00
25 ,  3 ,  1023000 ,  255 ,  0 ,  96.26 ,  0.61 ,  25.00
25 ,  3 ,  1023041 ,  255 ,  0 ,  96.26 ,  0.61 ,  24.90
25 ,  3 ,  1023082 ,  255 ,  0 ,  96.37 ,  0.61 ,  25.00
25 ,  3 ,  1023123 ,  255 ,  0 ,  96.26 ,  0.61 ,  25.00
25 ,  3 ,  1023164 ,  255 ,  0 ,  96.26 ,  0.61 ,  25.00
25 ,  3 ,  1023208 ,  255 ,  0 ,  96.37 ,  0.61 ,  25.00
25 ,  3 ,  1023249 ,  255 ,  0 ,  96.37 ,  0.61 ,  25.00
25 ,  3 ,  1023290 ,  255 ,  0 ,  96.26 ,  0.61 ,  25.00
25 ,  3 ,  1023331 ,  255 ,  0 ,  96.26 ,  0.61 ,  25.00
25 ,  3 ,  1023372 ,  255 ,  0 ,  96.37 ,  0.61 ,  25.00
25 ,  3 ,  1023413 ,  255 ,  0 ,  96.26 ,  0.61 ,  25.10
25 ,  3 ,  1023454 ,  255 ,  0 ,  96.26 ,  0.61 ,  25.10
25 ,  3 ,  1023496 ,  255 ,  0 ,  96.26 ,  0.61 ,  25.10
25 ,  3 ,  1023537 ,  255 ,  0 ,  96.26 ,  0.61 ,  25.10
25 ,  3 ,  1023580 ,  255 ,  0 ,  96.26 ,  0.61 ,  25.10
25 ,  3 ,  1023621 ,  255 ,  0 ,  96.26 ,  0.61 ,  25.10
25 ,  3 ,  1023662 ,  0 ,  205 ,  96.26 ,  0.61 ,  25.10
25 ,  3 ,  1023703 ,  0 ,  205 ,  93.61 ,  0.61 ,  25.10
25 ,  3 ,  1023745 ,  0 ,  205 ,  88.22 ,  0.60 ,  24.61
25 ,  3 ,  1023785 ,  0 ,  205 ,  83.26 ,  0.60 ,  23.81
25 ,  3 ,  1023826 ,  0 ,  205 ,  79.19 ,  0.59 ,  23.12
25 ,  3 ,  1023867 ,  0 ,  205 ,  75.77 ,  0.58 ,  22.52
25 ,  3 ,  1023908 ,  0 ,  205 ,  73.02 ,  0.57 ,  21.83
25 ,  3 ,  1023951 ,  0 ,  205 ,  70.49 ,  0.56 ,  21.23
25 ,  3 ,  1023993 ,  0 ,  205 ,  68.50 ,  0.54 ,  20.74
25 ,  3 ,  1024034 ,  0 ,  205 ,  66.85 ,  0.53 ,  20.34
25 ,  3 ,  1024075 ,  0 ,  205 ,  65.42 ,  0.51 ,  19.84
25 ,  3 ,  1024116 ,  0 ,  205 ,  64.21 ,  0.49 ,  19.55
25 ,  3 ,  1024157 ,  0 ,  205 ,  63.11 ,  0.48 ,  19.15
25 ,  3 ,  1024198 ,  0 ,  205 ,  62.12 ,  0.46 ,  18.85
25 ,  3 ,  1024239 ,  0 ,  205 ,  61.35 ,  0.45 ,  18.55
25 ,  3 ,  1024283 ,  0 ,  205 ,  60.57 ,  0.44 ,  18.36
25 ,  3 ,  1024324 ,  0 ,  205 ,  59.91 ,  0.43 ,  18.06
25 ,  3 ,  1024365 ,  0 ,  205 ,  59.25 ,  0.42 ,  17.86
25 ,  3 ,  1024406 ,  0 ,  205 ,  58.81 ,  0.41 ,  17.66
25 ,  3 ,  1024447 ,  0 ,  205 ,  58.26 ,  0.40 ,  17.56
25 ,  3 ,  1024488 ,  0 ,  205 ,  57.82 ,  0.39 ,  17.36
25 ,  3 ,  1024529 ,  0 ,  205 ,  57.49 ,  0.39 ,  17.16
25 ,  3 ,  1024571 ,  0 ,  205 ,  57.16 ,  0.38 ,  17.07
25 ,  3 ,  1024612 ,  0 ,  205 ,  56.83 ,  0.37 ,  16.97
25 ,  3 ,  1024655 ,  0 ,  205 ,  56.50 ,  0.37 ,  16.77
25 ,  3 ,  1024696 ,  0 ,  205 ,  56.17 ,  0.36 ,  16.67
25 ,  3 ,  1024737 ,  0 ,  205 ,  55.95 ,  0.36 ,  16.57
25 ,  3 ,  1024778 ,  0 ,  205 ,  55.73 ,  0.35 ,  16.47
25 ,  3 ,  1024820 ,  0 ,  205 ,  55.51 ,  0.35 ,  16.37
25 ,  3 ,  1024861 ,  0 ,  205 ,  55.29 ,  0.34 ,  16.27
25 ,  3 ,  1024902 ,  0 ,  205 ,  55.07 ,  0.34 ,  16.27
25 ,  3 ,  1024943 ,  0 ,  205 ,  54.85 ,  0.33 ,  16.17
25 ,  3 ,  1024984 ,  0 ,  205 ,  54.74 ,  0.33 ,  15.97
25 ,  3 ,  1025027 ,  0 ,  205 ,  54.52 ,  0.33 ,  15.97
25 ,  3 ,  1025069 ,  0 ,  205 ,  54.30 ,  0.32 ,  15.88
25 ,  3 ,  1025110 ,  0 ,  205 ,  54.19 ,  0.32 ,  15.88
25 ,  3 ,  1025150 ,  0 ,  205 ,  53.97 ,  0.32 ,  15.78
25 ,  3 ,  1025191 ,  0 ,  205 ,  53.86 ,  0.32 ,  15.68
25 ,  3 ,  1025232 ,  0 ,  205 ,  53.64 ,  0.31 ,  15.68
25 ,  3 ,  1025273 ,  0 ,  205 ,  53.53 ,  0.31 ,  15.58
25 ,  3 ,  1025314 ,  0 ,  205 ,  53.42 ,  0.31 ,  15.58
25 ,  3 ,  1025355 ,  0 ,  205 ,  53.31 ,  0.30 ,  15.48
25 ,  3 ,  1025399 ,  0 ,  205 ,  53.09 ,  0.30 ,  15.38
25 ,  3 ,  1025440 ,  0 ,  205 ,  52.98 ,  0.30 ,  15.38
25 ,  3 ,  1025481 ,  0 ,  205 ,  52.87 ,  0.29 ,  15.28
25 ,  3 ,  1025522 ,  0 ,  205 ,  52.65 ,  0.30 ,  15.18
25 ,  3 ,  1025563 ,  0 ,  205 ,  52.65 ,  0.29 ,  15.18
25 ,  3 ,  1025604 ,  0 ,  205 ,  52.42 ,  0.29 ,  15.18
25 ,  3 ,  1025646 ,  0 ,  205 ,  52.31 ,  0.29 ,  15.08
25 ,  3 ,  1025687 ,  0 ,  205 ,  52.20 ,  0.28 ,  15.08
25 ,  3 ,  1025728 ,  0 ,  205 ,  52.09 ,  0.28 ,  14.98
25 ,  3 ,  1025771 ,  0 ,  205 ,  51.87 ,  0.28 ,  14.98
25 ,  3 ,  1025812 ,  0 ,  205 ,  51.87 ,  0.28 ,  14.88
25 ,  3 ,  1025853 ,  0 ,  205 ,  51.65 ,  0.28 ,  14.88
25 ,  3 ,  1025895 ,  0 ,  205 ,  51.65 ,  0.27 ,  14.78
25 ,  3 ,  1025936 ,  0 ,  205 ,  51.43 ,  0.27 ,  14.68
25 ,  3 ,  1025977 ,  0 ,  205 ,  51.32 ,  0.27 ,  14.68
25 ,  3 ,  1026018 ,  0 ,  205 ,  51.21 ,  0.26 ,  14.68
25 ,  3 ,  1026059 ,  0 ,  205 ,  51.10 ,  0.27 ,  14.59
25 ,  3 ,  1026100 ,  0 ,  205 ,  51.10 ,  0.26 ,  14.59
25 ,  3 ,  1026144 ,  0 ,  205 ,  50.88 ,  0.26 ,  14.49
25 ,  3 ,  1026185 ,  0 ,  205 ,  50.77 ,  0.26 ,  14.49
25 ,  3 ,  1026226 ,  0 ,  205 ,  50.55 ,  0.26 ,  14.39
25 ,  3 ,  1026267 ,  0 ,  205 ,  50.55 ,  0.25 ,  14.39
25 ,  3 ,  1026308 ,  0 ,  205 ,  50.44 ,  0.25 ,  14.39
25 ,  3 ,  1026349 ,  0 ,  205 ,  50.33 ,  0.25 ,  14.29
25 ,  3 ,  1026390 ,  0 ,  205 ,  50.22 ,  0.25 ,  14.19
25 ,  3 ,  1026430 ,  0 ,  205 ,  50.11 ,  0.24 ,  14.19
25 ,  3 ,  1026475 ,  0 ,  205 ,  50.00 ,  0.24 ,  14.19
25 ,  3 ,  1026515 ,  0 ,  205 ,  49.89 ,  0.24 ,  14.09
25 ,  3 ,  1026556 ,  0 ,  205 ,  49.78 ,  0.24 ,  14.09
25 ,  3 ,  1026605 ,  0 ,  205 ,  49.67 ,  0.23 ,  13.99
25 ,  3 ,  1026646 ,  0 ,  205 ,  49.45 ,  0.23 ,  13.99
25 ,  3 ,  1026686 ,  0 ,  205 ,  49.45 ,  0.23 ,  13.89
25 ,  3 ,  1026728 ,  0 ,  205 ,  49.34 ,  0.23 ,  13.89
25 ,  3 ,  1026769 ,  0 ,  205 ,  49.23 ,  0.23 ,  13.89
25 ,  3 ,  1026810 ,  0 ,  205 ,  49.01 ,  0.23 ,  13.79
25 ,  3 ,  1026853 ,  0 ,  205 ,  49.01 ,  0.22 ,  13.69
25 ,  3 ,  1026894 ,  0 ,  205 ,  48.79 ,  0.22 ,  13.69
25 ,  3 ,  1026935 ,  0 ,  205 ,  48.68 ,  0.22 ,  13.69
25 ,  3 ,  1026976 ,  0 ,  205 ,  48.57 ,  0.22 ,  13.59
25 ,  3 ,  1027018 ,  0 ,  205 ,  48.46 ,  0.22 ,  13.59
25 ,  3 ,  1027059 ,  0 ,  205 ,  48.35 ,  0.22 ,  13.49
25 ,  3 ,  1027100 ,  0 ,  205 ,  48.24 ,  0.22 ,  13.49
25 ,  3 ,  1027141 ,  0 ,  205 ,  48.24 ,  0.22 ,  13.39
25 ,  3 ,  1027182 ,  0 ,  205 ,  48.02 ,  0.22 ,  13.39
25 ,  3 ,  1027225 ,  0 ,  205 ,  48.02 ,  0.21 ,  13.30
25 ,  3 ,  1027267 ,  0 ,  205 ,  47.80 ,  0.21 ,  13.30
25 ,  3 ,  1027308 ,  0 ,  205 ,  47.69 ,  0.21 ,  13.30
25 ,  3 ,  1027349 ,  0 ,  205 ,  47.69 ,  0.21 ,  13.20
25 ,  3 ,  1027390 ,  0 ,  205 ,  47.47 ,  0.21 ,  13.20
25 ,  3 ,  1027431 ,  0 ,  205 ,  47.36 ,  0.21 ,  13.10
25 ,  3 ,  1027472 ,  0 ,  205 ,  47.25 ,  0.21 ,  13.10
25 ,  3 ,  1027513 ,  0 ,  205 ,  47.25 ,  0.20 ,  13.00
25 ,  3 ,  1027554 ,  0 ,  205 ,  47.03 ,  0.20 ,  13.00
25 ,  3 ,  1027598 ,  0 ,  205 ,  46.92 ,  0.20 ,  12.90
25 ,  3 ,  1027639 ,  0 ,  205 ,  46.81 ,  0.20 ,  12.80
25 ,  3 ,  1027680 ,  0 ,  205 ,  46.70 ,  0.20 ,  12.80
25 ,  3 ,  1027721 ,  0 ,  205 ,  46.59 ,  0.19 ,  12.80
25 ,  3 ,  1027762 ,  0 ,  205 ,  46.59 ,  0.19 ,  12.70
25 ,  3 ,  1027803 ,  0 ,  205 ,  46.48 ,  0.19 ,  12.70
25 ,  3 ,  1027844 ,  0 ,  205 ,  46.26 ,  0.19 ,  12.70
25 ,  3 ,  1027885 ,  0 ,  205 ,  46.26 ,  0.19 ,  12.60
25 ,  3 ,  1027927 ,  0 ,  205 ,  46.15 ,  0.19 ,  12.60
25 ,  3 ,  1027970 ,  0 ,  205 ,  46.04 ,  0.18 ,  12.50
25 ,  3 ,  1028011 ,  0 ,  205 ,  45.82 ,  0.18 ,  12.50
25 ,  3 ,  1028051 ,  0 ,  205 ,  45.82 ,  0.18 ,  12.40
25 ,  3 ,  1028092 ,  0 ,  205 ,  45.60 ,  0.18 ,  12.30
25 ,  3 ,  1028133 ,  0 ,  205 ,  45.60 ,  0.18 ,  12.40
25 ,  3 ,  1028174 ,  0 ,  205 ,  45.49 ,  0.18 ,  12.30
25 ,  3 ,  1028216 ,  0 ,  205 ,  45.27 ,  0.17 ,  12.20
25 ,  3 ,  1028257 ,  0 ,  205 ,  45.16 ,  0.17 ,  12.20
25 ,  3 ,  1028298 ,  0 ,  205 ,  45.16 ,  0.17 ,  12.20
25 ,  3 ,  1028341 ,  0 ,  205 ,  45.05 ,  0.17 ,  12.10
25 ,  3 ,  1028382 ,  0 ,  205 ,  44.94 ,  0.17 ,  12.10
25 ,  3 ,  1028423 ,  0 ,  205 ,  44.83 ,  0.17 ,  12.01
25 ,  3 ,  1028464 ,  0 ,  205 ,  44.72 ,  0.17 ,  12.01
25 ,  3 ,  1028506 ,  0 ,  205 ,  44.61 ,  0.17 ,  11.91
25 ,  3 ,  1028547 ,  0 ,  205 ,  44.50 ,  0.17 ,  11.91
25 ,  3 ,  1028588 ,  0 ,  205 ,  44.39 ,  0.16 ,  11.81
25 ,  3 ,  1028629 ,  0 ,  205 ,  44.28 ,  0.16 ,  11.81
25 ,  3 ,  1028672 ,  0 ,  205 ,  44.17 ,  0.16 ,  11.81
25 ,  3 ,  1028714 ,  0 ,  205 ,  44.06 ,  0.15 ,  11.71
25 ,  3 ,  1028755 ,  0 ,  205 ,  43.95 ,  0.15 ,  11.71
25 ,  3 ,  1028796 ,  0 ,  205 ,  43.84 ,  0.15 ,  11.71
25 ,  3 ,  1028837 ,  0 ,  205 ,  43.72 ,  0.15 ,  11.61
25 ,  3 ,  1028878 ,  0 ,  205 ,  43.61 ,  0.15 ,  11.61
25 ,  3 ,  1028919 ,  0 ,  205 ,  43.50 ,  0.15 ,  11.51
25 ,  3 ,  1028960 ,  0 ,  205 ,  43.39 ,  0.15 ,  11.51
25 ,  3 ,  1029001 ,  0 ,  205 ,  43.28 ,  0.15 ,  11.51
25 ,  3 ,  1029045 ,  0 ,  205 ,  43.17 ,  0.15 ,  11.41
25 ,  3 ,  1029086 ,  0 ,  205 ,  43.06 ,  0.14 ,  11.41
25 ,  3 ,  1029127 ,  0 ,  205 ,  43.06 ,  0.14 ,  11.31
25 ,  3 ,  1029168 ,  0 ,  205 ,  42.95 ,  0.14 ,  11.31
25 ,  3 ,  1029209 ,  0 ,  205 ,  42.84 ,  0.14 ,  11.21
25 ,  3 ,  1029250 ,  0 ,  205 ,  42.73 ,  0.14 ,  11.21
25 ,  3 ,  1029291 ,  0 ,  205 ,  42.62 ,  0.14 ,  11.11
25 ,  3 ,  1029332 ,  0 ,  205 ,  42.51 ,  0.13 ,  11.11
25 ,  3 ,  1029373 ,  0 ,  205 ,  42.40 ,  0.14 ,  11.11
25 ,  3 ,  1029416 ,  0 ,  205 ,  42.29 ,  0.14 ,  11.01
25 ,  3 ,  1029457 ,  0 ,  205 ,  42.18 ,  0.13 ,  11.01
25 ,  3 ,  1029498 ,  0 ,  205 ,  42.07 ,  0.13 ,  10.91
25 ,  3 ,  1029539 ,  0 ,  205 ,  41.96 ,  0.13 ,  10.91
25 ,  3 ,  1029581 ,  0 ,  205 ,  41.85 ,  0.13 ,  10.81
25 ,  3 ,  1029622 ,  0 ,  205 ,  41.74 ,  0.13 ,  10.81
25 ,  3 ,  1029663 ,  0 ,  205 ,  41.74 ,  0.13 ,  10.81
25 ,  3 ,  1029704 ,  0 ,  205 ,  41.52 ,  0.13 ,  10.72
25 ,  3 ,  1029745 ,  0 ,  205 ,  41.41 ,  0.12 ,  10.72
25 ,  3 ,  1029788 ,  0 ,  205 ,  41.30 ,  0.12 ,  10.62
25 ,  3 ,  1029830 ,  0 ,  205 ,  41.30 ,  0.12 ,  10.62
25 ,  3 ,  1029871 ,  0 ,  205 ,  41.19 ,  0.12 ,  10.52
25 ,  3 ,  1029912 ,  0 ,  205 ,  41.08 ,  0.12 ,  10.52
25 ,  3 ,  1029953 ,  0 ,  205 ,  40.97 ,  0.12 ,  10.52
25 ,  3 ,  1029994 ,  0 ,  205 ,  40.86 ,  0.12 ,  10.42
25 ,  3 ,  1030035 ,  0 ,  205 ,  40.75 ,  0.11 ,  10.42
25 ,  3 ,  1030076 ,  0 ,  205 ,  40.64 ,  0.11 ,  10.32
25 ,  3 ,  1030117 ,  0 ,  205 ,  40.53 ,  0.11 ,  10.32
25 ,  3 ,  1030161 ,  0 ,  205 ,  40.53 ,  0.11 ,  10.32
25 ,  3 ,  1030202 ,  0 ,  205 ,  40.31 ,  0.11 ,  10.22
25 ,  3 ,  1030243 ,  0 ,  205 ,  40.20 ,  0.11 ,  10.22
25 ,  3 ,  1030284 ,  0 ,  205 ,  40.20 ,  0.11 ,  10.12
25 ,  3 ,  1030325 ,  0 ,  205 ,  40.09 ,  0.11 ,  10.12
25 ,  3 ,  1030367 ,  0 ,  205 ,  39.98 ,  0.11 ,  10.12
25 ,  3 ,  1030408 ,  0 ,  205 ,  39.87 ,  0.11 ,  10.02
25 ,  3 ,  1030449 ,  0 ,  205 ,  39.76 ,  0.10 ,  10.02
25 ,  3 ,  1030490 ,  0 ,  205 ,  39.65 ,  0.10 ,  9.92
25 ,  3 ,  1030534 ,  0 ,  205 ,  39.54 ,  0.10 ,  9.92
25 ,  3 ,  1030575 ,  0 ,  205 ,  39.54 ,  0.10 ,  9.92
25 ,  3 ,  1030616 ,  0 ,  205 ,  39.43 ,  0.10 ,  9.82
25 ,  3 ,  1030657 ,  0 ,  205 ,  39.32 ,  0.10 ,  9.82
25 ,  3 ,  1030697 ,  0 ,  205 ,  39.21 ,  0.10 ,  9.72
25 ,  3 ,  1030738 ,  0 ,  205 ,  39.10 ,  0.10 ,  9.72
25 ,  3 ,  1030779 ,  0 ,  205 ,  38.99 ,  0.10 ,  9.62
25 ,  3 ,  1030820 ,  0 ,  205 ,  38.88 ,  0.09 ,  9.62
25 ,  3 ,  1030861 ,  0 ,  205 ,  38.77 ,  0.10 ,  9.62
25 ,  3 ,  1030905 ,  0 ,  205 ,  38.77 ,  0.10 ,  9.53
25 ,  3 ,  1030946 ,  0 ,  205 ,  38.55 ,  0.09 ,  9.53
25 ,  3 ,  1030987 ,  0 ,  205 ,  38.55 ,  0.09 ,  9.43
25 ,  3 ,  1031028 ,  0 ,  205 ,  38.44 ,  0.09 ,  9.43
25 ,  3 ,  1031069 ,  0 ,  205 ,  38.33 ,  0.09 ,  9.33
25 ,  3 ,  1031110 ,  0 ,  205 ,  38.22 ,  0.09 ,  9.33
25 ,  3 ,  1031151 ,  0 ,  205 ,  38.11 ,  0.09 ,  9.33
25 ,  3 ,  1031192 ,  0 ,  205 ,  38.11 ,  0.09 ,  9.23
25 ,  3 ,  1031236 ,  0 ,  205 ,  37.89 ,  0.09 ,  9.23
25 ,  3 ,  1031277 ,  0 ,  205 ,  37.89 ,  0.09 ,  9.23
25 ,  3 ,  1031318 ,  0 ,  205 ,  37.78 ,  0.09 ,  9.13
25 ,  3 ,  1031359 ,  0 ,  205 ,  37.67 ,  0.09 ,  9.13
25 ,  3 ,  1031400 ,  0 ,  205 ,  37.56 ,  0.08 ,  9.03
25 ,  3 ,  1031441 ,  0 ,  205 ,  37.56 ,  0.09 ,  9.03
25 ,  3 ,  1031483 ,  0 ,  205 ,  37.34 ,  0.09 ,  8.93
25 ,  3 ,  1031524 ,  0 ,  205 ,  37.34 ,  0.08 ,  8.93
25 ,  3 ,  1031565 ,  0 ,  205 ,  37.23 ,  0.08 ,  8.93
25 ,  3 ,  1031625 ,  0 ,  205 ,  37.12 ,  0.08 ,  8.83
25 ,  3 ,  1031666 ,  0 ,  205 ,  37.01 ,  0.08 ,  8.83
25 ,  3 ,  1031708 ,  0 ,  205 ,  36.79 ,  0.08 ,  8.73
25 ,  3 ,  1031749 ,  0 ,  205 ,  36.79 ,  0.08 ,  8.73
25 ,  3 ,  1031790 ,  0 ,  205 ,  36.68 ,  0.08 ,  8.63
25 ,  3 ,  1031831 ,  0 ,  205 ,  36.57 ,  0.08 ,  8.63
25 ,  3 ,  1031872 ,  0 ,  205 ,  36.57 ,  0.08 ,  8.63
25 ,  3 ,  1031913 ,  0 ,  205 ,  36.35 ,  0.08 ,  8.63
25 ,  3 ,  1031955 ,  0 ,  205 ,  36.24 ,  0.08 ,  8.53
25 ,  3 ,  1031998 ,  0 ,  205 ,  36.24 ,  0.08 ,  8.53
25 ,  3 ,  1032039 ,  0 ,  205 ,  36.13 ,  0.08 ,  8.43
25 ,  3 ,  1032080 ,  0 ,  205 ,  36.02 ,  0.08 ,  8.43
25 ,  3 ,  1032122 ,  0 ,  205 ,  35.91 ,  0.08 ,  8.43
25 ,  3 ,  1032163 ,  0 ,  205 ,  35.80 ,  0.08 ,  8.33
25 ,  3 ,  1032204 ,  0 ,  205 ,  35.80 ,  0.08 ,  8.33
25 ,  3 ,  1032245 ,  0 ,  205 ,  35.69 ,  0.07 ,  8.33
25 ,  3 ,  1032286 ,  0 ,  205 ,  35.58 ,  0.08 ,  8.24
25 ,  3 ,  1032327 ,  0 ,  205 ,  35.47 ,  0.07 ,  8.24
25 ,  3 ,  1032378 ,  0 ,  205 ,  35.36 ,  0.07 ,  8.24
25 ,  3 ,  1032421 ,  0 ,  205 ,  35.25 ,  0.07 ,  8.14
25 ,  3 ,  1032464 ,  0 ,  205 ,  35.25 ,  0.07 ,  8.04
25 ,  3 ,  1032508 ,  0 ,  205 ,  35.02 ,  0.07 ,  8.14
25 ,  3 ,  1032551 ,  0 ,  205 ,  35.02 ,  0.07 ,  8.04
25 ,  3 ,  1032594 ,  0 ,  205 ,  34.91 ,  0.07 ,  7.94
25 ,  3 ,  1032638 ,  0 ,  205 ,  34.80 ,  0.07 ,  8.04
25 ,  3 ,  1032681 ,  0 ,  205 ,  34.69 ,  0.07 ,  7.94
25 ,  3 ,  1032724 ,  0 ,  205 ,  34.58 ,  0.07 ,  7.94
25 ,  3 ,  1032770 ,  0 ,  205 ,  34.47 ,  0.07 ,  7.84
25 ,  3 ,  1032813 ,  0 ,  205 ,  34.36 ,  0.07 ,  7.84
25 ,  3 ,  1032856 ,  0 ,  205 ,  34.36 ,  0.07 ,  7.84
25 ,  3 ,  1032899 ,  0 ,  205 ,  34.25 ,  0.07 ,  7.74
25 ,  3 ,  1032942 ,  0 ,  205 ,  34.03 ,  0.07 ,  7.74
25 ,  3 ,  1032986 ,  0 ,  205 ,  34.03 ,  0.06 ,  7.74
25 ,  3 ,  1033029 ,  0 ,  205 ,  34.03 ,  0.07 ,  7.64
25 ,  3 ,  1033072 ,  0 ,  205 ,  33.92 ,  0.07 ,  7.54
25 ,  3 ,  1033115 ,  0 ,  205 ,  33.81 ,  0.06 ,  7.64
25 ,  3 ,  1033160 ,  0 ,  205 ,  33.70 ,  0.07 ,  7.54
25 ,  3 ,  1033203 ,  0 ,  205 ,  33.59 ,  0.07 ,  7.54
25 ,  3 ,  1033247 ,  0 ,  205 ,  33.48 ,  0.06 ,  7.54
25 ,  3 ,  1033290 ,  0 ,  205 ,  33.48 ,  0.06 ,  7.44
25 ,  3 ,  1033333 ,  0 ,  205 ,  33.37 ,  0.06 ,  7.44
25 ,  3 ,  1033376 ,  0 ,  205 ,  33.15 ,  0.06 ,  7.34
25 ,  3 ,  1033419 ,  0 ,  205 ,  33.15 ,  0.06 ,  7.34
25 ,  3 ,  1033462 ,  0 ,  205 ,  33.04 ,  0.06 ,  7.34
25 ,  3 ,  1033505 ,  0 ,  205 ,  32.93 ,  0.06 ,  7.24
25 ,  3 ,  1033551 ,  0 ,  205 ,  32.82 ,  0.06 ,  7.24
25 ,  3 ,  1033594 ,  0 ,  205 ,  32.71 ,  0.06 ,  7.24
25 ,  3 ,  1033637 ,  0 ,  205 ,  32.71 ,  0.06 ,  7.14
25 ,  3 ,  1033680 ,  0 ,  205 ,  32.60 ,  0.06 ,  7.14
25 ,  3 ,  1033723 ,  0 ,  205 ,  32.49 ,  0.06 ,  7.14
25 ,  3 ,  1033766 ,  0 ,  205 ,  32.38 ,  0.06 ,  7.14
25 ,  3 ,  1033809 ,  0 ,  205 ,  32.38 ,  0.06 ,  7.04
25 ,  3 ,  1033852 ,  0 ,  205 ,  32.27 ,  0.06 ,  7.04
25 ,  3 ,  1033896 ,  0 ,  205 ,  32.16 ,  0.05 ,  7.04
25 ,  3 ,  1033942 ,  0 ,  205 ,  32.05 ,  0.06 ,  6.95
25 ,  3 ,  1033985 ,  0 ,  205 ,  31.94 ,  0.06 ,  6.95
25 ,  3 ,  1034028 ,  0 ,  205 ,  31.83 ,  0.05 ,  6.95
25 ,  3 ,  1034071 ,  0 ,  205 ,  31.83 ,  0.05 ,  6.85
25 ,  3 ,  1034114 ,  0 ,  205 ,  31.72 ,  0.05 ,  6.85
25 ,  3 ,  1034158 ,  0 ,  205 ,  31.61 ,  0.05 ,  6.85
25 ,  3 ,  1034201 ,  0 ,  205 ,  31.50 ,  0.05 ,  6.85
25 ,  3 ,  1034244 ,  0 ,  205 ,  31.39 ,  0.05 ,  6.75
25 ,  3 ,  1034287 ,  0 ,  205 ,  31.39 ,  0.05 ,  6.65
25 ,  3 ,  1034332 ,  0 ,  205 ,  31.17 ,  0.05 ,  6.75
25 ,  3 ,  1034375 ,  0 ,  205 ,  31.17 ,  0.05 ,  6.65
25 ,  3 ,  1034418 ,  0 ,  205 ,  31.06 ,  0.05 ,  6.65
25 ,  3 ,  1034462 ,  0 ,  205 ,  30.95 ,  0.05 ,  6.65
25 ,  3 ,  1034505 ,  0 ,  205 ,  30.84 ,  0.05 ,  6.55
25 ,  3 ,  1034548 ,  0 ,  205 ,  30.73 ,  0.05 ,  6.55
25 ,  3 ,  1034591 ,  0 ,  205 ,  30.62 ,  0.05 ,  6.45
25 ,  3 ,  1034634 ,  0 ,  205 ,  30.62 ,  0.05 ,  6.55
25 ,  3 ,  1034677 ,  0 ,  205 ,  30.51 ,  0.05 ,  6.45
25 ,  3 ,  1034723 ,  0 ,  205 ,  30.40 ,  0.05 ,  6.45
25 ,  3 ,  1034766 ,  0 ,  205 ,  30.29 ,  0.05 ,  6.35
25 ,  3 ,  1034809 ,  0 ,  205 ,  30.29 ,  0.05 ,  6.35
25 ,  3 ,  1034852 ,  0 ,  205 ,  30.18 ,  0.05 ,  6.35
25 ,  3 ,  1034895 ,  0 ,  205 ,  30.07 ,  0.05 ,  6.35
25 ,  3 ,  1034938 ,  0 ,  205 ,  29.96 ,  0.05 ,  6.25
25 ,  3 ,  1034981 ,  0 ,  205 ,  29.96 ,  0.05 ,  6.25
25 ,  3 ,  1035024 ,  0 ,  205 ,  29.85 ,  0.05 ,  6.25
25 ,  3 ,  1035068 ,  0 ,  205 ,  29.74 ,  0.05 ,  6.25
25 ,  3 ,  1035109 ,  0 ,  205 ,  29.63 ,  0.05 ,  6.15
25 ,  3 ,  1035152 ,  0 ,  205 ,  29.52 ,  0.05 ,  6.15
25 ,  3 ,  1035195 ,  0 ,  205 ,  29.52 ,  0.05 ,  6.15
25 ,  3 ,  1035238 ,  0 ,  205 ,  29.41 ,  0.04 ,  6.05
25 ,  3 ,  1035281 ,  0 ,  205 ,  29.41 ,  0.05 ,  6.05
25 ,  3 ,  1035324 ,  0 ,  205 ,  29.19 ,  0.05 ,  6.05
25 ,  3 ,  1035367 ,  0 ,  205 ,  29.08 ,  0.05 ,  6.05
25 ,  3 ,  1035410 ,  0 ,  205 ,  29.08 ,  0.05 ,  5.95
25 ,  3 ,  1035454 ,  0 ,  205 ,  28.97 ,  0.05 ,  5.95
25 ,  3 ,  1035500 ,  0 ,  205 ,  28.97 ,  0.05 ,  5.95
25 ,  3 ,  1035543 ,  0 ,  205 ,  28.86 ,  0.05 ,  5.85
25 ,  3 ,  1035586 ,  0 ,  205 ,  28.75 ,  0.05 ,  5.85
25 ,  3 ,  1035629 ,  0 ,  205 ,  28.64 ,  0.05 ,  5.85
25 ,  3 ,  1035672 ,  0 ,  205 ,  28.64 ,  0.04 ,  5.85
25 ,  3 ,  1035715 ,  0 ,  205 ,  28.53 ,  0.05 ,  5.75
25 ,  3 ,  1035758 ,  0 ,  205 ,  28.42 ,  0.05 ,  5.75
25 ,  3 ,  1035801 ,  0 ,  205 ,  28.31 ,  0.04 ,  5.75
25 ,  3 ,  1035845 ,  0 ,  205 ,  28.20 ,  0.04 ,  5.66
25 ,  3 ,  1035890 ,  0 ,  205 ,  28.20 ,  0.04 ,  5.66
25 ,  3 ,  1035933 ,  0 ,  205 ,  28.09 ,  0.05 ,  5.66
25 ,  3 ,  1035976 ,  0 ,  205 ,  27.98 ,  0.04 ,  5.66
25 ,  3 ,  1036019 ,  0 ,  205 ,  27.98 ,  0.04 ,  5.56
25 ,  3 ,  1036062 ,  0 ,  205 ,  27.87 ,  0.05 ,  5.56
25 ,  3 ,  1036106 ,  0 ,  205 ,  27.76 ,  0.04 ,  5.56
25 ,  3 ,  1036149 ,  0 ,  205 ,  27.65 ,  0.04 ,  5.56
25 ,  3 ,  1036192 ,  0 ,  205 ,  27.54 ,  0.05 ,  5.46
25 ,  3 ,  1036235 ,  0 ,  205 ,  27.43 ,  0.05 ,  5.46
25 ,  3 ,  1036280 ,  0 ,  205 ,  27.43 ,  0.04 ,  5.46
25 ,  3 ,  1036324 ,  0 ,  205 ,  27.32 ,  0.04 ,  5.46
25 ,  3 ,  1036367 ,  0 ,  205 ,  27.32 ,  0.04 ,  5.36
25 ,  3 ,  1036410 ,  0 ,  205 ,  27.10 ,  0.05 ,  5.36
25 ,  3 ,  1036453 ,  0 ,  205 ,  27.10 ,  0.05 ,  5.36
25 ,  3 ,  1036496 ,  0 ,  205 ,  26.99 ,  0.05 ,  5.36
25 ,  3 ,  1036539 ,  0 ,  205 ,  26.88 ,  0.04 ,  5.36
25 ,  3 ,  1036582 ,  0 ,  205 ,  26.88 ,  0.05 ,  5.26
25 ,  3 ,  1036625 ,  0 ,  205 ,  26.77 ,  0.04 ,  5.26
25 ,  3 ,  1036672 ,  0 ,  205 ,  26.66 ,  0.05 ,  5.26
25 ,  3 ,  1036715 ,  0 ,  205 ,  26.55 ,  0.04 ,  5.16
25 ,  3 ,  1036758 ,  0 ,  205 ,  26.55 ,  0.04 ,  5.16
25 ,  3 ,  1036801 ,  0 ,  205 ,  26.55 ,  0.04 ,  5.16
25 ,  3 ,  1036844 ,  0 ,  205 ,  26.32 ,  0.04 ,  5.16
25 ,  3 ,  1036888 ,  0 ,  205 ,  26.32 ,  0.04 ,  5.16
25 ,  3 ,  1036931 ,  0 ,  205 ,  26.21 ,  0.04 ,  5.06
25 ,  3 ,  1036974 ,  0 ,  205 ,  26.10 ,  0.04 ,  5.06
25 ,  3 ,  1037017 ,  0 ,  205 ,  26.10 ,  0.04 ,  5.06
25 ,  3 ,  1037062 ,  0 ,  205 ,  25.99 ,  0.04 ,  4.96
25 ,  3 ,  1037105 ,  0 ,  205 ,  25.88 ,  0.04 ,  4.96
25 ,  3 ,  1037149 ,  0 ,  205 ,  25.88 ,  0.04 ,  4.96
25 ,  3 ,  1037192 ,  0 ,  205 ,  25.77 ,  0.04 ,  4.96
25 ,  3 ,  1037235 ,  0 ,  205 ,  25.66 ,  0.04 ,  4.96
25 ,  3 ,  1037278 ,  0 ,  205 ,  25.55 ,  0.04 ,  4.86
25 ,  3 ,  1037321 ,  0 ,  205 ,  25.55 ,  0.04 ,  4.86
25 ,  3 ,  1037364 ,  0 ,  205 ,  25.44 ,  0.04 ,  4.86
25 ,  3 ,  1037407 ,  0 ,  205 ,  25.33 ,  0.04 ,  4.86
25 ,  3 ,  1037453 ,  0 ,  205 ,  25.33 ,  0.04 ,  4.76
25 ,  3 ,  1037496 ,  0 ,  205 ,  25.22 ,  0.04 ,  4.76
25 ,  3 ,  1037539 ,  0 ,  205 ,  25.11 ,  0.04 ,  4.76
25 ,  3 ,  1037582 ,  0 ,  205 ,  25.00 ,  0.04 ,  4.76
25 ,  3 ,  1037625 ,  0 ,  205 ,  25.00 ,  0.04 ,  4.76
25 ,  3 ,  1037668 ,  0 ,  205 ,  24.89 ,  0.04 ,  4.66
25 ,  3 ,  1037711 ,  0 ,  205 ,  24.78 ,  0.04 ,  4.66
25 ,  3 ,  1037755 ,  0 ,  205 ,  24.78 ,  0.04 ,  4.66
25 ,  3 ,  1037798 ,  0 ,  205 ,  24.67 ,  0.04 ,  4.66
25 ,  3 ,  1037843 ,  0 ,  205 ,  24.56 ,  0.04 ,  4.66
25 ,  3 ,  1037886 ,  0 ,  205 ,  24.56 ,  0.04 ,  4.56
25 ,  3 ,  1037929 ,  0 ,  205 ,  24.45 ,  0.04 ,  4.56
25 ,  3 ,  1037973 ,  0 ,  205 ,  24.34 ,  0.04 ,  4.56
25 ,  3 ,  1038016 ,  0 ,  205 ,  24.34 ,  0.04 ,  4.56
25 ,  3 ,  1038059 ,  0 ,  205 ,  24.23 ,  0.04 ,  4.56
25 ,  3 ,  1038102 ,  0 ,  205 ,  24.12 ,  0.04 ,  4.46
25 ,  3 ,  1038145 ,  0 ,  205 ,  24.12 ,  0.04 ,  4.46
25 ,  3 ,  1038188 ,  0 ,  205 ,  24.01 ,  0.04 ,  4.46
25 ,  3 ,  1038234 ,  0 ,  205 ,  23.90 ,  0.04 ,  4.46
25 ,  3 ,  1038277 ,  0 ,  205 ,  23.90 ,  0.04 ,  4.46
25 ,  3 ,  1038320 ,  0 ,  205 ,  23.79 ,  0.04 ,  4.37
25 ,  3 ,  1038363 ,  0 ,  205 ,  23.68 ,  0.04 ,  4.37
25 ,  3 ,  1038406 ,  0 ,  205 ,  23.68 ,  0.04 ,  4.37
25 ,  3 ,  1038449 ,  0 ,  205 ,  23.57 ,  0.04 ,  4.37
25 ,  3 ,  1038492 ,  0 ,  205 ,  23.46 ,  0.03 ,  4.27
25 ,  3 ,  1038535 ,  0 ,  205 ,  23.46 ,  0.04 ,  4.27
25 ,  3 ,  1038578 ,  0 ,  205 ,  23.35 ,  0.04 ,  4.27
25 ,  3 ,  1038624 ,  0 ,  205 ,  23.35 ,  0.04 ,  4.27
25 ,  3 ,  1038667 ,  0 ,  205 ,  23.24 ,  0.04 ,  4.27
25 ,  3 ,  1038710 ,  0 ,  205 ,  23.13 ,  0.04 ,  4.27
25 ,  3 ,  1038753 ,  0 ,  205 ,  23.02 ,  0.03 ,  4.17
25 ,  3 ,  1038796 ,  0 ,  205 ,  23.02 ,  0.04 ,  4.17
25 ,  3 ,  1038839 ,  0 ,  205 ,  22.91 ,  0.04 ,  4.17
25 ,  3 ,  1038883 ,  0 ,  205 ,  22.80 ,  0.04 ,  4.17
25 ,  3 ,  1038926 ,  0 ,  205 ,  22.80 ,  0.04 ,  4.17
25 ,  3 ,  1038969 ,  0 ,  205 ,  22.69 ,  0.04 ,  4.07
25 ,  3 ,  1039014 ,  0 ,  205 ,  22.69 ,  0.04 ,  4.07
25 ,  3 ,  1039057 ,  0 ,  205 ,  22.58 ,  0.04 ,  4.07
25 ,  3 ,  1039100 ,  0 ,  205 ,  22.47 ,  0.04 ,  4.07
25 ,  3 ,  1039143 ,  0 ,  205 ,  22.47 ,  0.03 ,  3.97
25 ,  3 ,  1039187 ,  0 ,  205 ,  22.36 ,  0.04 ,  4.07
25 ,  3 ,  1039230 ,  0 ,  205 ,  22.36 ,  0.04 ,  3.97
25 ,  3 ,  1039273 ,  0 ,  205 ,  22.25 ,  0.04 ,  3.97
25 ,  3 ,  1039316 ,  0 ,  205 ,  22.14 ,  0.04 ,  3.97
25 ,  3 ,  1039360 ,  0 ,  205 ,  22.03 ,  0.04 ,  3.87
25 ,  3 ,  1039406 ,  0 ,  205 ,  22.03 ,  0.03 ,  3.97
25 ,  3 ,  1039449 ,  0 ,  205 ,  21.92 ,  0.04 ,  3.87
25 ,  3 ,  1039492 ,  0 ,  205 ,  21.92 ,  0.03 ,  3.87
25 ,  3 ,  1039536 ,  0 ,  205 ,  21.81 ,  0.04 ,  3.87
25 ,  3 ,  1039579 ,  0 ,  205 ,  21.70 ,  0.04 ,  3.87
25 ,  3 ,  1039622 ,  0 ,  205 ,  21.70 ,  0.04 ,  3.77
25 ,  3 ,  1039665 ,  0 ,  205 ,  21.70 ,  0.04 ,  3.87
25 ,  3 ,  1039718 ,  0 ,  205 ,  21.48 ,  0.04 ,  3.87
25 ,  3 ,  1039761 ,  0 ,  205 ,  21.48 ,  0.03 ,  3.77
25 ,  3 ,  1039806 ,  0 ,  205 ,  21.48 ,  0.04 ,  3.77
25 ,  3 ,  1039849 ,  0 ,  205 ,  21.37 ,  0.04 ,  3.77
25 ,  3 ,  1039892 ,  0 ,  205 ,  21.37 ,  0.04 ,  3.77
25 ,  3 ,  1039935 ,  0 ,  205 ,  21.26 ,  0.03 ,  3.77
25 ,  3 ,  1039979 ,  0 ,  205 ,  21.15 ,  0.03 ,  3.67
25 ,  3 ,  1040022 ,  0 ,  205 ,  21.15 ,  0.03 ,  3.67
25 ,  3 ,  1040065 ,  0 ,  205 ,  21.04 ,  0.04 ,  3.67
25 ,  3 ,  1040108 ,  0 ,  205 ,  20.93 ,  0.04 ,  3.67
25 ,  3 ,  1040151 ,  0 ,  205 ,  20.82 ,  0.03 ,  3.67
25 ,  3 ,  1040196 ,  0 ,  205 ,  20.93 ,  0.04 ,  3.67
25 ,  3 ,  1040240 ,  0 ,  205 ,  20.82 ,  0.04 ,  3.57
25 ,  3 ,  1040283 ,  0 ,  205 ,  20.71 ,  0.04 ,  3.57
25 ,  3 ,  1040326 ,  0 ,  205 ,  20.71 ,  0.04 ,  3.57
25 ,  3 ,  1040369 ,  0 ,  205 ,  20.60 ,  0.04 ,  3.57
25 ,  3 ,  1040412 ,  0 ,  205 ,  20.49 ,  0.04 ,  3.57
25 ,  3 ,  1040455 ,  0 ,  205 ,  20.49 ,  0.04 ,  3.57
25 ,  3 ,  1040498 ,  0 ,  205 ,  20.38 ,  0.04 ,  3.57
25 ,  3 ,  1040541 ,  0 ,  205 ,  20.38 ,  0.04 ,  3.57
25 ,  3 ,  1040587 ,  0 ,  205 ,  20.38 ,  0.04 ,  3.47
25 ,  3 ,  1040630 ,  0 ,  205 ,  20.27 ,  0.03 ,  3.47
25 ,  3 ,  1040673 ,  0 ,  205 ,  20.16 ,  0.03 ,  3.47
25 ,  3 ,  1040716 ,  0 ,  205 ,  20.05 ,  0.04 ,  3.47
25 ,  3 ,  1040759 ,  0 ,  205 ,  20.05 ,  0.04 ,  3.47
25 ,  3 ,  1040802 ,  0 ,  205 ,  19.94 ,  0.03 ,  3.37
25 ,  3 ,  1040845 ,  0 ,  205 ,  19.94 ,  0.04 ,  3.37
25 ,  3 ,  1040888 ,  0 ,  205 ,  19.83 ,  0.03 ,  3.37
25 ,  3 ,  1040932 ,  0 ,  205 ,  19.72 ,  0.03 ,  3.37
25 ,  3 ,  1040977 ,  0 ,  205 ,  19.72 ,  0.03 ,  3.37
25 ,  3 ,  1041020 ,  0 ,  205 ,  19.61 ,  0.03 ,  3.37
25 ,  3 ,  1041063 ,  0 ,  205 ,  19.61 ,  0.03 ,  3.37
25 ,  3 ,  1041106 ,  0 ,  205 ,  19.50 ,  0.03 ,  3.27
25 ,  3 ,  1041149 ,  0 ,  205 ,  19.50 ,  0.03 ,  3.27
25 ,  3 ,  1041193 ,  0 ,  205 ,  19.39 ,  0.03 ,  3.27
25 ,  3 ,  1041236 ,  0 ,  205 ,  19.28 ,  0.04 ,  3.27
25 ,  3 ,  1041280 ,  0 ,  205 ,  19.28 ,  0.04 ,  3.27
25 ,  3 ,  1041323 ,  0 ,  205 ,  19.28 ,  0.04 ,  3.27
25 ,  3 ,  1041368 ,  0 ,  205 ,  19.17 ,  0.03 ,  3.17
25 ,  3 ,  1041411 ,  0 ,  205 ,  19.17 ,  0.03 ,  3.17
25 ,  3 ,  1041454 ,  0 ,  205 ,  19.06 ,  0.03 ,  3.17
25 ,  3 ,  1041498 ,  0 ,  205 ,  19.06 ,  0.03 ,  3.17
25 ,  3 ,  1041541 ,  0 ,  205 ,  18.95 ,  0.03 ,  3.17
25 ,  3 ,  1041584 ,  0 ,  205 ,  18.84 ,  0.04 ,  3.17
25 ,  3 ,  1041627 ,  0 ,  205 ,  18.84 ,  0.04 ,  3.17
25 ,  3 ,  1041670 ,  0 ,  205 ,  18.73 ,  0.03 ,  3.08
25 ,  3 ,  1041713 ,  0 ,  205 ,  18.73 ,  0.04 ,  3.08
25 ,  3 ,  1041758 ,  0 ,  205 ,  18.62 ,  0.03 ,  3.08
25 ,  3 ,  1041802 ,  0 ,  205 ,  18.62 ,  0.03 ,  3.08
25 ,  3 ,  1041845 ,  0 ,  205 ,  18.51 ,  0.03 ,  3.08
25 ,  3 ,  1041888 ,  0 ,  205 ,  18.51 ,  0.03 ,  3.08
25 ,  3 ,  1041931 ,  0 ,  205 ,  18.40 ,  0.03 ,  3.08
25 ,  3 ,  1041974 ,  0 ,  205 ,  18.40 ,  0.03 ,  2.98
25 ,  3 ,  1042017 ,  0 ,  205 ,  18.29 ,  0.03 ,  2.98
25 ,  3 ,  1042060 ,  0 ,  205 ,  18.29 ,  0.04 ,  2.98
25 ,  3 ,  1042103 ,  0 ,  205 ,  18.18 ,  0.03 ,  2.98
25 ,  3 ,  1042149 ,  0 ,  205 ,  18.07 ,  0.03 ,  2.98
25 ,  3 ,  1042192 ,  0 ,  205 ,  18.18 ,  0.03 ,  2.98
25 ,  3 ,  1042235 ,  0 ,  205 ,  18.07 ,  0.03 ,  2.98
25 ,  3 ,  1042278 ,  0 ,  205 ,  17.96 ,  0.03 ,  2.98
25 ,  3 ,  1042321 ,  0 ,  205 ,  17.85 ,  0.03 ,  2.88
25 ,  3 ,  1042364 ,  0 ,  205 ,  17.85 ,  0.03 ,  2.88
25 ,  3 ,  1042407 ,  0 ,  205 ,  17.73 ,  0.03 ,  2.88
25 ,  3 ,  1042451 ,  0 ,  205 ,  17.73 ,  0.04 ,  2.88
25 ,  3 ,  1042494 ,  0 ,  205 ,  17.73 ,  0.03 ,  2.88
25 ,  3 ,  1042539 ,  0 ,  205 ,  17.62 ,  0.03 ,  2.88
25 ,  3 ,  1042582 ,  0 ,  205 ,  17.62 ,  0.03 ,  2.88
25 ,  3 ,  1042625 ,  0 ,  205 ,  17.51 ,  0.04 ,  2.88
25 ,  3 ,  1042668 ,  0 ,  205 ,  17.40 ,  0.03 ,  2.78
25 ,  3 ,  1042712 ,  0 ,  205 ,  17.40 ,  0.03 ,  2.78
25 ,  3 ,  1042755 ,  0 ,  205 ,  17.40 ,  0.03 ,  2.78
25 ,  3 ,  1042798 ,  0 ,  205 ,  17.29 ,  0.03 ,  2.78
25 ,  3 ,  1042841 ,  0 ,  205 ,  17.29 ,  0.04 ,  2.78
25 ,  3 ,  1042884 ,  0 ,  205 ,  17.18 ,  0.03 ,  2.78
25 ,  3 ,  1042929 ,  0 ,  205 ,  17.18 ,  0.03 ,  2.68
25 ,  3 ,  1042972 ,  0 ,  205 ,  17.07 ,  0.03 ,  2.78
25 ,  3 ,  1043016 ,  0 ,  205 ,  17.07 ,  0.03 ,  2.78
25 ,  3 ,  1043059 ,  0 ,  205 ,  16.96 ,  0.03 ,  2.68
25 ,  3 ,  1043102 ,  0 ,  205 ,  16.96 ,  0.03 ,  2.68
25 ,  3 ,  1043145 ,  0 ,  205 ,  16.85 ,  0.03 ,  2.68
25 ,  3 ,  1043188 ,  0 ,  205 ,  16.85 ,  0.03 ,  2.68
25 ,  3 ,  1043231 ,  0 ,  205 ,  16.85 ,  0.03 ,  2.68
25 ,  3 ,  1043274 ,  0 ,  205 ,  16.74 ,  0.03 ,  2.68
25 ,  3 ,  1043320 ,  0 ,  205 ,  16.63 ,  0.03 ,  2.68
25 ,  3 ,  1043363 ,  0 ,  205 ,  16.63 ,  0.03 ,  2.68
25 ,  3 ,  1043406 ,  0 ,  205 ,  16.63 ,  0.03 ,  2.58
25 ,  3 ,  1043449 ,  0 ,  205 ,  16.52 ,  0.03 ,  2.58
25 ,  3 ,  1043492 ,  0 ,  205 ,  16.52 ,  0.03 ,  2.58
25 ,  3 ,  1043535 ,  0 ,  205 ,  16.52 ,  0.03 ,  2.58
25 ,  3 ,  1043578 ,  0 ,  205 ,  16.41 ,  0.03 ,  2.58
25 ,  3 ,  1043622 ,  0 ,  205 ,  16.30 ,  0.03 ,  2.58
25 ,  3 ,  1043665 ,  0 ,  205 ,  16.30 ,  0.03 ,  2.58
25 ,  3 ,  1043710 ,  0 ,  205 ,  16.30 ,  0.03 ,  2.58
25 ,  3 ,  1043755 ,  0 ,  205 ,  16.19 ,  0.04 ,  2.48
25 ,  3 ,  1043798 ,  0 ,  205 ,  16.19 ,  0.03 ,  2.48
25 ,  3 ,  1043841 ,  0 ,  205 ,  16.08 ,  0.03 ,  2.48
25 ,  3 ,  1043884 ,  0 ,  205 ,  16.08 ,  0.03 ,  2.48
25 ,  3 ,  1043928 ,  0 ,  205 ,  16.08 ,  0.03 ,  2.48
25 ,  3 ,  1043971 ,  0 ,  205 ,  15.97 ,  0.04 ,  2.48
25 ,  3 ,  1044014 ,  0 ,  205 ,  15.97 ,  0.04 ,  2.48
25 ,  3 ,  1044057 ,  0 ,  205 ,  15.86 ,  0.04 ,  2.48
25 ,  3 ,  1044103 ,  0 ,  205 ,  15.86 ,  0.03 ,  2.48
25 ,  3 ,  1044146 ,  0 ,  205 ,  15.75 ,  0.03 ,  2.48
25 ,  3 ,  1044189 ,  0 ,  205 ,  15.75 ,  0.04 ,  2.48
25 ,  3 ,  1044232 ,  0 ,  205 ,  15.64 ,  0.03 ,  2.38
25 ,  3 ,  1044276 ,  0 ,  205 ,  15.64 ,  0.03 ,  2.38
25 ,  3 ,  1044319 ,  0 ,  205 ,  15.53 ,  0.03 ,  2.38
25 ,  3 ,  1044362 ,  0 ,  205 ,  15.53 ,  0.03 ,  2.38
25 ,  3 ,  1044405 ,  0 ,  205 ,  15.42 ,  0.03 ,  2.38
25 ,  3 ,  1044448 ,  0 ,  205 ,  15.42 ,  0.03 ,  2.38
25 ,  3 ,  1044494 ,  0 ,  205 ,  15.42 ,  0.04 ,  2.38
25 ,  3 ,  1044537 ,  0 ,  205 ,  15.42 ,  0.03 ,  2.38
25 ,  3 ,  1044580 ,  0 ,  205 ,  15.31 ,  0.03 ,  2.28
25 ,  3 ,  1044624 ,  0 ,  205 ,  15.31 ,  0.03 ,  2.28
25 ,  3 ,  1044667 ,  0 ,  205 ,  15.20 ,  0.03 ,  2.28
25 ,  3 ,  1044710 ,  0 ,  205 ,  15.20 ,  0.03 ,  2.28
25 ,  3 ,  1044753 ,  0 ,  205 ,  15.09 ,  0.03 ,  2.28
25 ,  3 ,  1044796 ,  0 ,  205 ,  15.09 ,  0.04 ,  2.28
25 ,  3 ,  1044840 ,  0 ,  205 ,  14.98 ,  0.03 ,  2.28
25 ,  3 ,  1044892 ,  0 ,  205 ,  14.98 ,  0.03 ,  2.28
25 ,  3 ,  1044935 ,  0 ,  205 ,  14.87 ,  0.03 ,  2.28
25 ,  3 ,  1044979 ,  0 ,  205 ,  14.87 ,  0.03 ,  2.28
25 ,  3 ,  1045022 ,  0 ,  205 ,  14.87 ,  0.03 ,  2.28
25 ,  3 ,  1045065 ,  0 ,  205 ,  14.76 ,  0.03 ,  2.18
25 ,  3 ,  1045108 ,  0 ,  205 ,  14.76 ,  0.03 ,  2.18
25 ,  3 ,  1045152 ,  0 ,  205 ,  14.65 ,  0.03 ,  2.18
25 ,  3 ,  1045195 ,  0 ,  205 ,  14.65 ,  0.03 ,  2.18
25 ,  3 ,  1045238 ,  0 ,  205 ,  14.65 ,  0.03 ,  2.18
25 ,  3 ,  1045284 ,  0 ,  205 ,  14.54 ,  0.03 ,  2.18
25 ,  3 ,  1045327 ,  0 ,  205 ,  14.54 ,  0.04 ,  2.18
25 ,  3 ,  1045370 ,  0 ,  205 ,  14.43 ,  0.03 ,  2.18
25 ,  3 ,  1045413 ,  0 ,  205 ,  14.43 ,  0.04 ,  2.18
25 ,  3 ,  1045457 ,  0 ,  205 ,  14.43 ,  0.03 ,  2.18
25 ,  3 ,  1045500 ,  0 ,  205 ,  14.32 ,  0.04 ,  2.18
25 ,  3 ,  1045543 ,  0 ,  205 ,  14.32 ,  0.03 ,  2.18
25 ,  3 ,  1045586 ,  0 ,  205 ,  14.32 ,  0.03 ,  2.18
25 ,  3 ,  1045629 ,  0 ,  205 ,  14.21 ,  0.03 ,  2.08
25 ,  3 ,  1045675 ,  0 ,  205 ,  14.21 ,  0.03 ,  2.08
25 ,  3 ,  1045719 ,  0 ,  205 ,  14.21 ,  0.04 ,  2.08
25 ,  3 ,  1045762 ,  0 ,  205 ,  14.10 ,  0.03 ,  2.08
25 ,  3 ,  1045805 ,  0 ,  205 ,  14.10 ,  0.03 ,  2.08
25 ,  3 ,  1045848 ,  0 ,  205 ,  14.10 ,  0.04 ,  2.08
25 ,  3 ,  1045891 ,  0 ,  205 ,  13.99 ,  0.03 ,  2.08
25 ,  3 ,  1045934 ,  0 ,  205 ,  13.99 ,  0.03 ,  2.08
25 ,  3 ,  1045977 ,  0 ,  205 ,  13.88 ,  0.03 ,  2.08
25 ,  3 ,  1046020 ,  0 ,  205 ,  13.88 ,  0.03 ,  2.08
25 ,  3 ,  1046066 ,  0 ,  205 ,  13.88 ,  0.03 ,  2.08
25 ,  3 ,  1046109 ,  0 ,  205 ,  13.77 ,  0.03 ,  1.98
