MS, MPT, t (s), PWMi, PWMe, Pressure (Psi), LW (V), Displacement (mm)
25 ,  5 ,  1071797 ,  0 ,  205 ,  13.66 ,  0.04 ,  1.98
25 ,  5 ,  1071838 ,  255 ,  0 ,  13.66 ,  0.03 ,  1.98
25 ,  5 ,  1071879 ,  255 ,  0 ,  16.52 ,  0.03 ,  1.98
25 ,  5 ,  1071921 ,  255 ,  0 ,  31.94 ,  0.06 ,  3.97
25 ,  5 ,  1071962 ,  255 ,  0 ,  46.15 ,  0.13 ,  7.54
25 ,  5 ,  1072003 ,  255 ,  0 ,  55.73 ,  0.21 ,  10.91
25 ,  5 ,  1072045 ,  255 ,  0 ,  62.23 ,  0.29 ,  13.59
25 ,  5 ,  1072086 ,  255 ,  0 ,  66.74 ,  0.36 ,  15.58
25 ,  5 ,  1072130 ,  255 ,  0 ,  70.49 ,  0.41 ,  16.97
25 ,  5 ,  1072171 ,  255 ,  0 ,  73.13 ,  0.45 ,  17.96
25 ,  5 ,  1072211 ,  255 ,  0 ,  75.33 ,  0.48 ,  18.75
25 ,  5 ,  1072252 ,  255 ,  0 ,  77.31 ,  0.51 ,  19.45
25 ,  5 ,  1072294 ,  255 ,  0 ,  78.97 ,  0.53 ,  19.94
25 ,  5 ,  1072335 ,  255 ,  0 ,  80.40 ,  0.54 ,  20.44
25 ,  5 ,  1072377 ,  255 ,  0 ,  81.83 ,  0.55 ,  20.94
25 ,  5 ,  1072418 ,  255 ,  0 ,  83.15 ,  0.56 ,  21.23
25 ,  5 ,  1072459 ,  255 ,  0 ,  84.25 ,  0.57 ,  21.53
25 ,  5 ,  1072503 ,  255 ,  0 ,  85.35 ,  0.58 ,  21.93
25 ,  5 ,  1072544 ,  255 ,  0 ,  86.45 ,  0.58 ,  22.22
25 ,  5 ,  1072585 ,  255 ,  0 ,  87.34 ,  0.58 ,  22.42
25 ,  5 ,  1072626 ,  255 ,  0 ,  88.33 ,  0.59 ,  22.72
25 ,  5 ,  1072668 ,  255 ,  0 ,  89.10 ,  0.59 ,  22.92
25 ,  5 ,  1072709 ,  255 ,  0 ,  89.98 ,  0.59 ,  23.02
25 ,  5 ,  1072750 ,  255 ,  0 ,  90.64 ,  0.60 ,  23.32
25 ,  5 ,  1072791 ,  255 ,  0 ,  91.30 ,  0.60 ,  23.42
25 ,  5 ,  1072832 ,  255 ,  0 ,  91.96 ,  0.60 ,  23.61
25 ,  5 ,  1072876 ,  255 ,  0 ,  92.62 ,  0.60 ,  23.71
25 ,  5 ,  1072917 ,  255 ,  0 ,  93.17 ,  0.60 ,  23.91
25 ,  5 ,  1072958 ,  255 ,  0 ,  93.72 ,  0.60 ,  24.01
25 ,  5 ,  1073000 ,  255 ,  0 ,  94.16 ,  0.60 ,  24.11
25 ,  5 ,  1073041 ,  255 ,  0 ,  94.49 ,  0.60 ,  24.21
25 ,  5 ,  1073082 ,  255 ,  0 ,  94.93 ,  0.60 ,  24.31
25 ,  5 ,  1073123 ,  255 ,  0 ,  95.26 ,  0.60 ,  24.41
25 ,  5 ,  1073165 ,  255 ,  0 ,  95.48 ,  0.60 ,  24.41
25 ,  5 ,  1073208 ,  255 ,  0 ,  95.59 ,  0.61 ,  24.51
25 ,  5 ,  1073249 ,  255 ,  0 ,  95.82 ,  0.61 ,  24.51
25 ,  5 ,  1073291 ,  255 ,  0 ,  95.93 ,  0.60 ,  24.61
25 ,  5 ,  1073332 ,  255 ,  0 ,  96.04 ,  0.61 ,  24.61
25 ,  5 ,  1073373 ,  255 ,  0 ,  96.04 ,  0.61 ,  24.71
25 ,  5 ,  1073414 ,  255 ,  0 ,  96.26 ,  0.61 ,  24.71
25 ,  5 ,  1073455 ,  255 ,  0 ,  96.26 ,  0.61 ,  24.71
25 ,  5 ,  1073497 ,  255 ,  0 ,  96.26 ,  0.61 ,  24.71
25 ,  5 ,  1073538 ,  255 ,  0 ,  96.26 ,  0.61 ,  24.80
25 ,  5 ,  1073576 ,  255 ,  0 ,  96.26 ,  0.61 ,  24.80
25 ,  5 ,  1073617 ,  255 ,  0 ,  96.37 ,  0.61 ,  24.80
25 ,  5 ,  1073659 ,  255 ,  0 ,  96.26 ,  0.61 ,  24.80
25 ,  5 ,  1073700 ,  255 ,  0 ,  96.37 ,  0.61 ,  24.90
25 ,  5 ,  1073741 ,  255 ,  0 ,  96.37 ,  0.61 ,  24.90
25 ,  5 ,  1073782 ,  255 ,  0 ,  96.37 ,  0.61 ,  24.90
25 ,  5 ,  1073823 ,  255 ,  0 ,  96.37 ,  0.61 ,  24.90
25 ,  5 ,  1073865 ,  255 ,  0 ,  96.37 ,  0.61 ,  24.90
25 ,  5 ,  1073906 ,  255 ,  0 ,  96.37 ,  0.61 ,  24.90
25 ,  5 ,  1073949 ,  255 ,  0 ,  96.37 ,  0.61 ,  24.90
25 ,  5 ,  1073991 ,  255 ,  0 ,  96.26 ,  0.61 ,  24.90
25 ,  5 ,  1074032 ,  255 ,  0 ,  96.37 ,  0.61 ,  25.00
25 ,  5 ,  1074073 ,  255 ,  0 ,  96.37 ,  0.61 ,  25.00
25 ,  5 ,  1074114 ,  255 ,  0 ,  96.37 ,  0.61 ,  25.00
25 ,  5 ,  1074155 ,  255 ,  0 ,  96.37 ,  0.61 ,  24.90
25 ,  5 ,  1074197 ,  255 ,  0 ,  96.37 ,  0.61 ,  25.00
25 ,  5 ,  1074238 ,  255 ,  0 ,  96.37 ,  0.61 ,  25.00
25 ,  5 ,  1074279 ,  255 ,  0 ,  96.37 ,  0.61 ,  25.00
25 ,  5 ,  1074323 ,  255 ,  0 ,  96.37 ,  0.61 ,  25.00
25 ,  5 ,  1074364 ,  255 ,  0 ,  96.37 ,  0.61 ,  25.00
25 ,  5 ,  1074405 ,  255 ,  0 ,  96.26 ,  0.61 ,  25.00
25 ,  5 ,  1074446 ,  255 ,  0 ,  96.26 ,  0.61 ,  25.00
25 ,  5 ,  1074487 ,  255 ,  0 ,  96.37 ,  0.61 ,  25.10
25 ,  5 ,  1074529 ,  255 ,  0 ,  96.26 ,  0.61 ,  25.10
25 ,  5 ,  1074570 ,  255 ,  0 ,  96.26 ,  0.61 ,  25.10
25 ,  5 ,  1074611 ,  255 ,  0 ,  96.37 ,  0.61 ,  25.00
25 ,  5 ,  1074652 ,  255 ,  0 ,  96.26 ,  0.61 ,  25.10
25 ,  5 ,  1074696 ,  255 ,  0 ,  96.26 ,  0.61 ,  25.10
25 ,  5 ,  1074737 ,  255 ,  0 ,  96.37 ,  0.61 ,  25.10
25 ,  5 ,  1074778 ,  0 ,  205 ,  96.37 ,  0.61 ,  25.10
25 ,  5 ,  1074819 ,  0 ,  205 ,  93.61 ,  0.61 ,  25.10
25 ,  5 ,  1074861 ,  0 ,  205 ,  88.22 ,  0.60 ,  24.61
25 ,  5 ,  1074902 ,  0 ,  205 ,  83.26 ,  0.60 ,  23.91
25 ,  5 ,  1074942 ,  0 ,  205 ,  79.19 ,  0.59 ,  23.22
25 ,  5 ,  1074983 ,  0 ,  205 ,  75.77 ,  0.58 ,  22.42
25 ,  5 ,  1075025 ,  0 ,  205 ,  73.02 ,  0.57 ,  21.83
25 ,  5 ,  1075068 ,  0 ,  205 ,  70.49 ,  0.56 ,  21.23
25 ,  5 ,  1075109 ,  0 ,  205 ,  68.50 ,  0.54 ,  20.74
25 ,  5 ,  1075150 ,  0 ,  205 ,  66.96 ,  0.53 ,  20.34
25 ,  5 ,  1075192 ,  0 ,  205 ,  65.42 ,  0.51 ,  19.94
25 ,  5 ,  1075233 ,  0 ,  205 ,  64.10 ,  0.50 ,  19.55
25 ,  5 ,  1075274 ,  0 ,  205 ,  63.11 ,  0.48 ,  19.15
25 ,  5 ,  1075315 ,  0 ,  205 ,  62.23 ,  0.46 ,  18.85
25 ,  5 ,  1075356 ,  0 ,  205 ,  61.35 ,  0.45 ,  18.55
25 ,  5 ,  1075400 ,  0 ,  205 ,  60.57 ,  0.44 ,  18.36
25 ,  5 ,  1075441 ,  0 ,  205 ,  59.91 ,  0.43 ,  18.06
25 ,  5 ,  1075482 ,  0 ,  205 ,  59.36 ,  0.42 ,  17.86
25 ,  5 ,  1075524 ,  0 ,  205 ,  58.81 ,  0.41 ,  17.66
25 ,  5 ,  1075565 ,  0 ,  205 ,  58.37 ,  0.41 ,  17.56
25 ,  5 ,  1075606 ,  0 ,  205 ,  57.93 ,  0.40 ,  17.36
25 ,  5 ,  1075647 ,  0 ,  205 ,  57.49 ,  0.39 ,  17.16
25 ,  5 ,  1075688 ,  0 ,  205 ,  57.16 ,  0.38 ,  17.07
25 ,  5 ,  1075730 ,  0 ,  205 ,  56.83 ,  0.37 ,  16.97
25 ,  5 ,  1075773 ,  0 ,  205 ,  56.61 ,  0.37 ,  16.87
25 ,  5 ,  1075814 ,  0 ,  205 ,  56.28 ,  0.36 ,  16.67
25 ,  5 ,  1075855 ,  0 ,  205 ,  55.95 ,  0.36 ,  16.57
25 ,  5 ,  1075897 ,  0 ,  205 ,  55.84 ,  0.35 ,  16.47
25 ,  5 ,  1075938 ,  0 ,  205 ,  55.51 ,  0.35 ,  16.37
25 ,  5 ,  1075979 ,  0 ,  205 ,  55.29 ,  0.35 ,  16.27
25 ,  5 ,  1076020 ,  0 ,  205 ,  55.07 ,  0.34 ,  16.27
25 ,  5 ,  1076062 ,  0 ,  205 ,  54.85 ,  0.34 ,  16.17
25 ,  5 ,  1076103 ,  0 ,  205 ,  54.74 ,  0.33 ,  16.07
25 ,  5 ,  1076147 ,  0 ,  205 ,  54.52 ,  0.33 ,  15.97
25 ,  5 ,  1076188 ,  0 ,  205 ,  54.41 ,  0.33 ,  15.97
25 ,  5 ,  1076229 ,  0 ,  205 ,  54.19 ,  0.33 ,  15.88
25 ,  5 ,  1076280 ,  0 ,  205 ,  53.97 ,  0.31 ,  15.78
25 ,  5 ,  1076321 ,  0 ,  205 ,  53.75 ,  0.32 ,  15.68
25 ,  5 ,  1076362 ,  0 ,  205 ,  53.64 ,  0.31 ,  15.68
25 ,  5 ,  1076403 ,  0 ,  205 ,  53.53 ,  0.31 ,  15.58
25 ,  5 ,  1076445 ,  0 ,  205 ,  53.42 ,  0.31 ,  15.48
25 ,  5 ,  1076486 ,  0 ,  205 ,  53.20 ,  0.31 ,  15.48
25 ,  5 ,  1076529 ,  0 ,  205 ,  53.09 ,  0.30 ,  15.38
25 ,  5 ,  1076571 ,  0 ,  205 ,  52.98 ,  0.30 ,  15.38
25 ,  5 ,  1076612 ,  0 ,  205 ,  52.87 ,  0.30 ,  15.28
25 ,  5 ,  1076653 ,  0 ,  205 ,  52.65 ,  0.30 ,  15.28
25 ,  5 ,  1076694 ,  0 ,  205 ,  52.54 ,  0.30 ,  15.18
25 ,  5 ,  1076734 ,  0 ,  205 ,  52.42 ,  0.29 ,  15.18
25 ,  5 ,  1076776 ,  0 ,  205 ,  52.31 ,  0.29 ,  15.08
25 ,  5 ,  1076817 ,  0 ,  205 ,  52.20 ,  0.29 ,  15.08
25 ,  5 ,  1076858 ,  0 ,  205 ,  52.09 ,  0.29 ,  14.98
25 ,  5 ,  1076901 ,  0 ,  205 ,  51.98 ,  0.29 ,  14.98
25 ,  5 ,  1076943 ,  0 ,  205 ,  51.87 ,  0.28 ,  14.88
25 ,  5 ,  1076984 ,  0 ,  205 ,  51.65 ,  0.28 ,  14.88
25 ,  5 ,  1077025 ,  0 ,  205 ,  51.54 ,  0.28 ,  14.78
25 ,  5 ,  1077066 ,  0 ,  205 ,  51.43 ,  0.28 ,  14.78
25 ,  5 ,  1077107 ,  0 ,  205 ,  51.32 ,  0.27 ,  14.68
25 ,  5 ,  1077149 ,  0 ,  205 ,  51.21 ,  0.27 ,  14.68
25 ,  5 ,  1077190 ,  0 ,  205 ,  51.10 ,  0.27 ,  14.68
25 ,  5 ,  1077231 ,  0 ,  205 ,  50.99 ,  0.27 ,  14.59
25 ,  5 ,  1077274 ,  0 ,  205 ,  50.88 ,  0.27 ,  14.59
25 ,  5 ,  1077316 ,  0 ,  205 ,  50.77 ,  0.26 ,  14.49
25 ,  5 ,  1077357 ,  0 ,  205 ,  50.66 ,  0.27 ,  14.39
25 ,  5 ,  1077398 ,  0 ,  205 ,  50.55 ,  0.26 ,  14.39
25 ,  5 ,  1077439 ,  0 ,  205 ,  50.44 ,  0.26 ,  14.39
25 ,  5 ,  1077480 ,  0 ,  205 ,  50.33 ,  0.25 ,  14.29
25 ,  5 ,  1077522 ,  0 ,  205 ,  50.22 ,  0.25 ,  14.29
25 ,  5 ,  1077563 ,  0 ,  205 ,  50.11 ,  0.25 ,  14.29
25 ,  5 ,  1077606 ,  0 ,  205 ,  50.00 ,  0.25 ,  14.09
25 ,  5 ,  1077647 ,  0 ,  205 ,  49.89 ,  0.25 ,  14.09
25 ,  5 ,  1077689 ,  0 ,  205 ,  49.78 ,  0.24 ,  14.09
25 ,  5 ,  1077730 ,  0 ,  205 ,  49.67 ,  0.24 ,  14.09
25 ,  5 ,  1077771 ,  0 ,  205 ,  49.56 ,  0.24 ,  13.99
25 ,  5 ,  1077812 ,  0 ,  205 ,  49.45 ,  0.24 ,  13.89
25 ,  5 ,  1077853 ,  0 ,  205 ,  49.34 ,  0.24 ,  13.89
25 ,  5 ,  1077895 ,  0 ,  205 ,  49.23 ,  0.24 ,  13.89
25 ,  5 ,  1077936 ,  0 ,  205 ,  49.12 ,  0.23 ,  13.79
25 ,  5 ,  1077979 ,  0 ,  205 ,  49.01 ,  0.23 ,  13.79
25 ,  5 ,  1078020 ,  0 ,  205 ,  48.79 ,  0.22 ,  13.69
25 ,  5 ,  1078062 ,  0 ,  205 ,  48.68 ,  0.23 ,  13.69
25 ,  5 ,  1078103 ,  0 ,  205 ,  48.68 ,  0.23 ,  13.59
25 ,  5 ,  1078144 ,  0 ,  205 ,  48.57 ,  0.23 ,  13.59
25 ,  5 ,  1078184 ,  0 ,  205 ,  48.35 ,  0.22 ,  13.49
25 ,  5 ,  1078226 ,  0 ,  205 ,  48.24 ,  0.22 ,  13.49
25 ,  5 ,  1078267 ,  0 ,  205 ,  48.13 ,  0.22 ,  13.49
25 ,  5 ,  1078308 ,  0 ,  205 ,  48.02 ,  0.22 ,  13.39
25 ,  5 ,  1078351 ,  0 ,  205 ,  48.02 ,  0.22 ,  13.39
25 ,  5 ,  1078393 ,  0 ,  205 ,  47.91 ,  0.22 ,  13.30
25 ,  5 ,  1078434 ,  0 ,  205 ,  47.69 ,  0.22 ,  13.30
25 ,  5 ,  1078475 ,  0 ,  205 ,  47.69 ,  0.22 ,  13.20
25 ,  5 ,  1078516 ,  0 ,  205 ,  47.47 ,  0.21 ,  13.20
25 ,  5 ,  1078557 ,  0 ,  205 ,  47.36 ,  0.21 ,  13.20
25 ,  5 ,  1078599 ,  0 ,  205 ,  47.36 ,  0.21 ,  13.10
25 ,  5 ,  1078640 ,  0 ,  205 ,  47.25 ,  0.21 ,  13.10
25 ,  5 ,  1078681 ,  0 ,  205 ,  47.03 ,  0.21 ,  13.00
25 ,  5 ,  1078724 ,  0 ,  205 ,  46.92 ,  0.21 ,  12.90
25 ,  5 ,  1078766 ,  0 ,  205 ,  46.92 ,  0.20 ,  12.90
25 ,  5 ,  1078807 ,  0 ,  205 ,  46.70 ,  0.20 ,  12.90
25 ,  5 ,  1078848 ,  0 ,  205 ,  46.59 ,  0.21 ,  12.80
25 ,  5 ,  1078889 ,  0 ,  205 ,  46.48 ,  0.20 ,  12.80
25 ,  5 ,  1078930 ,  0 ,  205 ,  46.37 ,  0.20 ,  12.70
25 ,  5 ,  1078972 ,  0 ,  205 ,  46.26 ,  0.20 ,  12.70
25 ,  5 ,  1079013 ,  0 ,  205 ,  46.15 ,  0.20 ,  12.60
25 ,  5 ,  1079054 ,  0 ,  205 ,  46.15 ,  0.19 ,  12.50
25 ,  5 ,  1079098 ,  0 ,  205 ,  45.93 ,  0.19 ,  12.50
25 ,  5 ,  1079139 ,  0 ,  205 ,  45.82 ,  0.19 ,  12.50
25 ,  5 ,  1079180 ,  0 ,  205 ,  45.82 ,  0.18 ,  12.50
25 ,  5 ,  1079221 ,  0 ,  205 ,  45.60 ,  0.19 ,  12.40
25 ,  5 ,  1079262 ,  0 ,  205 ,  45.49 ,  0.19 ,  12.40
25 ,  5 ,  1079304 ,  0 ,  205 ,  45.49 ,  0.18 ,  12.30
25 ,  5 ,  1079345 ,  0 ,  205 ,  45.38 ,  0.18 ,  12.30
25 ,  5 ,  1079386 ,  0 ,  205 ,  45.16 ,  0.18 ,  12.20
25 ,  5 ,  1079427 ,  0 ,  205 ,  45.16 ,  0.18 ,  12.20
25 ,  5 ,  1079471 ,  0 ,  205 ,  45.05 ,  0.18 ,  12.10
25 ,  5 ,  1079512 ,  0 ,  205 ,  44.83 ,  0.18 ,  12.10
25 ,  5 ,  1079553 ,  0 ,  205 ,  44.83 ,  0.17 ,  12.10
25 ,  5 ,  1079593 ,  0 ,  205 ,  44.72 ,  0.17 ,  12.01
25 ,  5 ,  1079634 ,  0 ,  205 ,  44.61 ,  0.17 ,  11.91
25 ,  5 ,  1079676 ,  0 ,  205 ,  44.50 ,  0.17 ,  11.91
25 ,  5 ,  1079717 ,  0 ,  205 ,  44.39 ,  0.16 ,  11.81
25 ,  5 ,  1079758 ,  0 ,  205 ,  44.28 ,  0.16 ,  11.81
25 ,  5 ,  1079802 ,  0 ,  205 ,  44.17 ,  0.16 ,  11.81
25 ,  5 ,  1079843 ,  0 ,  205 ,  44.06 ,  0.16 ,  11.81
25 ,  5 ,  1079884 ,  0 ,  205 ,  43.95 ,  0.16 ,  11.71
25 ,  5 ,  1079925 ,  0 ,  205 ,  43.84 ,  0.16 ,  11.71
25 ,  5 ,  1079966 ,  0 ,  205 ,  43.72 ,  0.16 ,  11.61
25 ,  5 ,  1080008 ,  0 ,  205 ,  43.61 ,  0.16 ,  11.61
25 ,  5 ,  1080049 ,  0 ,  205 ,  43.61 ,  0.16 ,  11.51
25 ,  5 ,  1080091 ,  0 ,  205 ,  43.50 ,  0.15 ,  11.51
25 ,  5 ,  1080132 ,  0 ,  205 ,  43.28 ,  0.15 ,  11.51
25 ,  5 ,  1080175 ,  0 ,  205 ,  43.17 ,  0.15 ,  11.41
25 ,  5 ,  1080216 ,  0 ,  205 ,  43.06 ,  0.15 ,  11.41
25 ,  5 ,  1080258 ,  0 ,  205 ,  42.95 ,  0.15 ,  11.31
25 ,  5 ,  1080299 ,  0 ,  205 ,  42.95 ,  0.15 ,  11.31
25 ,  5 ,  1080340 ,  0 ,  205 ,  42.84 ,  0.15 ,  11.21
25 ,  5 ,  1080381 ,  0 ,  205 ,  42.73 ,  0.15 ,  11.21
25 ,  5 ,  1080423 ,  0 ,  205 ,  42.62 ,  0.14 ,  11.21
25 ,  5 ,  1080464 ,  0 ,  205 ,  42.51 ,  0.15 ,  11.11
25 ,  5 ,  1080505 ,  0 ,  205 ,  42.40 ,  0.14 ,  11.11
25 ,  5 ,  1080548 ,  0 ,  205 ,  42.29 ,  0.14 ,  11.01
25 ,  5 ,  1080590 ,  0 ,  205 ,  42.18 ,  0.14 ,  11.01
25 ,  5 ,  1080631 ,  0 ,  205 ,  42.07 ,  0.14 ,  11.01
25 ,  5 ,  1080672 ,  0 ,  205 ,  41.96 ,  0.14 ,  10.91
25 ,  5 ,  1080713 ,  0 ,  205 ,  41.85 ,  0.13 ,  10.91
25 ,  5 ,  1080755 ,  0 ,  205 ,  41.74 ,  0.14 ,  10.81
25 ,  5 ,  1080796 ,  0 ,  205 ,  41.63 ,  0.13 ,  10.81
25 ,  5 ,  1080837 ,  0 ,  205 ,  41.63 ,  0.13 ,  10.72
25 ,  5 ,  1080878 ,  0 ,  205 ,  41.41 ,  0.13 ,  10.72
25 ,  5 ,  1080922 ,  0 ,  205 ,  41.41 ,  0.13 ,  10.72
25 ,  5 ,  1080963 ,  0 ,  205 ,  41.30 ,  0.12 ,  10.62
25 ,  5 ,  1081004 ,  0 ,  205 ,  41.08 ,  0.12 ,  10.62
25 ,  5 ,  1081044 ,  0 ,  205 ,  41.08 ,  0.13 ,  10.52
25 ,  5 ,  1081085 ,  0 ,  205 ,  40.97 ,  0.12 ,  10.52
25 ,  5 ,  1081127 ,  0 ,  205 ,  40.86 ,  0.12 ,  10.42
25 ,  5 ,  1081168 ,  0 ,  205 ,  40.75 ,  0.12 ,  10.42
25 ,  5 ,  1081209 ,  0 ,  205 ,  40.64 ,  0.12 ,  10.42
25 ,  5 ,  1081250 ,  0 ,  205 ,  40.53 ,  0.12 ,  10.32
25 ,  5 ,  1081294 ,  0 ,  205 ,  40.42 ,  0.12 ,  10.32
25 ,  5 ,  1081335 ,  0 ,  205 ,  40.31 ,  0.12 ,  10.22
25 ,  5 ,  1081376 ,  0 ,  205 ,  40.20 ,  0.11 ,  10.22
25 ,  5 ,  1081417 ,  0 ,  205 ,  40.20 ,  0.11 ,  10.12
25 ,  5 ,  1081459 ,  0 ,  205 ,  40.09 ,  0.12 ,  10.12
25 ,  5 ,  1081500 ,  0 ,  205 ,  39.98 ,  0.12 ,  10.02
25 ,  5 ,  1081541 ,  0 ,  205 ,  39.87 ,  0.12 ,  10.02
25 ,  5 ,  1081582 ,  0 ,  205 ,  39.76 ,  0.11 ,  10.02
25 ,  5 ,  1081624 ,  0 ,  205 ,  39.65 ,  0.11 ,  9.92
25 ,  5 ,  1081667 ,  0 ,  205 ,  39.54 ,  0.11 ,  9.92
25 ,  5 ,  1081708 ,  0 ,  205 ,  39.43 ,  0.11 ,  9.92
25 ,  5 ,  1081749 ,  0 ,  205 ,  39.43 ,  0.11 ,  9.82
25 ,  5 ,  1081790 ,  0 ,  205 ,  39.32 ,  0.11 ,  9.82
25 ,  5 ,  1081832 ,  0 ,  205 ,  39.21 ,  0.11 ,  9.72
25 ,  5 ,  1081873 ,  0 ,  205 ,  39.10 ,  0.11 ,  9.72
25 ,  5 ,  1081914 ,  0 ,  205 ,  38.99 ,  0.10 ,  9.72
25 ,  5 ,  1081955 ,  0 ,  205 ,  38.88 ,  0.10 ,  9.62
25 ,  5 ,  1081996 ,  0 ,  205 ,  38.77 ,  0.10 ,  9.62
25 ,  5 ,  1082040 ,  0 ,  205 ,  38.66 ,  0.10 ,  9.53
25 ,  5 ,  1082081 ,  0 ,  205 ,  38.55 ,  0.10 ,  9.53
25 ,  5 ,  1082122 ,  0 ,  205 ,  38.44 ,  0.10 ,  9.43
25 ,  5 ,  1082163 ,  0 ,  205 ,  38.44 ,  0.10 ,  9.43
25 ,  5 ,  1082204 ,  0 ,  205 ,  38.33 ,  0.10 ,  9.43
25 ,  5 ,  1082246 ,  0 ,  205 ,  38.22 ,  0.10 ,  9.33
25 ,  5 ,  1082287 ,  0 ,  205 ,  38.11 ,  0.09 ,  9.33
25 ,  5 ,  1082328 ,  0 ,  205 ,  38.00 ,  0.10 ,  9.23
25 ,  5 ,  1082371 ,  0 ,  205 ,  37.89 ,  0.09 ,  9.23
25 ,  5 ,  1082413 ,  0 ,  205 ,  37.89 ,  0.09 ,  9.23
25 ,  5 ,  1082454 ,  0 ,  205 ,  37.78 ,  0.09 ,  9.13
25 ,  5 ,  1082494 ,  0 ,  205 ,  37.67 ,  0.09 ,  9.13
25 ,  5 ,  1082535 ,  0 ,  205 ,  37.56 ,  0.09 ,  9.03
25 ,  5 ,  1082577 ,  0 ,  205 ,  37.45 ,  0.09 ,  9.03
25 ,  5 ,  1082618 ,  0 ,  205 ,  37.34 ,  0.09 ,  9.03
25 ,  5 ,  1082659 ,  0 ,  205 ,  37.34 ,  0.09 ,  8.93
25 ,  5 ,  1082700 ,  0 ,  205 ,  37.12 ,  0.09 ,  8.93
25 ,  5 ,  1082744 ,  0 ,  205 ,  37.12 ,  0.09 ,  8.83
25 ,  5 ,  1082785 ,  0 ,  205 ,  36.90 ,  0.09 ,  8.83
25 ,  5 ,  1082827 ,  0 ,  205 ,  36.90 ,  0.08 ,  8.83
25 ,  5 ,  1082868 ,  0 ,  205 ,  36.79 ,  0.09 ,  8.73
25 ,  5 ,  1082909 ,  0 ,  205 ,  36.68 ,  0.09 ,  8.73
25 ,  5 ,  1082950 ,  0 ,  205 ,  36.57 ,  0.09 ,  8.63
25 ,  5 ,  1082992 ,  0 ,  205 ,  36.46 ,  0.08 ,  8.63
25 ,  5 ,  1083033 ,  0 ,  205 ,  36.46 ,  0.08 ,  8.63
25 ,  5 ,  1083074 ,  0 ,  205 ,  36.35 ,  0.08 ,  8.53
25 ,  5 ,  1083118 ,  0 ,  205 ,  36.24 ,  0.08 ,  8.53
25 ,  5 ,  1083159 ,  0 ,  205 ,  36.13 ,  0.08 ,  8.53
25 ,  5 ,  1083200 ,  0 ,  205 ,  36.02 ,  0.08 ,  8.43
25 ,  5 ,  1083241 ,  0 ,  205 ,  36.02 ,  0.08 ,  8.43
25 ,  5 ,  1083283 ,  0 ,  205 ,  35.91 ,  0.08 ,  8.43
25 ,  5 ,  1083324 ,  0 ,  205 ,  35.80 ,  0.08 ,  8.33
25 ,  5 ,  1083365 ,  0 ,  205 ,  35.69 ,  0.08 ,  8.33
25 ,  5 ,  1083406 ,  0 ,  205 ,  35.58 ,  0.07 ,  8.33
25 ,  5 ,  1083448 ,  0 ,  205 ,  35.47 ,  0.08 ,  8.24
25 ,  5 ,  1083498 ,  0 ,  205 ,  35.36 ,  0.07 ,  8.24
25 ,  5 ,  1083542 ,  0 ,  205 ,  35.25 ,  0.08 ,  8.24
25 ,  5 ,  1083585 ,  0 ,  205 ,  35.25 ,  0.08 ,  8.14
25 ,  5 ,  1083628 ,  0 ,  205 ,  35.13 ,  0.07 ,  8.14
25 ,  5 ,  1083672 ,  0 ,  205 ,  35.02 ,  0.07 ,  8.04
25 ,  5 ,  1083715 ,  0 ,  205 ,  34.91 ,  0.07 ,  8.04
25 ,  5 ,  1083758 ,  0 ,  205 ,  34.80 ,  0.07 ,  8.04
25 ,  5 ,  1083802 ,  0 ,  205 ,  34.69 ,  0.07 ,  7.94
25 ,  5 ,  1083846 ,  0 ,  205 ,  34.69 ,  0.07 ,  7.94
25 ,  5 ,  1083892 ,  0 ,  205 ,  34.58 ,  0.07 ,  7.94
25 ,  5 ,  1083935 ,  0 ,  205 ,  34.47 ,  0.07 ,  7.84
25 ,  5 ,  1083978 ,  0 ,  205 ,  34.36 ,  0.07 ,  7.84
25 ,  5 ,  1084032 ,  0 ,  205 ,  34.25 ,  0.07 ,  7.74
25 ,  5 ,  1084075 ,  0 ,  205 ,  34.14 ,  0.07 ,  7.74
25 ,  5 ,  1084118 ,  0 ,  205 ,  34.03 ,  0.07 ,  7.74
25 ,  5 ,  1084161 ,  0 ,  205 ,  34.03 ,  0.07 ,  7.64
25 ,  5 ,  1084205 ,  0 ,  205 ,  33.92 ,  0.07 ,  7.64
25 ,  5 ,  1084248 ,  0 ,  205 ,  33.70 ,  0.06 ,  7.64
25 ,  5 ,  1084293 ,  0 ,  205 ,  33.70 ,  0.07 ,  7.54
25 ,  5 ,  1084336 ,  0 ,  205 ,  33.59 ,  0.07 ,  7.54
25 ,  5 ,  1084380 ,  0 ,  205 ,  33.48 ,  0.06 ,  7.54
25 ,  5 ,  1084423 ,  0 ,  205 ,  33.37 ,  0.06 ,  7.44
25 ,  5 ,  1084466 ,  0 ,  205 ,  33.26 ,  0.07 ,  7.44
25 ,  5 ,  1084509 ,  0 ,  205 ,  33.15 ,  0.07 ,  7.44
25 ,  5 ,  1084552 ,  0 ,  205 ,  33.15 ,  0.07 ,  7.44
25 ,  5 ,  1084596 ,  0 ,  205 ,  33.04 ,  0.06 ,  7.34
25 ,  5 ,  1084639 ,  0 ,  205 ,  32.93 ,  0.07 ,  7.34
25 ,  5 ,  1084684 ,  0 ,  205 ,  32.82 ,  0.06 ,  7.24
25 ,  5 ,  1084727 ,  0 ,  205 ,  32.82 ,  0.06 ,  7.24
25 ,  5 ,  1084771 ,  0 ,  205 ,  32.60 ,  0.06 ,  7.24
25 ,  5 ,  1084814 ,  0 ,  205 ,  32.60 ,  0.06 ,  7.14
25 ,  5 ,  1084857 ,  0 ,  205 ,  32.49 ,  0.06 ,  7.14
25 ,  5 ,  1084900 ,  0 ,  205 ,  32.38 ,  0.06 ,  7.14
25 ,  5 ,  1084943 ,  0 ,  205 ,  32.27 ,  0.06 ,  7.04
25 ,  5 ,  1084987 ,  0 ,  205 ,  32.16 ,  0.06 ,  7.04
25 ,  5 ,  1085030 ,  0 ,  205 ,  32.16 ,  0.06 ,  7.04
25 ,  5 ,  1085075 ,  0 ,  205 ,  32.05 ,  0.06 ,  6.95
25 ,  5 ,  1085119 ,  0 ,  205 ,  31.94 ,  0.06 ,  6.95
25 ,  5 ,  1085162 ,  0 ,  205 ,  31.83 ,  0.06 ,  6.95
25 ,  5 ,  1085205 ,  0 ,  205 ,  31.72 ,  0.06 ,  6.95
25 ,  5 ,  1085248 ,  0 ,  205 ,  31.72 ,  0.06 ,  6.85
25 ,  5 ,  1085291 ,  0 ,  205 ,  31.50 ,  0.06 ,  6.85
25 ,  5 ,  1085335 ,  0 ,  205 ,  31.50 ,  0.06 ,  6.85
25 ,  5 ,  1085378 ,  0 ,  205 ,  31.39 ,  0.06 ,  6.75
25 ,  5 ,  1085421 ,  0 ,  205 ,  31.28 ,  0.06 ,  6.75
25 ,  5 ,  1085466 ,  0 ,  205 ,  31.28 ,  0.06 ,  6.75
25 ,  5 ,  1085510 ,  0 ,  205 ,  31.06 ,  0.06 ,  6.75
25 ,  5 ,  1085553 ,  0 ,  205 ,  31.06 ,  0.06 ,  6.65
25 ,  5 ,  1085596 ,  0 ,  205 ,  30.95 ,  0.06 ,  6.65
25 ,  5 ,  1085639 ,  0 ,  205 ,  30.84 ,  0.06 ,  6.65
25 ,  5 ,  1085682 ,  0 ,  205 ,  30.73 ,  0.05 ,  6.55
25 ,  5 ,  1085726 ,  0 ,  205 ,  30.73 ,  0.05 ,  6.55
25 ,  5 ,  1085769 ,  0 ,  205 ,  30.62 ,  0.06 ,  6.55
25 ,  5 ,  1085812 ,  0 ,  205 ,  30.51 ,  0.05 ,  6.45
25 ,  5 ,  1085857 ,  0 ,  205 ,  30.40 ,  0.05 ,  6.45
25 ,  5 ,  1085901 ,  0 ,  205 ,  30.40 ,  0.06 ,  6.45
25 ,  5 ,  1085944 ,  0 ,  205 ,  30.29 ,  0.06 ,  6.35
25 ,  5 ,  1085987 ,  0 ,  205 ,  30.18 ,  0.06 ,  6.35
25 ,  5 ,  1086030 ,  0 ,  205 ,  30.07 ,  0.05 ,  6.35
25 ,  5 ,  1086073 ,  0 ,  205 ,  29.96 ,  0.05 ,  6.35
25 ,  5 ,  1086117 ,  0 ,  205 ,  29.96 ,  0.05 ,  6.25
25 ,  5 ,  1086160 ,  0 ,  205 ,  29.85 ,  0.05 ,  6.25
25 ,  5 ,  1086203 ,  0 ,  205 ,  29.74 ,  0.05 ,  6.15
25 ,  5 ,  1086244 ,  0 ,  205 ,  29.63 ,  0.05 ,  6.25
25 ,  5 ,  1086287 ,  0 ,  205 ,  29.52 ,  0.05 ,  6.15
25 ,  5 ,  1086331 ,  0 ,  205 ,  29.41 ,  0.06 ,  6.15
25 ,  5 ,  1086374 ,  0 ,  205 ,  29.41 ,  0.06 ,  6.05
25 ,  5 ,  1086417 ,  0 ,  205 ,  29.30 ,  0.05 ,  6.05
25 ,  5 ,  1086460 ,  0 ,  205 ,  29.19 ,  0.05 ,  6.05
25 ,  5 ,  1086503 ,  0 ,  205 ,  29.19 ,  0.06 ,  6.05
25 ,  5 ,  1086547 ,  0 ,  205 ,  29.08 ,  0.05 ,  6.05
25 ,  5 ,  1086590 ,  0 ,  205 ,  28.97 ,  0.05 ,  5.95
25 ,  5 ,  1086636 ,  0 ,  205 ,  28.86 ,  0.05 ,  5.85
25 ,  5 ,  1086679 ,  0 ,  205 ,  28.86 ,  0.05 ,  5.85
25 ,  5 ,  1086723 ,  0 ,  205 ,  28.64 ,  0.05 ,  5.85
25 ,  5 ,  1086766 ,  0 ,  205 ,  28.64 ,  0.05 ,  5.85
25 ,  5 ,  1086809 ,  0 ,  205 ,  28.53 ,  0.05 ,  5.85
25 ,  5 ,  1086852 ,  0 ,  205 ,  28.53 ,  0.05 ,  5.75
25 ,  5 ,  1086895 ,  0 ,  205 ,  28.42 ,  0.05 ,  5.75
25 ,  5 ,  1086939 ,  0 ,  205 ,  28.31 ,  0.05 ,  5.75
25 ,  5 ,  1086982 ,  0 ,  205 ,  28.20 ,  0.05 ,  5.75
25 ,  5 ,  1087027 ,  0 ,  205 ,  28.20 ,  0.05 ,  5.66
25 ,  5 ,  1087071 ,  0 ,  205 ,  27.98 ,  0.05 ,  5.66
25 ,  5 ,  1087114 ,  0 ,  205 ,  27.98 ,  0.05 ,  5.66
25 ,  5 ,  1087157 ,  0 ,  205 ,  27.87 ,  0.05 ,  5.66
25 ,  5 ,  1087200 ,  0 ,  205 ,  27.76 ,  0.05 ,  5.56
25 ,  5 ,  1087243 ,  0 ,  205 ,  27.76 ,  0.05 ,  5.56
25 ,  5 ,  1087287 ,  0 ,  205 ,  27.65 ,  0.05 ,  5.56
25 ,  5 ,  1087330 ,  0 ,  205 ,  27.54 ,  0.05 ,  5.56
25 ,  5 ,  1087373 ,  0 ,  205 ,  27.54 ,  0.05 ,  5.46
25 ,  5 ,  1087418 ,  0 ,  205 ,  27.43 ,  0.05 ,  5.46
25 ,  5 ,  1087462 ,  0 ,  205 ,  27.32 ,  0.05 ,  5.46
25 ,  5 ,  1087505 ,  0 ,  205 ,  27.21 ,  0.05 ,  5.36
25 ,  5 ,  1087548 ,  0 ,  205 ,  27.21 ,  0.05 ,  5.36
25 ,  5 ,  1087591 ,  0 ,  205 ,  27.10 ,  0.05 ,  5.36
25 ,  5 ,  1087634 ,  0 ,  205 ,  26.99 ,  0.05 ,  5.36
25 ,  5 ,  1087678 ,  0 ,  205 ,  26.88 ,  0.05 ,  5.36
25 ,  5 ,  1087721 ,  0 ,  205 ,  26.77 ,  0.05 ,  5.26
25 ,  5 ,  1087764 ,  0 ,  205 ,  26.77 ,  0.05 ,  5.26
25 ,  5 ,  1087810 ,  0 ,  205 ,  26.77 ,  0.05 ,  5.26
25 ,  5 ,  1087853 ,  0 ,  205 ,  26.55 ,  0.04 ,  5.26
25 ,  5 ,  1087896 ,  0 ,  205 ,  26.55 ,  0.05 ,  5.16
25 ,  5 ,  1087939 ,  0 ,  205 ,  26.43 ,  0.05 ,  5.16
25 ,  5 ,  1087983 ,  0 ,  205 ,  26.32 ,  0.05 ,  5.16
25 ,  5 ,  1088026 ,  0 ,  205 ,  26.32 ,  0.05 ,  5.16
25 ,  5 ,  1088069 ,  0 ,  205 ,  26.21 ,  0.05 ,  5.06
25 ,  5 ,  1088113 ,  0 ,  205 ,  26.10 ,  0.05 ,  5.06
25 ,  5 ,  1088156 ,  0 ,  205 ,  25.99 ,  0.04 ,  5.06
25 ,  5 ,  1088201 ,  0 ,  205 ,  25.88 ,  0.05 ,  5.06
25 ,  5 ,  1088244 ,  0 ,  205 ,  25.88 ,  0.05 ,  4.96
25 ,  5 ,  1088288 ,  0 ,  205 ,  25.77 ,  0.05 ,  4.96
25 ,  5 ,  1088331 ,  0 ,  205 ,  25.66 ,  0.04 ,  4.96
25 ,  5 ,  1088374 ,  0 ,  205 ,  25.66 ,  0.05 ,  4.96
25 ,  5 ,  1088417 ,  0 ,  205 ,  25.55 ,  0.05 ,  4.96
25 ,  5 ,  1088461 ,  0 ,  205 ,  25.55 ,  0.04 ,  4.86
25 ,  5 ,  1088504 ,  0 ,  205 ,  25.44 ,  0.05 ,  4.86
25 ,  5 ,  1088547 ,  0 ,  205 ,  25.33 ,  0.05 ,  4.86
25 ,  5 ,  1088592 ,  0 ,  205 ,  25.22 ,  0.05 ,  4.86
25 ,  5 ,  1088636 ,  0 ,  205 ,  25.22 ,  0.04 ,  4.86
25 ,  5 ,  1088679 ,  0 ,  205 ,  25.11 ,  0.04 ,  4.76
25 ,  5 ,  1088722 ,  0 ,  205 ,  25.00 ,  0.05 ,  4.76
25 ,  5 ,  1088765 ,  0 ,  205 ,  24.89 ,  0.04 ,  4.76
25 ,  5 ,  1088808 ,  0 ,  205 ,  24.89 ,  0.05 ,  4.76
25 ,  5 ,  1088852 ,  0 ,  205 ,  24.78 ,  0.05 ,  4.76
25 ,  5 ,  1088896 ,  0 ,  205 ,  24.78 ,  0.05 ,  4.66
25 ,  5 ,  1088939 ,  0 ,  205 ,  24.67 ,  0.05 ,  4.66
25 ,  5 ,  1088984 ,  0 ,  205 ,  24.56 ,  0.05 ,  4.66
25 ,  5 ,  1089028 ,  0 ,  205 ,  24.56 ,  0.05 ,  4.66
25 ,  5 ,  1089071 ,  0 ,  205 ,  24.45 ,  0.05 ,  4.56
25 ,  5 ,  1089114 ,  0 ,  205 ,  24.45 ,  0.05 ,  4.56
25 ,  5 ,  1089157 ,  0 ,  205 ,  24.23 ,  0.05 ,  4.56
25 ,  5 ,  1089201 ,  0 ,  205 ,  24.23 ,  0.05 ,  4.56
25 ,  5 ,  1089244 ,  0 ,  205 ,  24.23 ,  0.05 ,  4.46
25 ,  5 ,  1089287 ,  0 ,  205 ,  24.01 ,  0.05 ,  4.46
25 ,  5 ,  1089347 ,  0 ,  205 ,  24.01 ,  0.05 ,  4.46
25 ,  5 ,  1089393 ,  0 ,  205 ,  23.90 ,  0.04 ,  4.37
25 ,  5 ,  1089436 ,  0 ,  205 ,  23.79 ,  0.04 ,  4.46
25 ,  5 ,  1089479 ,  0 ,  205 ,  23.79 ,  0.04 ,  4.37
25 ,  5 ,  1089522 ,  0 ,  205 ,  23.68 ,  0.04 ,  4.37
25 ,  5 ,  1089565 ,  0 ,  205 ,  23.68 ,  0.05 ,  4.37
25 ,  5 ,  1089609 ,  0 ,  205 ,  23.57 ,  0.05 ,  4.37
25 ,  5 ,  1089652 ,  0 ,  205 ,  23.46 ,  0.04 ,  4.37
25 ,  5 ,  1089695 ,  0 ,  205 ,  23.35 ,  0.05 ,  4.27
25 ,  5 ,  1089738 ,  0 ,  205 ,  23.24 ,  0.04 ,  4.27
25 ,  5 ,  1089784 ,  0 ,  205 ,  23.24 ,  0.04 ,  4.27
25 ,  5 ,  1089827 ,  0 ,  205 ,  23.13 ,  0.04 ,  4.27
25 ,  5 ,  1089870 ,  0 ,  205 ,  23.13 ,  0.04 ,  4.27
25 ,  5 ,  1089913 ,  0 ,  205 ,  23.02 ,  0.04 ,  4.27
25 ,  5 ,  1089956 ,  0 ,  205 ,  22.91 ,  0.04 ,  4.17
25 ,  5 ,  1090000 ,  0 ,  205 ,  22.91 ,  0.04 ,  4.17
25 ,  5 ,  1090043 ,  0 ,  205 ,  22.80 ,  0.04 ,  4.17
25 ,  5 ,  1090086 ,  0 ,  205 ,  22.69 ,  0.04 ,  4.17
25 ,  5 ,  1090129 ,  0 ,  205 ,  22.69 ,  0.04 ,  4.17
25 ,  5 ,  1090176 ,  0 ,  205 ,  22.58 ,  0.05 ,  4.07
25 ,  5 ,  1090219 ,  0 ,  205 ,  22.58 ,  0.04 ,  4.07
25 ,  5 ,  1090262 ,  0 ,  205 ,  22.47 ,  0.04 ,  4.07
25 ,  5 ,  1090305 ,  0 ,  205 ,  22.36 ,  0.04 ,  3.97
25 ,  5 ,  1090348 ,  0 ,  205 ,  22.36 ,  0.04 ,  4.07
25 ,  5 ,  1090392 ,  0 ,  205 ,  22.25 ,  0.04 ,  4.07
25 ,  5 ,  1090435 ,  0 ,  205 ,  22.25 ,  0.04 ,  3.97
25 ,  5 ,  1090478 ,  0 ,  205 ,  22.14 ,  0.04 ,  3.97
25 ,  5 ,  1090521 ,  0 ,  205 ,  22.03 ,  0.04 ,  3.97
25 ,  5 ,  1090567 ,  0 ,  205 ,  21.92 ,  0.04 ,  3.97
25 ,  5 ,  1090610 ,  0 ,  205 ,  21.92 ,  0.04 ,  3.87
25 ,  5 ,  1090653 ,  0 ,  205 ,  21.81 ,  0.04 ,  3.97
25 ,  5 ,  1090696 ,  0 ,  205 ,  21.81 ,  0.04 ,  3.87
25 ,  5 ,  1090740 ,  0 ,  205 ,  21.70 ,  0.04 ,  3.87
25 ,  5 ,  1090783 ,  0 ,  205 ,  21.70 ,  0.04 ,  3.87
25 ,  5 ,  1090826 ,  0 ,  205 ,  21.59 ,  0.04 ,  3.87
25 ,  5 ,  1090869 ,  0 ,  205 ,  21.59 ,  0.04 ,  3.77
25 ,  5 ,  1090912 ,  0 ,  205 ,  21.48 ,  0.04 ,  3.77
25 ,  5 ,  1090958 ,  0 ,  205 ,  21.37 ,  0.04 ,  3.77
25 ,  5 ,  1091001 ,  0 ,  205 ,  21.37 ,  0.04 ,  3.77
25 ,  5 ,  1091044 ,  0 ,  205 ,  21.26 ,  0.04 ,  3.77
25 ,  5 ,  1091087 ,  0 ,  205 ,  21.26 ,  0.04 ,  3.77
25 ,  5 ,  1091131 ,  0 ,  205 ,  21.15 ,  0.04 ,  3.77
25 ,  5 ,  1091174 ,  0 ,  205 ,  21.04 ,  0.04 ,  3.67
25 ,  5 ,  1091217 ,  0 ,  205 ,  21.04 ,  0.04 ,  3.67
25 ,  5 ,  1091260 ,  0 ,  205 ,  20.93 ,  0.04 ,  3.67
25 ,  5 ,  1091303 ,  0 ,  205 ,  20.82 ,  0.04 ,  3.67
25 ,  5 ,  1091349 ,  0 ,  205 ,  20.82 ,  0.04 ,  3.67
25 ,  5 ,  1091392 ,  0 ,  205 ,  20.71 ,  0.04 ,  3.67
25 ,  5 ,  1091435 ,  0 ,  205 ,  20.71 ,  0.04 ,  3.57
25 ,  5 ,  1091478 ,  0 ,  205 ,  20.60 ,  0.04 ,  3.57
25 ,  5 ,  1091522 ,  0 ,  205 ,  20.60 ,  0.04 ,  3.57
25 ,  5 ,  1091565 ,  0 ,  205 ,  20.49 ,  0.04 ,  3.57
25 ,  5 ,  1091608 ,  0 ,  205 ,  20.49 ,  0.04 ,  3.57
25 ,  5 ,  1091651 ,  0 ,  205 ,  20.38 ,  0.04 ,  3.57
25 ,  5 ,  1091694 ,  0 ,  205 ,  20.27 ,  0.05 ,  3.47
25 ,  5 ,  1091740 ,  0 ,  205 ,  20.27 ,  0.04 ,  3.47
25 ,  5 ,  1091783 ,  0 ,  205 ,  20.16 ,  0.04 ,  3.47
25 ,  5 ,  1091826 ,  0 ,  205 ,  20.05 ,  0.04 ,  3.47
25 ,  5 ,  1091869 ,  0 ,  205 ,  20.05 ,  0.04 ,  3.47
25 ,  5 ,  1091913 ,  0 ,  205 ,  19.94 ,  0.04 ,  3.47
25 ,  5 ,  1091956 ,  0 ,  205 ,  19.94 ,  0.04 ,  3.47
25 ,  5 ,  1091999 ,  0 ,  205 ,  19.83 ,  0.04 ,  3.37
25 ,  5 ,  1092042 ,  0 ,  205 ,  19.83 ,  0.04 ,  3.37
25 ,  5 ,  1092085 ,  0 ,  205 ,  19.72 ,  0.04 ,  3.37
25 ,  5 ,  1092131 ,  0 ,  205 ,  19.72 ,  0.04 ,  3.37
25 ,  5 ,  1092174 ,  0 ,  205 ,  19.61 ,  0.04 ,  3.37
25 ,  5 ,  1092217 ,  0 ,  205 ,  19.61 ,  0.04 ,  3.37
25 ,  5 ,  1092260 ,  0 ,  205 ,  19.50 ,  0.04 ,  3.37
25 ,  5 ,  1092304 ,  0 ,  205 ,  19.50 ,  0.04 ,  3.27
25 ,  5 ,  1092347 ,  0 ,  205 ,  19.39 ,  0.04 ,  3.27
25 ,  5 ,  1092390 ,  0 ,  205 ,  19.28 ,  0.05 ,  3.27
25 ,  5 ,  1092433 ,  0 ,  205 ,  19.28 ,  0.04 ,  3.27
25 ,  5 ,  1092476 ,  0 ,  205 ,  19.28 ,  0.04 ,  3.27
25 ,  5 ,  1092523 ,  0 ,  205 ,  19.17 ,  0.04 ,  3.17
25 ,  5 ,  1092566 ,  0 ,  205 ,  19.06 ,  0.04 ,  3.17
25 ,  5 ,  1092609 ,  0 ,  205 ,  19.06 ,  0.04 ,  3.17
25 ,  5 ,  1092653 ,  0 ,  205 ,  18.95 ,  0.04 ,  3.17
25 ,  5 ,  1092696 ,  0 ,  205 ,  18.84 ,  0.04 ,  3.17
25 ,  5 ,  1092739 ,  0 ,  205 ,  18.84 ,  0.04 ,  3.17
25 ,  5 ,  1092782 ,  0 ,  205 ,  18.84 ,  0.04 ,  3.08
25 ,  5 ,  1092825 ,  0 ,  205 ,  18.73 ,  0.04 ,  3.17
25 ,  5 ,  1092869 ,  0 ,  205 ,  18.73 ,  0.04 ,  3.08
25 ,  5 ,  1092914 ,  0 ,  205 ,  18.62 ,  0.04 ,  3.08
25 ,  5 ,  1092957 ,  0 ,  205 ,  18.51 ,  0.04 ,  3.08
25 ,  5 ,  1093000 ,  0 ,  205 ,  18.51 ,  0.04 ,  3.08
25 ,  5 ,  1093044 ,  0 ,  205 ,  18.51 ,  0.04 ,  3.08
25 ,  5 ,  1093087 ,  0 ,  205 ,  18.40 ,  0.04 ,  3.08
25 ,  5 ,  1093130 ,  0 ,  205 ,  18.29 ,  0.04 ,  3.08
25 ,  5 ,  1093173 ,  0 ,  205 ,  18.29 ,  0.04 ,  3.08
25 ,  5 ,  1093217 ,  0 ,  205 ,  18.29 ,  0.04 ,  2.98
25 ,  5 ,  1093260 ,  0 ,  205 ,  18.18 ,  0.04 ,  2.98
25 ,  5 ,  1093306 ,  0 ,  205 ,  18.07 ,  0.04 ,  2.98
25 ,  5 ,  1093349 ,  0 ,  205 ,  18.07 ,  0.04 ,  2.98
25 ,  5 ,  1093392 ,  0 ,  205 ,  18.07 ,  0.04 ,  2.98
25 ,  5 ,  1093435 ,  0 ,  205 ,  17.96 ,  0.03 ,  2.98
25 ,  5 ,  1093479 ,  0 ,  205 ,  17.96 ,  0.04 ,  2.88
25 ,  5 ,  1093522 ,  0 ,  205 ,  17.85 ,  0.04 ,  2.88
25 ,  5 ,  1093565 ,  0 ,  205 ,  17.73 ,  0.04 ,  2.88
25 ,  5 ,  1093608 ,  0 ,  205 ,  17.73 ,  0.04 ,  2.88
25 ,  5 ,  1093652 ,  0 ,  205 ,  17.62 ,  0.04 ,  2.88
25 ,  5 ,  1093697 ,  0 ,  205 ,  17.62 ,  0.04 ,  2.88
25 ,  5 ,  1093740 ,  0 ,  205 ,  17.51 ,  0.04 ,  2.88
25 ,  5 ,  1093783 ,  0 ,  205 ,  17.51 ,  0.04 ,  2.88
25 ,  5 ,  1093827 ,  0 ,  205 ,  17.40 ,  0.04 ,  2.88
25 ,  5 ,  1093870 ,  0 ,  205 ,  17.40 ,  0.04 ,  2.78
25 ,  5 ,  1093913 ,  0 ,  205 ,  17.40 ,  0.04 ,  2.78
25 ,  5 ,  1093956 ,  0 ,  205 ,  17.29 ,  0.03 ,  2.78
25 ,  5 ,  1094000 ,  0 ,  205 ,  17.29 ,  0.04 ,  2.78
25 ,  5 ,  1094043 ,  0 ,  205 ,  17.18 ,  0.04 ,  2.78
25 ,  5 ,  1094088 ,  0 ,  205 ,  17.18 ,  0.03 ,  2.78
25 ,  5 ,  1094132 ,  0 ,  205 ,  17.07 ,  0.04 ,  2.78
25 ,  5 ,  1094175 ,  0 ,  205 ,  16.96 ,  0.04 ,  2.78
25 ,  5 ,  1094218 ,  0 ,  205 ,  16.96 ,  0.04 ,  2.78
25 ,  5 ,  1094261 ,  0 ,  205 ,  16.96 ,  0.04 ,  2.68
25 ,  5 ,  1094304 ,  0 ,  205 ,  16.85 ,  0.04 ,  2.68
25 ,  5 ,  1094348 ,  0 ,  205 ,  16.85 ,  0.04 ,  2.68
25 ,  5 ,  1094391 ,  0 ,  205 ,  16.74 ,  0.04 ,  2.68
25 ,  5 ,  1094434 ,  0 ,  205 ,  16.74 ,  0.04 ,  2.68
25 ,  5 ,  1094480 ,  0 ,  205 ,  16.63 ,  0.04 ,  2.68
25 ,  5 ,  1094523 ,  0 ,  205 ,  16.63 ,  0.04 ,  2.68
25 ,  5 ,  1094566 ,  0 ,  205 ,  16.52 ,  0.04 ,  2.58
25 ,  5 ,  1094609 ,  0 ,  205 ,  16.52 ,  0.04 ,  2.58
25 ,  5 ,  1094652 ,  0 ,  205 ,  16.52 ,  0.03 ,  2.58
25 ,  5 ,  1094696 ,  0 ,  205 ,  16.41 ,  0.04 ,  2.58
25 ,  5 ,  1094739 ,  0 ,  205 ,  16.41 ,  0.04 ,  2.58
25 ,  5 ,  1094782 ,  0 ,  205 ,  16.30 ,  0.04 ,  2.58
25 ,  5 ,  1094825 ,  0 ,  205 ,  16.30 ,  0.04 ,  2.58
25 ,  5 ,  1094872 ,  0 ,  205 ,  16.19 ,  0.04 ,  2.58
25 ,  5 ,  1094915 ,  0 ,  205 ,  16.19 ,  0.04 ,  2.58
25 ,  5 ,  1094958 ,  0 ,  205 ,  16.08 ,  0.04 ,  2.48
25 ,  5 ,  1095002 ,  0 ,  205 ,  16.08 ,  0.04 ,  2.48
25 ,  5 ,  1095045 ,  0 ,  205 ,  15.97 ,  0.03 ,  2.48
25 ,  5 ,  1095088 ,  0 ,  205 ,  15.97 ,  0.03 ,  2.48
25 ,  5 ,  1095132 ,  0 ,  205 ,  15.97 ,  0.04 ,  2.48
25 ,  5 ,  1095175 ,  0 ,  205 ,  15.86 ,  0.03 ,  2.48
25 ,  5 ,  1095218 ,  0 ,  205 ,  15.86 ,  0.04 ,  2.48
25 ,  5 ,  1095264 ,  0 ,  205 ,  15.75 ,  0.03 ,  2.48
25 ,  5 ,  1095307 ,  0 ,  205 ,  15.75 ,  0.04 ,  2.48
25 ,  5 ,  1095351 ,  0 ,  205 ,  15.64 ,  0.04 ,  2.38
25 ,  5 ,  1095394 ,  0 ,  205 ,  15.64 ,  0.04 ,  2.38
25 ,  5 ,  1095437 ,  0 ,  205 ,  15.64 ,  0.04 ,  2.38
25 ,  5 ,  1095481 ,  0 ,  205 ,  15.53 ,  0.04 ,  2.38
25 ,  5 ,  1095524 ,  0 ,  205 ,  15.53 ,  0.04 ,  2.38
25 ,  5 ,  1095567 ,  0 ,  205 ,  15.42 ,  0.04 ,  2.38
25 ,  5 ,  1095610 ,  0 ,  205 ,  15.42 ,  0.03 ,  2.38
25 ,  5 ,  1095656 ,  0 ,  205 ,  15.31 ,  0.04 ,  2.38
25 ,  5 ,  1095699 ,  0 ,  205 ,  15.31 ,  0.04 ,  2.38
25 ,  5 ,  1095743 ,  0 ,  205 ,  15.20 ,  0.04 ,  2.38
25 ,  5 ,  1095786 ,  0 ,  205 ,  15.20 ,  0.04 ,  2.38
25 ,  5 ,  1095829 ,  0 ,  205 ,  15.20 ,  0.04 ,  2.28
25 ,  5 ,  1095873 ,  0 ,  205 ,  15.09 ,  0.03 ,  2.28
25 ,  5 ,  1095916 ,  0 ,  205 ,  15.09 ,  0.04 ,  2.28
25 ,  5 ,  1095959 ,  0 ,  205 ,  14.98 ,  0.04 ,  2.28
25 ,  5 ,  1096002 ,  0 ,  205 ,  14.98 ,  0.04 ,  2.28
25 ,  5 ,  1096055 ,  0 ,  205 ,  14.98 ,  0.04 ,  2.28
25 ,  5 ,  1096098 ,  0 ,  205 ,  14.87 ,  0.03 ,  2.28
25 ,  5 ,  1096142 ,  0 ,  205 ,  14.87 ,  0.03 ,  2.28
25 ,  5 ,  1096185 ,  0 ,  205 ,  14.76 ,  0.04 ,  2.28
25 ,  5 ,  1096229 ,  0 ,  205 ,  14.76 ,  0.04 ,  2.28
25 ,  5 ,  1096272 ,  0 ,  205 ,  14.76 ,  0.03 ,  2.28
25 ,  5 ,  1096315 ,  0 ,  205 ,  14.65 ,  0.04 ,  2.28
25 ,  5 ,  1096359 ,  0 ,  205 ,  14.65 ,  0.04 ,  2.18
25 ,  5 ,  1096402 ,  0 ,  205 ,  14.54 ,  0.04 ,  2.18
25 ,  5 ,  1096449 ,  0 ,  205 ,  14.54 ,  0.04 ,  2.18
25 ,  5 ,  1096492 ,  0 ,  205 ,  14.43 ,  0.03 ,  2.18
25 ,  5 ,  1096535 ,  0 ,  205 ,  14.43 ,  0.04 ,  2.18
25 ,  5 ,  1096579 ,  0 ,  205 ,  14.43 ,  0.04 ,  2.18
25 ,  5 ,  1096622 ,  0 ,  205 ,  14.32 ,  0.04 ,  2.18
25 ,  5 ,  1096665 ,  0 ,  205 ,  14.32 ,  0.04 ,  2.18
25 ,  5 ,  1096708 ,  0 ,  205 ,  14.32 ,  0.04 ,  2.08
25 ,  5 ,  1096751 ,  0 ,  205 ,  14.21 ,  0.04 ,  2.18
25 ,  5 ,  1096795 ,  0 ,  205 ,  14.21 ,  0.04 ,  2.18
25 ,  5 ,  1096840 ,  0 ,  205 ,  14.21 ,  0.04 ,  2.08
25 ,  5 ,  1096883 ,  0 ,  205 ,  14.10 ,  0.04 ,  2.08
25 ,  5 ,  1096927 ,  0 ,  205 ,  14.10 ,  0.04 ,  2.08
25 ,  5 ,  1096970 ,  0 ,  205 ,  13.99 ,  0.03 ,  2.08
25 ,  5 ,  1097013 ,  0 ,  205 ,  13.99 ,  0.03 ,  2.08
25 ,  5 ,  1097056 ,  0 ,  205 ,  13.88 ,  0.03 ,  2.08
25 ,  5 ,  1097100 ,  0 ,  205 ,  13.99 ,  0.03 ,  2.08
25 ,  5 ,  1097143 ,  0 ,  205 ,  13.88 ,  0.04 ,  2.08
25 ,  5 ,  1097187 ,  0 ,  205 ,  13.88 ,  0.03 ,  2.08
25 ,  5 ,  1097232 ,  0 ,  205 ,  13.77 ,  0.03 ,  2.08
25 ,  5 ,  1097276 ,  0 ,  205 ,  13.77 ,  0.04 ,  2.08
25 ,  5 ,  1097319 ,  0 ,  205 ,  13.66 ,  0.04 ,  2.08
25 ,  5 ,  1097362 ,  0 ,  205 ,  13.66 ,  0.03 ,  2.08
25 ,  5 ,  1097415 ,  0 ,  205 ,  13.55 ,  0.03 ,  1.98
