MS, MPT, t (s), PWMi, PWMe, Pressure (Psi), LW (V), Displacement (mm)
25 ,  1 ,  969631 ,  0 ,  210 ,  13.77 ,  0.03 ,  1.98
25 ,  1 ,  969670 ,  255 ,  0 ,  13.77 ,  0.03 ,  1.98
25 ,  1 ,  969710 ,  255 ,  0 ,  16.19 ,  0.04 ,  1.98
25 ,  1 ,  969749 ,  255 ,  0 ,  30.29 ,  0.06 ,  3.67
25 ,  1 ,  969788 ,  255 ,  0 ,  44.39 ,  0.12 ,  6.95
25 ,  1 ,  969827 ,  255 ,  0 ,  54.30 ,  0.20 ,  10.32
25 ,  1 ,  969866 ,  255 ,  0 ,  61.13 ,  0.27 ,  13.10
25 ,  1 ,  969905 ,  255 ,  0 ,  65.86 ,  0.34 ,  15.08
25 ,  1 ,  969947 ,  255 ,  0 ,  69.71 ,  0.40 ,  16.57
25 ,  1 ,  969986 ,  255 ,  0 ,  72.47 ,  0.44 ,  17.66
25 ,  1 ,  970024 ,  255 ,  0 ,  74.78 ,  0.47 ,  18.55
25 ,  1 ,  970063 ,  255 ,  0 ,  76.65 ,  0.50 ,  19.25
25 ,  1 ,  970102 ,  255 ,  0 ,  78.41 ,  0.52 ,  19.74
25 ,  1 ,  970141 ,  255 ,  0 ,  79.85 ,  0.54 ,  20.24
25 ,  1 ,  970180 ,  255 ,  0 ,  81.28 ,  0.55 ,  20.64
25 ,  1 ,  970219 ,  255 ,  0 ,  82.49 ,  0.56 ,  21.03
25 ,  1 ,  970258 ,  255 ,  0 ,  83.70 ,  0.56 ,  21.33
25 ,  1 ,  970299 ,  255 ,  0 ,  84.80 ,  0.57 ,  21.73
25 ,  1 ,  970338 ,  255 ,  0 ,  85.79 ,  0.58 ,  22.03
25 ,  1 ,  970377 ,  255 ,  0 ,  86.78 ,  0.58 ,  22.32
25 ,  1 ,  970416 ,  255 ,  0 ,  87.67 ,  0.59 ,  22.52
25 ,  1 ,  970455 ,  255 ,  0 ,  88.55 ,  0.59 ,  22.72
25 ,  1 ,  970493 ,  255 ,  0 ,  89.32 ,  0.59 ,  22.92
25 ,  1 ,  970532 ,  255 ,  0 ,  90.09 ,  0.59 ,  23.12
25 ,  1 ,  970571 ,  255 ,  0 ,  90.86 ,  0.60 ,  23.32
25 ,  1 ,  970610 ,  255 ,  0 ,  91.41 ,  0.60 ,  23.42
25 ,  1 ,  970651 ,  255 ,  0 ,  92.07 ,  0.60 ,  23.61
25 ,  1 ,  970690 ,  255 ,  0 ,  92.73 ,  0.60 ,  23.71
25 ,  1 ,  970729 ,  255 ,  0 ,  93.28 ,  0.60 ,  23.81
25 ,  1 ,  970768 ,  255 ,  0 ,  93.72 ,  0.60 ,  24.01
25 ,  1 ,  970807 ,  255 ,  0 ,  94.16 ,  0.60 ,  24.11
25 ,  1 ,  970846 ,  255 ,  0 ,  94.60 ,  0.60 ,  24.21
25 ,  1 ,  970885 ,  255 ,  0 ,  94.93 ,  0.60 ,  24.31
25 ,  1 ,  970924 ,  255 ,  0 ,  95.15 ,  0.61 ,  24.31
25 ,  1 ,  970962 ,  255 ,  0 ,  95.37 ,  0.61 ,  24.41
25 ,  1 ,  971003 ,  255 ,  0 ,  95.70 ,  0.61 ,  24.51
25 ,  1 ,  971042 ,  255 ,  0 ,  95.70 ,  0.61 ,  24.51
25 ,  1 ,  971081 ,  255 ,  0 ,  95.93 ,  0.61 ,  24.61
25 ,  1 ,  971120 ,  255 ,  0 ,  96.04 ,  0.61 ,  24.61
25 ,  1 ,  971159 ,  255 ,  0 ,  96.15 ,  0.61 ,  24.61
25 ,  1 ,  971198 ,  255 ,  0 ,  96.15 ,  0.61 ,  24.71
25 ,  1 ,  971237 ,  255 ,  0 ,  96.26 ,  0.61 ,  24.71
25 ,  1 ,  971276 ,  255 ,  0 ,  96.26 ,  0.61 ,  24.71
25 ,  1 ,  971315 ,  255 ,  0 ,  96.26 ,  0.61 ,  24.71
25 ,  1 ,  971356 ,  255 ,  0 ,  96.26 ,  0.61 ,  24.80
25 ,  1 ,  971395 ,  255 ,  0 ,  96.26 ,  0.61 ,  24.80
25 ,  1 ,  971433 ,  255 ,  0 ,  96.37 ,  0.61 ,  24.80
25 ,  1 ,  971472 ,  255 ,  0 ,  96.26 ,  0.61 ,  24.80
25 ,  1 ,  971511 ,  255 ,  0 ,  96.26 ,  0.61 ,  24.80
25 ,  1 ,  971550 ,  255 ,  0 ,  96.37 ,  0.61 ,  24.80
25 ,  1 ,  971589 ,  255 ,  0 ,  96.37 ,  0.61 ,  24.90
25 ,  1 ,  971628 ,  255 ,  0 ,  96.37 ,  0.61 ,  24.90
25 ,  1 ,  971667 ,  255 ,  0 ,  96.37 ,  0.61 ,  24.90
25 ,  1 ,  971709 ,  255 ,  0 ,  96.37 ,  0.61 ,  24.90
25 ,  1 ,  971748 ,  255 ,  0 ,  96.37 ,  0.61 ,  24.90
25 ,  1 ,  971787 ,  255 ,  0 ,  96.37 ,  0.61 ,  24.90
25 ,  1 ,  971826 ,  255 ,  0 ,  96.37 ,  0.61 ,  24.90
25 ,  1 ,  971865 ,  255 ,  0 ,  96.37 ,  0.61 ,  24.90
25 ,  1 ,  971914 ,  255 ,  0 ,  96.37 ,  0.61 ,  25.00
25 ,  1 ,  971953 ,  255 ,  0 ,  96.26 ,  0.61 ,  25.00
25 ,  1 ,  971992 ,  255 ,  0 ,  96.37 ,  0.61 ,  25.00
25 ,  1 ,  972030 ,  255 ,  0 ,  96.37 ,  0.61 ,  25.00
25 ,  1 ,  972071 ,  255 ,  0 ,  96.26 ,  0.61 ,  25.00
25 ,  1 ,  972110 ,  255 ,  0 ,  96.26 ,  0.61 ,  25.00
25 ,  1 ,  972149 ,  255 ,  0 ,  96.37 ,  0.61 ,  25.00
25 ,  1 ,  972188 ,  255 ,  0 ,  96.26 ,  0.61 ,  25.00
25 ,  1 ,  972227 ,  255 ,  0 ,  96.26 ,  0.61 ,  25.00
25 ,  1 ,  972266 ,  255 ,  0 ,  96.26 ,  0.61 ,  25.00
25 ,  1 ,  972305 ,  255 ,  0 ,  96.37 ,  0.61 ,  25.10
25 ,  1 ,  972344 ,  255 ,  0 ,  96.26 ,  0.61 ,  25.00
25 ,  1 ,  972383 ,  255 ,  0 ,  96.26 ,  0.61 ,  25.10
25 ,  1 ,  972424 ,  255 ,  0 ,  96.26 ,  0.61 ,  25.10
25 ,  1 ,  972463 ,  255 ,  0 ,  96.26 ,  0.61 ,  25.00
25 ,  1 ,  972502 ,  255 ,  0 ,  96.26 ,  0.61 ,  25.10
25 ,  1 ,  972540 ,  255 ,  0 ,  96.26 ,  0.61 ,  25.10
25 ,  1 ,  972579 ,  255 ,  0 ,  96.26 ,  0.61 ,  25.10
25 ,  1 ,  972618 ,  0 ,  205 ,  96.26 ,  0.61 ,  25.10
25 ,  1 ,  972657 ,  0 ,  205 ,  93.83 ,  0.61 ,  25.10
25 ,  1 ,  972696 ,  0 ,  205 ,  88.77 ,  0.61 ,  24.61
25 ,  1 ,  972735 ,  0 ,  205 ,  83.92 ,  0.60 ,  24.01
25 ,  1 ,  972776 ,  0 ,  205 ,  79.74 ,  0.59 ,  23.22
25 ,  1 ,  972815 ,  0 ,  205 ,  76.32 ,  0.58 ,  22.62
25 ,  1 ,  972854 ,  0 ,  205 ,  73.68 ,  0.57 ,  22.03
25 ,  1 ,  972893 ,  0 ,  205 ,  71.37 ,  0.56 ,  21.43
25 ,  1 ,  972932 ,  0 ,  205 ,  69.27 ,  0.55 ,  20.94
25 ,  1 ,  972971 ,  0 ,  205 ,  67.62 ,  0.54 ,  20.54
25 ,  1 ,  973009 ,  0 ,  205 ,  66.19 ,  0.52 ,  20.14
25 ,  1 ,  973048 ,  0 ,  205 ,  64.87 ,  0.51 ,  19.65
25 ,  1 ,  973087 ,  0 ,  205 ,  63.77 ,  0.49 ,  19.45
25 ,  1 ,  973128 ,  0 ,  205 ,  62.78 ,  0.48 ,  19.05
25 ,  1 ,  973167 ,  0 ,  205 ,  61.90 ,  0.46 ,  18.75
25 ,  1 ,  973206 ,  0 ,  205 ,  61.13 ,  0.45 ,  18.45
25 ,  1 ,  973245 ,  0 ,  205 ,  60.46 ,  0.44 ,  18.26
25 ,  1 ,  973284 ,  0 ,  205 ,  59.80 ,  0.43 ,  17.96
25 ,  1 ,  973323 ,  0 ,  205 ,  59.25 ,  0.43 ,  17.86
25 ,  1 ,  973362 ,  0 ,  205 ,  58.81 ,  0.41 ,  17.66
25 ,  1 ,  973401 ,  0 ,  205 ,  58.37 ,  0.40 ,  17.46
25 ,  1 ,  973440 ,  0 ,  205 ,  58.04 ,  0.40 ,  17.36
25 ,  1 ,  973480 ,  0 ,  205 ,  57.60 ,  0.39 ,  17.16
25 ,  1 ,  973519 ,  0 ,  205 ,  57.27 ,  0.38 ,  17.07
25 ,  1 ,  973558 ,  0 ,  205 ,  56.94 ,  0.38 ,  16.97
25 ,  1 ,  973597 ,  0 ,  205 ,  56.61 ,  0.37 ,  16.87
25 ,  1 ,  973636 ,  0 ,  205 ,  56.39 ,  0.37 ,  16.77
25 ,  1 ,  973675 ,  0 ,  205 ,  56.17 ,  0.36 ,  16.57
25 ,  1 ,  973714 ,  0 ,  205 ,  55.95 ,  0.36 ,  16.57
25 ,  1 ,  973753 ,  0 ,  205 ,  55.73 ,  0.35 ,  16.47
25 ,  1 ,  973792 ,  0 ,  205 ,  55.40 ,  0.35 ,  16.37
25 ,  1 ,  973833 ,  0 ,  205 ,  55.18 ,  0.34 ,  16.27
25 ,  1 ,  973872 ,  0 ,  205 ,  54.96 ,  0.34 ,  16.17
25 ,  1 ,  973911 ,  0 ,  205 ,  54.96 ,  0.34 ,  16.07
25 ,  1 ,  973949 ,  0 ,  205 ,  54.63 ,  0.33 ,  16.07
25 ,  1 ,  973988 ,  0 ,  205 ,  54.52 ,  0.33 ,  15.97
25 ,  1 ,  974027 ,  0 ,  205 ,  54.30 ,  0.32 ,  15.88
25 ,  1 ,  974066 ,  0 ,  205 ,  54.19 ,  0.32 ,  15.88
25 ,  1 ,  974105 ,  0 ,  205 ,  54.08 ,  0.32 ,  15.78
25 ,  1 ,  974144 ,  0 ,  205 ,  53.86 ,  0.32 ,  15.68
25 ,  1 ,  974185 ,  0 ,  205 ,  53.75 ,  0.31 ,  15.68
25 ,  1 ,  974224 ,  0 ,  205 ,  53.64 ,  0.31 ,  15.58
25 ,  1 ,  974263 ,  0 ,  205 ,  53.42 ,  0.31 ,  15.58
25 ,  1 ,  974302 ,  0 ,  205 ,  53.31 ,  0.31 ,  15.48
25 ,  1 ,  974341 ,  0 ,  205 ,  53.20 ,  0.30 ,  15.48
25 ,  1 ,  974380 ,  0 ,  205 ,  53.09 ,  0.30 ,  15.38
25 ,  1 ,  974418 ,  0 ,  205 ,  52.98 ,  0.30 ,  15.28
25 ,  1 ,  974457 ,  0 ,  205 ,  52.76 ,  0.30 ,  15.28
25 ,  1 ,  974496 ,  0 ,  205 ,  52.76 ,  0.30 ,  15.28
25 ,  1 ,  974537 ,  0 ,  205 ,  52.54 ,  0.29 ,  15.18
25 ,  1 ,  974576 ,  0 ,  205 ,  52.42 ,  0.29 ,  15.18
25 ,  1 ,  974615 ,  0 ,  205 ,  52.31 ,  0.29 ,  15.08
25 ,  1 ,  974654 ,  0 ,  205 ,  52.20 ,  0.29 ,  14.98
25 ,  1 ,  974693 ,  0 ,  205 ,  52.09 ,  0.28 ,  14.98
25 ,  1 ,  974732 ,  0 ,  205 ,  51.98 ,  0.28 ,  14.88
25 ,  1 ,  974771 ,  0 ,  205 ,  51.87 ,  0.28 ,  14.88
25 ,  1 ,  974810 ,  0 ,  205 ,  51.76 ,  0.28 ,  14.88
25 ,  1 ,  974849 ,  0 ,  205 ,  51.65 ,  0.27 ,  14.78
25 ,  1 ,  974889 ,  0 ,  205 ,  51.54 ,  0.27 ,  14.68
25 ,  1 ,  974928 ,  0 ,  205 ,  51.43 ,  0.27 ,  14.68
25 ,  1 ,  974967 ,  0 ,  205 ,  51.32 ,  0.27 ,  14.68
25 ,  1 ,  975006 ,  0 ,  205 ,  51.21 ,  0.27 ,  14.68
25 ,  1 ,  975045 ,  0 ,  205 ,  51.10 ,  0.27 ,  14.59
25 ,  1 ,  975084 ,  0 ,  205 ,  50.99 ,  0.26 ,  14.59
25 ,  1 ,  975123 ,  0 ,  205 ,  50.88 ,  0.26 ,  14.49
25 ,  1 ,  975162 ,  0 ,  205 ,  50.77 ,  0.26 ,  14.49
25 ,  1 ,  975201 ,  0 ,  205 ,  50.66 ,  0.26 ,  14.39
25 ,  1 ,  975242 ,  0 ,  205 ,  50.55 ,  0.26 ,  14.39
25 ,  1 ,  975281 ,  0 ,  205 ,  50.44 ,  0.25 ,  14.29
25 ,  1 ,  975320 ,  0 ,  205 ,  50.33 ,  0.26 ,  14.29
25 ,  1 ,  975358 ,  0 ,  205 ,  50.22 ,  0.25 ,  14.19
25 ,  1 ,  975397 ,  0 ,  205 ,  50.11 ,  0.25 ,  14.19
25 ,  1 ,  975436 ,  0 ,  205 ,  50.00 ,  0.25 ,  14.19
25 ,  1 ,  975476 ,  0 ,  205 ,  49.89 ,  0.24 ,  14.09
25 ,  1 ,  975514 ,  0 ,  205 ,  49.78 ,  0.24 ,  13.99
25 ,  1 ,  975553 ,  0 ,  205 ,  49.67 ,  0.24 ,  13.99
25 ,  1 ,  975595 ,  0 ,  205 ,  49.56 ,  0.24 ,  13.99
25 ,  1 ,  975634 ,  0 ,  205 ,  49.45 ,  0.24 ,  13.89
25 ,  1 ,  975673 ,  0 ,  205 ,  49.34 ,  0.24 ,  13.89
25 ,  1 ,  975712 ,  0 ,  205 ,  49.23 ,  0.24 ,  13.89
25 ,  1 ,  975751 ,  0 ,  205 ,  49.12 ,  0.23 ,  13.79
25 ,  1 ,  975790 ,  0 ,  205 ,  49.01 ,  0.23 ,  13.79
25 ,  1 ,  975828 ,  0 ,  205 ,  48.90 ,  0.23 ,  13.69
25 ,  1 ,  975866 ,  0 ,  205 ,  48.79 ,  0.23 ,  13.69
25 ,  1 ,  975905 ,  0 ,  205 ,  48.68 ,  0.23 ,  13.59
25 ,  1 ,  975947 ,  0 ,  205 ,  48.57 ,  0.23 ,  13.59
25 ,  1 ,  975986 ,  0 ,  205 ,  48.57 ,  0.22 ,  13.49
25 ,  1 ,  976025 ,  0 ,  205 ,  48.35 ,  0.22 ,  13.49
25 ,  1 ,  976064 ,  0 ,  205 ,  48.35 ,  0.22 ,  13.49
25 ,  1 ,  976103 ,  0 ,  205 ,  48.13 ,  0.22 ,  13.39
25 ,  1 ,  976142 ,  0 ,  205 ,  48.02 ,  0.22 ,  13.39
25 ,  1 ,  976181 ,  0 ,  205 ,  48.02 ,  0.22 ,  13.30
25 ,  1 ,  976220 ,  0 ,  205 ,  47.91 ,  0.22 ,  13.30
25 ,  1 ,  976259 ,  0 ,  205 ,  47.80 ,  0.22 ,  13.30
25 ,  1 ,  976300 ,  0 ,  205 ,  47.69 ,  0.22 ,  13.20
25 ,  1 ,  976338 ,  0 ,  205 ,  47.58 ,  0.21 ,  13.20
25 ,  1 ,  976377 ,  0 ,  205 ,  47.47 ,  0.21 ,  13.10
25 ,  1 ,  976416 ,  0 ,  205 ,  47.36 ,  0.21 ,  13.10
25 ,  1 ,  976455 ,  0 ,  205 ,  47.25 ,  0.21 ,  13.00
25 ,  1 ,  976494 ,  0 ,  205 ,  47.14 ,  0.21 ,  13.00
25 ,  1 ,  976533 ,  0 ,  205 ,  47.14 ,  0.21 ,  13.00
25 ,  1 ,  976572 ,  0 ,  205 ,  46.92 ,  0.20 ,  12.90
25 ,  1 ,  976611 ,  0 ,  205 ,  46.81 ,  0.20 ,  12.90
25 ,  1 ,  976669 ,  0 ,  205 ,  46.70 ,  0.20 ,  12.80
25 ,  1 ,  976708 ,  0 ,  205 ,  46.59 ,  0.19 ,  12.80
25 ,  1 ,  976747 ,  0 ,  205 ,  46.48 ,  0.20 ,  12.70
25 ,  1 ,  976786 ,  0 ,  205 ,  46.37 ,  0.19 ,  12.70
25 ,  1 ,  976825 ,  0 ,  205 ,  46.37 ,  0.20 ,  12.60
25 ,  1 ,  976864 ,  0 ,  205 ,  46.26 ,  0.19 ,  12.60
25 ,  1 ,  976903 ,  0 ,  205 ,  46.04 ,  0.19 ,  12.50
25 ,  1 ,  976942 ,  0 ,  205 ,  45.93 ,  0.19 ,  12.50
25 ,  1 ,  976980 ,  0 ,  205 ,  45.93 ,  0.19 ,  12.40
25 ,  1 ,  977021 ,  0 ,  205 ,  45.82 ,  0.18 ,  12.40
25 ,  1 ,  977060 ,  0 ,  205 ,  45.60 ,  0.18 ,  12.40
25 ,  1 ,  977099 ,  0 ,  205 ,  45.60 ,  0.18 ,  12.30
25 ,  1 ,  977138 ,  0 ,  205 ,  45.49 ,  0.18 ,  12.30
25 ,  1 ,  977177 ,  0 ,  205 ,  45.38 ,  0.18 ,  12.20
25 ,  1 ,  977216 ,  0 ,  205 ,  45.27 ,  0.18 ,  12.20
25 ,  1 ,  977255 ,  0 ,  205 ,  45.16 ,  0.18 ,  12.20
25 ,  1 ,  977294 ,  0 ,  205 ,  45.05 ,  0.17 ,  12.10
25 ,  1 ,  977333 ,  0 ,  205 ,  44.94 ,  0.17 ,  12.10
25 ,  1 ,  977374 ,  0 ,  205 ,  44.83 ,  0.17 ,  12.01
25 ,  1 ,  977413 ,  0 ,  205 ,  44.83 ,  0.17 ,  12.01
25 ,  1 ,  977452 ,  0 ,  205 ,  44.61 ,  0.17 ,  11.91
25 ,  1 ,  977490 ,  0 ,  205 ,  44.61 ,  0.17 ,  11.91
25 ,  1 ,  977529 ,  0 ,  205 ,  44.50 ,  0.17 ,  11.91
25 ,  1 ,  977568 ,  0 ,  205 ,  44.39 ,  0.17 ,  11.81
25 ,  1 ,  977607 ,  0 ,  205 ,  44.28 ,  0.17 ,  11.81
25 ,  1 ,  977646 ,  0 ,  205 ,  44.17 ,  0.17 ,  11.81
25 ,  1 ,  977685 ,  0 ,  205 ,  44.06 ,  0.16 ,  11.71
25 ,  1 ,  977726 ,  0 ,  205 ,  43.95 ,  0.16 ,  11.71
25 ,  1 ,  977765 ,  0 ,  205 ,  43.84 ,  0.16 ,  11.61
25 ,  1 ,  977804 ,  0 ,  205 ,  43.72 ,  0.16 ,  11.61
25 ,  1 ,  977843 ,  0 ,  205 ,  43.61 ,  0.16 ,  11.51
25 ,  1 ,  977882 ,  0 ,  205 ,  43.61 ,  0.15 ,  11.51
25 ,  1 ,  977921 ,  0 ,  205 ,  43.50 ,  0.15 ,  11.51
25 ,  1 ,  977959 ,  0 ,  205 ,  43.39 ,  0.15 ,  11.41
25 ,  1 ,  977998 ,  0 ,  205 ,  43.28 ,  0.15 ,  11.41
25 ,  1 ,  978037 ,  0 ,  205 ,  43.17 ,  0.15 ,  11.31
25 ,  1 ,  978078 ,  0 ,  205 ,  43.06 ,  0.15 ,  11.31
25 ,  1 ,  978117 ,  0 ,  205 ,  42.95 ,  0.15 ,  11.31
25 ,  1 ,  978156 ,  0 ,  205 ,  42.84 ,  0.15 ,  11.21
25 ,  1 ,  978195 ,  0 ,  205 ,  42.73 ,  0.15 ,  11.21
25 ,  1 ,  978234 ,  0 ,  205 ,  42.62 ,  0.14 ,  11.11
25 ,  1 ,  978273 ,  0 ,  205 ,  42.62 ,  0.14 ,  11.11
25 ,  1 ,  978312 ,  0 ,  205 ,  42.51 ,  0.14 ,  11.11
25 ,  1 ,  978351 ,  0 ,  205 ,  42.40 ,  0.14 ,  11.01
25 ,  1 ,  978390 ,  0 ,  205 ,  42.29 ,  0.14 ,  11.01
25 ,  1 ,  978430 ,  0 ,  205 ,  42.18 ,  0.14 ,  11.01
25 ,  1 ,  978469 ,  0 ,  205 ,  42.18 ,  0.14 ,  10.91
25 ,  1 ,  978508 ,  0 ,  205 ,  41.96 ,  0.13 ,  10.81
25 ,  1 ,  978547 ,  0 ,  205 ,  41.85 ,  0.13 ,  10.81
25 ,  1 ,  978586 ,  0 ,  205 ,  41.74 ,  0.13 ,  10.81
25 ,  1 ,  978625 ,  0 ,  205 ,  41.74 ,  0.13 ,  10.81
25 ,  1 ,  978664 ,  0 ,  205 ,  41.63 ,  0.13 ,  10.72
25 ,  1 ,  978703 ,  0 ,  205 ,  41.52 ,  0.13 ,  10.72
25 ,  1 ,  978742 ,  0 ,  205 ,  41.41 ,  0.13 ,  10.62
25 ,  1 ,  978783 ,  0 ,  205 ,  41.30 ,  0.13 ,  10.62
25 ,  1 ,  978822 ,  0 ,  205 ,  41.30 ,  0.12 ,  10.52
25 ,  1 ,  978861 ,  0 ,  205 ,  41.19 ,  0.12 ,  10.52
25 ,  1 ,  978899 ,  0 ,  205 ,  41.08 ,  0.12 ,  10.52
25 ,  1 ,  978938 ,  0 ,  205 ,  40.97 ,  0.12 ,  10.42
25 ,  1 ,  978977 ,  0 ,  205 ,  40.86 ,  0.12 ,  10.42
25 ,  1 ,  979016 ,  0 ,  205 ,  40.75 ,  0.12 ,  10.32
25 ,  1 ,  979055 ,  0 ,  205 ,  40.64 ,  0.12 ,  10.32
25 ,  1 ,  979094 ,  0 ,  205 ,  40.64 ,  0.12 ,  10.32
25 ,  1 ,  979135 ,  0 ,  205 ,  40.53 ,  0.11 ,  10.22
25 ,  1 ,  979174 ,  0 ,  205 ,  40.42 ,  0.12 ,  10.12
25 ,  1 ,  979213 ,  0 ,  205 ,  40.31 ,  0.11 ,  10.12
25 ,  1 ,  979252 ,  0 ,  205 ,  40.20 ,  0.12 ,  10.12
25 ,  1 ,  979291 ,  0 ,  205 ,  40.09 ,  0.11 ,  10.02
25 ,  1 ,  979330 ,  0 ,  205 ,  40.09 ,  0.11 ,  10.02
25 ,  1 ,  979368 ,  0 ,  205 ,  39.87 ,  0.11 ,  10.02
25 ,  1 ,  979407 ,  0 ,  205 ,  39.76 ,  0.11 ,  10.02
25 ,  1 ,  979446 ,  0 ,  205 ,  39.65 ,  0.11 ,  9.92
25 ,  1 ,  979487 ,  0 ,  205 ,  39.65 ,  0.11 ,  9.92
25 ,  1 ,  979526 ,  0 ,  205 ,  39.54 ,  0.10 ,  9.82
25 ,  1 ,  979565 ,  0 ,  205 ,  39.43 ,  0.10 ,  9.82
25 ,  1 ,  979604 ,  0 ,  205 ,  39.43 ,  0.10 ,  9.82
25 ,  1 ,  979643 ,  0 ,  205 ,  39.32 ,  0.10 ,  9.72
25 ,  1 ,  979682 ,  0 ,  205 ,  39.21 ,  0.11 ,  9.72
25 ,  1 ,  979721 ,  0 ,  205 ,  39.10 ,  0.10 ,  9.72
25 ,  1 ,  979760 ,  0 ,  205 ,  38.99 ,  0.10 ,  9.62
25 ,  1 ,  979799 ,  0 ,  205 ,  38.88 ,  0.10 ,  9.62
25 ,  1 ,  979840 ,  0 ,  205 ,  38.88 ,  0.10 ,  9.53
25 ,  1 ,  979878 ,  0 ,  205 ,  38.77 ,  0.10 ,  9.53
25 ,  1 ,  979917 ,  0 ,  205 ,  38.66 ,  0.10 ,  9.53
25 ,  1 ,  979956 ,  0 ,  205 ,  38.55 ,  0.09 ,  9.43
25 ,  1 ,  979995 ,  0 ,  205 ,  38.44 ,  0.10 ,  9.43
25 ,  1 ,  980034 ,  0 ,  205 ,  38.33 ,  0.10 ,  9.33
25 ,  1 ,  980073 ,  0 ,  205 ,  38.22 ,  0.10 ,  9.33
25 ,  1 ,  980112 ,  0 ,  205 ,  38.22 ,  0.10 ,  9.33
25 ,  1 ,  980151 ,  0 ,  205 ,  38.11 ,  0.09 ,  9.23
25 ,  1 ,  980192 ,  0 ,  205 ,  38.00 ,  0.09 ,  9.23
25 ,  1 ,  980232 ,  0 ,  205 ,  37.89 ,  0.10 ,  9.13
25 ,  1 ,  980271 ,  0 ,  205 ,  37.78 ,  0.09 ,  9.13
25 ,  1 ,  980310 ,  0 ,  205 ,  37.67 ,  0.09 ,  9.13
25 ,  1 ,  980348 ,  0 ,  205 ,  37.56 ,  0.09 ,  9.03
25 ,  1 ,  980387 ,  0 ,  205 ,  37.56 ,  0.09 ,  9.03
25 ,  1 ,  980426 ,  0 ,  205 ,  37.45 ,  0.09 ,  8.93
25 ,  1 ,  980465 ,  0 ,  205 ,  37.34 ,  0.09 ,  8.93
25 ,  1 ,  980504 ,  0 ,  205 ,  37.34 ,  0.09 ,  8.93
25 ,  1 ,  980546 ,  0 ,  205 ,  37.12 ,  0.09 ,  8.83
25 ,  1 ,  980585 ,  0 ,  205 ,  37.12 ,  0.08 ,  8.83
25 ,  1 ,  980624 ,  0 ,  205 ,  37.01 ,  0.09 ,  8.83
25 ,  1 ,  980663 ,  0 ,  205 ,  36.90 ,  0.09 ,  8.73
25 ,  1 ,  980702 ,  0 ,  205 ,  36.79 ,  0.08 ,  8.73
25 ,  1 ,  980741 ,  0 ,  205 ,  36.68 ,  0.08 ,  8.63
25 ,  1 ,  980780 ,  0 ,  205 ,  36.68 ,  0.09 ,  8.63
25 ,  1 ,  980818 ,  0 ,  205 ,  36.57 ,  0.08 ,  8.63
25 ,  1 ,  980857 ,  0 ,  205 ,  36.46 ,  0.08 ,  8.53
25 ,  1 ,  980908 ,  0 ,  205 ,  36.35 ,  0.08 ,  8.53
25 ,  1 ,  980948 ,  0 ,  205 ,  36.24 ,  0.08 ,  8.53
25 ,  1 ,  980990 ,  0 ,  205 ,  36.13 ,  0.08 ,  8.43
25 ,  1 ,  981031 ,  0 ,  205 ,  36.13 ,  0.08 ,  8.43
25 ,  1 ,  981072 ,  0 ,  205 ,  36.02 ,  0.08 ,  8.43
25 ,  1 ,  981113 ,  0 ,  205 ,  35.91 ,  0.08 ,  8.33
25 ,  1 ,  981154 ,  0 ,  205 ,  35.80 ,  0.07 ,  8.33
25 ,  1 ,  981195 ,  0 ,  205 ,  35.80 ,  0.07 ,  8.24
25 ,  1 ,  981237 ,  0 ,  205 ,  35.69 ,  0.08 ,  8.24
25 ,  1 ,  981280 ,  0 ,  205 ,  35.58 ,  0.07 ,  8.24
25 ,  1 ,  981321 ,  0 ,  205 ,  35.47 ,  0.07 ,  8.24
25 ,  1 ,  981362 ,  0 ,  205 ,  35.36 ,  0.07 ,  8.14
25 ,  1 ,  981403 ,  0 ,  205 ,  35.25 ,  0.07 ,  8.14
25 ,  1 ,  981444 ,  0 ,  205 ,  35.13 ,  0.08 ,  8.14
25 ,  1 ,  981485 ,  0 ,  205 ,  35.02 ,  0.07 ,  8.04
25 ,  1 ,  981526 ,  0 ,  205 ,  35.02 ,  0.07 ,  7.94
25 ,  1 ,  981567 ,  0 ,  205 ,  34.91 ,  0.07 ,  7.94
25 ,  1 ,  981608 ,  0 ,  205 ,  34.80 ,  0.07 ,  7.94
25 ,  1 ,  981649 ,  0 ,  205 ,  34.69 ,  0.07 ,  7.84
25 ,  1 ,  981693 ,  0 ,  205 ,  34.58 ,  0.07 ,  7.84
25 ,  1 ,  981734 ,  0 ,  205 ,  34.47 ,  0.07 ,  7.84
25 ,  1 ,  981775 ,  0 ,  205 ,  34.47 ,  0.07 ,  7.84
25 ,  1 ,  981816 ,  0 ,  205 ,  34.36 ,  0.06 ,  7.74
25 ,  1 ,  981856 ,  0 ,  205 ,  34.25 ,  0.07 ,  7.74
25 ,  1 ,  981897 ,  0 ,  205 ,  34.14 ,  0.07 ,  7.74
25 ,  1 ,  981938 ,  0 ,  205 ,  34.14 ,  0.07 ,  7.64
25 ,  1 ,  981979 ,  0 ,  205 ,  34.03 ,  0.07 ,  7.64
25 ,  1 ,  982020 ,  0 ,  205 ,  33.92 ,  0.07 ,  7.64
25 ,  1 ,  982064 ,  0 ,  205 ,  33.81 ,  0.07 ,  7.54
25 ,  1 ,  982105 ,  0 ,  205 ,  33.70 ,  0.07 ,  7.54
25 ,  1 ,  982146 ,  0 ,  205 ,  33.70 ,  0.07 ,  7.44
25 ,  1 ,  982187 ,  0 ,  205 ,  33.59 ,  0.07 ,  7.44
25 ,  1 ,  982227 ,  0 ,  205 ,  33.48 ,  0.06 ,  7.44
25 ,  1 ,  982268 ,  0 ,  205 ,  33.37 ,  0.06 ,  7.44
25 ,  1 ,  982309 ,  0 ,  205 ,  33.26 ,  0.06 ,  7.44
25 ,  1 ,  982350 ,  0 ,  205 ,  33.26 ,  0.06 ,  7.34
25 ,  1 ,  982391 ,  0 ,  205 ,  33.15 ,  0.06 ,  7.34
25 ,  1 ,  982434 ,  0 ,  205 ,  33.04 ,  0.07 ,  7.34
25 ,  1 ,  982475 ,  0 ,  205 ,  32.93 ,  0.06 ,  7.24
25 ,  1 ,  982516 ,  0 ,  205 ,  32.82 ,  0.07 ,  7.24
25 ,  1 ,  982557 ,  0 ,  205 ,  32.82 ,  0.06 ,  7.24
25 ,  1 ,  982598 ,  0 ,  205 ,  32.71 ,  0.06 ,  7.14
25 ,  1 ,  982639 ,  0 ,  205 ,  32.60 ,  0.07 ,  7.14
25 ,  1 ,  982680 ,  0 ,  205 ,  32.49 ,  0.06 ,  7.14
25 ,  1 ,  982721 ,  0 ,  205 ,  32.49 ,  0.06 ,  7.04
25 ,  1 ,  982762 ,  0 ,  205 ,  32.38 ,  0.06 ,  7.04
25 ,  1 ,  982805 ,  0 ,  205 ,  32.27 ,  0.07 ,  7.04
25 ,  1 ,  982846 ,  0 ,  205 ,  32.27 ,  0.06 ,  6.95
25 ,  1 ,  982887 ,  0 ,  205 ,  32.16 ,  0.06 ,  6.95
25 ,  1 ,  982928 ,  0 ,  205 ,  32.05 ,  0.06 ,  6.95
25 ,  1 ,  982969 ,  0 ,  205 ,  31.94 ,  0.06 ,  6.85
25 ,  1 ,  983010 ,  0 ,  205 ,  31.83 ,  0.06 ,  6.85
25 ,  1 ,  983051 ,  0 ,  205 ,  31.72 ,  0.06 ,  6.85
25 ,  1 ,  983092 ,  0 ,  205 ,  31.72 ,  0.06 ,  6.85
25 ,  1 ,  983133 ,  0 ,  205 ,  31.61 ,  0.06 ,  6.75
25 ,  1 ,  983176 ,  0 ,  205 ,  31.50 ,  0.06 ,  6.75
25 ,  1 ,  983217 ,  0 ,  205 ,  31.39 ,  0.06 ,  6.75
25 ,  1 ,  983258 ,  0 ,  205 ,  31.28 ,  0.06 ,  6.75
25 ,  1 ,  983299 ,  0 ,  205 ,  31.28 ,  0.06 ,  6.75
25 ,  1 ,  983340 ,  0 ,  205 ,  31.17 ,  0.06 ,  6.65
25 ,  1 ,  983380 ,  0 ,  205 ,  31.06 ,  0.06 ,  6.65
25 ,  1 ,  983421 ,  0 ,  205 ,  30.95 ,  0.06 ,  6.65
25 ,  1 ,  983462 ,  0 ,  205 ,  30.95 ,  0.06 ,  6.55
25 ,  1 ,  983503 ,  0 ,  205 ,  30.73 ,  0.06 ,  6.55
25 ,  1 ,  983546 ,  0 ,  205 ,  30.73 ,  0.06 ,  6.55
25 ,  1 ,  983587 ,  0 ,  205 ,  30.62 ,  0.06 ,  6.45
25 ,  1 ,  983628 ,  0 ,  205 ,  30.62 ,  0.05 ,  6.45
25 ,  1 ,  983669 ,  0 ,  205 ,  30.51 ,  0.05 ,  6.45
25 ,  1 ,  983710 ,  0 ,  205 ,  30.51 ,  0.06 ,  6.35
25 ,  1 ,  983751 ,  0 ,  205 ,  30.29 ,  0.05 ,  6.35
25 ,  1 ,  983792 ,  0 ,  205 ,  30.29 ,  0.05 ,  6.35
25 ,  1 ,  983833 ,  0 ,  205 ,  30.18 ,  0.05 ,  6.25
25 ,  1 ,  983874 ,  0 ,  205 ,  30.07 ,  0.05 ,  6.25
25 ,  1 ,  983918 ,  0 ,  205 ,  29.96 ,  0.05 ,  6.25
25 ,  1 ,  983959 ,  0 ,  205 ,  29.96 ,  0.05 ,  6.25
25 ,  1 ,  984000 ,  0 ,  205 ,  29.85 ,  0.05 ,  6.15
25 ,  1 ,  984041 ,  0 ,  205 ,  29.74 ,  0.05 ,  6.15
25 ,  1 ,  984082 ,  0 ,  205 ,  29.63 ,  0.05 ,  6.15
25 ,  1 ,  984133 ,  0 ,  205 ,  29.63 ,  0.05 ,  6.15
25 ,  1 ,  984174 ,  0 ,  205 ,  29.52 ,  0.05 ,  6.05
25 ,  1 ,  984215 ,  0 ,  205 ,  29.41 ,  0.05 ,  6.05
25 ,  1 ,  984256 ,  0 ,  205 ,  29.30 ,  0.06 ,  6.05
25 ,  1 ,  984297 ,  0 ,  205 ,  29.19 ,  0.05 ,  6.05
25 ,  1 ,  984340 ,  0 ,  205 ,  29.19 ,  0.05 ,  5.95
25 ,  1 ,  984381 ,  0 ,  205 ,  29.08 ,  0.05 ,  5.95
25 ,  1 ,  984422 ,  0 ,  205 ,  28.97 ,  0.05 ,  5.95
25 ,  1 ,  984463 ,  0 ,  205 ,  28.97 ,  0.05 ,  5.95
25 ,  1 ,  984504 ,  0 ,  205 ,  28.86 ,  0.05 ,  5.85
25 ,  1 ,  984545 ,  0 ,  205 ,  28.75 ,  0.05 ,  5.85
25 ,  1 ,  984586 ,  0 ,  205 ,  28.75 ,  0.05 ,  5.85
25 ,  1 ,  984627 ,  0 ,  205 ,  28.64 ,  0.05 ,  5.75
25 ,  1 ,  984668 ,  0 ,  205 ,  28.53 ,  0.05 ,  5.75
25 ,  1 ,  984711 ,  0 ,  205 ,  28.53 ,  0.05 ,  5.75
25 ,  1 ,  984752 ,  0 ,  205 ,  28.31 ,  0.05 ,  5.75
25 ,  1 ,  984793 ,  0 ,  205 ,  28.31 ,  0.05 ,  5.66
25 ,  1 ,  984834 ,  0 ,  205 ,  28.20 ,  0.05 ,  5.66
25 ,  1 ,  984875 ,  0 ,  205 ,  28.09 ,  0.05 ,  5.66
25 ,  1 ,  984915 ,  0 ,  205 ,  27.98 ,  0.05 ,  5.66
25 ,  1 ,  984956 ,  0 ,  205 ,  27.98 ,  0.05 ,  5.56
25 ,  1 ,  984997 ,  0 ,  205 ,  27.87 ,  0.05 ,  5.56
25 ,  1 ,  985038 ,  0 ,  205 ,  27.76 ,  0.05 ,  5.56
25 ,  1 ,  985081 ,  0 ,  205 ,  27.76 ,  0.05 ,  5.56
25 ,  1 ,  985122 ,  0 ,  205 ,  27.65 ,  0.05 ,  5.46
25 ,  1 ,  985163 ,  0 ,  205 ,  27.54 ,  0.05 ,  5.46
25 ,  1 ,  985204 ,  0 ,  205 ,  27.54 ,  0.05 ,  5.46
25 ,  1 ,  985245 ,  0 ,  205 ,  27.43 ,  0.05 ,  5.46
25 ,  1 ,  985286 ,  0 ,  205 ,  27.32 ,  0.05 ,  5.46
25 ,  1 ,  985327 ,  0 ,  205 ,  27.32 ,  0.05 ,  5.36
25 ,  1 ,  985368 ,  0 ,  205 ,  27.21 ,  0.05 ,  5.36
25 ,  1 ,  985409 ,  0 ,  205 ,  27.10 ,  0.05 ,  5.36
25 ,  1 ,  985452 ,  0 ,  205 ,  26.99 ,  0.05 ,  5.26
25 ,  1 ,  985493 ,  0 ,  205 ,  26.99 ,  0.05 ,  5.26
25 ,  1 ,  985534 ,  0 ,  205 ,  26.88 ,  0.05 ,  5.26
25 ,  1 ,  985575 ,  0 ,  205 ,  26.77 ,  0.05 ,  5.26
25 ,  1 ,  985616 ,  0 ,  205 ,  26.77 ,  0.05 ,  5.26
25 ,  1 ,  985657 ,  0 ,  205 ,  26.77 ,  0.05 ,  5.26
25 ,  1 ,  985698 ,  0 ,  205 ,  26.66 ,  0.04 ,  5.16
25 ,  1 ,  985739 ,  0 ,  205 ,  26.55 ,  0.05 ,  5.16
25 ,  1 ,  985780 ,  0 ,  205 ,  26.43 ,  0.04 ,  5.16
25 ,  1 ,  985823 ,  0 ,  205 ,  26.32 ,  0.05 ,  5.16
25 ,  1 ,  985864 ,  0 ,  205 ,  26.32 ,  0.05 ,  5.06
25 ,  1 ,  985905 ,  0 ,  205 ,  26.21 ,  0.04 ,  5.06
25 ,  1 ,  985946 ,  0 ,  205 ,  26.10 ,  0.04 ,  5.06
25 ,  1 ,  985987 ,  0 ,  205 ,  26.10 ,  0.05 ,  5.06
25 ,  1 ,  986028 ,  0 ,  205 ,  25.99 ,  0.05 ,  4.96
25 ,  1 ,  986068 ,  0 ,  205 ,  25.88 ,  0.04 ,  4.96
25 ,  1 ,  986109 ,  0 ,  205 ,  25.88 ,  0.04 ,  4.96
25 ,  1 ,  986150 ,  0 ,  205 ,  25.77 ,  0.05 ,  4.96
25 ,  1 ,  986193 ,  0 ,  205 ,  25.66 ,  0.04 ,  4.96
25 ,  1 ,  986234 ,  0 ,  205 ,  25.66 ,  0.04 ,  4.86
25 ,  1 ,  986275 ,  0 ,  205 ,  25.55 ,  0.04 ,  4.86
25 ,  1 ,  986316 ,  0 ,  205 ,  25.44 ,  0.04 ,  4.86
25 ,  1 ,  986357 ,  0 ,  205 ,  25.33 ,  0.04 ,  4.86
25 ,  1 ,  986398 ,  0 ,  205 ,  25.33 ,  0.05 ,  4.86
25 ,  1 ,  986439 ,  0 ,  205 ,  25.22 ,  0.04 ,  4.76
25 ,  1 ,  986480 ,  0 ,  205 ,  25.22 ,  0.05 ,  4.76
25 ,  1 ,  986521 ,  0 ,  205 ,  25.11 ,  0.04 ,  4.76
25 ,  1 ,  986564 ,  0 ,  205 ,  25.11 ,  0.04 ,  4.76
25 ,  1 ,  986605 ,  0 ,  205 ,  24.89 ,  0.04 ,  4.66
25 ,  1 ,  986646 ,  0 ,  205 ,  24.89 ,  0.04 ,  4.66
25 ,  1 ,  986687 ,  0 ,  205 ,  24.89 ,  0.04 ,  4.66
25 ,  1 ,  986728 ,  0 ,  205 ,  24.78 ,  0.04 ,  4.66
25 ,  1 ,  986769 ,  0 ,  205 ,  24.67 ,  0.04 ,  4.66
25 ,  1 ,  986810 ,  0 ,  205 ,  24.56 ,  0.04 ,  4.66
25 ,  1 ,  986851 ,  0 ,  205 ,  24.56 ,  0.05 ,  4.56
25 ,  1 ,  986892 ,  0 ,  205 ,  24.45 ,  0.04 ,  4.56
25 ,  1 ,  986933 ,  0 ,  205 ,  24.34 ,  0.05 ,  4.56
25 ,  1 ,  986976 ,  0 ,  205 ,  24.34 ,  0.04 ,  4.56
25 ,  1 ,  987017 ,  0 ,  205 ,  24.34 ,  0.04 ,  4.46
25 ,  1 ,  987058 ,  0 ,  205 ,  24.23 ,  0.04 ,  4.46
25 ,  1 ,  987099 ,  0 ,  205 ,  24.12 ,  0.04 ,  4.46
25 ,  1 ,  987140 ,  0 ,  205 ,  24.01 ,  0.04 ,  4.46
25 ,  1 ,  987181 ,  0 ,  205 ,  24.01 ,  0.05 ,  4.46
25 ,  1 ,  987222 ,  0 ,  205 ,  23.90 ,  0.04 ,  4.37
25 ,  1 ,  987262 ,  0 ,  205 ,  23.90 ,  0.05 ,  4.37
25 ,  1 ,  987303 ,  0 ,  205 ,  23.79 ,  0.05 ,  4.37
25 ,  1 ,  987346 ,  0 ,  205 ,  23.68 ,  0.04 ,  4.37
25 ,  1 ,  987387 ,  0 ,  205 ,  23.68 ,  0.04 ,  4.37
25 ,  1 ,  987428 ,  0 ,  205 ,  23.57 ,  0.04 ,  4.37
25 ,  1 ,  987469 ,  0 ,  205 ,  23.46 ,  0.05 ,  4.27
25 ,  1 ,  987510 ,  0 ,  205 ,  23.46 ,  0.04 ,  4.27
25 ,  1 ,  987551 ,  0 ,  205 ,  23.35 ,  0.04 ,  4.27
25 ,  1 ,  987592 ,  0 ,  205 ,  23.35 ,  0.04 ,  4.17
25 ,  1 ,  987633 ,  0 ,  205 ,  23.24 ,  0.04 ,  4.17
25 ,  1 ,  987674 ,  0 ,  205 ,  23.13 ,  0.04 ,  4.17
25 ,  1 ,  987717 ,  0 ,  205 ,  23.13 ,  0.04 ,  4.17
25 ,  1 ,  987758 ,  0 ,  205 ,  23.02 ,  0.04 ,  4.17
25 ,  1 ,  987799 ,  0 ,  205 ,  23.02 ,  0.04 ,  4.17
25 ,  1 ,  987840 ,  0 ,  205 ,  22.91 ,  0.04 ,  4.17
25 ,  1 ,  987882 ,  0 ,  205 ,  22.91 ,  0.04 ,  4.17
25 ,  1 ,  987923 ,  0 ,  205 ,  22.69 ,  0.04 ,  4.07
25 ,  1 ,  987964 ,  0 ,  205 ,  22.69 ,  0.04 ,  4.07
25 ,  1 ,  988005 ,  0 ,  205 ,  22.58 ,  0.04 ,  4.07
25 ,  1 ,  988046 ,  0 ,  205 ,  22.58 ,  0.04 ,  4.07
25 ,  1 ,  988089 ,  0 ,  205 ,  22.47 ,  0.04 ,  4.07
25 ,  1 ,  988130 ,  0 ,  205 ,  22.47 ,  0.04 ,  3.97
25 ,  1 ,  988171 ,  0 ,  205 ,  22.36 ,  0.04 ,  3.97
25 ,  1 ,  988212 ,  0 ,  205 ,  22.25 ,  0.04 ,  3.97
25 ,  1 ,  988253 ,  0 ,  205 ,  22.25 ,  0.04 ,  3.97
25 ,  1 ,  988294 ,  0 ,  205 ,  22.14 ,  0.04 ,  3.97
25 ,  1 ,  988335 ,  0 ,  205 ,  22.14 ,  0.04 ,  3.97
25 ,  1 ,  988376 ,  0 ,  205 ,  22.03 ,  0.04 ,  3.87
25 ,  1 ,  988417 ,  0 ,  205 ,  22.03 ,  0.04 ,  3.87
25 ,  1 ,  988460 ,  0 ,  205 ,  21.92 ,  0.04 ,  3.87
25 ,  1 ,  988500 ,  0 ,  205 ,  21.81 ,  0.04 ,  3.87
25 ,  1 ,  988541 ,  0 ,  205 ,  21.81 ,  0.04 ,  3.87
25 ,  1 ,  988582 ,  0 ,  205 ,  21.70 ,  0.04 ,  3.87
25 ,  1 ,  988623 ,  0 ,  205 ,  21.59 ,  0.04 ,  3.77
25 ,  1 ,  988664 ,  0 ,  205 ,  21.59 ,  0.04 ,  3.77
25 ,  1 ,  988705 ,  0 ,  205 ,  21.59 ,  0.04 ,  3.77
25 ,  1 ,  988746 ,  0 ,  205 ,  21.48 ,  0.04 ,  3.77
25 ,  1 ,  988787 ,  0 ,  205 ,  21.37 ,  0.04 ,  3.77
25 ,  1 ,  988830 ,  0 ,  205 ,  21.37 ,  0.04 ,  3.67
25 ,  1 ,  988871 ,  0 ,  205 ,  21.26 ,  0.04 ,  3.77
25 ,  1 ,  988912 ,  0 ,  205 ,  21.26 ,  0.04 ,  3.67
25 ,  1 ,  988953 ,  0 ,  205 ,  21.15 ,  0.04 ,  3.67
25 ,  1 ,  988994 ,  0 ,  205 ,  21.04 ,  0.04 ,  3.67
25 ,  1 ,  989035 ,  0 ,  205 ,  21.04 ,  0.04 ,  3.67
25 ,  1 ,  989076 ,  0 ,  205 ,  20.93 ,  0.04 ,  3.67
25 ,  1 ,  989117 ,  0 ,  205 ,  20.93 ,  0.04 ,  3.67
25 ,  1 ,  989158 ,  0 ,  205 ,  20.93 ,  0.04 ,  3.57
25 ,  1 ,  989201 ,  0 ,  205 ,  20.82 ,  0.04 ,  3.57
25 ,  1 ,  989242 ,  0 ,  205 ,  20.82 ,  0.04 ,  3.57
25 ,  1 ,  989283 ,  0 ,  205 ,  20.60 ,  0.04 ,  3.57
25 ,  1 ,  989324 ,  0 ,  205 ,  20.60 ,  0.04 ,  3.57
25 ,  1 ,  989365 ,  0 ,  205 ,  20.60 ,  0.04 ,  3.57
25 ,  1 ,  989406 ,  0 ,  205 ,  20.49 ,  0.04 ,  3.57
25 ,  1 ,  989447 ,  0 ,  205 ,  20.38 ,  0.04 ,  3.47
25 ,  1 ,  989488 ,  0 ,  205 ,  20.38 ,  0.04 ,  3.47
25 ,  1 ,  989529 ,  0 ,  205 ,  20.38 ,  0.04 ,  3.47
25 ,  1 ,  989570 ,  0 ,  205 ,  20.16 ,  0.04 ,  3.47
25 ,  1 ,  989613 ,  0 ,  205 ,  20.27 ,  0.04 ,  3.47
25 ,  1 ,  989654 ,  0 ,  205 ,  20.16 ,  0.04 ,  3.47
25 ,  1 ,  989694 ,  0 ,  205 ,  20.05 ,  0.04 ,  3.47
25 ,  1 ,  989735 ,  0 ,  205 ,  20.05 ,  0.04 ,  3.37
25 ,  1 ,  989776 ,  0 ,  205 ,  19.94 ,  0.04 ,  3.37
25 ,  1 ,  989817 ,  0 ,  205 ,  19.94 ,  0.04 ,  3.37
25 ,  1 ,  989858 ,  0 ,  205 ,  19.83 ,  0.04 ,  3.37
25 ,  1 ,  989899 ,  0 ,  205 ,  19.83 ,  0.04 ,  3.37
25 ,  1 ,  989940 ,  0 ,  205 ,  19.72 ,  0.04 ,  3.37
25 ,  1 ,  989983 ,  0 ,  205 ,  19.61 ,  0.04 ,  3.37
25 ,  1 ,  990024 ,  0 ,  205 ,  19.61 ,  0.04 ,  3.27
25 ,  1 ,  990065 ,  0 ,  205 ,  19.50 ,  0.04 ,  3.27
25 ,  1 ,  990106 ,  0 ,  205 ,  19.50 ,  0.04 ,  3.27
25 ,  1 ,  990147 ,  0 ,  205 ,  19.50 ,  0.04 ,  3.27
25 ,  1 ,  990188 ,  0 ,  205 ,  19.39 ,  0.04 ,  3.27
25 ,  1 ,  990229 ,  0 ,  205 ,  19.39 ,  0.04 ,  3.27
25 ,  1 ,  990270 ,  0 ,  205 ,  19.28 ,  0.04 ,  3.17
25 ,  1 ,  990311 ,  0 ,  205 ,  19.28 ,  0.04 ,  3.17
25 ,  1 ,  990354 ,  0 ,  205 ,  19.17 ,  0.04 ,  3.17
25 ,  1 ,  990395 ,  0 ,  205 ,  19.06 ,  0.04 ,  3.17
25 ,  1 ,  990436 ,  0 ,  205 ,  19.06 ,  0.04 ,  3.17
25 ,  1 ,  990477 ,  0 ,  205 ,  18.95 ,  0.04 ,  3.17
25 ,  1 ,  990518 ,  0 ,  205 ,  18.95 ,  0.04 ,  3.17
25 ,  1 ,  990559 ,  0 ,  205 ,  18.84 ,  0.03 ,  3.17
25 ,  1 ,  990600 ,  0 ,  205 ,  18.84 ,  0.04 ,  3.08
25 ,  1 ,  990641 ,  0 ,  205 ,  18.73 ,  0.04 ,  3.08
25 ,  1 ,  990682 ,  0 ,  205 ,  18.73 ,  0.04 ,  3.08
25 ,  1 ,  990725 ,  0 ,  205 ,  18.62 ,  0.04 ,  3.08
25 ,  1 ,  990766 ,  0 ,  205 ,  18.62 ,  0.04 ,  3.08
25 ,  1 ,  990807 ,  0 ,  205 ,  18.51 ,  0.04 ,  2.98
25 ,  1 ,  990848 ,  0 ,  205 ,  18.51 ,  0.04 ,  3.08
25 ,  1 ,  990888 ,  0 ,  205 ,  18.40 ,  0.04 ,  3.08
25 ,  1 ,  990929 ,  0 ,  205 ,  18.40 ,  0.04 ,  2.98
25 ,  1 ,  990970 ,  0 ,  205 ,  18.40 ,  0.03 ,  2.98
25 ,  1 ,  991011 ,  0 ,  205 ,  18.29 ,  0.03 ,  2.98
25 ,  1 ,  991052 ,  0 ,  205 ,  18.18 ,  0.04 ,  2.98
25 ,  1 ,  991095 ,  0 ,  205 ,  18.18 ,  0.04 ,  2.98
25 ,  1 ,  991136 ,  0 ,  205 ,  18.07 ,  0.04 ,  2.98
25 ,  1 ,  991177 ,  0 ,  205 ,  18.07 ,  0.04 ,  2.88
25 ,  1 ,  991218 ,  0 ,  205 ,  17.96 ,  0.04 ,  2.88
25 ,  1 ,  991259 ,  0 ,  205 ,  17.96 ,  0.04 ,  2.88
25 ,  1 ,  991300 ,  0 ,  205 ,  17.96 ,  0.04 ,  2.88
25 ,  1 ,  991341 ,  0 ,  205 ,  17.85 ,  0.03 ,  2.88
25 ,  1 ,  991382 ,  0 ,  205 ,  17.85 ,  0.04 ,  2.88
25 ,  1 ,  991423 ,  0 ,  205 ,  17.85 ,  0.04 ,  2.88
25 ,  1 ,  991466 ,  0 ,  205 ,  17.73 ,  0.04 ,  2.88
25 ,  1 ,  991507 ,  0 ,  205 ,  17.62 ,  0.04 ,  2.88
25 ,  1 ,  991548 ,  0 ,  205 ,  17.51 ,  0.04 ,  2.78
25 ,  1 ,  991589 ,  0 ,  205 ,  17.51 ,  0.04 ,  2.78
25 ,  1 ,  991636 ,  0 ,  205 ,  17.51 ,  0.03 ,  2.78
25 ,  1 ,  991677 ,  0 ,  205 ,  17.40 ,  0.04 ,  2.78
25 ,  1 ,  991718 ,  0 ,  205 ,  17.40 ,  0.04 ,  2.78
25 ,  1 ,  991759 ,  0 ,  205 ,  17.40 ,  0.04 ,  2.78
25 ,  1 ,  991800 ,  0 ,  205 ,  17.29 ,  0.04 ,  2.78
25 ,  1 ,  991843 ,  0 ,  205 ,  17.18 ,  0.04 ,  2.78
25 ,  1 ,  991884 ,  0 ,  205 ,  17.18 ,  0.04 ,  2.68
25 ,  1 ,  991926 ,  0 ,  205 ,  17.18 ,  0.04 ,  2.68
25 ,  1 ,  991967 ,  0 ,  205 ,  17.07 ,  0.04 ,  2.68
25 ,  1 ,  992008 ,  0 ,  205 ,  17.07 ,  0.04 ,  2.68
25 ,  1 ,  992049 ,  0 ,  205 ,  17.07 ,  0.04 ,  2.68
25 ,  1 ,  992090 ,  0 ,  205 ,  16.96 ,  0.04 ,  2.68
25 ,  1 ,  992131 ,  0 ,  205 ,  16.96 ,  0.04 ,  2.68
25 ,  1 ,  992172 ,  0 ,  205 ,  16.85 ,  0.04 ,  2.68
25 ,  1 ,  992212 ,  0 ,  205 ,  16.74 ,  0.04 ,  2.68
25 ,  1 ,  992256 ,  0 ,  205 ,  16.74 ,  0.04 ,  2.58
25 ,  1 ,  992296 ,  0 ,  205 ,  16.74 ,  0.04 ,  2.58
25 ,  1 ,  992337 ,  0 ,  205 ,  16.74 ,  0.04 ,  2.58
25 ,  1 ,  992378 ,  0 ,  205 ,  16.63 ,  0.04 ,  2.58
25 ,  1 ,  992419 ,  0 ,  205 ,  16.63 ,  0.04 ,  2.58
25 ,  1 ,  992461 ,  0 ,  205 ,  16.52 ,  0.04 ,  2.58
25 ,  1 ,  992502 ,  0 ,  205 ,  16.41 ,  0.04 ,  2.58
25 ,  1 ,  992543 ,  0 ,  205 ,  16.41 ,  0.04 ,  2.58
25 ,  1 ,  992584 ,  0 ,  205 ,  16.30 ,  0.04 ,  2.58
25 ,  1 ,  992627 ,  0 ,  205 ,  16.30 ,  0.03 ,  2.58
25 ,  1 ,  992668 ,  0 ,  205 ,  16.30 ,  0.04 ,  2.58
25 ,  1 ,  992709 ,  0 ,  205 ,  16.19 ,  0.04 ,  2.48
25 ,  1 ,  992750 ,  0 ,  205 ,  16.19 ,  0.04 ,  2.48
25 ,  1 ,  992791 ,  0 ,  205 ,  16.19 ,  0.04 ,  2.48
25 ,  1 ,  992832 ,  0 ,  205 ,  16.08 ,  0.03 ,  2.48
25 ,  1 ,  992873 ,  0 ,  205 ,  16.08 ,  0.04 ,  2.48
25 ,  1 ,  992914 ,  0 ,  205 ,  15.97 ,  0.03 ,  2.48
25 ,  1 ,  992955 ,  0 ,  205 ,  15.97 ,  0.03 ,  2.48
25 ,  1 ,  993006 ,  0 ,  205 ,  15.86 ,  0.04 ,  2.48
25 ,  1 ,  993047 ,  0 ,  205 ,  15.86 ,  0.03 ,  2.48
25 ,  1 ,  993088 ,  0 ,  205 ,  15.75 ,  0.03 ,  2.38
25 ,  1 ,  993129 ,  0 ,  205 ,  15.75 ,  0.03 ,  2.38
25 ,  1 ,  993170 ,  0 ,  205 ,  15.75 ,  0.04 ,  2.38
25 ,  1 ,  993212 ,  0 ,  205 ,  15.64 ,  0.03 ,  2.38
25 ,  1 ,  993253 ,  0 ,  205 ,  15.64 ,  0.04 ,  2.38
25 ,  1 ,  993294 ,  0 ,  205 ,  15.53 ,  0.04 ,  2.38
25 ,  1 ,  993335 ,  0 ,  205 ,  15.53 ,  0.03 ,  2.38
25 ,  1 ,  993378 ,  0 ,  205 ,  15.42 ,  0.04 ,  2.38
25 ,  1 ,  993419 ,  0 ,  205 ,  15.53 ,  0.03 ,  2.38
25 ,  1 ,  993460 ,  0 ,  205 ,  15.42 ,  0.04 ,  2.38
25 ,  1 ,  993501 ,  0 ,  205 ,  15.42 ,  0.04 ,  2.38
25 ,  1 ,  993542 ,  0 ,  205 ,  15.31 ,  0.03 ,  2.38
25 ,  1 ,  993583 ,  0 ,  205 ,  15.31 ,  0.03 ,  2.28
25 ,  1 ,  993624 ,  0 ,  205 ,  15.20 ,  0.03 ,  2.28
25 ,  1 ,  993665 ,  0 ,  205 ,  15.20 ,  0.03 ,  2.28
25 ,  1 ,  993705 ,  0 ,  205 ,  15.20 ,  0.04 ,  2.28
25 ,  1 ,  993750 ,  0 ,  205 ,  15.09 ,  0.03 ,  2.28
25 ,  1 ,  993789 ,  0 ,  205 ,  15.09 ,  0.03 ,  2.28
25 ,  1 ,  993830 ,  0 ,  205 ,  14.98 ,  0.03 ,  2.28
25 ,  1 ,  993871 ,  0 ,  205 ,  14.98 ,  0.03 ,  2.28
25 ,  1 ,  993912 ,  0 ,  205 ,  14.87 ,  0.03 ,  2.28
25 ,  1 ,  993953 ,  0 ,  205 ,  14.87 ,  0.04 ,  2.18
25 ,  1 ,  993994 ,  0 ,  205 ,  14.87 ,  0.04 ,  2.18
25 ,  1 ,  994035 ,  0 ,  205 ,  14.76 ,  0.04 ,  2.18
25 ,  1 ,  994076 ,  0 ,  205 ,  14.76 ,  0.04 ,  2.18
25 ,  1 ,  994120 ,  0 ,  205 ,  14.76 ,  0.04 ,  2.18
25 ,  1 ,  994161 ,  0 ,  205 ,  14.76 ,  0.03 ,  2.18
25 ,  1 ,  994202 ,  0 ,  205 ,  14.65 ,  0.03 ,  2.18
25 ,  1 ,  994242 ,  0 ,  205 ,  14.65 ,  0.04 ,  2.18
25 ,  1 ,  994283 ,  0 ,  205 ,  14.54 ,  0.04 ,  2.18
25 ,  1 ,  994324 ,  0 ,  205 ,  14.43 ,  0.04 ,  2.18
25 ,  1 ,  994365 ,  0 ,  205 ,  14.43 ,  0.03 ,  2.18
25 ,  1 ,  994406 ,  0 ,  205 ,  14.43 ,  0.04 ,  2.18
25 ,  1 ,  994447 ,  0 ,  205 ,  14.32 ,  0.04 ,  2.18
25 ,  1 ,  994491 ,  0 ,  205 ,  14.32 ,  0.03 ,  2.08
25 ,  1 ,  994532 ,  0 ,  205 ,  14.32 ,  0.03 ,  2.08
25 ,  1 ,  994573 ,  0 ,  205 ,  14.32 ,  0.03 ,  2.08
25 ,  1 ,  994614 ,  0 ,  205 ,  14.21 ,  0.04 ,  2.08
25 ,  1 ,  994655 ,  0 ,  205 ,  14.21 ,  0.03 ,  2.08
25 ,  1 ,  994695 ,  0 ,  205 ,  14.10 ,  0.03 ,  2.08
25 ,  1 ,  994736 ,  0 ,  205 ,  14.21 ,  0.03 ,  2.08
25 ,  1 ,  994777 ,  0 ,  205 ,  13.99 ,  0.04 ,  2.08
25 ,  1 ,  994818 ,  0 ,  205 ,  13.99 ,  0.03 ,  2.08
25 ,  1 ,  994859 ,  0 ,  205 ,  13.99 ,  0.04 ,  2.08
25 ,  1 ,  994903 ,  0 ,  205 ,  13.88 ,  0.03 ,  2.08
25 ,  1 ,  994944 ,  0 ,  205 ,  13.88 ,  0.04 ,  2.08
25 ,  1 ,  994984 ,  0 ,  205 ,  13.88 ,  0.03 ,  2.08
25 ,  1 ,  995025 ,  0 ,  205 ,  13.77 ,  0.03 ,  2.08
25 ,  1 ,  995066 ,  0 ,  205 ,  13.77 ,  0.03 ,  2.08
25 ,  1 ,  995107 ,  0 ,  205 ,  13.77 ,  0.03 ,  2.08
25 ,  1 ,  995148 ,  0 ,  205 ,  13.77 ,  0.04 ,  1.98
