MS, MPT, t (s), PWMi, PWMe, Pressure (Psi), LW (V), Displacement (mm)
26 ,  2 ,  1124102 ,  0 ,  200 ,  13.77 ,  0.04 ,  2.08
26 ,  2 ,  1124143 ,  255 ,  0 ,  13.66 ,  0.03 ,  2.08
26 ,  2 ,  1124184 ,  255 ,  0 ,  16.63 ,  0.04 ,  2.08
26 ,  2 ,  1124226 ,  255 ,  0 ,  32.05 ,  0.07 ,  4.07
26 ,  2 ,  1124267 ,  255 ,  0 ,  46.15 ,  0.13 ,  7.54
26 ,  2 ,  1124308 ,  255 ,  0 ,  55.62 ,  0.21 ,  10.91
26 ,  2 ,  1124349 ,  255 ,  0 ,  62.01 ,  0.29 ,  13.59
26 ,  2 ,  1124391 ,  255 ,  0 ,  66.63 ,  0.35 ,  15.48
26 ,  2 ,  1124435 ,  255 ,  0 ,  70.27 ,  0.41 ,  16.97
26 ,  2 ,  1124476 ,  255 ,  0 ,  72.91 ,  0.44 ,  17.96
26 ,  2 ,  1124517 ,  255 ,  0 ,  75.22 ,  0.48 ,  18.75
26 ,  2 ,  1124559 ,  255 ,  0 ,  77.09 ,  0.50 ,  19.45
26 ,  2 ,  1124600 ,  255 ,  0 ,  78.64 ,  0.52 ,  19.94
26 ,  2 ,  1124641 ,  255 ,  0 ,  80.18 ,  0.54 ,  20.44
26 ,  2 ,  1124682 ,  255 ,  0 ,  81.50 ,  0.55 ,  20.84
26 ,  2 ,  1124724 ,  255 ,  0 ,  82.82 ,  0.56 ,  21.23
26 ,  2 ,  1124765 ,  255 ,  0 ,  84.03 ,  0.57 ,  21.53
26 ,  2 ,  1124809 ,  255 ,  0 ,  85.13 ,  0.57 ,  21.83
26 ,  2 ,  1124850 ,  255 ,  0 ,  86.12 ,  0.58 ,  22.13
26 ,  2 ,  1124891 ,  255 ,  0 ,  87.12 ,  0.58 ,  22.42
26 ,  2 ,  1124932 ,  255 ,  0 ,  88.00 ,  0.59 ,  22.62
26 ,  2 ,  1124974 ,  255 ,  0 ,  88.88 ,  0.59 ,  22.82
26 ,  2 ,  1125015 ,  255 ,  0 ,  89.65 ,  0.59 ,  23.02
26 ,  2 ,  1125056 ,  255 ,  0 ,  90.31 ,  0.59 ,  23.22
26 ,  2 ,  1125098 ,  255 ,  0 ,  91.08 ,  0.59 ,  23.42
26 ,  2 ,  1125139 ,  255 ,  0 ,  91.63 ,  0.60 ,  23.61
26 ,  2 ,  1125183 ,  255 ,  0 ,  92.29 ,  0.60 ,  23.71
26 ,  2 ,  1125224 ,  255 ,  0 ,  92.84 ,  0.60 ,  23.81
26 ,  2 ,  1125265 ,  255 ,  0 ,  93.39 ,  0.60 ,  23.91
26 ,  2 ,  1125306 ,  255 ,  0 ,  93.83 ,  0.60 ,  24.01
26 ,  2 ,  1125348 ,  255 ,  0 ,  94.27 ,  0.60 ,  24.11
26 ,  2 ,  1125389 ,  255 ,  0 ,  94.60 ,  0.60 ,  24.21
26 ,  2 ,  1125430 ,  255 ,  0 ,  94.93 ,  0.60 ,  24.21
26 ,  2 ,  1125472 ,  255 ,  0 ,  95.26 ,  0.61 ,  24.41
26 ,  2 ,  1125515 ,  255 ,  0 ,  95.48 ,  0.61 ,  24.51
26 ,  2 ,  1125557 ,  255 ,  0 ,  95.70 ,  0.61 ,  24.41
26 ,  2 ,  1125598 ,  255 ,  0 ,  95.82 ,  0.61 ,  24.61
26 ,  2 ,  1125639 ,  255 ,  0 ,  95.93 ,  0.61 ,  24.61
26 ,  2 ,  1125681 ,  255 ,  0 ,  96.04 ,  0.61 ,  24.61
26 ,  2 ,  1125722 ,  255 ,  0 ,  96.15 ,  0.61 ,  24.71
26 ,  2 ,  1125763 ,  255 ,  0 ,  96.15 ,  0.61 ,  24.71
26 ,  2 ,  1125805 ,  255 ,  0 ,  96.26 ,  0.61 ,  24.71
26 ,  2 ,  1125846 ,  255 ,  0 ,  96.26 ,  0.61 ,  24.80
26 ,  2 ,  1125885 ,  255 ,  0 ,  96.26 ,  0.61 ,  24.80
26 ,  2 ,  1125926 ,  255 ,  0 ,  96.26 ,  0.61 ,  24.80
26 ,  2 ,  1125968 ,  255 ,  0 ,  96.37 ,  0.61 ,  24.80
26 ,  2 ,  1126009 ,  255 ,  0 ,  96.37 ,  0.61 ,  24.90
26 ,  2 ,  1126050 ,  255 ,  0 ,  96.37 ,  0.61 ,  24.90
26 ,  2 ,  1126092 ,  255 ,  0 ,  96.37 ,  0.61 ,  24.80
26 ,  2 ,  1126142 ,  255 ,  0 ,  96.37 ,  0.61 ,  24.90
26 ,  2 ,  1126184 ,  255 ,  0 ,  96.37 ,  0.61 ,  25.00
26 ,  2 ,  1126225 ,  255 ,  0 ,  96.37 ,  0.61 ,  24.90
26 ,  2 ,  1126268 ,  255 ,  0 ,  96.37 ,  0.61 ,  24.90
26 ,  2 ,  1126310 ,  255 ,  0 ,  96.37 ,  0.61 ,  24.90
26 ,  2 ,  1126351 ,  255 ,  0 ,  96.37 ,  0.61 ,  25.00
26 ,  2 ,  1126392 ,  255 ,  0 ,  96.37 ,  0.61 ,  25.00
26 ,  2 ,  1126434 ,  255 ,  0 ,  96.37 ,  0.61 ,  25.00
26 ,  2 ,  1126475 ,  255 ,  0 ,  96.37 ,  0.61 ,  24.90
26 ,  2 ,  1126516 ,  255 ,  0 ,  96.37 ,  0.61 ,  25.00
26 ,  2 ,  1126558 ,  255 ,  0 ,  96.37 ,  0.61 ,  25.00
26 ,  2 ,  1126599 ,  255 ,  0 ,  96.37 ,  0.61 ,  25.00
26 ,  2 ,  1126642 ,  255 ,  0 ,  96.26 ,  0.61 ,  25.00
26 ,  2 ,  1126684 ,  255 ,  0 ,  96.37 ,  0.61 ,  25.00
26 ,  2 ,  1126725 ,  255 ,  0 ,  96.37 ,  0.61 ,  25.10
26 ,  2 ,  1126766 ,  255 ,  0 ,  96.26 ,  0.61 ,  25.10
26 ,  2 ,  1126808 ,  255 ,  0 ,  96.37 ,  0.61 ,  25.10
26 ,  2 ,  1126849 ,  255 ,  0 ,  96.26 ,  0.61 ,  25.10
26 ,  2 ,  1126890 ,  255 ,  0 ,  96.26 ,  0.61 ,  25.10
26 ,  2 ,  1126931 ,  255 ,  0 ,  96.26 ,  0.61 ,  25.10
26 ,  2 ,  1126973 ,  255 ,  0 ,  96.26 ,  0.61 ,  25.10
26 ,  2 ,  1127016 ,  255 ,  0 ,  96.26 ,  0.61 ,  25.10
26 ,  2 ,  1127058 ,  0 ,  200 ,  96.37 ,  0.61 ,  25.10
26 ,  2 ,  1127099 ,  0 ,  200 ,  94.05 ,  0.61 ,  25.10
26 ,  2 ,  1127140 ,  0 ,  200 ,  88.99 ,  0.60 ,  24.71
26 ,  2 ,  1127181 ,  0 ,  200 ,  84.58 ,  0.60 ,  24.01
26 ,  2 ,  1127223 ,  0 ,  200 ,  80.84 ,  0.59 ,  23.42
26 ,  2 ,  1127264 ,  0 ,  200 ,  77.75 ,  0.59 ,  22.82
26 ,  2 ,  1127305 ,  0 ,  200 ,  75.22 ,  0.58 ,  22.32
26 ,  2 ,  1127347 ,  0 ,  200 ,  73.02 ,  0.57 ,  21.83
26 ,  2 ,  1127390 ,  0 ,  200 ,  71.04 ,  0.56 ,  21.33
26 ,  2 ,  1127431 ,  0 ,  200 ,  69.49 ,  0.55 ,  20.94
26 ,  2 ,  1127473 ,  0 ,  200 ,  68.17 ,  0.53 ,  20.54
26 ,  2 ,  1127514 ,  0 ,  200 ,  66.96 ,  0.52 ,  20.34
26 ,  2 ,  1127555 ,  0 ,  200 ,  65.97 ,  0.51 ,  19.94
26 ,  2 ,  1127597 ,  0 ,  200 ,  65.09 ,  0.50 ,  19.74
26 ,  2 ,  1127638 ,  0 ,  200 ,  64.32 ,  0.49 ,  19.55
26 ,  2 ,  1127678 ,  0 ,  200 ,  63.66 ,  0.48 ,  19.25
26 ,  2 ,  1127723 ,  0 ,  200 ,  63.00 ,  0.47 ,  19.05
26 ,  2 ,  1127763 ,  0 ,  200 ,  62.45 ,  0.46 ,  18.85
26 ,  2 ,  1127804 ,  0 ,  200 ,  62.01 ,  0.45 ,  18.65
26 ,  2 ,  1127845 ,  0 ,  200 ,  61.46 ,  0.44 ,  18.55
26 ,  2 ,  1127887 ,  0 ,  200 ,  61.13 ,  0.44 ,  18.45
26 ,  2 ,  1127928 ,  0 ,  200 ,  60.68 ,  0.43 ,  18.26
26 ,  2 ,  1127969 ,  0 ,  200 ,  60.35 ,  0.43 ,  18.16
26 ,  2 ,  1128011 ,  0 ,  200 ,  60.02 ,  0.42 ,  18.06
26 ,  2 ,  1128052 ,  0 ,  200 ,  59.80 ,  0.42 ,  17.96
26 ,  2 ,  1128095 ,  0 ,  200 ,  59.58 ,  0.42 ,  17.86
26 ,  2 ,  1128137 ,  0 ,  200 ,  59.25 ,  0.41 ,  17.76
26 ,  2 ,  1128178 ,  0 ,  200 ,  59.03 ,  0.40 ,  17.66
26 ,  2 ,  1128219 ,  0 ,  200 ,  58.70 ,  0.40 ,  17.56
26 ,  2 ,  1128260 ,  0 ,  200 ,  58.59 ,  0.40 ,  17.46
26 ,  2 ,  1128302 ,  0 ,  200 ,  58.37 ,  0.39 ,  17.46
26 ,  2 ,  1128343 ,  0 ,  200 ,  58.15 ,  0.39 ,  17.36
26 ,  2 ,  1128384 ,  0 ,  200 ,  58.04 ,  0.39 ,  17.26
26 ,  2 ,  1128426 ,  0 ,  200 ,  57.82 ,  0.38 ,  17.26
26 ,  2 ,  1128469 ,  0 ,  200 ,  57.71 ,  0.38 ,  17.16
26 ,  2 ,  1128510 ,  0 ,  200 ,  57.38 ,  0.38 ,  17.07
26 ,  2 ,  1128552 ,  0 ,  200 ,  57.27 ,  0.37 ,  17.07
26 ,  2 ,  1128593 ,  0 ,  200 ,  57.16 ,  0.37 ,  16.97
26 ,  2 ,  1128634 ,  0 ,  200 ,  57.05 ,  0.36 ,  16.87
26 ,  2 ,  1128676 ,  0 ,  200 ,  56.83 ,  0.37 ,  16.87
26 ,  2 ,  1128717 ,  0 ,  200 ,  56.72 ,  0.36 ,  16.77
26 ,  2 ,  1128758 ,  0 ,  200 ,  56.50 ,  0.36 ,  16.77
26 ,  2 ,  1128799 ,  0 ,  200 ,  56.39 ,  0.36 ,  16.67
26 ,  2 ,  1128843 ,  0 ,  200 ,  56.28 ,  0.35 ,  16.67
26 ,  2 ,  1128884 ,  0 ,  200 ,  56.17 ,  0.35 ,  16.57
26 ,  2 ,  1128925 ,  0 ,  200 ,  56.06 ,  0.35 ,  16.57
26 ,  2 ,  1128967 ,  0 ,  200 ,  55.84 ,  0.35 ,  16.47
26 ,  2 ,  1129008 ,  0 ,  200 ,  55.73 ,  0.34 ,  16.47
26 ,  2 ,  1129049 ,  0 ,  200 ,  55.62 ,  0.34 ,  16.37
26 ,  2 ,  1129091 ,  0 ,  200 ,  55.51 ,  0.34 ,  16.37
26 ,  2 ,  1129132 ,  0 ,  200 ,  55.40 ,  0.34 ,  16.27
26 ,  2 ,  1129172 ,  0 ,  200 ,  55.29 ,  0.34 ,  16.27
26 ,  2 ,  1129217 ,  0 ,  200 ,  55.18 ,  0.33 ,  16.17
26 ,  2 ,  1129257 ,  0 ,  200 ,  54.96 ,  0.33 ,  16.17
26 ,  2 ,  1129298 ,  0 ,  200 ,  54.96 ,  0.33 ,  16.17
26 ,  2 ,  1129340 ,  0 ,  200 ,  54.74 ,  0.33 ,  16.07
26 ,  2 ,  1129381 ,  0 ,  200 ,  54.63 ,  0.32 ,  16.07
26 ,  2 ,  1129422 ,  0 ,  200 ,  54.52 ,  0.32 ,  15.97
26 ,  2 ,  1129463 ,  0 ,  200 ,  54.41 ,  0.32 ,  15.97
26 ,  2 ,  1129505 ,  0 ,  200 ,  54.30 ,  0.32 ,  15.88
26 ,  2 ,  1129546 ,  0 ,  200 ,  54.08 ,  0.32 ,  15.88
26 ,  2 ,  1129590 ,  0 ,  200 ,  53.97 ,  0.31 ,  15.78
26 ,  2 ,  1129631 ,  0 ,  200 ,  53.86 ,  0.31 ,  15.78
26 ,  2 ,  1129672 ,  0 ,  200 ,  53.75 ,  0.31 ,  15.68
26 ,  2 ,  1129713 ,  0 ,  200 ,  53.64 ,  0.31 ,  15.68
26 ,  2 ,  1129755 ,  0 ,  200 ,  53.53 ,  0.31 ,  15.58
26 ,  2 ,  1129796 ,  0 ,  200 ,  53.42 ,  0.31 ,  15.58
26 ,  2 ,  1129837 ,  0 ,  200 ,  53.31 ,  0.30 ,  15.58
26 ,  2 ,  1129879 ,  0 ,  200 ,  53.20 ,  0.30 ,  15.48
26 ,  2 ,  1129923 ,  0 ,  200 ,  53.09 ,  0.30 ,  15.48
26 ,  2 ,  1129964 ,  0 ,  200 ,  52.87 ,  0.29 ,  15.38
26 ,  2 ,  1130005 ,  0 ,  200 ,  52.87 ,  0.29 ,  15.38
26 ,  2 ,  1130047 ,  0 ,  200 ,  52.65 ,  0.29 ,  15.28
26 ,  2 ,  1130088 ,  0 ,  200 ,  52.54 ,  0.29 ,  15.28
26 ,  2 ,  1130129 ,  0 ,  200 ,  52.42 ,  0.29 ,  15.18
26 ,  2 ,  1130171 ,  0 ,  200 ,  52.31 ,  0.29 ,  15.18
26 ,  2 ,  1130212 ,  0 ,  200 ,  52.20 ,  0.29 ,  15.08
26 ,  2 ,  1130253 ,  0 ,  200 ,  52.09 ,  0.28 ,  15.08
26 ,  2 ,  1130297 ,  0 ,  200 ,  51.87 ,  0.28 ,  15.08
26 ,  2 ,  1130338 ,  0 ,  200 ,  51.76 ,  0.28 ,  14.98
26 ,  2 ,  1130379 ,  0 ,  200 ,  51.65 ,  0.28 ,  14.98
26 ,  2 ,  1130421 ,  0 ,  200 ,  51.54 ,  0.27 ,  14.88
26 ,  2 ,  1130462 ,  0 ,  200 ,  51.54 ,  0.27 ,  14.88
26 ,  2 ,  1130503 ,  0 ,  200 ,  51.32 ,  0.27 ,  14.78
26 ,  2 ,  1130545 ,  0 ,  200 ,  51.21 ,  0.27 ,  14.78
26 ,  2 ,  1130586 ,  0 ,  200 ,  50.99 ,  0.27 ,  14.68
26 ,  2 ,  1130627 ,  0 ,  200 ,  50.99 ,  0.26 ,  14.68
26 ,  2 ,  1130671 ,  0 ,  200 ,  50.88 ,  0.26 ,  14.68
26 ,  2 ,  1130712 ,  0 ,  200 ,  50.77 ,  0.26 ,  14.59
26 ,  2 ,  1130753 ,  0 ,  200 ,  50.66 ,  0.25 ,  14.59
26 ,  2 ,  1130795 ,  0 ,  200 ,  50.44 ,  0.25 ,  14.49
26 ,  2 ,  1130835 ,  0 ,  200 ,  50.33 ,  0.25 ,  14.39
26 ,  2 ,  1130876 ,  0 ,  200 ,  50.33 ,  0.25 ,  14.39
26 ,  2 ,  1130917 ,  0 ,  200 ,  50.11 ,  0.25 ,  14.29
26 ,  2 ,  1130959 ,  0 ,  200 ,  50.00 ,  0.25 ,  14.29
26 ,  2 ,  1131000 ,  0 ,  200 ,  49.89 ,  0.25 ,  14.29
26 ,  2 ,  1131044 ,  0 ,  200 ,  49.78 ,  0.24 ,  14.19
26 ,  2 ,  1131085 ,  0 ,  200 ,  49.67 ,  0.24 ,  14.19
26 ,  2 ,  1131126 ,  0 ,  200 ,  49.56 ,  0.24 ,  14.09
26 ,  2 ,  1131167 ,  0 ,  200 ,  49.45 ,  0.24 ,  14.09
26 ,  2 ,  1131209 ,  0 ,  200 ,  49.23 ,  0.24 ,  13.99
26 ,  2 ,  1131250 ,  0 ,  200 ,  49.23 ,  0.24 ,  13.99
26 ,  2 ,  1131291 ,  0 ,  200 ,  49.12 ,  0.23 ,  13.89
26 ,  2 ,  1131332 ,  0 ,  200 ,  49.01 ,  0.23 ,  13.89
26 ,  2 ,  1131374 ,  0 ,  200 ,  48.79 ,  0.23 ,  13.89
26 ,  2 ,  1131417 ,  0 ,  200 ,  48.79 ,  0.23 ,  13.79
26 ,  2 ,  1131459 ,  0 ,  200 ,  48.57 ,  0.22 ,  13.69
26 ,  2 ,  1131500 ,  0 ,  200 ,  48.57 ,  0.23 ,  13.69
26 ,  2 ,  1131541 ,  0 ,  200 ,  48.46 ,  0.23 ,  13.69
26 ,  2 ,  1131582 ,  0 ,  200 ,  48.35 ,  0.22 ,  13.59
26 ,  2 ,  1131624 ,  0 ,  200 ,  48.13 ,  0.22 ,  13.59
26 ,  2 ,  1131665 ,  0 ,  200 ,  48.02 ,  0.22 ,  13.49
26 ,  2 ,  1131706 ,  0 ,  200 ,  47.91 ,  0.22 ,  13.49
26 ,  2 ,  1131748 ,  0 ,  200 ,  47.80 ,  0.22 ,  13.39
26 ,  2 ,  1131791 ,  0 ,  200 ,  47.69 ,  0.22 ,  13.39
26 ,  2 ,  1131832 ,  0 ,  200 ,  47.58 ,  0.21 ,  13.30
26 ,  2 ,  1131874 ,  0 ,  200 ,  47.47 ,  0.21 ,  13.30
26 ,  2 ,  1131915 ,  0 ,  200 ,  47.36 ,  0.21 ,  13.30
26 ,  2 ,  1131956 ,  0 ,  200 ,  47.25 ,  0.21 ,  13.20
26 ,  2 ,  1131998 ,  0 ,  200 ,  47.14 ,  0.21 ,  13.20
26 ,  2 ,  1132039 ,  0 ,  200 ,  47.03 ,  0.21 ,  13.10
26 ,  2 ,  1132080 ,  0 ,  200 ,  46.92 ,  0.20 ,  13.10
26 ,  2 ,  1132124 ,  0 ,  200 ,  46.81 ,  0.20 ,  13.00
26 ,  2 ,  1132165 ,  0 ,  200 ,  46.70 ,  0.20 ,  13.00
26 ,  2 ,  1132206 ,  0 ,  200 ,  46.59 ,  0.20 ,  12.90
26 ,  2 ,  1132247 ,  0 ,  200 ,  46.48 ,  0.20 ,  12.90
26 ,  2 ,  1132289 ,  0 ,  200 ,  46.37 ,  0.20 ,  12.80
26 ,  2 ,  1132329 ,  0 ,  200 ,  46.26 ,  0.20 ,  12.80
26 ,  2 ,  1132370 ,  0 ,  200 ,  46.15 ,  0.19 ,  12.80
26 ,  2 ,  1132412 ,  0 ,  200 ,  46.04 ,  0.19 ,  12.70
26 ,  2 ,  1132453 ,  0 ,  200 ,  45.93 ,  0.19 ,  12.60
26 ,  2 ,  1132496 ,  0 ,  200 ,  45.82 ,  0.19 ,  12.60
26 ,  2 ,  1132538 ,  0 ,  200 ,  45.71 ,  0.19 ,  12.50
26 ,  2 ,  1132579 ,  0 ,  200 ,  45.60 ,  0.18 ,  12.50
26 ,  2 ,  1132620 ,  0 ,  200 ,  45.49 ,  0.18 ,  12.50
26 ,  2 ,  1132661 ,  0 ,  200 ,  45.38 ,  0.18 ,  12.40
26 ,  2 ,  1132703 ,  0 ,  200 ,  45.27 ,  0.18 ,  12.40
26 ,  2 ,  1132744 ,  0 ,  200 ,  45.27 ,  0.18 ,  12.30
26 ,  2 ,  1132785 ,  0 ,  200 ,  45.05 ,  0.17 ,  12.30
26 ,  2 ,  1132827 ,  0 ,  200 ,  44.94 ,  0.17 ,  12.20
26 ,  2 ,  1132870 ,  0 ,  200 ,  44.83 ,  0.17 ,  12.20
26 ,  2 ,  1132911 ,  0 ,  200 ,  44.72 ,  0.17 ,  12.10
26 ,  2 ,  1132953 ,  0 ,  200 ,  44.61 ,  0.17 ,  12.10
26 ,  2 ,  1132994 ,  0 ,  200 ,  44.61 ,  0.17 ,  12.10
26 ,  2 ,  1133035 ,  0 ,  200 ,  44.39 ,  0.17 ,  12.01
26 ,  2 ,  1133077 ,  0 ,  200 ,  44.28 ,  0.17 ,  12.01
26 ,  2 ,  1133118 ,  0 ,  200 ,  44.17 ,  0.16 ,  11.91
26 ,  2 ,  1133159 ,  0 ,  200 ,  44.06 ,  0.16 ,  11.91
26 ,  2 ,  1133200 ,  0 ,  200 ,  44.06 ,  0.16 ,  11.81
26 ,  2 ,  1133244 ,  0 ,  200 ,  43.84 ,  0.16 ,  11.81
26 ,  2 ,  1133285 ,  0 ,  200 ,  43.84 ,  0.16 ,  11.71
26 ,  2 ,  1133327 ,  0 ,  200 ,  43.61 ,  0.16 ,  11.71
26 ,  2 ,  1133368 ,  0 ,  200 ,  43.61 ,  0.16 ,  11.71
26 ,  2 ,  1133409 ,  0 ,  200 ,  43.50 ,  0.15 ,  11.61
26 ,  2 ,  1133450 ,  0 ,  200 ,  43.39 ,  0.15 ,  11.61
26 ,  2 ,  1133492 ,  0 ,  200 ,  43.28 ,  0.15 ,  11.51
26 ,  2 ,  1133533 ,  0 ,  200 ,  43.17 ,  0.15 ,  11.51
26 ,  2 ,  1133574 ,  0 ,  200 ,  43.06 ,  0.15 ,  11.51
26 ,  2 ,  1133618 ,  0 ,  200 ,  42.95 ,  0.14 ,  11.41
26 ,  2 ,  1133665 ,  0 ,  200 ,  42.84 ,  0.14 ,  11.31
26 ,  2 ,  1133707 ,  0 ,  200 ,  42.73 ,  0.14 ,  11.31
26 ,  2 ,  1133748 ,  0 ,  200 ,  42.62 ,  0.14 ,  11.31
26 ,  2 ,  1133789 ,  0 ,  200 ,  42.51 ,  0.14 ,  11.21
26 ,  2 ,  1133831 ,  0 ,  200 ,  42.40 ,  0.14 ,  11.21
26 ,  2 ,  1133872 ,  0 ,  200 ,  42.29 ,  0.14 ,  11.21
26 ,  2 ,  1133913 ,  0 ,  200 ,  42.29 ,  0.14 ,  11.11
26 ,  2 ,  1133955 ,  0 ,  200 ,  42.07 ,  0.14 ,  11.11
26 ,  2 ,  1133998 ,  0 ,  200 ,  42.07 ,  0.13 ,  11.01
26 ,  2 ,  1134039 ,  0 ,  200 ,  41.85 ,  0.13 ,  11.01
26 ,  2 ,  1134081 ,  0 ,  200 ,  41.85 ,  0.13 ,  10.91
26 ,  2 ,  1134121 ,  0 ,  200 ,  41.63 ,  0.13 ,  10.91
26 ,  2 ,  1134162 ,  0 ,  200 ,  41.63 ,  0.13 ,  10.81
26 ,  2 ,  1134203 ,  0 ,  200 ,  41.52 ,  0.12 ,  10.81
26 ,  2 ,  1134245 ,  0 ,  200 ,  41.41 ,  0.12 ,  10.81
26 ,  2 ,  1134286 ,  0 ,  200 ,  41.30 ,  0.12 ,  10.72
26 ,  2 ,  1134330 ,  0 ,  200 ,  41.19 ,  0.12 ,  10.72
26 ,  2 ,  1134371 ,  0 ,  200 ,  41.08 ,  0.12 ,  10.62
26 ,  2 ,  1134412 ,  0 ,  200 ,  41.08 ,  0.13 ,  10.62
26 ,  2 ,  1134453 ,  0 ,  200 ,  40.97 ,  0.12 ,  10.52
26 ,  2 ,  1134495 ,  0 ,  200 ,  40.75 ,  0.12 ,  10.52
26 ,  2 ,  1134536 ,  0 ,  200 ,  40.64 ,  0.12 ,  10.52
26 ,  2 ,  1134577 ,  0 ,  200 ,  40.64 ,  0.12 ,  10.42
26 ,  2 ,  1134618 ,  0 ,  200 ,  40.53 ,  0.12 ,  10.42
26 ,  2 ,  1134660 ,  0 ,  200 ,  40.42 ,  0.11 ,  10.32
26 ,  2 ,  1134703 ,  0 ,  200 ,  40.31 ,  0.11 ,  10.32
26 ,  2 ,  1134745 ,  0 ,  200 ,  40.20 ,  0.11 ,  10.32
26 ,  2 ,  1134786 ,  0 ,  200 ,  40.09 ,  0.11 ,  10.22
26 ,  2 ,  1134827 ,  0 ,  200 ,  39.98 ,  0.11 ,  10.22
26 ,  2 ,  1134869 ,  0 ,  200 ,  39.87 ,  0.11 ,  10.12
26 ,  2 ,  1134910 ,  0 ,  200 ,  39.76 ,  0.11 ,  10.12
26 ,  2 ,  1134952 ,  0 ,  200 ,  39.65 ,  0.11 ,  10.02
26 ,  2 ,  1134993 ,  0 ,  200 ,  39.54 ,  0.11 ,  10.02
26 ,  2 ,  1135034 ,  0 ,  200 ,  39.54 ,  0.11 ,  10.02
26 ,  2 ,  1135078 ,  0 ,  200 ,  39.43 ,  0.10 ,  9.92
26 ,  2 ,  1135119 ,  0 ,  200 ,  39.32 ,  0.10 ,  9.92
26 ,  2 ,  1135161 ,  0 ,  200 ,  39.21 ,  0.10 ,  9.82
26 ,  2 ,  1135202 ,  0 ,  200 ,  39.10 ,  0.10 ,  9.82
26 ,  2 ,  1135243 ,  0 ,  200 ,  39.10 ,  0.10 ,  9.82
26 ,  2 ,  1135285 ,  0 ,  200 ,  38.99 ,  0.10 ,  9.72
26 ,  2 ,  1135326 ,  0 ,  200 ,  38.77 ,  0.10 ,  9.72
26 ,  2 ,  1135367 ,  0 ,  200 ,  38.77 ,  0.10 ,  9.62
26 ,  2 ,  1135409 ,  0 ,  200 ,  38.66 ,  0.10 ,  9.62
26 ,  2 ,  1135452 ,  0 ,  200 ,  38.55 ,  0.10 ,  9.53
26 ,  2 ,  1135494 ,  0 ,  200 ,  38.44 ,  0.10 ,  9.53
26 ,  2 ,  1135535 ,  0 ,  200 ,  38.33 ,  0.09 ,  9.53
26 ,  2 ,  1135576 ,  0 ,  200 ,  38.33 ,  0.09 ,  9.43
26 ,  2 ,  1135618 ,  0 ,  200 ,  38.11 ,  0.09 ,  9.43
26 ,  2 ,  1135659 ,  0 ,  200 ,  38.11 ,  0.09 ,  9.33
26 ,  2 ,  1135699 ,  0 ,  200 ,  38.00 ,  0.09 ,  9.33
26 ,  2 ,  1135741 ,  0 ,  200 ,  37.89 ,  0.09 ,  9.23
26 ,  2 ,  1135782 ,  0 ,  200 ,  37.78 ,  0.09 ,  9.23
26 ,  2 ,  1135835 ,  0 ,  200 ,  37.67 ,  0.09 ,  9.23
26 ,  2 ,  1135879 ,  0 ,  200 ,  37.56 ,  0.09 ,  9.13
26 ,  2 ,  1135922 ,  0 ,  200 ,  37.45 ,  0.09 ,  9.13
26 ,  2 ,  1135966 ,  0 ,  200 ,  37.34 ,  0.09 ,  9.03
26 ,  2 ,  1136009 ,  0 ,  200 ,  37.23 ,  0.08 ,  9.03
26 ,  2 ,  1136053 ,  0 ,  200 ,  37.23 ,  0.08 ,  8.93
26 ,  2 ,  1136096 ,  0 ,  200 ,  37.12 ,  0.08 ,  8.93
26 ,  2 ,  1136140 ,  0 ,  200 ,  37.01 ,  0.08 ,  8.83
26 ,  2 ,  1136183 ,  0 ,  200 ,  36.90 ,  0.08 ,  8.83
26 ,  2 ,  1136229 ,  0 ,  200 ,  36.79 ,  0.08 ,  8.83
26 ,  2 ,  1136272 ,  0 ,  200 ,  36.68 ,  0.08 ,  8.73
26 ,  2 ,  1136315 ,  0 ,  200 ,  36.57 ,  0.08 ,  8.73
26 ,  2 ,  1136359 ,  0 ,  200 ,  36.46 ,  0.08 ,  8.73
26 ,  2 ,  1136402 ,  0 ,  200 ,  36.35 ,  0.08 ,  8.63
26 ,  2 ,  1136445 ,  0 ,  200 ,  36.24 ,  0.08 ,  8.63
26 ,  2 ,  1136489 ,  0 ,  200 ,  36.13 ,  0.08 ,  8.63
26 ,  2 ,  1136532 ,  0 ,  200 ,  36.02 ,  0.07 ,  8.53
26 ,  2 ,  1136575 ,  0 ,  200 ,  36.02 ,  0.08 ,  8.53
26 ,  2 ,  1136621 ,  0 ,  200 ,  35.91 ,  0.07 ,  8.43
26 ,  2 ,  1136664 ,  0 ,  200 ,  35.80 ,  0.07 ,  8.43
26 ,  2 ,  1136707 ,  0 ,  200 ,  35.69 ,  0.07 ,  8.43
26 ,  2 ,  1136751 ,  0 ,  200 ,  35.58 ,  0.07 ,  8.33
26 ,  2 ,  1136794 ,  0 ,  200 ,  35.58 ,  0.07 ,  8.24
26 ,  2 ,  1136837 ,  0 ,  200 ,  35.36 ,  0.07 ,  8.24
26 ,  2 ,  1136880 ,  0 ,  200 ,  35.25 ,  0.07 ,  8.24
26 ,  2 ,  1136924 ,  0 ,  200 ,  35.25 ,  0.07 ,  8.24
26 ,  2 ,  1136967 ,  0 ,  200 ,  35.13 ,  0.07 ,  8.24
26 ,  2 ,  1137012 ,  0 ,  200 ,  35.02 ,  0.07 ,  8.14
26 ,  2 ,  1137056 ,  0 ,  200 ,  34.91 ,  0.07 ,  8.04
26 ,  2 ,  1137099 ,  0 ,  200 ,  34.80 ,  0.07 ,  8.04
26 ,  2 ,  1137142 ,  0 ,  200 ,  34.69 ,  0.07 ,  8.04
26 ,  2 ,  1137186 ,  0 ,  200 ,  34.58 ,  0.07 ,  8.04
26 ,  2 ,  1137229 ,  0 ,  200 ,  34.47 ,  0.07 ,  7.94
26 ,  2 ,  1137272 ,  0 ,  200 ,  34.47 ,  0.07 ,  7.94
26 ,  2 ,  1137315 ,  0 ,  200 ,  34.36 ,  0.07 ,  7.84
26 ,  2 ,  1137359 ,  0 ,  200 ,  34.25 ,  0.07 ,  7.84
26 ,  2 ,  1137404 ,  0 ,  200 ,  34.14 ,  0.07 ,  7.84
26 ,  2 ,  1137448 ,  0 ,  200 ,  34.03 ,  0.06 ,  7.74
26 ,  2 ,  1137491 ,  0 ,  200 ,  34.03 ,  0.06 ,  7.74
26 ,  2 ,  1137536 ,  0 ,  200 ,  33.92 ,  0.06 ,  7.64
26 ,  2 ,  1137579 ,  0 ,  200 ,  33.81 ,  0.06 ,  7.64
26 ,  2 ,  1137622 ,  0 ,  200 ,  33.70 ,  0.06 ,  7.64
26 ,  2 ,  1137666 ,  0 ,  200 ,  33.59 ,  0.06 ,  7.64
26 ,  2 ,  1137709 ,  0 ,  200 ,  33.48 ,  0.06 ,  7.64
26 ,  2 ,  1137752 ,  0 ,  200 ,  33.48 ,  0.06 ,  7.54
26 ,  2 ,  1137798 ,  0 ,  200 ,  33.37 ,  0.06 ,  7.54
26 ,  2 ,  1137841 ,  0 ,  200 ,  33.15 ,  0.07 ,  7.44
26 ,  2 ,  1137884 ,  0 ,  200 ,  33.15 ,  0.06 ,  7.44
26 ,  2 ,  1137928 ,  0 ,  200 ,  33.04 ,  0.06 ,  7.44
26 ,  2 ,  1137971 ,  0 ,  200 ,  32.93 ,  0.06 ,  7.44
26 ,  2 ,  1138014 ,  0 ,  200 ,  32.93 ,  0.06 ,  7.34
26 ,  2 ,  1138057 ,  0 ,  200 ,  32.82 ,  0.06 ,  7.34
26 ,  2 ,  1138101 ,  0 ,  200 ,  32.71 ,  0.06 ,  7.34
26 ,  2 ,  1138144 ,  0 ,  200 ,  32.60 ,  0.06 ,  7.24
26 ,  2 ,  1138190 ,  0 ,  200 ,  32.60 ,  0.06 ,  7.24
26 ,  2 ,  1138233 ,  0 ,  200 ,  32.38 ,  0.06 ,  7.14
26 ,  2 ,  1138276 ,  0 ,  200 ,  32.38 ,  0.06 ,  7.14
26 ,  2 ,  1138319 ,  0 ,  200 ,  32.16 ,  0.06 ,  7.14
26 ,  2 ,  1138363 ,  0 ,  200 ,  32.16 ,  0.06 ,  7.04
26 ,  2 ,  1138406 ,  0 ,  200 ,  32.05 ,  0.06 ,  7.04
26 ,  2 ,  1138449 ,  0 ,  200 ,  31.94 ,  0.06 ,  7.04
26 ,  2 ,  1138493 ,  0 ,  200 ,  31.83 ,  0.06 ,  6.95
26 ,  2 ,  1138536 ,  0 ,  200 ,  31.72 ,  0.05 ,  6.95
26 ,  2 ,  1138581 ,  0 ,  200 ,  31.72 ,  0.05 ,  6.95
26 ,  2 ,  1138625 ,  0 ,  200 ,  31.61 ,  0.05 ,  6.85
26 ,  2 ,  1138668 ,  0 ,  200 ,  31.50 ,  0.05 ,  6.85
26 ,  2 ,  1138711 ,  0 ,  200 ,  31.39 ,  0.05 ,  6.85
26 ,  2 ,  1138754 ,  0 ,  200 ,  31.28 ,  0.06 ,  6.85
26 ,  2 ,  1138798 ,  0 ,  200 ,  31.28 ,  0.05 ,  6.75
26 ,  2 ,  1138841 ,  0 ,  200 ,  31.17 ,  0.05 ,  6.75
26 ,  2 ,  1138884 ,  0 ,  200 ,  31.06 ,  0.05 ,  6.75
26 ,  2 ,  1138928 ,  0 ,  200 ,  31.06 ,  0.05 ,  6.65
26 ,  2 ,  1138973 ,  0 ,  200 ,  30.95 ,  0.05 ,  6.65
26 ,  2 ,  1139016 ,  0 ,  200 ,  30.73 ,  0.05 ,  6.65
26 ,  2 ,  1139060 ,  0 ,  200 ,  30.73 ,  0.05 ,  6.65
26 ,  2 ,  1139103 ,  0 ,  200 ,  30.62 ,  0.05 ,  6.55
26 ,  2 ,  1139146 ,  0 ,  200 ,  30.51 ,  0.05 ,  6.55
26 ,  2 ,  1139190 ,  0 ,  200 ,  30.51 ,  0.05 ,  6.55
26 ,  2 ,  1139233 ,  0 ,  200 ,  30.40 ,  0.05 ,  6.45
26 ,  2 ,  1139276 ,  0 ,  200 ,  30.29 ,  0.05 ,  6.45
26 ,  2 ,  1139319 ,  0 ,  200 ,  30.18 ,  0.05 ,  6.45
26 ,  2 ,  1139365 ,  0 ,  200 ,  30.07 ,  0.05 ,  6.35
26 ,  2 ,  1139408 ,  0 ,  200 ,  30.07 ,  0.05 ,  6.35
26 ,  2 ,  1139452 ,  0 ,  200 ,  29.85 ,  0.05 ,  6.25
26 ,  2 ,  1139495 ,  0 ,  200 ,  29.85 ,  0.05 ,  6.35
26 ,  2 ,  1139538 ,  0 ,  200 ,  29.74 ,  0.05 ,  6.25
26 ,  2 ,  1139581 ,  0 ,  200 ,  29.74 ,  0.05 ,  6.25
26 ,  2 ,  1139625 ,  0 ,  200 ,  29.63 ,  0.05 ,  6.25
26 ,  2 ,  1139668 ,  0 ,  200 ,  29.52 ,  0.05 ,  6.15
26 ,  2 ,  1139712 ,  0 ,  200 ,  29.41 ,  0.05 ,  6.15
26 ,  2 ,  1139758 ,  0 ,  200 ,  29.30 ,  0.05 ,  6.15
26 ,  2 ,  1139801 ,  0 ,  200 ,  29.19 ,  0.05 ,  6.15
26 ,  2 ,  1139844 ,  0 ,  200 ,  29.19 ,  0.05 ,  6.05
26 ,  2 ,  1139888 ,  0 ,  200 ,  29.08 ,  0.05 ,  6.05
26 ,  2 ,  1139931 ,  0 ,  200 ,  28.97 ,  0.05 ,  6.05
26 ,  2 ,  1139974 ,  0 ,  200 ,  28.97 ,  0.05 ,  5.95
26 ,  2 ,  1140017 ,  0 ,  200 ,  28.86 ,  0.05 ,  5.95
26 ,  2 ,  1140061 ,  0 ,  200 ,  28.75 ,  0.05 ,  5.95
26 ,  2 ,  1140104 ,  0 ,  200 ,  28.64 ,  0.05 ,  5.95
26 ,  2 ,  1140150 ,  0 ,  200 ,  28.64 ,  0.05 ,  5.85
26 ,  2 ,  1140193 ,  0 ,  200 ,  28.53 ,  0.04 ,  5.85
26 ,  2 ,  1140236 ,  0 ,  200 ,  28.42 ,  0.04 ,  5.85
26 ,  2 ,  1140279 ,  0 ,  200 ,  28.31 ,  0.05 ,  5.75
26 ,  2 ,  1140323 ,  0 ,  200 ,  28.20 ,  0.05 ,  5.75
26 ,  2 ,  1140366 ,  0 ,  200 ,  28.20 ,  0.04 ,  5.75
26 ,  2 ,  1140409 ,  0 ,  200 ,  28.09 ,  0.05 ,  5.75
26 ,  2 ,  1140453 ,  0 ,  200 ,  27.98 ,  0.05 ,  5.66
26 ,  2 ,  1140496 ,  0 ,  200 ,  27.87 ,  0.04 ,  5.66
26 ,  2 ,  1140541 ,  0 ,  200 ,  27.87 ,  0.05 ,  5.66
26 ,  2 ,  1140585 ,  0 ,  200 ,  27.76 ,  0.05 ,  5.66
26 ,  2 ,  1140628 ,  0 ,  200 ,  27.65 ,  0.05 ,  5.56
26 ,  2 ,  1140671 ,  0 ,  200 ,  27.54 ,  0.04 ,  5.56
26 ,  2 ,  1140715 ,  0 ,  200 ,  27.43 ,  0.05 ,  5.56
26 ,  2 ,  1140758 ,  0 ,  200 ,  27.43 ,  0.04 ,  5.46
26 ,  2 ,  1140801 ,  0 ,  200 ,  27.32 ,  0.05 ,  5.46
26 ,  2 ,  1140844 ,  0 ,  200 ,  27.32 ,  0.05 ,  5.46
26 ,  2 ,  1140888 ,  0 ,  200 ,  27.21 ,  0.04 ,  5.46
26 ,  2 ,  1140933 ,  0 ,  200 ,  27.10 ,  0.04 ,  5.46
26 ,  2 ,  1140976 ,  0 ,  200 ,  26.99 ,  0.04 ,  5.36
26 ,  2 ,  1141020 ,  0 ,  200 ,  26.88 ,  0.04 ,  5.36
26 ,  2 ,  1141063 ,  0 ,  200 ,  26.88 ,  0.04 ,  5.26
26 ,  2 ,  1141106 ,  0 ,  200 ,  26.77 ,  0.04 ,  5.36
26 ,  2 ,  1141150 ,  0 ,  200 ,  26.66 ,  0.05 ,  5.26
26 ,  2 ,  1141193 ,  0 ,  200 ,  26.55 ,  0.04 ,  5.26
26 ,  2 ,  1141236 ,  0 ,  200 ,  26.55 ,  0.04 ,  5.26
26 ,  2 ,  1141279 ,  0 ,  200 ,  26.43 ,  0.04 ,  5.26
26 ,  2 ,  1141325 ,  0 ,  200 ,  26.32 ,  0.04 ,  5.16
26 ,  2 ,  1141368 ,  0 ,  200 ,  26.32 ,  0.04 ,  5.16
26 ,  2 ,  1141412 ,  0 ,  200 ,  26.21 ,  0.04 ,  5.16
26 ,  2 ,  1141456 ,  0 ,  200 ,  26.10 ,  0.04 ,  5.06
26 ,  2 ,  1141499 ,  0 ,  200 ,  26.10 ,  0.04 ,  5.16
26 ,  2 ,  1141542 ,  0 ,  200 ,  25.99 ,  0.04 ,  5.06
26 ,  2 ,  1141585 ,  0 ,  200 ,  25.88 ,  0.04 ,  5.06
26 ,  2 ,  1141629 ,  0 ,  200 ,  25.77 ,  0.04 ,  5.06
26 ,  2 ,  1141682 ,  0 ,  200 ,  25.66 ,  0.04 ,  5.06
26 ,  2 ,  1141728 ,  0 ,  200 ,  25.66 ,  0.04 ,  4.96
26 ,  2 ,  1141771 ,  0 ,  200 ,  25.55 ,  0.04 ,  4.96
26 ,  2 ,  1141815 ,  0 ,  200 ,  25.55 ,  0.04 ,  4.96
26 ,  2 ,  1141858 ,  0 ,  200 ,  25.44 ,  0.04 ,  4.86
26 ,  2 ,  1141901 ,  0 ,  200 ,  25.33 ,  0.04 ,  4.86
26 ,  2 ,  1141944 ,  0 ,  200 ,  25.33 ,  0.04 ,  4.86
26 ,  2 ,  1141988 ,  0 ,  200 ,  25.22 ,  0.04 ,  4.86
26 ,  2 ,  1142031 ,  0 ,  200 ,  25.11 ,  0.04 ,  4.86
26 ,  2 ,  1142074 ,  0 ,  200 ,  25.00 ,  0.04 ,  4.86
26 ,  2 ,  1142120 ,  0 ,  200 ,  25.00 ,  0.04 ,  4.76
26 ,  2 ,  1142163 ,  0 ,  200 ,  24.89 ,  0.04 ,  4.76
26 ,  2 ,  1142206 ,  0 ,  200 ,  24.89 ,  0.04 ,  4.76
26 ,  2 ,  1142250 ,  0 ,  200 ,  24.78 ,  0.04 ,  4.76
26 ,  2 ,  1142293 ,  0 ,  200 ,  24.67 ,  0.04 ,  4.66
26 ,  2 ,  1142336 ,  0 ,  200 ,  24.56 ,  0.04 ,  4.66
26 ,  2 ,  1142379 ,  0 ,  200 ,  24.56 ,  0.04 ,  4.66
26 ,  2 ,  1142423 ,  0 ,  200 ,  24.45 ,  0.04 ,  4.66
26 ,  2 ,  1142466 ,  0 ,  200 ,  24.34 ,  0.04 ,  4.56
26 ,  2 ,  1142511 ,  0 ,  200 ,  24.34 ,  0.04 ,  4.56
26 ,  2 ,  1142555 ,  0 ,  200 ,  24.12 ,  0.04 ,  4.56
26 ,  2 ,  1142598 ,  0 ,  200 ,  24.12 ,  0.04 ,  4.56
26 ,  2 ,  1142641 ,  0 ,  200 ,  24.01 ,  0.04 ,  4.56
26 ,  2 ,  1142685 ,  0 ,  200 ,  24.01 ,  0.03 ,  4.46
26 ,  2 ,  1142728 ,  0 ,  200 ,  23.90 ,  0.04 ,  4.46
26 ,  2 ,  1142771 ,  0 ,  200 ,  23.79 ,  0.04 ,  4.46
26 ,  2 ,  1142814 ,  0 ,  200 ,  23.79 ,  0.04 ,  4.37
26 ,  2 ,  1142858 ,  0 ,  200 ,  23.79 ,  0.04 ,  4.46
26 ,  2 ,  1142903 ,  0 ,  200 ,  23.57 ,  0.04 ,  4.37
26 ,  2 ,  1142946 ,  0 ,  200 ,  23.57 ,  0.04 ,  4.37
26 ,  2 ,  1142990 ,  0 ,  200 ,  23.46 ,  0.04 ,  4.37
26 ,  2 ,  1143033 ,  0 ,  200 ,  23.35 ,  0.04 ,  4.37
26 ,  2 ,  1143076 ,  0 ,  200 ,  23.35 ,  0.04 ,  4.37
26 ,  2 ,  1143120 ,  0 ,  200 ,  23.35 ,  0.04 ,  4.37
26 ,  2 ,  1143163 ,  0 ,  200 ,  23.13 ,  0.04 ,  4.27
26 ,  2 ,  1143206 ,  0 ,  200 ,  23.13 ,  0.04 ,  4.27
26 ,  2 ,  1143249 ,  0 ,  200 ,  23.02 ,  0.04 ,  4.27
26 ,  2 ,  1143296 ,  0 ,  200 ,  23.02 ,  0.04 ,  4.27
26 ,  2 ,  1143339 ,  0 ,  200 ,  22.91 ,  0.03 ,  4.17
26 ,  2 ,  1143382 ,  0 ,  200 ,  22.80 ,  0.04 ,  4.17
26 ,  2 ,  1143426 ,  0 ,  200 ,  22.80 ,  0.04 ,  4.17
26 ,  2 ,  1143469 ,  0 ,  200 ,  22.69 ,  0.04 ,  4.17
26 ,  2 ,  1143512 ,  0 ,  200 ,  22.69 ,  0.04 ,  4.17
26 ,  2 ,  1143555 ,  0 ,  200 ,  22.58 ,  0.04 ,  4.17
26 ,  2 ,  1143599 ,  0 ,  200 ,  22.47 ,  0.04 ,  4.07
26 ,  2 ,  1143642 ,  0 ,  200 ,  22.47 ,  0.04 ,  4.07
26 ,  2 ,  1143687 ,  0 ,  200 ,  22.36 ,  0.04 ,  4.07
26 ,  2 ,  1143731 ,  0 ,  200 ,  22.25 ,  0.03 ,  4.07
26 ,  2 ,  1143774 ,  0 ,  200 ,  22.14 ,  0.03 ,  4.07
26 ,  2 ,  1143817 ,  0 ,  200 ,  22.14 ,  0.04 ,  3.97
26 ,  2 ,  1143861 ,  0 ,  200 ,  22.14 ,  0.04 ,  3.97
26 ,  2 ,  1143904 ,  0 ,  200 ,  22.03 ,  0.03 ,  3.97
26 ,  2 ,  1143947 ,  0 ,  200 ,  21.92 ,  0.04 ,  3.97
26 ,  2 ,  1143990 ,  0 ,  200 ,  21.81 ,  0.04 ,  3.87
26 ,  2 ,  1144034 ,  0 ,  200 ,  21.81 ,  0.04 ,  3.87
26 ,  2 ,  1144079 ,  0 ,  200 ,  21.70 ,  0.04 ,  3.87
26 ,  2 ,  1144122 ,  0 ,  200 ,  21.70 ,  0.04 ,  3.87
26 ,  2 ,  1144166 ,  0 ,  200 ,  21.59 ,  0.04 ,  3.87
26 ,  2 ,  1144209 ,  0 ,  200 ,  21.48 ,  0.03 ,  3.87
26 ,  2 ,  1144252 ,  0 ,  200 ,  21.48 ,  0.04 ,  3.87
26 ,  2 ,  1144295 ,  0 ,  200 ,  21.37 ,  0.03 ,  3.87
26 ,  2 ,  1144339 ,  0 ,  200 ,  21.37 ,  0.04 ,  3.77
26 ,  2 ,  1144382 ,  0 ,  200 ,  21.26 ,  0.03 ,  3.77
26 ,  2 ,  1144425 ,  0 ,  200 ,  21.26 ,  0.04 ,  3.77
26 ,  2 ,  1144471 ,  0 ,  200 ,  21.15 ,  0.04 ,  3.77
26 ,  2 ,  1144514 ,  0 ,  200 ,  21.04 ,  0.04 ,  3.77
26 ,  2 ,  1144557 ,  0 ,  200 ,  21.04 ,  0.04 ,  3.77
26 ,  2 ,  1144601 ,  0 ,  200 ,  20.93 ,  0.03 ,  3.67
26 ,  2 ,  1144644 ,  0 ,  200 ,  20.93 ,  0.03 ,  3.67
26 ,  2 ,  1144687 ,  0 ,  200 ,  20.82 ,  0.03 ,  3.67
26 ,  2 ,  1144730 ,  0 ,  200 ,  20.71 ,  0.03 ,  3.67
26 ,  2 ,  1144774 ,  0 ,  200 ,  20.71 ,  0.04 ,  3.67
26 ,  2 ,  1144817 ,  0 ,  200 ,  20.60 ,  0.04 ,  3.67
26 ,  2 ,  1144862 ,  0 ,  200 ,  20.60 ,  0.03 ,  3.57
26 ,  2 ,  1144906 ,  0 ,  200 ,  20.49 ,  0.03 ,  3.57
26 ,  2 ,  1144949 ,  0 ,  200 ,  20.49 ,  0.04 ,  3.57
26 ,  2 ,  1144992 ,  0 ,  200 ,  20.38 ,  0.03 ,  3.57
26 ,  2 ,  1145036 ,  0 ,  200 ,  20.27 ,  0.04 ,  3.57
26 ,  2 ,  1145079 ,  0 ,  200 ,  20.27 ,  0.03 ,  3.57
26 ,  2 ,  1145122 ,  0 ,  200 ,  20.16 ,  0.03 ,  3.47
26 ,  2 ,  1145165 ,  0 ,  200 ,  20.16 ,  0.03 ,  3.47
26 ,  2 ,  1145209 ,  0 ,  200 ,  20.05 ,  0.03 ,  3.47
26 ,  2 ,  1145254 ,  0 ,  200 ,  19.94 ,  0.03 ,  3.47
26 ,  2 ,  1145297 ,  0 ,  200 ,  20.05 ,  0.03 ,  3.47
26 ,  2 ,  1145341 ,  0 ,  200 ,  19.94 ,  0.03 ,  3.47
26 ,  2 ,  1145384 ,  0 ,  200 ,  19.83 ,  0.03 ,  3.47
26 ,  2 ,  1145427 ,  0 ,  200 ,  19.72 ,  0.04 ,  3.37
26 ,  2 ,  1145472 ,  0 ,  200 ,  19.72 ,  0.04 ,  3.37
26 ,  2 ,  1145515 ,  0 ,  200 ,  19.61 ,  0.03 ,  3.37
26 ,  2 ,  1145558 ,  0 ,  200 ,  19.61 ,  0.03 ,  3.37
26 ,  2 ,  1145601 ,  0 ,  200 ,  19.50 ,  0.03 ,  3.37
26 ,  2 ,  1145648 ,  0 ,  200 ,  19.39 ,  0.03 ,  3.37
26 ,  2 ,  1145691 ,  0 ,  200 ,  19.39 ,  0.04 ,  3.27
26 ,  2 ,  1145734 ,  0 ,  200 ,  19.28 ,  0.03 ,  3.27
26 ,  2 ,  1145777 ,  0 ,  200 ,  19.28 ,  0.04 ,  3.27
26 ,  2 ,  1145821 ,  0 ,  200 ,  19.17 ,  0.03 ,  3.27
26 ,  2 ,  1145864 ,  0 ,  200 ,  19.17 ,  0.03 ,  3.27
26 ,  2 ,  1145907 ,  0 ,  200 ,  19.06 ,  0.03 ,  3.27
26 ,  2 ,  1145950 ,  0 ,  200 ,  19.06 ,  0.03 ,  3.27
26 ,  2 ,  1145994 ,  0 ,  200 ,  18.95 ,  0.03 ,  3.17
26 ,  2 ,  1146039 ,  0 ,  200 ,  18.84 ,  0.03 ,  3.17
26 ,  2 ,  1146082 ,  0 ,  200 ,  18.84 ,  0.03 ,  3.17
26 ,  2 ,  1146126 ,  0 ,  200 ,  18.84 ,  0.04 ,  3.17
26 ,  2 ,  1146169 ,  0 ,  200 ,  18.73 ,  0.04 ,  3.17
26 ,  2 ,  1146212 ,  0 ,  200 ,  18.73 ,  0.03 ,  3.17
26 ,  2 ,  1146256 ,  0 ,  200 ,  18.62 ,  0.04 ,  3.17
26 ,  2 ,  1146299 ,  0 ,  200 ,  18.62 ,  0.03 ,  3.08
26 ,  2 ,  1146342 ,  0 ,  200 ,  18.51 ,  0.03 ,  3.08
26 ,  2 ,  1146388 ,  0 ,  200 ,  18.51 ,  0.03 ,  3.08
26 ,  2 ,  1146431 ,  0 ,  200 ,  18.40 ,  0.03 ,  3.08
26 ,  2 ,  1146474 ,  0 ,  200 ,  18.40 ,  0.03 ,  3.08
26 ,  2 ,  1146517 ,  0 ,  200 ,  18.29 ,  0.03 ,  3.08
26 ,  2 ,  1146561 ,  0 ,  200 ,  18.18 ,  0.03 ,  2.98
26 ,  2 ,  1146604 ,  0 ,  200 ,  18.18 ,  0.03 ,  2.98
26 ,  2 ,  1146647 ,  0 ,  200 ,  18.07 ,  0.03 ,  2.98
26 ,  2 ,  1146691 ,  0 ,  200 ,  18.07 ,  0.03 ,  2.98
26 ,  2 ,  1146734 ,  0 ,  200 ,  17.96 ,  0.03 ,  2.98
26 ,  2 ,  1146779 ,  0 ,  200 ,  17.96 ,  0.03 ,  2.98
26 ,  2 ,  1146823 ,  0 ,  200 ,  17.85 ,  0.03 ,  2.98
26 ,  2 ,  1146866 ,  0 ,  200 ,  17.85 ,  0.04 ,  2.98
26 ,  2 ,  1146909 ,  0 ,  200 ,  17.85 ,  0.03 ,  2.88
26 ,  2 ,  1146971 ,  0 ,  200 ,  17.73 ,  0.03 ,  2.88
26 ,  2 ,  1147014 ,  0 ,  200 ,  17.62 ,  0.03 ,  2.88
26 ,  2 ,  1147057 ,  0 ,  200 ,  17.62 ,  0.03 ,  2.88
26 ,  2 ,  1147100 ,  0 ,  200 ,  17.51 ,  0.03 ,  2.88
26 ,  2 ,  1147144 ,  0 ,  200 ,  17.51 ,  0.04 ,  2.88
26 ,  2 ,  1147189 ,  0 ,  200 ,  17.40 ,  0.03 ,  2.88
26 ,  2 ,  1147232 ,  0 ,  200 ,  17.40 ,  0.03 ,  2.88
26 ,  2 ,  1147276 ,  0 ,  200 ,  17.40 ,  0.03 ,  2.88
26 ,  2 ,  1147319 ,  0 ,  200 ,  17.29 ,  0.04 ,  2.78
26 ,  2 ,  1147363 ,  0 ,  200 ,  17.18 ,  0.03 ,  2.78
26 ,  2 ,  1147406 ,  0 ,  200 ,  17.18 ,  0.03 ,  2.78
26 ,  2 ,  1147449 ,  0 ,  200 ,  17.07 ,  0.03 ,  2.78
26 ,  2 ,  1147493 ,  0 ,  200 ,  17.07 ,  0.03 ,  2.78
26 ,  2 ,  1147536 ,  0 ,  200 ,  16.96 ,  0.03 ,  2.78
26 ,  2 ,  1147582 ,  0 ,  200 ,  16.85 ,  0.03 ,  2.78
26 ,  2 ,  1147625 ,  0 ,  200 ,  16.96 ,  0.03 ,  2.68
26 ,  2 ,  1147668 ,  0 ,  200 ,  16.85 ,  0.03 ,  2.78
26 ,  2 ,  1147712 ,  0 ,  200 ,  16.74 ,  0.03 ,  2.68
26 ,  2 ,  1147755 ,  0 ,  200 ,  16.85 ,  0.03 ,  2.68
26 ,  2 ,  1147798 ,  0 ,  200 ,  16.74 ,  0.03 ,  2.68
26 ,  2 ,  1147842 ,  0 ,  200 ,  16.63 ,  0.03 ,  2.68
26 ,  2 ,  1147885 ,  0 ,  200 ,  16.63 ,  0.03 ,  2.68
26 ,  2 ,  1147929 ,  0 ,  200 ,  16.52 ,  0.03 ,  2.68
26 ,  2 ,  1147974 ,  0 ,  200 ,  16.52 ,  0.03 ,  2.68
26 ,  2 ,  1148018 ,  0 ,  200 ,  16.41 ,  0.03 ,  2.68
26 ,  2 ,  1148061 ,  0 ,  200 ,  16.41 ,  0.03 ,  2.58
26 ,  2 ,  1148104 ,  0 ,  200 ,  16.41 ,  0.03 ,  2.58
26 ,  2 ,  1148148 ,  0 ,  200 ,  16.30 ,  0.03 ,  2.58
26 ,  2 ,  1148191 ,  0 ,  200 ,  16.30 ,  0.03 ,  2.58
26 ,  2 ,  1148234 ,  0 ,  200 ,  16.08 ,  0.03 ,  2.58
26 ,  2 ,  1148278 ,  0 ,  200 ,  16.08 ,  0.03 ,  2.58
26 ,  2 ,  1148321 ,  0 ,  200 ,  16.08 ,  0.04 ,  2.58
26 ,  2 ,  1148374 ,  0 ,  200 ,  16.08 ,  0.03 ,  2.48
26 ,  2 ,  1148418 ,  0 ,  200 ,  15.97 ,  0.03 ,  2.58
26 ,  2 ,  1148462 ,  0 ,  200 ,  15.97 ,  0.03 ,  2.48
26 ,  2 ,  1148505 ,  0 ,  200 ,  15.86 ,  0.03 ,  2.48
26 ,  2 ,  1148548 ,  0 ,  200 ,  15.86 ,  0.03 ,  2.48
26 ,  2 ,  1148592 ,  0 ,  200 ,  15.75 ,  0.03 ,  2.48
26 ,  2 ,  1148635 ,  0 ,  200 ,  15.75 ,  0.03 ,  2.48
26 ,  2 ,  1148679 ,  0 ,  200 ,  15.75 ,  0.03 ,  2.48
26 ,  2 ,  1148722 ,  0 ,  200 ,  15.64 ,  0.03 ,  2.48
26 ,  2 ,  1148768 ,  0 ,  200 ,  15.64 ,  0.03 ,  2.38
26 ,  2 ,  1148811 ,  0 ,  200 ,  15.53 ,  0.03 ,  2.38
26 ,  2 ,  1148855 ,  0 ,  200 ,  15.53 ,  0.03 ,  2.38
26 ,  2 ,  1148898 ,  0 ,  200 ,  15.42 ,  0.03 ,  2.38
26 ,  2 ,  1148941 ,  0 ,  200 ,  15.42 ,  0.03 ,  2.38
26 ,  2 ,  1148985 ,  0 ,  200 ,  15.42 ,  0.03 ,  2.38
26 ,  2 ,  1149028 ,  0 ,  200 ,  15.31 ,  0.03 ,  2.38
26 ,  2 ,  1149071 ,  0 ,  200 ,  15.20 ,  0.03 ,  2.38
26 ,  2 ,  1149114 ,  0 ,  200 ,  15.20 ,  0.03 ,  2.38
26 ,  2 ,  1149160 ,  0 ,  200 ,  15.20 ,  0.03 ,  2.38
26 ,  2 ,  1149203 ,  0 ,  200 ,  15.20 ,  0.03 ,  2.38
26 ,  2 ,  1149247 ,  0 ,  200 ,  15.09 ,  0.03 ,  2.38
26 ,  2 ,  1149290 ,  0 ,  200 ,  15.09 ,  0.03 ,  2.28
26 ,  2 ,  1149333 ,  0 ,  200 ,  14.98 ,  0.04 ,  2.28
26 ,  2 ,  1149376 ,  0 ,  200 ,  14.98 ,  0.03 ,  2.28
26 ,  2 ,  1149420 ,  0 ,  200 ,  14.87 ,  0.03 ,  2.28
26 ,  2 ,  1149463 ,  0 ,  200 ,  14.87 ,  0.03 ,  2.28
26 ,  2 ,  1149506 ,  0 ,  200 ,  14.76 ,  0.03 ,  2.28
26 ,  2 ,  1149552 ,  0 ,  200 ,  14.76 ,  0.03 ,  2.28
26 ,  2 ,  1149595 ,  0 ,  200 ,  14.76 ,  0.03 ,  2.28
26 ,  2 ,  1149638 ,  0 ,  200 ,  14.65 ,  0.03 ,  2.28
26 ,  2 ,  1149682 ,  0 ,  200 ,  14.65 ,  0.03 ,  2.28
26 ,  2 ,  1149725 ,  0 ,  200 ,  14.65 ,  0.03 ,  2.28
26 ,  2 ,  1149768 ,  0 ,  200 ,  14.54 ,  0.03 ,  2.28
26 ,  2 ,  1149812 ,  0 ,  200 ,  14.54 ,  0.03 ,  2.18
26 ,  2 ,  1149855 ,  0 ,  200 ,  14.43 ,  0.03 ,  2.18
26 ,  2 ,  1149898 ,  0 ,  200 ,  14.43 ,  0.03 ,  2.18
26 ,  2 ,  1149944 ,  0 ,  200 ,  14.32 ,  0.03 ,  2.18
26 ,  2 ,  1149987 ,  0 ,  200 ,  14.43 ,  0.03 ,  2.18
26 ,  2 ,  1150030 ,  0 ,  200 ,  14.32 ,  0.03 ,  2.18
26 ,  2 ,  1150074 ,  0 ,  200 ,  14.21 ,  0.03 ,  2.18
26 ,  2 ,  1150117 ,  0 ,  200 ,  14.21 ,  0.03 ,  2.18
26 ,  2 ,  1150160 ,  0 ,  200 ,  14.21 ,  0.03 ,  2.18
26 ,  2 ,  1150203 ,  0 ,  200 ,  14.21 ,  0.03 ,  2.18
26 ,  2 ,  1150247 ,  0 ,  200 ,  14.10 ,  0.03 ,  2.18
26 ,  2 ,  1150290 ,  0 ,  200 ,  13.99 ,  0.03 ,  2.18
26 ,  2 ,  1150331 ,  0 ,  200 ,  13.99 ,  0.03 ,  2.08
26 ,  2 ,  1150375 ,  0 ,  200 ,  13.99 ,  0.03 ,  2.08
26 ,  2 ,  1150418 ,  0 ,  200 ,  13.99 ,  0.03 ,  2.08
26 ,  2 ,  1150461 ,  0 ,  200 ,  13.88 ,  0.03 ,  2.08
26 ,  2 ,  1150504 ,  0 ,  200 ,  13.88 ,  0.03 ,  2.08
26 ,  2 ,  1150548 ,  0 ,  200 ,  13.88 ,  0.03 ,  2.08
26 ,  2 ,  1150592 ,  0 ,  200 ,  13.77 ,  0.04 ,  2.08
26 ,  2 ,  1150635 ,  0 ,  200 ,  13.77 ,  0.03 ,  2.08
26 ,  2 ,  1150679 ,  0 ,  200 ,  13.66 ,  0.03 ,  2.08
26 ,  2 ,  1150724 ,  0 ,  200 ,  13.66 ,  0.03 ,  2.08
26 ,  2 ,  1150767 ,  0 ,  200 ,  13.66 ,  0.03 ,  2.08
26 ,  2 ,  1150811 ,  0 ,  200 ,  13.55 ,  0.03 ,  2.08
26 ,  2 ,  1150854 ,  0 ,  200 ,  13.55 ,  0.03 ,  1.98
