MS, MPT, t (s), PWMi, PWMe, Pressure (Psi), LW (V), Displacement (mm)
26 ,  1 ,  1097502 ,  0 ,  205 ,  13.55 ,  0.03 ,  1.98
26 ,  1 ,  1097543 ,  255 ,  0 ,  13.44 ,  0.03 ,  1.98
26 ,  1 ,  1097585 ,  255 ,  0 ,  16.52 ,  0.03 ,  1.98
26 ,  1 ,  1097626 ,  255 ,  0 ,  31.94 ,  0.06 ,  3.97
26 ,  1 ,  1097668 ,  255 ,  0 ,  46.04 ,  0.13 ,  7.54
26 ,  1 ,  1097709 ,  255 ,  0 ,  55.62 ,  0.21 ,  10.91
26 ,  1 ,  1097750 ,  255 ,  0 ,  62.12 ,  0.29 ,  13.59
26 ,  1 ,  1097792 ,  255 ,  0 ,  66.63 ,  0.36 ,  15.48
26 ,  1 ,  1097836 ,  255 ,  0 ,  70.38 ,  0.41 ,  16.97
26 ,  1 ,  1097877 ,  255 ,  0 ,  73.02 ,  0.45 ,  17.96
26 ,  1 ,  1097918 ,  255 ,  0 ,  75.33 ,  0.48 ,  18.75
26 ,  1 ,  1097959 ,  255 ,  0 ,  77.20 ,  0.51 ,  19.45
26 ,  1 ,  1098001 ,  255 ,  0 ,  78.75 ,  0.53 ,  19.94
26 ,  1 ,  1098042 ,  255 ,  0 ,  80.29 ,  0.54 ,  20.44
26 ,  1 ,  1098083 ,  255 ,  0 ,  81.72 ,  0.55 ,  20.84
26 ,  1 ,  1098124 ,  255 ,  0 ,  82.93 ,  0.56 ,  21.23
26 ,  1 ,  1098166 ,  255 ,  0 ,  84.14 ,  0.57 ,  21.53
26 ,  1 ,  1098209 ,  255 ,  0 ,  85.24 ,  0.58 ,  21.83
26 ,  1 ,  1098250 ,  255 ,  0 ,  86.23 ,  0.58 ,  22.13
26 ,  1 ,  1098292 ,  255 ,  0 ,  87.23 ,  0.58 ,  22.42
26 ,  1 ,  1098333 ,  255 ,  0 ,  88.11 ,  0.59 ,  22.72
26 ,  1 ,  1098374 ,  255 ,  0 ,  88.99 ,  0.59 ,  22.82
26 ,  1 ,  1098415 ,  255 ,  0 ,  89.76 ,  0.59 ,  23.12
26 ,  1 ,  1098457 ,  255 ,  0 ,  90.42 ,  0.59 ,  23.22
26 ,  1 ,  1098498 ,  255 ,  0 ,  91.19 ,  0.60 ,  23.42
26 ,  1 ,  1098539 ,  255 ,  0 ,  91.85 ,  0.60 ,  23.61
26 ,  1 ,  1098583 ,  255 ,  0 ,  92.51 ,  0.60 ,  23.71
26 ,  1 ,  1098624 ,  255 ,  0 ,  92.95 ,  0.60 ,  23.91
26 ,  1 ,  1098664 ,  255 ,  0 ,  93.50 ,  0.60 ,  24.01
26 ,  1 ,  1098706 ,  255 ,  0 ,  93.94 ,  0.60 ,  24.11
26 ,  1 ,  1098747 ,  255 ,  0 ,  94.38 ,  0.60 ,  24.21
26 ,  1 ,  1098788 ,  255 ,  0 ,  94.71 ,  0.61 ,  24.31
26 ,  1 ,  1098829 ,  255 ,  0 ,  95.04 ,  0.61 ,  24.31
26 ,  1 ,  1098871 ,  255 ,  0 ,  95.37 ,  0.61 ,  24.41
26 ,  1 ,  1098914 ,  255 ,  0 ,  95.59 ,  0.61 ,  24.51
26 ,  1 ,  1098955 ,  255 ,  0 ,  95.70 ,  0.61 ,  24.51
26 ,  1 ,  1098997 ,  255 ,  0 ,  95.93 ,  0.61 ,  24.61
26 ,  1 ,  1099038 ,  255 ,  0 ,  96.04 ,  0.61 ,  24.61
26 ,  1 ,  1099079 ,  255 ,  0 ,  96.15 ,  0.61 ,  24.61
26 ,  1 ,  1099120 ,  255 ,  0 ,  96.15 ,  0.61 ,  24.71
26 ,  1 ,  1099162 ,  255 ,  0 ,  96.26 ,  0.61 ,  24.71
26 ,  1 ,  1099203 ,  255 ,  0 ,  96.15 ,  0.61 ,  24.80
26 ,  1 ,  1099244 ,  255 ,  0 ,  96.26 ,  0.61 ,  24.80
26 ,  1 ,  1099283 ,  255 ,  0 ,  96.37 ,  0.61 ,  24.80
26 ,  1 ,  1099325 ,  255 ,  0 ,  96.26 ,  0.61 ,  24.80
26 ,  1 ,  1099366 ,  255 ,  0 ,  96.37 ,  0.61 ,  24.80
26 ,  1 ,  1099407 ,  255 ,  0 ,  96.37 ,  0.61 ,  24.80
26 ,  1 ,  1099448 ,  255 ,  0 ,  96.37 ,  0.61 ,  24.80
26 ,  1 ,  1099490 ,  255 ,  0 ,  96.37 ,  0.61 ,  24.90
26 ,  1 ,  1099531 ,  255 ,  0 ,  96.37 ,  0.61 ,  24.90
26 ,  1 ,  1099572 ,  255 ,  0 ,  96.37 ,  0.61 ,  24.90
26 ,  1 ,  1099614 ,  255 ,  0 ,  96.37 ,  0.61 ,  24.90
26 ,  1 ,  1099657 ,  255 ,  0 ,  96.37 ,  0.61 ,  24.90
26 ,  1 ,  1099698 ,  255 ,  0 ,  96.37 ,  0.61 ,  24.90
26 ,  1 ,  1099740 ,  255 ,  0 ,  96.37 ,  0.61 ,  24.90
26 ,  1 ,  1099781 ,  255 ,  0 ,  96.37 ,  0.61 ,  25.00
26 ,  1 ,  1099822 ,  255 ,  0 ,  96.37 ,  0.61 ,  25.00
26 ,  1 ,  1099863 ,  255 ,  0 ,  96.37 ,  0.61 ,  25.00
26 ,  1 ,  1099905 ,  255 ,  0 ,  96.37 ,  0.61 ,  25.00
26 ,  1 ,  1099945 ,  255 ,  0 ,  96.37 ,  0.61 ,  25.00
26 ,  1 ,  1099986 ,  255 ,  0 ,  96.37 ,  0.61 ,  25.00
26 ,  1 ,  1100030 ,  255 ,  0 ,  96.37 ,  0.61 ,  25.00
26 ,  1 ,  1100071 ,  255 ,  0 ,  96.37 ,  0.61 ,  25.00
26 ,  1 ,  1100112 ,  255 ,  0 ,  96.26 ,  0.61 ,  25.00
26 ,  1 ,  1100153 ,  255 ,  0 ,  96.37 ,  0.61 ,  25.10
26 ,  1 ,  1100195 ,  255 ,  0 ,  96.37 ,  0.61 ,  25.10
26 ,  1 ,  1100236 ,  255 ,  0 ,  96.37 ,  0.61 ,  25.10
26 ,  1 ,  1100277 ,  255 ,  0 ,  96.37 ,  0.61 ,  25.10
26 ,  1 ,  1100318 ,  255 ,  0 ,  96.37 ,  0.61 ,  25.10
26 ,  1 ,  1100360 ,  255 ,  0 ,  96.37 ,  0.61 ,  25.10
26 ,  1 ,  1100403 ,  255 ,  0 ,  96.26 ,  0.61 ,  25.10
26 ,  1 ,  1100444 ,  255 ,  0 ,  96.26 ,  0.61 ,  25.10
26 ,  1 ,  1100486 ,  0 ,  200 ,  96.26 ,  0.61 ,  25.10
26 ,  1 ,  1100527 ,  0 ,  200 ,  93.94 ,  0.61 ,  25.10
26 ,  1 ,  1100568 ,  0 ,  200 ,  89.10 ,  0.61 ,  24.71
26 ,  1 ,  1100609 ,  0 ,  200 ,  84.58 ,  0.60 ,  24.01
26 ,  1 ,  1100651 ,  0 ,  200 ,  80.84 ,  0.59 ,  23.51
26 ,  1 ,  1100692 ,  0 ,  200 ,  77.75 ,  0.59 ,  22.92
26 ,  1 ,  1100733 ,  0 ,  200 ,  75.22 ,  0.58 ,  22.32
26 ,  1 ,  1100777 ,  0 ,  200 ,  73.02 ,  0.57 ,  21.83
26 ,  1 ,  1100818 ,  0 ,  200 ,  71.15 ,  0.56 ,  21.33
26 ,  1 ,  1100859 ,  0 ,  200 ,  69.49 ,  0.55 ,  20.94
26 ,  1 ,  1100900 ,  0 ,  200 ,  68.17 ,  0.54 ,  20.64
26 ,  1 ,  1100942 ,  0 ,  200 ,  67.07 ,  0.53 ,  20.24
26 ,  1 ,  1100983 ,  0 ,  200 ,  66.08 ,  0.51 ,  20.04
26 ,  1 ,  1101024 ,  0 ,  200 ,  65.20 ,  0.50 ,  19.74
26 ,  1 ,  1101065 ,  0 ,  200 ,  64.32 ,  0.49 ,  19.55
26 ,  1 ,  1101109 ,  0 ,  200 ,  63.66 ,  0.48 ,  19.25
26 ,  1 ,  1101151 ,  0 ,  200 ,  63.00 ,  0.47 ,  19.05
26 ,  1 ,  1101192 ,  0 ,  200 ,  62.45 ,  0.46 ,  18.85
26 ,  1 ,  1101233 ,  0 ,  200 ,  62.01 ,  0.45 ,  18.65
26 ,  1 ,  1101274 ,  0 ,  200 ,  61.57 ,  0.45 ,  18.55
26 ,  1 ,  1101316 ,  0 ,  200 ,  61.13 ,  0.44 ,  18.36
26 ,  1 ,  1101357 ,  0 ,  200 ,  60.79 ,  0.43 ,  18.26
26 ,  1 ,  1101398 ,  0 ,  200 ,  60.46 ,  0.43 ,  18.16
26 ,  1 ,  1101438 ,  0 ,  200 ,  60.13 ,  0.43 ,  18.06
26 ,  1 ,  1101483 ,  0 ,  200 ,  59.80 ,  0.42 ,  17.96
26 ,  1 ,  1101523 ,  0 ,  200 ,  59.58 ,  0.42 ,  17.76
26 ,  1 ,  1101564 ,  0 ,  200 ,  59.25 ,  0.41 ,  17.76
26 ,  1 ,  1101606 ,  0 ,  200 ,  59.03 ,  0.41 ,  17.66
26 ,  1 ,  1101647 ,  0 ,  200 ,  58.81 ,  0.40 ,  17.56
26 ,  1 ,  1101688 ,  0 ,  200 ,  58.70 ,  0.40 ,  17.46
26 ,  1 ,  1101729 ,  0 ,  200 ,  58.48 ,  0.39 ,  17.46
26 ,  1 ,  1101771 ,  0 ,  200 ,  58.26 ,  0.39 ,  17.36
26 ,  1 ,  1101812 ,  0 ,  200 ,  58.04 ,  0.39 ,  17.26
26 ,  1 ,  1101855 ,  0 ,  200 ,  57.93 ,  0.39 ,  17.16
26 ,  1 ,  1101897 ,  0 ,  200 ,  57.71 ,  0.38 ,  17.16
26 ,  1 ,  1101938 ,  0 ,  200 ,  57.49 ,  0.38 ,  17.07
26 ,  1 ,  1101979 ,  0 ,  200 ,  57.38 ,  0.38 ,  17.07
26 ,  1 ,  1102021 ,  0 ,  200 ,  57.27 ,  0.37 ,  16.97
26 ,  1 ,  1102062 ,  0 ,  200 ,  57.05 ,  0.37 ,  16.97
26 ,  1 ,  1102103 ,  0 ,  200 ,  56.94 ,  0.37 ,  16.87
26 ,  1 ,  1102144 ,  0 ,  200 ,  56.72 ,  0.36 ,  16.77
26 ,  1 ,  1102186 ,  0 ,  200 ,  56.61 ,  0.36 ,  16.77
26 ,  1 ,  1102229 ,  0 ,  200 ,  56.50 ,  0.36 ,  16.67
26 ,  1 ,  1102270 ,  0 ,  200 ,  56.28 ,  0.35 ,  16.67
26 ,  1 ,  1102311 ,  0 ,  200 ,  56.28 ,  0.35 ,  16.57
26 ,  1 ,  1102353 ,  0 ,  200 ,  56.06 ,  0.35 ,  16.57
26 ,  1 ,  1102394 ,  0 ,  200 ,  55.95 ,  0.35 ,  16.47
26 ,  1 ,  1102435 ,  0 ,  200 ,  55.84 ,  0.35 ,  16.47
26 ,  1 ,  1102476 ,  0 ,  200 ,  55.73 ,  0.35 ,  16.47
26 ,  1 ,  1102518 ,  0 ,  200 ,  55.51 ,  0.34 ,  16.37
26 ,  1 ,  1102559 ,  0 ,  200 ,  55.40 ,  0.34 ,  16.37
26 ,  1 ,  1102602 ,  0 ,  200 ,  55.29 ,  0.34 ,  16.27
26 ,  1 ,  1102644 ,  0 ,  200 ,  55.18 ,  0.34 ,  16.17
26 ,  1 ,  1102685 ,  0 ,  200 ,  55.07 ,  0.33 ,  16.17
26 ,  1 ,  1102726 ,  0 ,  200 ,  54.96 ,  0.33 ,  16.17
26 ,  1 ,  1102767 ,  0 ,  200 ,  54.74 ,  0.33 ,  16.07
26 ,  1 ,  1102809 ,  0 ,  200 ,  54.63 ,  0.33 ,  16.07
26 ,  1 ,  1102850 ,  0 ,  200 ,  54.52 ,  0.32 ,  15.97
26 ,  1 ,  1102891 ,  0 ,  200 ,  54.41 ,  0.32 ,  15.97
26 ,  1 ,  1102931 ,  0 ,  200 ,  54.30 ,  0.32 ,  15.88
26 ,  1 ,  1102976 ,  0 ,  200 ,  54.19 ,  0.32 ,  15.88
26 ,  1 ,  1103016 ,  0 ,  200 ,  53.97 ,  0.32 ,  15.78
26 ,  1 ,  1103057 ,  0 ,  200 ,  53.97 ,  0.32 ,  15.78
26 ,  1 ,  1103099 ,  0 ,  200 ,  53.75 ,  0.31 ,  15.68
26 ,  1 ,  1103140 ,  0 ,  200 ,  53.75 ,  0.31 ,  15.68
26 ,  1 ,  1103181 ,  0 ,  200 ,  53.64 ,  0.31 ,  15.68
26 ,  1 ,  1103222 ,  0 ,  200 ,  53.42 ,  0.30 ,  15.58
26 ,  1 ,  1103264 ,  0 ,  200 ,  53.31 ,  0.30 ,  15.58
26 ,  1 ,  1103307 ,  0 ,  200 ,  53.31 ,  0.30 ,  15.48
26 ,  1 ,  1103348 ,  0 ,  200 ,  53.09 ,  0.30 ,  15.38
26 ,  1 ,  1103390 ,  0 ,  200 ,  52.98 ,  0.30 ,  15.38
26 ,  1 ,  1103431 ,  0 ,  200 ,  52.87 ,  0.30 ,  15.38
26 ,  1 ,  1103472 ,  0 ,  200 ,  52.76 ,  0.29 ,  15.28
26 ,  1 ,  1103513 ,  0 ,  200 ,  52.54 ,  0.29 ,  15.28
26 ,  1 ,  1103555 ,  0 ,  200 ,  52.42 ,  0.29 ,  15.28
26 ,  1 ,  1103596 ,  0 ,  200 ,  52.31 ,  0.29 ,  15.18
26 ,  1 ,  1103637 ,  0 ,  200 ,  52.20 ,  0.29 ,  15.18
26 ,  1 ,  1103680 ,  0 ,  200 ,  52.09 ,  0.28 ,  15.08
26 ,  1 ,  1103722 ,  0 ,  200 ,  51.98 ,  0.28 ,  15.08
26 ,  1 ,  1103763 ,  0 ,  200 ,  51.87 ,  0.28 ,  14.98
26 ,  1 ,  1103804 ,  0 ,  200 ,  51.76 ,  0.28 ,  14.98
26 ,  1 ,  1103845 ,  0 ,  200 ,  51.65 ,  0.28 ,  14.88
26 ,  1 ,  1103887 ,  0 ,  200 ,  51.54 ,  0.28 ,  14.88
26 ,  1 ,  1103928 ,  0 ,  200 ,  51.43 ,  0.27 ,  14.78
26 ,  1 ,  1103969 ,  0 ,  200 ,  51.21 ,  0.27 ,  14.78
26 ,  1 ,  1104010 ,  0 ,  200 ,  51.21 ,  0.27 ,  14.68
26 ,  1 ,  1104054 ,  0 ,  200 ,  51.10 ,  0.27 ,  14.68
26 ,  1 ,  1104095 ,  0 ,  200 ,  50.88 ,  0.27 ,  14.68
26 ,  1 ,  1104136 ,  0 ,  200 ,  50.77 ,  0.27 ,  14.59
26 ,  1 ,  1104178 ,  0 ,  200 ,  50.66 ,  0.26 ,  14.59
26 ,  1 ,  1104219 ,  0 ,  200 ,  50.55 ,  0.26 ,  14.49
26 ,  1 ,  1104260 ,  0 ,  200 ,  50.44 ,  0.26 ,  14.49
26 ,  1 ,  1104301 ,  0 ,  200 ,  50.33 ,  0.26 ,  14.39
26 ,  1 ,  1104343 ,  0 ,  200 ,  50.22 ,  0.25 ,  14.39
26 ,  1 ,  1104384 ,  0 ,  200 ,  50.11 ,  0.25 ,  14.29
26 ,  1 ,  1104427 ,  0 ,  200 ,  50.00 ,  0.25 ,  14.29
26 ,  1 ,  1104467 ,  0 ,  200 ,  49.89 ,  0.25 ,  14.19
26 ,  1 ,  1104509 ,  0 ,  200 ,  49.78 ,  0.25 ,  14.19
26 ,  1 ,  1104550 ,  0 ,  200 ,  49.56 ,  0.24 ,  14.19
26 ,  1 ,  1104591 ,  0 ,  200 ,  49.56 ,  0.24 ,  14.09
26 ,  1 ,  1104632 ,  0 ,  200 ,  49.34 ,  0.24 ,  13.99
26 ,  1 ,  1104674 ,  0 ,  200 ,  49.23 ,  0.24 ,  13.99
26 ,  1 ,  1104715 ,  0 ,  200 ,  49.12 ,  0.24 ,  13.99
26 ,  1 ,  1104756 ,  0 ,  200 ,  49.01 ,  0.23 ,  13.89
26 ,  1 ,  1104800 ,  0 ,  200 ,  48.90 ,  0.23 ,  13.79
26 ,  1 ,  1104841 ,  0 ,  200 ,  48.79 ,  0.23 ,  13.79
26 ,  1 ,  1104882 ,  0 ,  200 ,  48.68 ,  0.23 ,  13.79
26 ,  1 ,  1104930 ,  0 ,  200 ,  48.46 ,  0.22 ,  13.69
26 ,  1 ,  1104972 ,  0 ,  200 ,  48.46 ,  0.22 ,  13.69
26 ,  1 ,  1105013 ,  0 ,  200 ,  48.35 ,  0.22 ,  13.59
26 ,  1 ,  1105054 ,  0 ,  200 ,  48.24 ,  0.22 ,  13.59
26 ,  1 ,  1105095 ,  0 ,  200 ,  48.13 ,  0.22 ,  13.49
26 ,  1 ,  1105137 ,  0 ,  200 ,  48.02 ,  0.22 ,  13.49
26 ,  1 ,  1105180 ,  0 ,  200 ,  47.91 ,  0.22 ,  13.49
26 ,  1 ,  1105221 ,  0 ,  200 ,  47.80 ,  0.22 ,  13.39
26 ,  1 ,  1105263 ,  0 ,  200 ,  47.69 ,  0.22 ,  13.30
26 ,  1 ,  1105304 ,  0 ,  200 ,  47.58 ,  0.21 ,  13.30
26 ,  1 ,  1105345 ,  0 ,  200 ,  47.36 ,  0.21 ,  13.30
26 ,  1 ,  1105386 ,  0 ,  200 ,  47.25 ,  0.21 ,  13.20
26 ,  1 ,  1105428 ,  0 ,  200 ,  47.14 ,  0.21 ,  13.10
26 ,  1 ,  1105469 ,  0 ,  200 ,  47.03 ,  0.21 ,  13.10
26 ,  1 ,  1105512 ,  0 ,  200 ,  46.92 ,  0.21 ,  13.00
26 ,  1 ,  1105554 ,  0 ,  200 ,  46.81 ,  0.20 ,  13.00
26 ,  1 ,  1105595 ,  0 ,  200 ,  46.70 ,  0.21 ,  13.00
26 ,  1 ,  1105636 ,  0 ,  200 ,  46.59 ,  0.20 ,  12.90
26 ,  1 ,  1105677 ,  0 ,  200 ,  46.59 ,  0.20 ,  12.90
26 ,  1 ,  1105718 ,  0 ,  200 ,  46.48 ,  0.20 ,  12.80
26 ,  1 ,  1105760 ,  0 ,  200 ,  46.37 ,  0.20 ,  12.80
26 ,  1 ,  1105801 ,  0 ,  200 ,  46.15 ,  0.20 ,  12.70
26 ,  1 ,  1105842 ,  0 ,  200 ,  46.15 ,  0.20 ,  12.70
26 ,  1 ,  1105886 ,  0 ,  200 ,  46.04 ,  0.19 ,  12.60
26 ,  1 ,  1105927 ,  0 ,  200 ,  45.82 ,  0.19 ,  12.60
26 ,  1 ,  1105968 ,  0 ,  200 ,  45.82 ,  0.19 ,  12.50
26 ,  1 ,  1106009 ,  0 ,  200 ,  45.60 ,  0.19 ,  12.50
26 ,  1 ,  1106050 ,  0 ,  200 ,  45.60 ,  0.18 ,  12.40
26 ,  1 ,  1106092 ,  0 ,  200 ,  45.49 ,  0.18 ,  12.40
26 ,  1 ,  1106132 ,  0 ,  200 ,  45.38 ,  0.18 ,  12.40
26 ,  1 ,  1106173 ,  0 ,  200 ,  45.27 ,  0.18 ,  12.30
26 ,  1 ,  1106214 ,  0 ,  200 ,  45.05 ,  0.18 ,  12.30
26 ,  1 ,  1106258 ,  0 ,  200 ,  45.05 ,  0.18 ,  12.20
26 ,  1 ,  1106299 ,  0 ,  200 ,  44.94 ,  0.17 ,  12.20
26 ,  1 ,  1106340 ,  0 ,  200 ,  44.83 ,  0.17 ,  12.10
26 ,  1 ,  1106382 ,  0 ,  200 ,  44.72 ,  0.17 ,  12.10
26 ,  1 ,  1106423 ,  0 ,  200 ,  44.61 ,  0.17 ,  12.01
26 ,  1 ,  1106464 ,  0 ,  200 ,  44.50 ,  0.17 ,  12.01
26 ,  1 ,  1106505 ,  0 ,  200 ,  44.39 ,  0.16 ,  12.01
26 ,  1 ,  1106547 ,  0 ,  200 ,  44.28 ,  0.17 ,  11.91
26 ,  1 ,  1106588 ,  0 ,  200 ,  44.17 ,  0.16 ,  11.91
26 ,  1 ,  1106631 ,  0 ,  200 ,  44.06 ,  0.16 ,  11.81
26 ,  1 ,  1106673 ,  0 ,  200 ,  43.95 ,  0.16 ,  11.81
26 ,  1 ,  1106714 ,  0 ,  200 ,  43.84 ,  0.16 ,  11.71
26 ,  1 ,  1106755 ,  0 ,  200 ,  43.72 ,  0.16 ,  11.71
26 ,  1 ,  1106796 ,  0 ,  200 ,  43.61 ,  0.16 ,  11.61
26 ,  1 ,  1106838 ,  0 ,  200 ,  43.50 ,  0.15 ,  11.61
26 ,  1 ,  1106879 ,  0 ,  200 ,  43.39 ,  0.15 ,  11.61
26 ,  1 ,  1106920 ,  0 ,  200 ,  43.28 ,  0.15 ,  11.51
26 ,  1 ,  1106961 ,  0 ,  200 ,  43.17 ,  0.15 ,  11.51
26 ,  1 ,  1107005 ,  0 ,  200 ,  43.06 ,  0.15 ,  11.51
26 ,  1 ,  1107046 ,  0 ,  200 ,  42.95 ,  0.15 ,  11.41
26 ,  1 ,  1107087 ,  0 ,  200 ,  42.84 ,  0.14 ,  11.31
26 ,  1 ,  1107128 ,  0 ,  200 ,  42.84 ,  0.15 ,  11.31
26 ,  1 ,  1107170 ,  0 ,  200 ,  42.73 ,  0.15 ,  11.31
26 ,  1 ,  1107211 ,  0 ,  200 ,  42.62 ,  0.14 ,  11.21
26 ,  1 ,  1107252 ,  0 ,  200 ,  42.51 ,  0.14 ,  11.21
26 ,  1 ,  1107293 ,  0 ,  200 ,  42.40 ,  0.14 ,  11.21
26 ,  1 ,  1107335 ,  0 ,  200 ,  42.18 ,  0.14 ,  11.11
26 ,  1 ,  1107378 ,  0 ,  200 ,  42.18 ,  0.13 ,  11.11
26 ,  1 ,  1107419 ,  0 ,  200 ,  42.07 ,  0.13 ,  11.01
26 ,  1 ,  1107461 ,  0 ,  200 ,  41.96 ,  0.13 ,  11.01
26 ,  1 ,  1107502 ,  0 ,  200 ,  41.85 ,  0.13 ,  10.91
26 ,  1 ,  1107543 ,  0 ,  200 ,  41.74 ,  0.13 ,  10.91
26 ,  1 ,  1107584 ,  0 ,  200 ,  41.63 ,  0.13 ,  10.81
26 ,  1 ,  1107625 ,  0 ,  200 ,  41.52 ,  0.13 ,  10.81
26 ,  1 ,  1107666 ,  0 ,  200 ,  41.41 ,  0.13 ,  10.81
26 ,  1 ,  1107709 ,  0 ,  200 ,  41.30 ,  0.13 ,  10.72
26 ,  1 ,  1107751 ,  0 ,  200 ,  41.30 ,  0.13 ,  10.72
26 ,  1 ,  1107792 ,  0 ,  200 ,  41.19 ,  0.12 ,  10.62
26 ,  1 ,  1107833 ,  0 ,  200 ,  41.08 ,  0.12 ,  10.62
26 ,  1 ,  1107874 ,  0 ,  200 ,  40.97 ,  0.12 ,  10.52
26 ,  1 ,  1107916 ,  0 ,  200 ,  40.86 ,  0.12 ,  10.52
26 ,  1 ,  1107957 ,  0 ,  200 ,  40.75 ,  0.12 ,  10.52
26 ,  1 ,  1107998 ,  0 ,  200 ,  40.64 ,  0.12 ,  10.42
26 ,  1 ,  1108039 ,  0 ,  200 ,  40.53 ,  0.12 ,  10.42
26 ,  1 ,  1108083 ,  0 ,  200 ,  40.42 ,  0.12 ,  10.32
26 ,  1 ,  1108124 ,  0 ,  200 ,  40.31 ,  0.12 ,  10.32
26 ,  1 ,  1108166 ,  0 ,  200 ,  40.31 ,  0.11 ,  10.22
26 ,  1 ,  1108207 ,  0 ,  200 ,  40.09 ,  0.11 ,  10.22
26 ,  1 ,  1108248 ,  0 ,  200 ,  40.09 ,  0.11 ,  10.22
26 ,  1 ,  1108290 ,  0 ,  200 ,  39.98 ,  0.11 ,  10.12
26 ,  1 ,  1108331 ,  0 ,  200 ,  39.87 ,  0.11 ,  10.12
26 ,  1 ,  1108372 ,  0 ,  200 ,  39.76 ,  0.11 ,  10.02
26 ,  1 ,  1108414 ,  0 ,  200 ,  39.65 ,  0.11 ,  10.02
26 ,  1 ,  1108457 ,  0 ,  200 ,  39.54 ,  0.11 ,  10.02
26 ,  1 ,  1108499 ,  0 ,  200 ,  39.43 ,  0.11 ,  9.92
26 ,  1 ,  1108540 ,  0 ,  200 ,  39.32 ,  0.10 ,  9.92
26 ,  1 ,  1108581 ,  0 ,  200 ,  39.32 ,  0.10 ,  9.82
26 ,  1 ,  1108622 ,  0 ,  200 ,  39.10 ,  0.10 ,  9.82
26 ,  1 ,  1108664 ,  0 ,  200 ,  39.10 ,  0.10 ,  9.82
26 ,  1 ,  1108706 ,  0 ,  200 ,  38.99 ,  0.10 ,  9.72
26 ,  1 ,  1108747 ,  0 ,  200 ,  38.88 ,  0.10 ,  9.62
26 ,  1 ,  1108788 ,  0 ,  200 ,  38.77 ,  0.10 ,  9.62
26 ,  1 ,  1108832 ,  0 ,  200 ,  38.66 ,  0.10 ,  9.62
26 ,  1 ,  1108873 ,  0 ,  200 ,  38.55 ,  0.10 ,  9.53
26 ,  1 ,  1108914 ,  0 ,  200 ,  38.44 ,  0.10 ,  9.53
26 ,  1 ,  1108956 ,  0 ,  200 ,  38.33 ,  0.10 ,  9.53
26 ,  1 ,  1108997 ,  0 ,  200 ,  38.22 ,  0.09 ,  9.43
26 ,  1 ,  1109038 ,  0 ,  200 ,  38.22 ,  0.10 ,  9.43
26 ,  1 ,  1109080 ,  0 ,  200 ,  38.11 ,  0.09 ,  9.33
26 ,  1 ,  1109121 ,  0 ,  200 ,  38.00 ,  0.09 ,  9.33
26 ,  1 ,  1109161 ,  0 ,  200 ,  38.00 ,  0.09 ,  9.33
26 ,  1 ,  1109215 ,  0 ,  200 ,  37.78 ,  0.09 ,  9.23
26 ,  1 ,  1109258 ,  0 ,  200 ,  37.67 ,  0.09 ,  9.23
26 ,  1 ,  1109302 ,  0 ,  200 ,  37.67 ,  0.09 ,  9.13
26 ,  1 ,  1109345 ,  0 ,  200 ,  37.56 ,  0.09 ,  9.13
26 ,  1 ,  1109388 ,  0 ,  200 ,  37.45 ,  0.09 ,  9.03
26 ,  1 ,  1109432 ,  0 ,  200 ,  37.34 ,  0.09 ,  9.03
26 ,  1 ,  1109475 ,  0 ,  200 ,  37.23 ,  0.09 ,  9.03
26 ,  1 ,  1109519 ,  0 ,  200 ,  37.12 ,  0.09 ,  8.93
26 ,  1 ,  1109562 ,  0 ,  200 ,  37.01 ,  0.09 ,  8.93
26 ,  1 ,  1109608 ,  0 ,  200 ,  36.90 ,  0.09 ,  8.83
26 ,  1 ,  1109651 ,  0 ,  200 ,  36.79 ,  0.09 ,  8.83
26 ,  1 ,  1109694 ,  0 ,  200 ,  36.68 ,  0.08 ,  8.83
26 ,  1 ,  1109738 ,  0 ,  200 ,  36.57 ,  0.08 ,  8.73
26 ,  1 ,  1109781 ,  0 ,  200 ,  36.46 ,  0.08 ,  8.73
26 ,  1 ,  1109824 ,  0 ,  200 ,  36.46 ,  0.08 ,  8.73
26 ,  1 ,  1109867 ,  0 ,  200 ,  36.35 ,  0.08 ,  8.63
26 ,  1 ,  1109911 ,  0 ,  200 ,  36.24 ,  0.08 ,  8.63
26 ,  1 ,  1109954 ,  0 ,  200 ,  36.13 ,  0.08 ,  8.53
26 ,  1 ,  1109999 ,  0 ,  200 ,  36.02 ,  0.08 ,  8.53
26 ,  1 ,  1110043 ,  0 ,  200 ,  35.91 ,  0.08 ,  8.43
26 ,  1 ,  1110086 ,  0 ,  200 ,  35.80 ,  0.08 ,  8.43
26 ,  1 ,  1110129 ,  0 ,  200 ,  35.80 ,  0.08 ,  8.43
26 ,  1 ,  1110172 ,  0 ,  200 ,  35.69 ,  0.08 ,  8.33
26 ,  1 ,  1110216 ,  0 ,  200 ,  35.58 ,  0.08 ,  8.33
26 ,  1 ,  1110259 ,  0 ,  200 ,  35.47 ,  0.08 ,  8.33
26 ,  1 ,  1110302 ,  0 ,  200 ,  35.36 ,  0.08 ,  8.24
26 ,  1 ,  1110345 ,  0 ,  200 ,  35.25 ,  0.08 ,  8.24
26 ,  1 ,  1110391 ,  0 ,  200 ,  35.13 ,  0.08 ,  8.14
26 ,  1 ,  1110434 ,  0 ,  200 ,  35.02 ,  0.07 ,  8.14
26 ,  1 ,  1110477 ,  0 ,  200 ,  34.91 ,  0.07 ,  8.14
26 ,  1 ,  1110521 ,  0 ,  200 ,  34.91 ,  0.07 ,  8.04
26 ,  1 ,  1110564 ,  0 ,  200 ,  34.80 ,  0.07 ,  8.04
26 ,  1 ,  1110607 ,  0 ,  200 ,  34.69 ,  0.07 ,  8.04
26 ,  1 ,  1110650 ,  0 ,  200 ,  34.58 ,  0.07 ,  7.94
26 ,  1 ,  1110694 ,  0 ,  200 ,  34.47 ,  0.07 ,  7.94
26 ,  1 ,  1110737 ,  0 ,  200 ,  34.36 ,  0.07 ,  7.94
26 ,  1 ,  1110782 ,  0 ,  200 ,  34.36 ,  0.07 ,  7.84
26 ,  1 ,  1110827 ,  0 ,  200 ,  34.25 ,  0.07 ,  7.84
26 ,  1 ,  1110870 ,  0 ,  200 ,  34.14 ,  0.07 ,  7.84
26 ,  1 ,  1110913 ,  0 ,  200 ,  34.03 ,  0.07 ,  7.74
26 ,  1 ,  1110956 ,  0 ,  200 ,  33.92 ,  0.07 ,  7.74
26 ,  1 ,  1110999 ,  0 ,  200 ,  33.92 ,  0.07 ,  7.74
26 ,  1 ,  1111043 ,  0 ,  200 ,  33.81 ,  0.07 ,  7.64
26 ,  1 ,  1111086 ,  0 ,  200 ,  33.59 ,  0.07 ,  7.64
26 ,  1 ,  1111129 ,  0 ,  200 ,  33.59 ,  0.07 ,  7.54
26 ,  1 ,  1111175 ,  0 ,  200 ,  33.48 ,  0.07 ,  7.54
26 ,  1 ,  1111218 ,  0 ,  200 ,  33.37 ,  0.07 ,  7.54
26 ,  1 ,  1111261 ,  0 ,  200 ,  33.26 ,  0.06 ,  7.44
26 ,  1 ,  1111304 ,  0 ,  200 ,  33.26 ,  0.06 ,  7.44
26 ,  1 ,  1111348 ,  0 ,  200 ,  33.15 ,  0.06 ,  7.44
26 ,  1 ,  1111391 ,  0 ,  200 ,  33.04 ,  0.06 ,  7.34
26 ,  1 ,  1111434 ,  0 ,  200 ,  32.93 ,  0.06 ,  7.34
26 ,  1 ,  1111477 ,  0 ,  200 ,  32.82 ,  0.06 ,  7.34
26 ,  1 ,  1111521 ,  0 ,  200 ,  32.71 ,  0.06 ,  7.24
26 ,  1 ,  1111566 ,  0 ,  200 ,  32.71 ,  0.06 ,  7.24
26 ,  1 ,  1111609 ,  0 ,  200 ,  32.60 ,  0.06 ,  7.24
26 ,  1 ,  1111653 ,  0 ,  200 ,  32.49 ,  0.06 ,  7.14
26 ,  1 ,  1111696 ,  0 ,  200 ,  32.38 ,  0.06 ,  7.14
26 ,  1 ,  1111739 ,  0 ,  200 ,  32.27 ,  0.06 ,  7.14
26 ,  1 ,  1111782 ,  0 ,  200 ,  32.16 ,  0.07 ,  7.14
26 ,  1 ,  1111826 ,  0 ,  200 ,  32.16 ,  0.06 ,  7.04
26 ,  1 ,  1111869 ,  0 ,  200 ,  32.05 ,  0.06 ,  7.04
26 ,  1 ,  1111912 ,  0 ,  200 ,  31.94 ,  0.06 ,  6.95
26 ,  1 ,  1111958 ,  0 ,  200 ,  31.83 ,  0.06 ,  6.95
26 ,  1 ,  1112001 ,  0 ,  200 ,  31.72 ,  0.06 ,  6.95
26 ,  1 ,  1112044 ,  0 ,  200 ,  31.72 ,  0.07 ,  6.95
26 ,  1 ,  1112087 ,  0 ,  200 ,  31.61 ,  0.06 ,  6.85
26 ,  1 ,  1112131 ,  0 ,  200 ,  31.50 ,  0.07 ,  6.85
26 ,  1 ,  1112174 ,  0 ,  200 ,  31.39 ,  0.06 ,  6.85
26 ,  1 ,  1112217 ,  0 ,  200 ,  31.28 ,  0.06 ,  6.75
26 ,  1 ,  1112260 ,  0 ,  200 ,  31.17 ,  0.06 ,  6.75
26 ,  1 ,  1112304 ,  0 ,  200 ,  31.06 ,  0.06 ,  6.75
26 ,  1 ,  1112349 ,  0 ,  200 ,  31.06 ,  0.06 ,  6.65
26 ,  1 ,  1112392 ,  0 ,  200 ,  30.95 ,  0.06 ,  6.65
26 ,  1 ,  1112436 ,  0 ,  200 ,  30.84 ,  0.06 ,  6.65
26 ,  1 ,  1112479 ,  0 ,  200 ,  30.84 ,  0.06 ,  6.55
26 ,  1 ,  1112522 ,  0 ,  200 ,  30.73 ,  0.05 ,  6.55
26 ,  1 ,  1112565 ,  0 ,  200 ,  30.62 ,  0.06 ,  6.55
26 ,  1 ,  1112609 ,  0 ,  200 ,  30.51 ,  0.06 ,  6.45
26 ,  1 ,  1112652 ,  0 ,  200 ,  30.40 ,  0.06 ,  6.45
26 ,  1 ,  1112696 ,  0 ,  200 ,  30.29 ,  0.05 ,  6.45
26 ,  1 ,  1112741 ,  0 ,  200 ,  30.29 ,  0.05 ,  6.45
26 ,  1 ,  1112784 ,  0 ,  200 ,  30.18 ,  0.06 ,  6.35
26 ,  1 ,  1112838 ,  0 ,  200 ,  30.07 ,  0.06 ,  6.35
26 ,  1 ,  1112881 ,  0 ,  200 ,  29.96 ,  0.05 ,  6.35
26 ,  1 ,  1112925 ,  0 ,  200 ,  29.96 ,  0.06 ,  6.35
26 ,  1 ,  1112968 ,  0 ,  200 ,  29.74 ,  0.05 ,  6.25
26 ,  1 ,  1113011 ,  0 ,  200 ,  29.74 ,  0.05 ,  6.25
26 ,  1 ,  1113054 ,  0 ,  200 ,  29.63 ,  0.05 ,  6.25
26 ,  1 ,  1113097 ,  0 ,  200 ,  29.52 ,  0.06 ,  6.15
26 ,  1 ,  1113143 ,  0 ,  200 ,  29.41 ,  0.05 ,  6.15
26 ,  1 ,  1113186 ,  0 ,  200 ,  29.41 ,  0.05 ,  6.15
26 ,  1 ,  1113229 ,  0 ,  200 ,  29.30 ,  0.05 ,  6.05
26 ,  1 ,  1113273 ,  0 ,  200 ,  29.19 ,  0.05 ,  6.05
26 ,  1 ,  1113316 ,  0 ,  200 ,  29.08 ,  0.06 ,  6.05
26 ,  1 ,  1113359 ,  0 ,  200 ,  29.08 ,  0.05 ,  6.05
26 ,  1 ,  1113402 ,  0 ,  200 ,  28.86 ,  0.05 ,  5.95
26 ,  1 ,  1113446 ,  0 ,  200 ,  28.86 ,  0.05 ,  5.95
26 ,  1 ,  1113489 ,  0 ,  200 ,  28.75 ,  0.05 ,  5.95
26 ,  1 ,  1113534 ,  0 ,  200 ,  28.64 ,  0.05 ,  5.95
26 ,  1 ,  1113578 ,  0 ,  200 ,  28.64 ,  0.05 ,  5.85
26 ,  1 ,  1113621 ,  0 ,  200 ,  28.53 ,  0.05 ,  5.85
26 ,  1 ,  1113664 ,  0 ,  200 ,  28.42 ,  0.05 ,  5.75
26 ,  1 ,  1113707 ,  0 ,  200 ,  28.31 ,  0.05 ,  5.75
26 ,  1 ,  1113751 ,  0 ,  200 ,  28.20 ,  0.05 ,  5.75
26 ,  1 ,  1113794 ,  0 ,  200 ,  28.20 ,  0.05 ,  5.75
26 ,  1 ,  1113837 ,  0 ,  200 ,  28.09 ,  0.05 ,  5.75
26 ,  1 ,  1113880 ,  0 ,  200 ,  27.98 ,  0.05 ,  5.66
26 ,  1 ,  1113926 ,  0 ,  200 ,  27.87 ,  0.05 ,  5.66
26 ,  1 ,  1113969 ,  0 ,  200 ,  27.76 ,  0.05 ,  5.66
26 ,  1 ,  1114012 ,  0 ,  200 ,  27.76 ,  0.05 ,  5.66
26 ,  1 ,  1114055 ,  0 ,  200 ,  27.65 ,  0.05 ,  5.56
26 ,  1 ,  1114099 ,  0 ,  200 ,  27.54 ,  0.05 ,  5.56
26 ,  1 ,  1114142 ,  0 ,  200 ,  27.54 ,  0.05 ,  5.56
26 ,  1 ,  1114185 ,  0 ,  200 ,  27.43 ,  0.05 ,  5.56
26 ,  1 ,  1114228 ,  0 ,  200 ,  27.32 ,  0.05 ,  5.46
26 ,  1 ,  1114272 ,  0 ,  200 ,  27.21 ,  0.05 ,  5.46
26 ,  1 ,  1114317 ,  0 ,  200 ,  27.21 ,  0.05 ,  5.46
26 ,  1 ,  1114360 ,  0 ,  200 ,  27.10 ,  0.05 ,  5.36
26 ,  1 ,  1114404 ,  0 ,  200 ,  27.10 ,  0.05 ,  5.36
26 ,  1 ,  1114447 ,  0 ,  200 ,  26.99 ,  0.05 ,  5.36
26 ,  1 ,  1114490 ,  0 ,  200 ,  26.88 ,  0.05 ,  5.36
26 ,  1 ,  1114533 ,  0 ,  200 ,  26.77 ,  0.05 ,  5.26
26 ,  1 ,  1114577 ,  0 ,  200 ,  26.77 ,  0.05 ,  5.26
26 ,  1 ,  1114620 ,  0 ,  200 ,  26.66 ,  0.05 ,  5.26
26 ,  1 ,  1114663 ,  0 ,  200 ,  26.55 ,  0.05 ,  5.26
26 ,  1 ,  1114710 ,  0 ,  200 ,  26.43 ,  0.05 ,  5.26
26 ,  1 ,  1114753 ,  0 ,  200 ,  26.32 ,  0.05 ,  5.16
26 ,  1 ,  1114796 ,  0 ,  200 ,  26.32 ,  0.05 ,  5.16
26 ,  1 ,  1114839 ,  0 ,  200 ,  26.21 ,  0.05 ,  5.16
26 ,  1 ,  1114883 ,  0 ,  200 ,  26.21 ,  0.05 ,  5.16
26 ,  1 ,  1114926 ,  0 ,  200 ,  26.10 ,  0.05 ,  5.06
26 ,  1 ,  1114969 ,  0 ,  200 ,  25.99 ,  0.05 ,  5.06
26 ,  1 ,  1115012 ,  0 ,  200 ,  25.88 ,  0.05 ,  5.06
26 ,  1 ,  1115056 ,  0 ,  200 ,  25.88 ,  0.05 ,  5.06
26 ,  1 ,  1115101 ,  0 ,  200 ,  25.77 ,  0.05 ,  4.96
26 ,  1 ,  1115144 ,  0 ,  200 ,  25.77 ,  0.04 ,  4.96
26 ,  1 ,  1115188 ,  0 ,  200 ,  25.66 ,  0.04 ,  4.96
26 ,  1 ,  1115231 ,  0 ,  200 ,  25.55 ,  0.04 ,  4.96
26 ,  1 ,  1115274 ,  0 ,  200 ,  25.44 ,  0.04 ,  4.96
26 ,  1 ,  1115317 ,  0 ,  200 ,  25.44 ,  0.04 ,  4.86
26 ,  1 ,  1115360 ,  0 ,  200 ,  25.22 ,  0.05 ,  4.86
26 ,  1 ,  1115404 ,  0 ,  200 ,  25.22 ,  0.04 ,  4.86
26 ,  1 ,  1115447 ,  0 ,  200 ,  25.11 ,  0.04 ,  4.86
26 ,  1 ,  1115492 ,  0 ,  200 ,  25.11 ,  0.04 ,  4.86
26 ,  1 ,  1115536 ,  0 ,  200 ,  25.00 ,  0.04 ,  4.76
26 ,  1 ,  1115579 ,  0 ,  200 ,  24.89 ,  0.05 ,  4.76
26 ,  1 ,  1115622 ,  0 ,  200 ,  24.78 ,  0.04 ,  4.76
26 ,  1 ,  1115665 ,  0 ,  200 ,  24.78 ,  0.04 ,  4.76
26 ,  1 ,  1115709 ,  0 ,  200 ,  24.67 ,  0.04 ,  4.66
26 ,  1 ,  1115752 ,  0 ,  200 ,  24.67 ,  0.05 ,  4.66
26 ,  1 ,  1115795 ,  0 ,  200 ,  24.56 ,  0.04 ,  4.66
26 ,  1 ,  1115838 ,  0 ,  200 ,  24.45 ,  0.04 ,  4.56
26 ,  1 ,  1115884 ,  0 ,  200 ,  24.45 ,  0.04 ,  4.66
26 ,  1 ,  1115927 ,  0 ,  200 ,  24.34 ,  0.04 ,  4.56
26 ,  1 ,  1115970 ,  0 ,  200 ,  24.23 ,  0.04 ,  4.56
26 ,  1 ,  1116014 ,  0 ,  200 ,  24.23 ,  0.04 ,  4.56
26 ,  1 ,  1116057 ,  0 ,  200 ,  24.12 ,  0.04 ,  4.56
26 ,  1 ,  1116100 ,  0 ,  200 ,  24.01 ,  0.04 ,  4.56
26 ,  1 ,  1116143 ,  0 ,  200 ,  24.01 ,  0.04 ,  4.46
26 ,  1 ,  1116187 ,  0 ,  200 ,  23.90 ,  0.04 ,  4.46
26 ,  1 ,  1116230 ,  0 ,  200 ,  23.79 ,  0.04 ,  4.46
26 ,  1 ,  1116275 ,  0 ,  200 ,  23.79 ,  0.05 ,  4.37
26 ,  1 ,  1116319 ,  0 ,  200 ,  23.68 ,  0.04 ,  4.37
26 ,  1 ,  1116362 ,  0 ,  200 ,  23.57 ,  0.04 ,  4.37
26 ,  1 ,  1116405 ,  0 ,  200 ,  23.46 ,  0.04 ,  4.37
26 ,  1 ,  1116448 ,  0 ,  200 ,  23.46 ,  0.04 ,  4.37
26 ,  1 ,  1116492 ,  0 ,  200 ,  23.35 ,  0.04 ,  4.37
26 ,  1 ,  1116535 ,  0 ,  200 ,  23.24 ,  0.04 ,  4.27
26 ,  1 ,  1116578 ,  0 ,  200 ,  23.24 ,  0.04 ,  4.27
26 ,  1 ,  1116621 ,  0 ,  200 ,  23.13 ,  0.04 ,  4.27
26 ,  1 ,  1116667 ,  0 ,  200 ,  23.13 ,  0.04 ,  4.27
26 ,  1 ,  1116710 ,  0 ,  200 ,  23.02 ,  0.04 ,  4.27
26 ,  1 ,  1116754 ,  0 ,  200 ,  22.91 ,  0.04 ,  4.27
26 ,  1 ,  1116797 ,  0 ,  200 ,  22.91 ,  0.04 ,  4.17
26 ,  1 ,  1116840 ,  0 ,  200 ,  22.80 ,  0.04 ,  4.17
26 ,  1 ,  1116884 ,  0 ,  200 ,  22.80 ,  0.04 ,  4.17
26 ,  1 ,  1116928 ,  0 ,  200 ,  22.58 ,  0.04 ,  4.17
26 ,  1 ,  1116971 ,  0 ,  200 ,  22.58 ,  0.04 ,  4.07
26 ,  1 ,  1117014 ,  0 ,  200 ,  22.47 ,  0.04 ,  4.07
26 ,  1 ,  1117060 ,  0 ,  200 ,  22.47 ,  0.04 ,  4.07
26 ,  1 ,  1117103 ,  0 ,  200 ,  22.36 ,  0.04 ,  4.07
26 ,  1 ,  1117146 ,  0 ,  200 ,  22.36 ,  0.05 ,  4.07
26 ,  1 ,  1117189 ,  0 ,  200 ,  22.25 ,  0.04 ,  4.07
26 ,  1 ,  1117233 ,  0 ,  200 ,  22.14 ,  0.05 ,  4.07
26 ,  1 ,  1117276 ,  0 ,  200 ,  22.14 ,  0.04 ,  3.97
26 ,  1 ,  1117319 ,  0 ,  200 ,  22.03 ,  0.04 ,  3.97
26 ,  1 ,  1117362 ,  0 ,  200 ,  22.03 ,  0.04 ,  3.97
26 ,  1 ,  1117406 ,  0 ,  200 ,  21.92 ,  0.04 ,  3.87
26 ,  1 ,  1117451 ,  0 ,  200 ,  21.81 ,  0.04 ,  3.87
26 ,  1 ,  1117494 ,  0 ,  200 ,  21.81 ,  0.04 ,  3.87
26 ,  1 ,  1117538 ,  0 ,  200 ,  21.70 ,  0.04 ,  3.87
26 ,  1 ,  1117581 ,  0 ,  200 ,  21.70 ,  0.04 ,  3.87
26 ,  1 ,  1117624 ,  0 ,  200 ,  21.59 ,  0.04 ,  3.87
26 ,  1 ,  1117667 ,  0 ,  200 ,  21.48 ,  0.04 ,  3.87
26 ,  1 ,  1117710 ,  0 ,  200 ,  21.48 ,  0.04 ,  3.87
26 ,  1 ,  1117754 ,  0 ,  200 ,  21.37 ,  0.04 ,  3.77
26 ,  1 ,  1117797 ,  0 ,  200 ,  21.26 ,  0.04 ,  3.77
26 ,  1 ,  1117842 ,  0 ,  200 ,  21.26 ,  0.04 ,  3.77
26 ,  1 ,  1117886 ,  0 ,  200 ,  21.15 ,  0.04 ,  3.77
26 ,  1 ,  1117929 ,  0 ,  200 ,  21.15 ,  0.04 ,  3.77
26 ,  1 ,  1117972 ,  0 ,  200 ,  21.04 ,  0.04 ,  3.77
26 ,  1 ,  1118015 ,  0 ,  200 ,  21.04 ,  0.04 ,  3.67
26 ,  1 ,  1118059 ,  0 ,  200 ,  20.93 ,  0.04 ,  3.67
26 ,  1 ,  1118132 ,  0 ,  200 ,  20.82 ,  0.04 ,  3.67
26 ,  1 ,  1118175 ,  0 ,  200 ,  20.71 ,  0.04 ,  3.67
26 ,  1 ,  1118219 ,  0 ,  200 ,  20.71 ,  0.04 ,  3.67
26 ,  1 ,  1118264 ,  0 ,  200 ,  20.60 ,  0.04 ,  3.57
26 ,  1 ,  1118307 ,  0 ,  200 ,  20.60 ,  0.04 ,  3.57
26 ,  1 ,  1118350 ,  0 ,  200 ,  20.60 ,  0.04 ,  3.57
26 ,  1 ,  1118394 ,  0 ,  200 ,  20.49 ,  0.04 ,  3.57
26 ,  1 ,  1118437 ,  0 ,  200 ,  20.38 ,  0.04 ,  3.57
26 ,  1 ,  1118480 ,  0 ,  200 ,  20.27 ,  0.04 ,  3.57
26 ,  1 ,  1118523 ,  0 ,  200 ,  20.27 ,  0.04 ,  3.57
26 ,  1 ,  1118567 ,  0 ,  200 ,  20.16 ,  0.04 ,  3.47
26 ,  1 ,  1118610 ,  0 ,  200 ,  20.16 ,  0.04 ,  3.47
26 ,  1 ,  1118655 ,  0 ,  200 ,  20.05 ,  0.04 ,  3.47
26 ,  1 ,  1118699 ,  0 ,  200 ,  20.05 ,  0.04 ,  3.37
26 ,  1 ,  1118742 ,  0 ,  200 ,  19.94 ,  0.04 ,  3.47
26 ,  1 ,  1118785 ,  0 ,  200 ,  19.83 ,  0.04 ,  3.47
26 ,  1 ,  1118828 ,  0 ,  200 ,  19.83 ,  0.04 ,  3.47
26 ,  1 ,  1118872 ,  0 ,  200 ,  19.72 ,  0.04 ,  3.37
26 ,  1 ,  1118915 ,  0 ,  200 ,  19.72 ,  0.04 ,  3.37
26 ,  1 ,  1118958 ,  0 ,  200 ,  19.72 ,  0.04 ,  3.37
26 ,  1 ,  1119001 ,  0 ,  200 ,  19.61 ,  0.04 ,  3.37
26 ,  1 ,  1119047 ,  0 ,  200 ,  19.50 ,  0.04 ,  3.27
26 ,  1 ,  1119090 ,  0 ,  200 ,  19.50 ,  0.04 ,  3.27
26 ,  1 ,  1119133 ,  0 ,  200 ,  19.39 ,  0.04 ,  3.27
26 ,  1 ,  1119176 ,  0 ,  200 ,  19.39 ,  0.04 ,  3.27
26 ,  1 ,  1119220 ,  0 ,  200 ,  19.28 ,  0.04 ,  3.27
26 ,  1 ,  1119263 ,  0 ,  200 ,  19.17 ,  0.04 ,  3.27
26 ,  1 ,  1119306 ,  0 ,  200 ,  19.17 ,  0.04 ,  3.27
26 ,  1 ,  1119349 ,  0 ,  200 ,  19.17 ,  0.04 ,  3.27
26 ,  1 ,  1119395 ,  0 ,  200 ,  19.06 ,  0.04 ,  3.17
26 ,  1 ,  1119438 ,  0 ,  200 ,  18.95 ,  0.04 ,  3.17
26 ,  1 ,  1119481 ,  0 ,  200 ,  18.95 ,  0.04 ,  3.17
26 ,  1 ,  1119525 ,  0 ,  200 ,  18.84 ,  0.04 ,  3.17
26 ,  1 ,  1119568 ,  0 ,  200 ,  18.84 ,  0.04 ,  3.17
26 ,  1 ,  1119611 ,  0 ,  200 ,  18.73 ,  0.04 ,  3.17
26 ,  1 ,  1119654 ,  0 ,  200 ,  18.73 ,  0.04 ,  3.17
26 ,  1 ,  1119698 ,  0 ,  200 ,  18.62 ,  0.04 ,  3.08
26 ,  1 ,  1119741 ,  0 ,  200 ,  18.51 ,  0.04 ,  3.08
26 ,  1 ,  1119787 ,  0 ,  200 ,  18.51 ,  0.04 ,  3.08
26 ,  1 ,  1119830 ,  0 ,  200 ,  18.40 ,  0.04 ,  3.08
26 ,  1 ,  1119874 ,  0 ,  200 ,  18.40 ,  0.04 ,  3.08
26 ,  1 ,  1119917 ,  0 ,  200 ,  18.29 ,  0.04 ,  3.08
26 ,  1 ,  1119960 ,  0 ,  200 ,  18.29 ,  0.04 ,  3.08
26 ,  1 ,  1120003 ,  0 ,  200 ,  18.18 ,  0.04 ,  2.98
26 ,  1 ,  1120047 ,  0 ,  200 ,  18.18 ,  0.03 ,  2.98
26 ,  1 ,  1120090 ,  0 ,  200 ,  18.18 ,  0.03 ,  2.98
26 ,  1 ,  1120133 ,  0 ,  200 ,  18.07 ,  0.04 ,  2.98
26 ,  1 ,  1120179 ,  0 ,  200 ,  18.07 ,  0.04 ,  2.98
26 ,  1 ,  1120222 ,  0 ,  200 ,  17.96 ,  0.04 ,  2.98
26 ,  1 ,  1120265 ,  0 ,  200 ,  17.85 ,  0.04 ,  2.98
26 ,  1 ,  1120308 ,  0 ,  200 ,  17.85 ,  0.04 ,  2.98
26 ,  1 ,  1120352 ,  0 ,  200 ,  17.73 ,  0.04 ,  2.98
26 ,  1 ,  1120395 ,  0 ,  200 ,  17.73 ,  0.04 ,  2.88
26 ,  1 ,  1120438 ,  0 ,  200 ,  17.62 ,  0.04 ,  2.88
26 ,  1 ,  1120481 ,  0 ,  200 ,  17.62 ,  0.04 ,  2.88
26 ,  1 ,  1120525 ,  0 ,  200 ,  17.62 ,  0.04 ,  2.88
26 ,  1 ,  1120570 ,  0 ,  200 ,  17.51 ,  0.04 ,  2.88
26 ,  1 ,  1120613 ,  0 ,  200 ,  17.51 ,  0.04 ,  2.78
26 ,  1 ,  1120657 ,  0 ,  200 ,  17.40 ,  0.04 ,  2.88
26 ,  1 ,  1120700 ,  0 ,  200 ,  17.40 ,  0.04 ,  2.88
26 ,  1 ,  1120743 ,  0 ,  200 ,  17.29 ,  0.04 ,  2.78
26 ,  1 ,  1120787 ,  0 ,  200 ,  17.29 ,  0.03 ,  2.78
26 ,  1 ,  1120830 ,  0 ,  200 ,  17.18 ,  0.03 ,  2.78
26 ,  1 ,  1120873 ,  0 ,  200 ,  17.07 ,  0.03 ,  2.78
26 ,  1 ,  1120917 ,  0 ,  200 ,  17.07 ,  0.04 ,  2.78
26 ,  1 ,  1120962 ,  0 ,  200 ,  17.07 ,  0.04 ,  2.78
26 ,  1 ,  1121006 ,  0 ,  200 ,  16.96 ,  0.04 ,  2.78
26 ,  1 ,  1121049 ,  0 ,  200 ,  16.96 ,  0.04 ,  2.78
26 ,  1 ,  1121092 ,  0 ,  200 ,  16.85 ,  0.04 ,  2.78
26 ,  1 ,  1121136 ,  0 ,  200 ,  16.85 ,  0.04 ,  2.68
26 ,  1 ,  1121179 ,  0 ,  200 ,  16.74 ,  0.03 ,  2.68
26 ,  1 ,  1121222 ,  0 ,  200 ,  16.74 ,  0.04 ,  2.68
26 ,  1 ,  1121266 ,  0 ,  200 ,  16.63 ,  0.04 ,  2.68
26 ,  1 ,  1121309 ,  0 ,  200 ,  16.63 ,  0.03 ,  2.68
26 ,  1 ,  1121355 ,  0 ,  200 ,  16.52 ,  0.03 ,  2.58
26 ,  1 ,  1121398 ,  0 ,  200 ,  16.52 ,  0.03 ,  2.68
26 ,  1 ,  1121441 ,  0 ,  200 ,  16.41 ,  0.03 ,  2.58
26 ,  1 ,  1121485 ,  0 ,  200 ,  16.41 ,  0.03 ,  2.58
26 ,  1 ,  1121528 ,  0 ,  200 ,  16.41 ,  0.03 ,  2.58
26 ,  1 ,  1121571 ,  0 ,  200 ,  16.30 ,  0.03 ,  2.58
26 ,  1 ,  1121615 ,  0 ,  200 ,  16.30 ,  0.03 ,  2.58
26 ,  1 ,  1121658 ,  0 ,  200 ,  16.19 ,  0.04 ,  2.58
26 ,  1 ,  1121701 ,  0 ,  200 ,  16.19 ,  0.03 ,  2.58
26 ,  1 ,  1121755 ,  0 ,  200 ,  16.08 ,  0.03 ,  2.58
26 ,  1 ,  1121798 ,  0 ,  200 ,  16.08 ,  0.03 ,  2.48
26 ,  1 ,  1121842 ,  0 ,  200 ,  16.08 ,  0.03 ,  2.48
26 ,  1 ,  1121885 ,  0 ,  200 ,  15.97 ,  0.03 ,  2.48
26 ,  1 ,  1121928 ,  0 ,  200 ,  15.97 ,  0.04 ,  2.48
26 ,  1 ,  1121972 ,  0 ,  200 ,  15.86 ,  0.03 ,  2.48
26 ,  1 ,  1122015 ,  0 ,  200 ,  15.75 ,  0.03 ,  2.48
26 ,  1 ,  1122059 ,  0 ,  200 ,  15.75 ,  0.03 ,  2.48
26 ,  1 ,  1122103 ,  0 ,  200 ,  15.75 ,  0.04 ,  2.48
26 ,  1 ,  1122149 ,  0 ,  200 ,  15.64 ,  0.03 ,  2.48
26 ,  1 ,  1122192 ,  0 ,  200 ,  15.64 ,  0.03 ,  2.48
26 ,  1 ,  1122235 ,  0 ,  200 ,  15.64 ,  0.03 ,  2.38
26 ,  1 ,  1122278 ,  0 ,  200 ,  15.53 ,  0.04 ,  2.38
26 ,  1 ,  1122322 ,  0 ,  200 ,  15.42 ,  0.03 ,  2.38
26 ,  1 ,  1122365 ,  0 ,  200 ,  15.42 ,  0.03 ,  2.38
26 ,  1 ,  1122408 ,  0 ,  200 ,  15.42 ,  0.03 ,  2.38
26 ,  1 ,  1122451 ,  0 ,  200 ,  15.31 ,  0.03 ,  2.38
26 ,  1 ,  1122495 ,  0 ,  200 ,  15.20 ,  0.03 ,  2.38
26 ,  1 ,  1122540 ,  0 ,  200 ,  15.20 ,  0.03 ,  2.38
26 ,  1 ,  1122583 ,  0 ,  200 ,  15.20 ,  0.03 ,  2.38
26 ,  1 ,  1122627 ,  0 ,  200 ,  15.20 ,  0.04 ,  2.38
26 ,  1 ,  1122670 ,  0 ,  200 ,  15.09 ,  0.04 ,  2.28
26 ,  1 ,  1122713 ,  0 ,  200 ,  15.09 ,  0.03 ,  2.28
26 ,  1 ,  1122756 ,  0 ,  200 ,  14.98 ,  0.03 ,  2.28
26 ,  1 ,  1122800 ,  0 ,  200 ,  14.98 ,  0.03 ,  2.28
26 ,  1 ,  1122843 ,  0 ,  200 ,  14.87 ,  0.03 ,  2.28
26 ,  1 ,  1122886 ,  0 ,  200 ,  14.87 ,  0.03 ,  2.28
26 ,  1 ,  1122932 ,  0 ,  200 ,  14.87 ,  0.03 ,  2.28
26 ,  1 ,  1122975 ,  0 ,  200 ,  14.76 ,  0.04 ,  2.28
26 ,  1 ,  1123018 ,  0 ,  200 ,  14.76 ,  0.03 ,  2.28
26 ,  1 ,  1123062 ,  0 ,  200 ,  14.76 ,  0.03 ,  2.28
26 ,  1 ,  1123105 ,  0 ,  200 ,  14.65 ,  0.03 ,  2.28
26 ,  1 ,  1123148 ,  0 ,  200 ,  14.65 ,  0.03 ,  2.28
26 ,  1 ,  1123191 ,  0 ,  200 ,  14.54 ,  0.03 ,  2.18
26 ,  1 ,  1123235 ,  0 ,  200 ,  14.54 ,  0.04 ,  2.18
26 ,  1 ,  1123278 ,  0 ,  200 ,  14.54 ,  0.03 ,  2.18
26 ,  1 ,  1123319 ,  0 ,  200 ,  14.43 ,  0.03 ,  2.18
26 ,  1 ,  1123362 ,  0 ,  200 ,  14.43 ,  0.03 ,  2.18
26 ,  1 ,  1123406 ,  0 ,  200 ,  14.43 ,  0.03 ,  2.18
26 ,  1 ,  1123449 ,  0 ,  200 ,  14.32 ,  0.03 ,  2.18
26 ,  1 ,  1123492 ,  0 ,  200 ,  14.32 ,  0.04 ,  2.18
26 ,  1 ,  1123535 ,  0 ,  200 ,  14.21 ,  0.03 ,  2.18
26 ,  1 ,  1123579 ,  0 ,  200 ,  14.21 ,  0.03 ,  2.18
26 ,  1 ,  1123622 ,  0 ,  200 ,  14.10 ,  0.03 ,  2.18
26 ,  1 ,  1123665 ,  0 ,  200 ,  14.10 ,  0.03 ,  2.08
26 ,  1 ,  1123712 ,  0 ,  200 ,  14.10 ,  0.03 ,  2.08
26 ,  1 ,  1123755 ,  0 ,  200 ,  13.99 ,  0.03 ,  2.08
26 ,  1 ,  1123798 ,  0 ,  200 ,  13.99 ,  0.03 ,  2.08
26 ,  1 ,  1123841 ,  0 ,  200 ,  13.99 ,  0.04 ,  2.08
26 ,  1 ,  1123885 ,  0 ,  200 ,  13.99 ,  0.04 ,  2.08
26 ,  1 ,  1123928 ,  0 ,  200 ,  13.88 ,  0.03 ,  2.08
26 ,  1 ,  1123971 ,  0 ,  200 ,  13.88 ,  0.03 ,  2.08
26 ,  1 ,  1124014 ,  0 ,  200 ,  13.77 ,  0.04 ,  1.98
