MS, MPT, t (s), PWMi, PWMe, Pressure (Psi), LW (V), Displacement (mm)
26 ,  3 ,  1150942 ,  0 ,  200 ,  13.44 ,  0.03 ,  1.98
26 ,  3 ,  1150983 ,  255 ,  0 ,  13.44 ,  0.03 ,  1.98
26 ,  3 ,  1151025 ,  255 ,  0 ,  16.52 ,  0.03 ,  1.98
26 ,  3 ,  1151066 ,  255 ,  0 ,  31.94 ,  0.06 ,  3.97
26 ,  3 ,  1151108 ,  255 ,  0 ,  46.04 ,  0.12 ,  7.44
26 ,  3 ,  1151149 ,  255 ,  0 ,  55.51 ,  0.21 ,  10.91
26 ,  3 ,  1151191 ,  255 ,  0 ,  62.01 ,  0.28 ,  13.59
26 ,  3 ,  1151232 ,  255 ,  0 ,  66.52 ,  0.35 ,  15.48
26 ,  3 ,  1151276 ,  255 ,  0 ,  70.16 ,  0.41 ,  16.87
26 ,  3 ,  1151318 ,  255 ,  0 ,  72.80 ,  0.44 ,  17.86
26 ,  3 ,  1151358 ,  255 ,  0 ,  75.00 ,  0.47 ,  18.65
26 ,  3 ,  1151399 ,  255 ,  0 ,  76.87 ,  0.50 ,  19.35
26 ,  3 ,  1151441 ,  255 ,  0 ,  78.53 ,  0.52 ,  19.94
26 ,  3 ,  1151482 ,  255 ,  0 ,  80.07 ,  0.54 ,  20.34
26 ,  3 ,  1151523 ,  255 ,  0 ,  81.39 ,  0.55 ,  20.84
26 ,  3 ,  1151565 ,  255 ,  0 ,  82.71 ,  0.56 ,  21.13
26 ,  3 ,  1151606 ,  255 ,  0 ,  83.81 ,  0.57 ,  21.53
26 ,  3 ,  1151650 ,  255 ,  0 ,  84.91 ,  0.57 ,  21.83
26 ,  3 ,  1151691 ,  255 ,  0 ,  86.01 ,  0.58 ,  22.13
26 ,  3 ,  1151732 ,  255 ,  0 ,  87.00 ,  0.58 ,  22.32
26 ,  3 ,  1151774 ,  255 ,  0 ,  87.78 ,  0.59 ,  22.62
26 ,  3 ,  1151815 ,  255 ,  0 ,  88.66 ,  0.59 ,  22.82
26 ,  3 ,  1151856 ,  255 ,  0 ,  89.43 ,  0.59 ,  23.02
26 ,  3 ,  1151898 ,  255 ,  0 ,  90.20 ,  0.59 ,  23.22
26 ,  3 ,  1151939 ,  255 ,  0 ,  90.86 ,  0.60 ,  23.32
26 ,  3 ,  1151980 ,  255 ,  0 ,  91.52 ,  0.60 ,  23.51
26 ,  3 ,  1152024 ,  255 ,  0 ,  92.18 ,  0.60 ,  23.61
26 ,  3 ,  1152065 ,  255 ,  0 ,  92.73 ,  0.60 ,  23.81
26 ,  3 ,  1152107 ,  255 ,  0 ,  93.17 ,  0.60 ,  23.91
26 ,  3 ,  1152148 ,  255 ,  0 ,  93.61 ,  0.60 ,  24.01
26 ,  3 ,  1152189 ,  255 ,  0 ,  94.05 ,  0.60 ,  24.11
26 ,  3 ,  1152231 ,  255 ,  0 ,  94.49 ,  0.60 ,  24.21
26 ,  3 ,  1152272 ,  255 ,  0 ,  94.82 ,  0.60 ,  24.31
26 ,  3 ,  1152314 ,  255 ,  0 ,  95.15 ,  0.61 ,  24.41
26 ,  3 ,  1152357 ,  255 ,  0 ,  95.37 ,  0.61 ,  24.41
26 ,  3 ,  1152398 ,  255 ,  0 ,  95.59 ,  0.61 ,  24.51
26 ,  3 ,  1152440 ,  255 ,  0 ,  95.82 ,  0.61 ,  24.51
26 ,  3 ,  1152481 ,  255 ,  0 ,  95.82 ,  0.61 ,  24.61
26 ,  3 ,  1152523 ,  255 ,  0 ,  95.93 ,  0.61 ,  24.61
26 ,  3 ,  1152564 ,  255 ,  0 ,  96.04 ,  0.61 ,  24.71
26 ,  3 ,  1152605 ,  255 ,  0 ,  96.15 ,  0.61 ,  24.71
26 ,  3 ,  1152647 ,  255 ,  0 ,  96.15 ,  0.61 ,  24.71
26 ,  3 ,  1152688 ,  255 ,  0 ,  96.26 ,  0.61 ,  24.80
26 ,  3 ,  1152727 ,  255 ,  0 ,  96.26 ,  0.61 ,  24.80
26 ,  3 ,  1152769 ,  255 ,  0 ,  96.26 ,  0.61 ,  24.80
26 ,  3 ,  1152809 ,  255 ,  0 ,  96.26 ,  0.61 ,  24.80
26 ,  3 ,  1152850 ,  255 ,  0 ,  96.37 ,  0.61 ,  24.80
26 ,  3 ,  1152892 ,  255 ,  0 ,  96.37 ,  0.61 ,  24.90
26 ,  3 ,  1152933 ,  255 ,  0 ,  96.37 ,  0.61 ,  24.90
26 ,  3 ,  1152975 ,  255 ,  0 ,  96.37 ,  0.61 ,  24.90
26 ,  3 ,  1153016 ,  255 ,  0 ,  96.37 ,  0.61 ,  24.90
26 ,  3 ,  1153057 ,  255 ,  0 ,  96.37 ,  0.61 ,  24.90
26 ,  3 ,  1153101 ,  255 ,  0 ,  96.37 ,  0.61 ,  24.90
26 ,  3 ,  1153142 ,  255 ,  0 ,  96.37 ,  0.61 ,  24.90
26 ,  3 ,  1153184 ,  255 ,  0 ,  96.37 ,  0.61 ,  24.90
26 ,  3 ,  1153225 ,  255 ,  0 ,  96.37 ,  0.61 ,  25.00
26 ,  3 ,  1153266 ,  255 ,  0 ,  96.37 ,  0.61 ,  25.00
26 ,  3 ,  1153308 ,  255 ,  0 ,  96.37 ,  0.61 ,  25.00
26 ,  3 ,  1153349 ,  255 ,  0 ,  96.26 ,  0.61 ,  25.00
26 ,  3 ,  1153390 ,  255 ,  0 ,  96.37 ,  0.61 ,  25.00
26 ,  3 ,  1153432 ,  255 ,  0 ,  96.37 ,  0.61 ,  25.00
26 ,  3 ,  1153475 ,  255 ,  0 ,  96.37 ,  0.61 ,  25.00
26 ,  3 ,  1153516 ,  255 ,  0 ,  96.26 ,  0.61 ,  25.00
26 ,  3 ,  1153558 ,  255 ,  0 ,  96.26 ,  0.61 ,  25.00
26 ,  3 ,  1153599 ,  255 ,  0 ,  96.26 ,  0.61 ,  25.00
26 ,  3 ,  1153641 ,  255 ,  0 ,  96.37 ,  0.61 ,  25.10
26 ,  3 ,  1153682 ,  255 ,  0 ,  96.26 ,  0.61 ,  25.10
26 ,  3 ,  1153723 ,  255 ,  0 ,  96.37 ,  0.61 ,  25.10
26 ,  3 ,  1153765 ,  255 ,  0 ,  96.26 ,  0.61 ,  25.10
26 ,  3 ,  1153806 ,  255 ,  0 ,  96.26 ,  0.61 ,  25.10
26 ,  3 ,  1153850 ,  255 ,  0 ,  96.26 ,  0.61 ,  25.10
26 ,  3 ,  1153891 ,  255 ,  0 ,  96.37 ,  0.61 ,  25.10
26 ,  3 ,  1153932 ,  0 ,  200 ,  96.26 ,  0.61 ,  25.10
26 ,  3 ,  1153974 ,  0 ,  200 ,  94.05 ,  0.61 ,  25.10
26 ,  3 ,  1154015 ,  0 ,  200 ,  89.10 ,  0.61 ,  24.71
26 ,  3 ,  1154056 ,  0 ,  200 ,  84.58 ,  0.60 ,  24.11
26 ,  3 ,  1154098 ,  0 ,  200 ,  80.84 ,  0.59 ,  23.42
26 ,  3 ,  1154139 ,  0 ,  200 ,  77.75 ,  0.59 ,  22.82
26 ,  3 ,  1154180 ,  0 ,  200 ,  75.11 ,  0.58 ,  22.22
26 ,  3 ,  1154224 ,  0 ,  200 ,  72.91 ,  0.57 ,  21.83
26 ,  3 ,  1154265 ,  0 ,  200 ,  71.04 ,  0.56 ,  21.33
26 ,  3 ,  1154307 ,  0 ,  200 ,  69.49 ,  0.55 ,  20.94
26 ,  3 ,  1154348 ,  0 ,  200 ,  68.17 ,  0.54 ,  20.64
26 ,  3 ,  1154388 ,  0 ,  200 ,  66.96 ,  0.52 ,  20.24
26 ,  3 ,  1154430 ,  0 ,  200 ,  65.97 ,  0.51 ,  20.04
26 ,  3 ,  1154471 ,  0 ,  200 ,  65.09 ,  0.50 ,  19.74
26 ,  3 ,  1154512 ,  0 ,  200 ,  64.32 ,  0.49 ,  19.55
26 ,  3 ,  1154556 ,  0 ,  200 ,  63.66 ,  0.48 ,  19.25
26 ,  3 ,  1154597 ,  0 ,  200 ,  63.00 ,  0.47 ,  19.05
26 ,  3 ,  1154639 ,  0 ,  200 ,  62.45 ,  0.45 ,  18.85
26 ,  3 ,  1154681 ,  0 ,  200 ,  62.01 ,  0.45 ,  18.75
26 ,  3 ,  1154722 ,  0 ,  200 ,  61.46 ,  0.44 ,  18.55
26 ,  3 ,  1154763 ,  0 ,  200 ,  61.13 ,  0.44 ,  18.36
26 ,  3 ,  1154805 ,  0 ,  200 ,  60.68 ,  0.43 ,  18.26
26 ,  3 ,  1154846 ,  0 ,  200 ,  60.35 ,  0.43 ,  18.16
26 ,  3 ,  1154897 ,  0 ,  200 ,  60.02 ,  0.42 ,  18.06
26 ,  3 ,  1154941 ,  0 ,  200 ,  59.69 ,  0.42 ,  17.96
26 ,  3 ,  1154982 ,  0 ,  200 ,  59.36 ,  0.41 ,  17.86
26 ,  3 ,  1155023 ,  0 ,  200 ,  59.14 ,  0.41 ,  17.76
26 ,  3 ,  1155065 ,  0 ,  200 ,  58.92 ,  0.40 ,  17.66
26 ,  3 ,  1155106 ,  0 ,  200 ,  58.81 ,  0.40 ,  17.56
26 ,  3 ,  1155147 ,  0 ,  200 ,  58.59 ,  0.40 ,  17.46
26 ,  3 ,  1155189 ,  0 ,  200 ,  58.37 ,  0.39 ,  17.36
26 ,  3 ,  1155230 ,  0 ,  200 ,  58.15 ,  0.39 ,  17.36
26 ,  3 ,  1155271 ,  0 ,  200 ,  57.93 ,  0.38 ,  17.26
26 ,  3 ,  1155315 ,  0 ,  200 ,  57.71 ,  0.38 ,  17.16
26 ,  3 ,  1155356 ,  0 ,  200 ,  57.60 ,  0.37 ,  17.16
26 ,  3 ,  1155398 ,  0 ,  200 ,  57.38 ,  0.37 ,  17.07
26 ,  3 ,  1155439 ,  0 ,  200 ,  57.27 ,  0.37 ,  16.97
26 ,  3 ,  1155480 ,  0 ,  200 ,  57.05 ,  0.37 ,  16.97
26 ,  3 ,  1155522 ,  0 ,  200 ,  56.94 ,  0.36 ,  16.97
26 ,  3 ,  1155563 ,  0 ,  200 ,  56.83 ,  0.36 ,  16.87
26 ,  3 ,  1155604 ,  0 ,  200 ,  56.72 ,  0.36 ,  16.77
26 ,  3 ,  1155646 ,  0 ,  200 ,  56.50 ,  0.36 ,  16.77
26 ,  3 ,  1155689 ,  0 ,  200 ,  56.39 ,  0.35 ,  16.67
26 ,  3 ,  1155730 ,  0 ,  200 ,  56.28 ,  0.35 ,  16.67
26 ,  3 ,  1155772 ,  0 ,  200 ,  56.17 ,  0.35 ,  16.57
26 ,  3 ,  1155813 ,  0 ,  200 ,  55.95 ,  0.35 ,  16.57
26 ,  3 ,  1155854 ,  0 ,  200 ,  55.84 ,  0.35 ,  16.47
26 ,  3 ,  1155896 ,  0 ,  200 ,  55.73 ,  0.34 ,  16.47
26 ,  3 ,  1155937 ,  0 ,  200 ,  55.62 ,  0.34 ,  16.37
26 ,  3 ,  1155978 ,  0 ,  200 ,  55.51 ,  0.34 ,  16.27
26 ,  3 ,  1156020 ,  0 ,  200 ,  55.29 ,  0.33 ,  16.27
26 ,  3 ,  1156063 ,  0 ,  200 ,  55.18 ,  0.33 ,  16.27
26 ,  3 ,  1156105 ,  0 ,  200 ,  55.07 ,  0.33 ,  16.27
26 ,  3 ,  1156146 ,  0 ,  200 ,  54.96 ,  0.33 ,  16.07
26 ,  3 ,  1156187 ,  0 ,  200 ,  54.85 ,  0.33 ,  16.07
26 ,  3 ,  1156229 ,  0 ,  200 ,  54.74 ,  0.32 ,  16.07
26 ,  3 ,  1156270 ,  0 ,  200 ,  54.63 ,  0.32 ,  15.97
26 ,  3 ,  1156311 ,  0 ,  200 ,  54.41 ,  0.32 ,  15.97
26 ,  3 ,  1156353 ,  0 ,  200 ,  54.41 ,  0.32 ,  15.88
26 ,  3 ,  1156393 ,  0 ,  200 ,  54.19 ,  0.32 ,  15.88
26 ,  3 ,  1156438 ,  0 ,  200 ,  54.08 ,  0.31 ,  15.88
26 ,  3 ,  1156478 ,  0 ,  200 ,  53.97 ,  0.31 ,  15.78
26 ,  3 ,  1156519 ,  0 ,  200 ,  53.86 ,  0.31 ,  15.78
26 ,  3 ,  1156561 ,  0 ,  200 ,  53.75 ,  0.31 ,  15.68
26 ,  3 ,  1156602 ,  0 ,  200 ,  53.53 ,  0.31 ,  15.68
26 ,  3 ,  1156643 ,  0 ,  200 ,  53.42 ,  0.30 ,  15.58
26 ,  3 ,  1156685 ,  0 ,  200 ,  53.31 ,  0.30 ,  15.58
26 ,  3 ,  1156726 ,  0 ,  200 ,  53.20 ,  0.30 ,  15.48
26 ,  3 ,  1156769 ,  0 ,  200 ,  53.09 ,  0.30 ,  15.48
26 ,  3 ,  1156811 ,  0 ,  200 ,  52.98 ,  0.30 ,  15.38
26 ,  3 ,  1156852 ,  0 ,  200 ,  52.87 ,  0.30 ,  15.38
26 ,  3 ,  1156893 ,  0 ,  200 ,  52.76 ,  0.29 ,  15.38
26 ,  3 ,  1156935 ,  0 ,  200 ,  52.65 ,  0.29 ,  15.28
26 ,  3 ,  1156976 ,  0 ,  200 ,  52.54 ,  0.29 ,  15.28
26 ,  3 ,  1157017 ,  0 ,  200 ,  52.42 ,  0.28 ,  15.18
26 ,  3 ,  1157059 ,  0 ,  200 ,  52.31 ,  0.29 ,  15.18
26 ,  3 ,  1157100 ,  0 ,  200 ,  52.09 ,  0.29 ,  15.08
26 ,  3 ,  1157144 ,  0 ,  200 ,  51.98 ,  0.28 ,  15.08
26 ,  3 ,  1157185 ,  0 ,  200 ,  51.87 ,  0.27 ,  14.98
26 ,  3 ,  1157226 ,  0 ,  200 ,  51.76 ,  0.28 ,  14.98
26 ,  3 ,  1157268 ,  0 ,  200 ,  51.65 ,  0.27 ,  14.98
26 ,  3 ,  1157309 ,  0 ,  200 ,  51.54 ,  0.27 ,  14.88
26 ,  3 ,  1157350 ,  0 ,  200 ,  51.43 ,  0.27 ,  14.88
26 ,  3 ,  1157392 ,  0 ,  200 ,  51.32 ,  0.27 ,  14.78
26 ,  3 ,  1157433 ,  0 ,  200 ,  51.21 ,  0.27 ,  14.78
26 ,  3 ,  1157474 ,  0 ,  200 ,  51.10 ,  0.26 ,  14.68
26 ,  3 ,  1157518 ,  0 ,  200 ,  50.99 ,  0.27 ,  14.68
26 ,  3 ,  1157559 ,  0 ,  200 ,  50.77 ,  0.26 ,  14.59
26 ,  3 ,  1157601 ,  0 ,  200 ,  50.66 ,  0.26 ,  14.59
26 ,  3 ,  1157642 ,  0 ,  200 ,  50.55 ,  0.26 ,  14.59
26 ,  3 ,  1157683 ,  0 ,  200 ,  50.44 ,  0.25 ,  14.49
26 ,  3 ,  1157725 ,  0 ,  200 ,  50.33 ,  0.25 ,  14.49
26 ,  3 ,  1157766 ,  0 ,  200 ,  50.22 ,  0.26 ,  14.39
26 ,  3 ,  1157807 ,  0 ,  200 ,  50.11 ,  0.25 ,  14.39
26 ,  3 ,  1157849 ,  0 ,  200 ,  50.00 ,  0.25 ,  14.29
26 ,  3 ,  1157892 ,  0 ,  200 ,  49.89 ,  0.24 ,  14.19
26 ,  3 ,  1157933 ,  0 ,  200 ,  49.78 ,  0.24 ,  14.19
26 ,  3 ,  1157975 ,  0 ,  200 ,  49.67 ,  0.24 ,  14.19
26 ,  3 ,  1158016 ,  0 ,  200 ,  49.45 ,  0.24 ,  14.09
26 ,  3 ,  1158056 ,  0 ,  200 ,  49.34 ,  0.24 ,  14.09
26 ,  3 ,  1158098 ,  0 ,  200 ,  49.23 ,  0.24 ,  13.99
26 ,  3 ,  1158139 ,  0 ,  200 ,  49.23 ,  0.24 ,  13.99
26 ,  3 ,  1158180 ,  0 ,  200 ,  49.01 ,  0.23 ,  13.89
26 ,  3 ,  1158222 ,  0 ,  200 ,  48.90 ,  0.23 ,  13.89
26 ,  3 ,  1158265 ,  0 ,  200 ,  48.79 ,  0.23 ,  13.89
26 ,  3 ,  1158307 ,  0 ,  200 ,  48.68 ,  0.23 ,  13.79
26 ,  3 ,  1158348 ,  0 ,  200 ,  48.57 ,  0.22 ,  13.79
26 ,  3 ,  1158389 ,  0 ,  200 ,  48.46 ,  0.22 ,  13.69
26 ,  3 ,  1158431 ,  0 ,  200 ,  48.35 ,  0.22 ,  13.69
26 ,  3 ,  1158472 ,  0 ,  200 ,  48.24 ,  0.22 ,  13.59
26 ,  3 ,  1158513 ,  0 ,  200 ,  48.13 ,  0.22 ,  13.59
26 ,  3 ,  1158555 ,  0 ,  200 ,  47.91 ,  0.22 ,  13.49
26 ,  3 ,  1158596 ,  0 ,  200 ,  47.91 ,  0.22 ,  13.49
26 ,  3 ,  1158640 ,  0 ,  200 ,  47.80 ,  0.22 ,  13.39
26 ,  3 ,  1158682 ,  0 ,  200 ,  47.69 ,  0.21 ,  13.39
26 ,  3 ,  1158723 ,  0 ,  200 ,  47.58 ,  0.22 ,  13.30
26 ,  3 ,  1158764 ,  0 ,  200 ,  47.47 ,  0.21 ,  13.30
26 ,  3 ,  1158806 ,  0 ,  200 ,  47.36 ,  0.21 ,  13.20
26 ,  3 ,  1158847 ,  0 ,  200 ,  47.25 ,  0.21 ,  13.20
26 ,  3 ,  1158888 ,  0 ,  200 ,  47.14 ,  0.21 ,  13.20
26 ,  3 ,  1158930 ,  0 ,  200 ,  47.03 ,  0.21 ,  13.10
26 ,  3 ,  1158973 ,  0 ,  200 ,  46.92 ,  0.20 ,  13.00
26 ,  3 ,  1159015 ,  0 ,  200 ,  46.81 ,  0.20 ,  13.00
26 ,  3 ,  1159056 ,  0 ,  200 ,  46.70 ,  0.20 ,  13.00
26 ,  3 ,  1159097 ,  0 ,  200 ,  46.59 ,  0.20 ,  12.90
26 ,  3 ,  1159139 ,  0 ,  200 ,  46.37 ,  0.19 ,  12.90
26 ,  3 ,  1159180 ,  0 ,  200 ,  46.37 ,  0.19 ,  12.80
26 ,  3 ,  1159221 ,  0 ,  200 ,  46.15 ,  0.19 ,  12.80
26 ,  3 ,  1159263 ,  0 ,  200 ,  46.15 ,  0.19 ,  12.70
26 ,  3 ,  1159304 ,  0 ,  200 ,  46.04 ,  0.19 ,  12.60
26 ,  3 ,  1159348 ,  0 ,  200 ,  45.93 ,  0.18 ,  12.60
26 ,  3 ,  1159389 ,  0 ,  200 ,  45.82 ,  0.19 ,  12.60
26 ,  3 ,  1159430 ,  0 ,  200 ,  45.71 ,  0.19 ,  12.50
26 ,  3 ,  1159472 ,  0 ,  200 ,  45.60 ,  0.18 ,  12.50
26 ,  3 ,  1159513 ,  0 ,  200 ,  45.49 ,  0.18 ,  12.40
26 ,  3 ,  1159554 ,  0 ,  200 ,  45.38 ,  0.18 ,  12.40
26 ,  3 ,  1159596 ,  0 ,  200 ,  45.27 ,  0.18 ,  12.40
26 ,  3 ,  1159636 ,  0 ,  200 ,  45.16 ,  0.18 ,  12.30
26 ,  3 ,  1159677 ,  0 ,  200 ,  45.05 ,  0.17 ,  12.30
26 ,  3 ,  1159721 ,  0 ,  200 ,  44.94 ,  0.17 ,  12.20
26 ,  3 ,  1159762 ,  0 ,  200 ,  44.83 ,  0.17 ,  12.20
26 ,  3 ,  1159803 ,  0 ,  200 ,  44.72 ,  0.17 ,  12.10
26 ,  3 ,  1159845 ,  0 ,  200 ,  44.61 ,  0.17 ,  12.10
26 ,  3 ,  1159886 ,  0 ,  200 ,  44.50 ,  0.17 ,  12.01
26 ,  3 ,  1159927 ,  0 ,  200 ,  44.39 ,  0.16 ,  12.01
26 ,  3 ,  1159969 ,  0 ,  200 ,  44.28 ,  0.16 ,  12.01
26 ,  3 ,  1160010 ,  0 ,  200 ,  44.17 ,  0.16 ,  11.81
26 ,  3 ,  1160051 ,  0 ,  200 ,  44.06 ,  0.16 ,  11.81
26 ,  3 ,  1160095 ,  0 ,  200 ,  43.95 ,  0.16 ,  11.81
26 ,  3 ,  1160136 ,  0 ,  200 ,  43.84 ,  0.16 ,  11.81
26 ,  3 ,  1160178 ,  0 ,  200 ,  43.72 ,  0.15 ,  11.71
26 ,  3 ,  1160219 ,  0 ,  200 ,  43.61 ,  0.16 ,  11.71
26 ,  3 ,  1160260 ,  0 ,  200 ,  43.50 ,  0.15 ,  11.71
26 ,  3 ,  1160302 ,  0 ,  200 ,  43.39 ,  0.15 ,  11.61
26 ,  3 ,  1160343 ,  0 ,  200 ,  43.28 ,  0.15 ,  11.61
26 ,  3 ,  1160384 ,  0 ,  200 ,  43.28 ,  0.15 ,  11.51
26 ,  3 ,  1160426 ,  0 ,  200 ,  43.17 ,  0.14 ,  11.51
26 ,  3 ,  1160469 ,  0 ,  200 ,  42.95 ,  0.15 ,  11.41
26 ,  3 ,  1160511 ,  0 ,  200 ,  42.95 ,  0.14 ,  11.41
26 ,  3 ,  1160552 ,  0 ,  200 ,  42.84 ,  0.14 ,  11.31
26 ,  3 ,  1160593 ,  0 ,  200 ,  42.73 ,  0.14 ,  11.31
26 ,  3 ,  1160635 ,  0 ,  200 ,  42.62 ,  0.14 ,  11.31
26 ,  3 ,  1160676 ,  0 ,  200 ,  42.51 ,  0.14 ,  11.21
26 ,  3 ,  1160717 ,  0 ,  200 ,  42.40 ,  0.14 ,  11.21
26 ,  3 ,  1160759 ,  0 ,  200 ,  42.29 ,  0.13 ,  11.11
26 ,  3 ,  1160800 ,  0 ,  200 ,  42.18 ,  0.13 ,  11.11
26 ,  3 ,  1160843 ,  0 ,  200 ,  42.07 ,  0.13 ,  11.01
26 ,  3 ,  1160885 ,  0 ,  200 ,  41.96 ,  0.13 ,  11.01
26 ,  3 ,  1160926 ,  0 ,  200 ,  41.85 ,  0.13 ,  11.01
26 ,  3 ,  1160967 ,  0 ,  200 ,  41.85 ,  0.13 ,  10.91
26 ,  3 ,  1161009 ,  0 ,  200 ,  41.63 ,  0.12 ,  10.91
26 ,  3 ,  1161050 ,  0 ,  200 ,  41.52 ,  0.13 ,  10.81
26 ,  3 ,  1161091 ,  0 ,  200 ,  41.52 ,  0.12 ,  10.81
26 ,  3 ,  1161133 ,  0 ,  200 ,  41.30 ,  0.13 ,  10.81
26 ,  3 ,  1161176 ,  0 ,  200 ,  41.30 ,  0.12 ,  10.72
26 ,  3 ,  1161218 ,  0 ,  200 ,  41.19 ,  0.12 ,  10.72
26 ,  3 ,  1161259 ,  0 ,  200 ,  41.08 ,  0.12 ,  10.62
26 ,  3 ,  1161299 ,  0 ,  200 ,  40.97 ,  0.12 ,  10.62
26 ,  3 ,  1161341 ,  0 ,  200 ,  40.86 ,  0.12 ,  10.62
26 ,  3 ,  1161382 ,  0 ,  200 ,  40.75 ,  0.12 ,  10.52
26 ,  3 ,  1161423 ,  0 ,  200 ,  40.64 ,  0.11 ,  10.42
26 ,  3 ,  1161465 ,  0 ,  200 ,  40.64 ,  0.12 ,  10.42
26 ,  3 ,  1161506 ,  0 ,  200 ,  40.42 ,  0.11 ,  10.42
26 ,  3 ,  1161550 ,  0 ,  200 ,  40.42 ,  0.11 ,  10.32
26 ,  3 ,  1161591 ,  0 ,  200 ,  40.31 ,  0.11 ,  10.32
26 ,  3 ,  1161632 ,  0 ,  200 ,  40.20 ,  0.11 ,  10.32
26 ,  3 ,  1161674 ,  0 ,  200 ,  39.98 ,  0.11 ,  10.22
26 ,  3 ,  1161715 ,  0 ,  200 ,  39.98 ,  0.11 ,  10.22
26 ,  3 ,  1161757 ,  0 ,  200 ,  39.87 ,  0.11 ,  10.12
26 ,  3 ,  1161798 ,  0 ,  200 ,  39.76 ,  0.10 ,  10.12
26 ,  3 ,  1161840 ,  0 ,  200 ,  39.65 ,  0.10 ,  10.02
26 ,  3 ,  1161881 ,  0 ,  200 ,  39.54 ,  0.10 ,  10.02
26 ,  3 ,  1161925 ,  0 ,  200 ,  39.43 ,  0.10 ,  10.02
26 ,  3 ,  1161966 ,  0 ,  200 ,  39.43 ,  0.10 ,  9.92
26 ,  3 ,  1162007 ,  0 ,  200 ,  39.32 ,  0.10 ,  9.92
26 ,  3 ,  1162049 ,  0 ,  200 ,  39.21 ,  0.10 ,  9.82
26 ,  3 ,  1162090 ,  0 ,  200 ,  39.10 ,  0.10 ,  9.82
26 ,  3 ,  1162132 ,  0 ,  200 ,  38.99 ,  0.10 ,  9.72
26 ,  3 ,  1162173 ,  0 ,  200 ,  38.88 ,  0.10 ,  9.72
26 ,  3 ,  1162214 ,  0 ,  200 ,  38.77 ,  0.10 ,  9.72
26 ,  3 ,  1162256 ,  0 ,  200 ,  38.66 ,  0.10 ,  9.62
26 ,  3 ,  1162299 ,  0 ,  200 ,  38.55 ,  0.10 ,  9.62
26 ,  3 ,  1162341 ,  0 ,  200 ,  38.55 ,  0.09 ,  9.53
26 ,  3 ,  1162382 ,  0 ,  200 ,  38.44 ,  0.09 ,  9.53
26 ,  3 ,  1162424 ,  0 ,  200 ,  38.33 ,  0.09 ,  9.53
26 ,  3 ,  1162465 ,  0 ,  200 ,  38.22 ,  0.09 ,  9.43
26 ,  3 ,  1162507 ,  0 ,  200 ,  38.11 ,  0.10 ,  9.43
26 ,  3 ,  1162548 ,  0 ,  200 ,  38.00 ,  0.09 ,  9.33
26 ,  3 ,  1162598 ,  0 ,  200 ,  37.89 ,  0.09 ,  9.33
26 ,  3 ,  1162639 ,  0 ,  200 ,  37.78 ,  0.09 ,  9.23
26 ,  3 ,  1162692 ,  0 ,  200 ,  37.67 ,  0.09 ,  9.23
26 ,  3 ,  1162735 ,  0 ,  200 ,  37.67 ,  0.09 ,  9.13
26 ,  3 ,  1162779 ,  0 ,  200 ,  37.56 ,  0.09 ,  9.13
26 ,  3 ,  1162822 ,  0 ,  200 ,  37.34 ,  0.08 ,  9.13
26 ,  3 ,  1162866 ,  0 ,  200 ,  37.34 ,  0.09 ,  9.03
26 ,  3 ,  1162909 ,  0 ,  200 ,  37.23 ,  0.08 ,  9.03
26 ,  3 ,  1162953 ,  0 ,  200 ,  37.12 ,  0.09 ,  9.03
26 ,  3 ,  1162996 ,  0 ,  200 ,  37.01 ,  0.08 ,  8.93
26 ,  3 ,  1163040 ,  0 ,  200 ,  36.90 ,  0.08 ,  8.93
26 ,  3 ,  1163085 ,  0 ,  200 ,  36.79 ,  0.08 ,  8.83
26 ,  3 ,  1163129 ,  0 ,  200 ,  36.79 ,  0.08 ,  8.83
26 ,  3 ,  1163172 ,  0 ,  200 ,  36.68 ,  0.08 ,  8.73
26 ,  3 ,  1163215 ,  0 ,  200 ,  36.46 ,  0.08 ,  8.73
26 ,  3 ,  1163259 ,  0 ,  200 ,  36.46 ,  0.08 ,  8.73
26 ,  3 ,  1163302 ,  0 ,  200 ,  36.35 ,  0.08 ,  8.63
26 ,  3 ,  1163345 ,  0 ,  200 ,  36.24 ,  0.08 ,  8.63
26 ,  3 ,  1163389 ,  0 ,  200 ,  36.13 ,  0.07 ,  8.53
26 ,  3 ,  1163432 ,  0 ,  200 ,  36.02 ,  0.08 ,  8.53
26 ,  3 ,  1163479 ,  0 ,  200 ,  35.91 ,  0.08 ,  8.53
26 ,  3 ,  1163522 ,  0 ,  200 ,  35.91 ,  0.08 ,  8.43
26 ,  3 ,  1163565 ,  0 ,  200 ,  35.69 ,  0.08 ,  8.43
26 ,  3 ,  1163609 ,  0 ,  200 ,  35.69 ,  0.07 ,  8.33
26 ,  3 ,  1163652 ,  0 ,  200 ,  35.58 ,  0.07 ,  8.33
26 ,  3 ,  1163695 ,  0 ,  200 ,  35.47 ,  0.07 ,  8.33
26 ,  3 ,  1163739 ,  0 ,  200 ,  35.36 ,  0.07 ,  8.33
26 ,  3 ,  1163782 ,  0 ,  200 ,  35.25 ,  0.07 ,  8.24
26 ,  3 ,  1163825 ,  0 ,  200 ,  35.13 ,  0.07 ,  8.24
26 ,  3 ,  1163871 ,  0 ,  200 ,  35.02 ,  0.07 ,  8.14
26 ,  3 ,  1163914 ,  0 ,  200 ,  35.02 ,  0.07 ,  8.14
26 ,  3 ,  1163957 ,  0 ,  200 ,  34.91 ,  0.06 ,  8.14
26 ,  3 ,  1164001 ,  0 ,  200 ,  34.80 ,  0.07 ,  8.04
26 ,  3 ,  1164044 ,  0 ,  200 ,  34.69 ,  0.07 ,  7.94
26 ,  3 ,  1164087 ,  0 ,  200 ,  34.58 ,  0.07 ,  8.04
26 ,  3 ,  1164131 ,  0 ,  200 ,  34.47 ,  0.07 ,  7.94
26 ,  3 ,  1164174 ,  0 ,  200 ,  34.36 ,  0.07 ,  7.94
26 ,  3 ,  1164217 ,  0 ,  200 ,  34.36 ,  0.07 ,  7.94
26 ,  3 ,  1164263 ,  0 ,  200 ,  34.25 ,  0.07 ,  7.84
26 ,  3 ,  1164306 ,  0 ,  200 ,  34.14 ,  0.07 ,  7.84
26 ,  3 ,  1164350 ,  0 ,  200 ,  34.03 ,  0.07 ,  7.74
26 ,  3 ,  1164393 ,  0 ,  200 ,  33.92 ,  0.06 ,  7.74
26 ,  3 ,  1164436 ,  0 ,  200 ,  33.81 ,  0.06 ,  7.74
26 ,  3 ,  1164480 ,  0 ,  200 ,  33.70 ,  0.06 ,  7.64
26 ,  3 ,  1164523 ,  0 ,  200 ,  33.59 ,  0.06 ,  7.64
26 ,  3 ,  1164566 ,  0 ,  200 ,  33.59 ,  0.06 ,  7.64
26 ,  3 ,  1164610 ,  0 ,  200 ,  33.48 ,  0.06 ,  7.54
26 ,  3 ,  1164655 ,  0 ,  200 ,  33.37 ,  0.06 ,  7.54
26 ,  3 ,  1164698 ,  0 ,  200 ,  33.26 ,  0.06 ,  7.54
26 ,  3 ,  1164742 ,  0 ,  200 ,  33.15 ,  0.06 ,  7.44
26 ,  3 ,  1164785 ,  0 ,  200 ,  33.04 ,  0.06 ,  7.44
26 ,  3 ,  1164828 ,  0 ,  200 ,  32.93 ,  0.06 ,  7.44
26 ,  3 ,  1164872 ,  0 ,  200 ,  32.93 ,  0.06 ,  7.34
26 ,  3 ,  1164915 ,  0 ,  200 ,  32.82 ,  0.06 ,  7.34
26 ,  3 ,  1164958 ,  0 ,  200 ,  32.71 ,  0.06 ,  7.34
26 ,  3 ,  1165002 ,  0 ,  200 ,  32.60 ,  0.06 ,  7.24
26 ,  3 ,  1165047 ,  0 ,  200 ,  32.60 ,  0.06 ,  7.24
26 ,  3 ,  1165091 ,  0 ,  200 ,  32.49 ,  0.06 ,  7.24
26 ,  3 ,  1165134 ,  0 ,  200 ,  32.38 ,  0.06 ,  7.14
26 ,  3 ,  1165177 ,  0 ,  200 ,  32.27 ,  0.06 ,  7.14
26 ,  3 ,  1165221 ,  0 ,  200 ,  32.16 ,  0.06 ,  7.14
26 ,  3 ,  1165264 ,  0 ,  200 ,  32.05 ,  0.06 ,  7.04
26 ,  3 ,  1165307 ,  0 ,  200 ,  32.05 ,  0.06 ,  7.04
26 ,  3 ,  1165351 ,  0 ,  200 ,  31.94 ,  0.05 ,  7.04
26 ,  3 ,  1165394 ,  0 ,  200 ,  31.83 ,  0.06 ,  6.95
26 ,  3 ,  1165440 ,  0 ,  200 ,  31.72 ,  0.06 ,  6.95
26 ,  3 ,  1165484 ,  0 ,  200 ,  31.61 ,  0.05 ,  6.95
26 ,  3 ,  1165527 ,  0 ,  200 ,  31.50 ,  0.06 ,  6.85
26 ,  3 ,  1165570 ,  0 ,  200 ,  31.50 ,  0.06 ,  6.85
26 ,  3 ,  1165614 ,  0 ,  200 ,  31.39 ,  0.06 ,  6.85
26 ,  3 ,  1165657 ,  0 ,  200 ,  31.28 ,  0.06 ,  6.75
26 ,  3 ,  1165700 ,  0 ,  200 ,  31.17 ,  0.05 ,  6.75
26 ,  3 ,  1165744 ,  0 ,  200 ,  31.17 ,  0.05 ,  6.75
26 ,  3 ,  1165787 ,  0 ,  200 ,  31.06 ,  0.05 ,  6.75
26 ,  3 ,  1165833 ,  0 ,  200 ,  30.95 ,  0.05 ,  6.65
26 ,  3 ,  1165876 ,  0 ,  200 ,  30.84 ,  0.05 ,  6.65
26 ,  3 ,  1165919 ,  0 ,  200 ,  30.73 ,  0.05 ,  6.55
26 ,  3 ,  1165963 ,  0 ,  200 ,  30.73 ,  0.06 ,  6.55
26 ,  3 ,  1166006 ,  0 ,  200 ,  30.62 ,  0.05 ,  6.55
26 ,  3 ,  1166049 ,  0 ,  200 ,  30.51 ,  0.05 ,  6.55
26 ,  3 ,  1166093 ,  0 ,  200 ,  30.40 ,  0.05 ,  6.45
26 ,  3 ,  1166136 ,  0 ,  200 ,  30.29 ,  0.05 ,  6.45
26 ,  3 ,  1166179 ,  0 ,  200 ,  30.18 ,  0.05 ,  6.45
26 ,  3 ,  1166225 ,  0 ,  200 ,  30.18 ,  0.05 ,  6.35
26 ,  3 ,  1166268 ,  0 ,  200 ,  30.07 ,  0.05 ,  6.35
26 ,  3 ,  1166312 ,  0 ,  200 ,  29.96 ,  0.05 ,  6.35
26 ,  3 ,  1166355 ,  0 ,  200 ,  29.85 ,  0.05 ,  6.35
26 ,  3 ,  1166398 ,  0 ,  200 ,  29.74 ,  0.05 ,  6.25
26 ,  3 ,  1166442 ,  0 ,  200 ,  29.74 ,  0.05 ,  6.25
26 ,  3 ,  1166485 ,  0 ,  200 ,  29.63 ,  0.05 ,  6.25
26 ,  3 ,  1166529 ,  0 ,  200 ,  29.52 ,  0.05 ,  6.25
26 ,  3 ,  1166572 ,  0 ,  200 ,  29.41 ,  0.05 ,  6.15
26 ,  3 ,  1166618 ,  0 ,  200 ,  29.30 ,  0.05 ,  6.15
26 ,  3 ,  1166661 ,  0 ,  200 ,  29.30 ,  0.05 ,  6.15
26 ,  3 ,  1166704 ,  0 ,  200 ,  29.19 ,  0.05 ,  6.05
26 ,  3 ,  1166748 ,  0 ,  200 ,  29.08 ,  0.05 ,  6.05
26 ,  3 ,  1166791 ,  0 ,  200 ,  29.08 ,  0.05 ,  6.05
26 ,  3 ,  1166834 ,  0 ,  200 ,  28.97 ,  0.05 ,  5.95
26 ,  3 ,  1166878 ,  0 ,  200 ,  28.86 ,  0.05 ,  5.95
26 ,  3 ,  1166921 ,  0 ,  200 ,  28.75 ,  0.04 ,  5.95
26 ,  3 ,  1166964 ,  0 ,  200 ,  28.75 ,  0.04 ,  5.95
26 ,  3 ,  1167010 ,  0 ,  200 ,  28.64 ,  0.05 ,  5.85
26 ,  3 ,  1167053 ,  0 ,  200 ,  28.53 ,  0.05 ,  5.85
26 ,  3 ,  1167097 ,  0 ,  200 ,  28.42 ,  0.05 ,  5.85
26 ,  3 ,  1167140 ,  0 ,  200 ,  28.31 ,  0.05 ,  5.85
26 ,  3 ,  1167183 ,  0 ,  200 ,  28.20 ,  0.05 ,  5.75
26 ,  3 ,  1167227 ,  0 ,  200 ,  28.20 ,  0.05 ,  5.75
26 ,  3 ,  1167270 ,  0 ,  200 ,  28.09 ,  0.05 ,  5.75
26 ,  3 ,  1167313 ,  0 ,  200 ,  27.98 ,  0.05 ,  5.75
26 ,  3 ,  1167357 ,  0 ,  200 ,  27.98 ,  0.05 ,  5.66
26 ,  3 ,  1167403 ,  0 ,  200 ,  27.87 ,  0.05 ,  5.66
26 ,  3 ,  1167446 ,  0 ,  200 ,  27.76 ,  0.05 ,  5.66
26 ,  3 ,  1167490 ,  0 ,  200 ,  27.76 ,  0.05 ,  5.56
26 ,  3 ,  1167533 ,  0 ,  200 ,  27.65 ,  0.05 ,  5.56
26 ,  3 ,  1167576 ,  0 ,  200 ,  27.43 ,  0.04 ,  5.56
26 ,  3 ,  1167620 ,  0 ,  200 ,  27.43 ,  0.05 ,  5.56
26 ,  3 ,  1167663 ,  0 ,  200 ,  27.43 ,  0.05 ,  5.56
26 ,  3 ,  1167706 ,  0 ,  200 ,  27.32 ,  0.04 ,  5.46
26 ,  3 ,  1167750 ,  0 ,  200 ,  27.21 ,  0.05 ,  5.46
26 ,  3 ,  1167795 ,  0 ,  200 ,  27.10 ,  0.04 ,  5.46
26 ,  3 ,  1167839 ,  0 ,  200 ,  26.99 ,  0.04 ,  5.36
26 ,  3 ,  1167882 ,  0 ,  200 ,  26.99 ,  0.05 ,  5.36
26 ,  3 ,  1167925 ,  0 ,  200 ,  26.88 ,  0.04 ,  5.36
26 ,  3 ,  1167969 ,  0 ,  200 ,  26.77 ,  0.04 ,  5.36
26 ,  3 ,  1168012 ,  0 ,  200 ,  26.66 ,  0.05 ,  5.36
26 ,  3 ,  1168055 ,  0 ,  200 ,  26.66 ,  0.04 ,  5.26
26 ,  3 ,  1168099 ,  0 ,  200 ,  26.55 ,  0.04 ,  5.26
26 ,  3 ,  1168142 ,  0 ,  200 ,  26.43 ,  0.05 ,  5.26
26 ,  3 ,  1168187 ,  0 ,  200 ,  26.32 ,  0.04 ,  5.16
26 ,  3 ,  1168231 ,  0 ,  200 ,  26.32 ,  0.04 ,  5.16
26 ,  3 ,  1168274 ,  0 ,  200 ,  26.21 ,  0.04 ,  5.16
26 ,  3 ,  1168317 ,  0 ,  200 ,  26.10 ,  0.04 ,  5.16
26 ,  3 ,  1168361 ,  0 ,  200 ,  25.99 ,  0.04 ,  5.16
26 ,  3 ,  1168404 ,  0 ,  200 ,  25.99 ,  0.04 ,  5.06
26 ,  3 ,  1168447 ,  0 ,  200 ,  25.88 ,  0.04 ,  5.06
26 ,  3 ,  1168491 ,  0 ,  200 ,  25.77 ,  0.04 ,  5.06
26 ,  3 ,  1168534 ,  0 ,  200 ,  25.77 ,  0.04 ,  4.96
26 ,  3 ,  1168580 ,  0 ,  200 ,  25.77 ,  0.04 ,  4.96
26 ,  3 ,  1168623 ,  0 ,  200 ,  25.55 ,  0.05 ,  4.96
26 ,  3 ,  1168666 ,  0 ,  200 ,  25.55 ,  0.04 ,  4.96
26 ,  3 ,  1168710 ,  0 ,  200 ,  25.44 ,  0.04 ,  4.96
26 ,  3 ,  1168753 ,  0 ,  200 ,  25.44 ,  0.04 ,  4.96
26 ,  3 ,  1168796 ,  0 ,  200 ,  25.33 ,  0.04 ,  4.86
26 ,  3 ,  1168840 ,  0 ,  200 ,  25.22 ,  0.04 ,  4.86
26 ,  3 ,  1168883 ,  0 ,  200 ,  25.11 ,  0.04 ,  4.86
26 ,  3 ,  1168926 ,  0 ,  200 ,  25.11 ,  0.04 ,  4.86
26 ,  3 ,  1168972 ,  0 ,  200 ,  24.89 ,  0.04 ,  4.76
26 ,  3 ,  1169015 ,  0 ,  200 ,  24.89 ,  0.04 ,  4.76
26 ,  3 ,  1169058 ,  0 ,  200 ,  24.78 ,  0.04 ,  4.76
26 ,  3 ,  1169102 ,  0 ,  200 ,  24.78 ,  0.04 ,  4.76
26 ,  3 ,  1169145 ,  0 ,  200 ,  24.67 ,  0.04 ,  4.76
26 ,  3 ,  1169188 ,  0 ,  200 ,  24.56 ,  0.04 ,  4.66
26 ,  3 ,  1169232 ,  0 ,  200 ,  24.56 ,  0.04 ,  4.66
26 ,  3 ,  1169275 ,  0 ,  200 ,  24.45 ,  0.04 ,  4.66
26 ,  3 ,  1169318 ,  0 ,  200 ,  24.45 ,  0.04 ,  4.66
26 ,  3 ,  1169364 ,  0 ,  200 ,  24.34 ,  0.04 ,  4.56
26 ,  3 ,  1169408 ,  0 ,  200 ,  24.23 ,  0.04 ,  4.56
26 ,  3 ,  1169452 ,  0 ,  200 ,  24.23 ,  0.04 ,  4.56
26 ,  3 ,  1169495 ,  0 ,  200 ,  24.12 ,  0.04 ,  4.56
26 ,  3 ,  1169538 ,  0 ,  200 ,  24.01 ,  0.04 ,  4.56
26 ,  3 ,  1169582 ,  0 ,  200 ,  23.90 ,  0.04 ,  4.46
26 ,  3 ,  1169625 ,  0 ,  200 ,  23.90 ,  0.04 ,  4.46
26 ,  3 ,  1169668 ,  0 ,  200 ,  23.79 ,  0.04 ,  4.46
26 ,  3 ,  1169712 ,  0 ,  200 ,  23.68 ,  0.04 ,  4.46
26 ,  3 ,  1169757 ,  0 ,  200 ,  23.68 ,  0.04 ,  4.46
26 ,  3 ,  1169800 ,  0 ,  200 ,  23.57 ,  0.04 ,  4.37
26 ,  3 ,  1169844 ,  0 ,  200 ,  23.46 ,  0.04 ,  4.37
26 ,  3 ,  1169887 ,  0 ,  200 ,  23.46 ,  0.04 ,  4.37
26 ,  3 ,  1169930 ,  0 ,  200 ,  23.46 ,  0.04 ,  4.37
26 ,  3 ,  1169974 ,  0 ,  200 ,  23.24 ,  0.04 ,  4.27
26 ,  3 ,  1170017 ,  0 ,  200 ,  23.24 ,  0.04 ,  4.27
26 ,  3 ,  1170060 ,  0 ,  200 ,  23.13 ,  0.04 ,  4.27
26 ,  3 ,  1170104 ,  0 ,  200 ,  23.13 ,  0.04 ,  4.27
26 ,  3 ,  1170149 ,  0 ,  200 ,  23.02 ,  0.04 ,  4.27
26 ,  3 ,  1170193 ,  0 ,  200 ,  22.91 ,  0.04 ,  4.27
26 ,  3 ,  1170236 ,  0 ,  200 ,  22.91 ,  0.04 ,  4.27
26 ,  3 ,  1170279 ,  0 ,  200 ,  22.80 ,  0.04 ,  4.17
26 ,  3 ,  1170323 ,  0 ,  200 ,  22.69 ,  0.04 ,  4.17
26 ,  3 ,  1170366 ,  0 ,  200 ,  22.69 ,  0.04 ,  4.17
26 ,  3 ,  1170409 ,  0 ,  200 ,  22.58 ,  0.04 ,  4.17
26 ,  3 ,  1170453 ,  0 ,  200 ,  22.47 ,  0.04 ,  4.07
26 ,  3 ,  1170496 ,  0 ,  200 ,  22.47 ,  0.04 ,  4.07
26 ,  3 ,  1170551 ,  0 ,  200 ,  22.36 ,  0.04 ,  4.07
26 ,  3 ,  1170595 ,  0 ,  200 ,  22.36 ,  0.04 ,  4.07
26 ,  3 ,  1170638 ,  0 ,  200 ,  22.25 ,  0.04 ,  4.07
26 ,  3 ,  1170681 ,  0 ,  200 ,  22.14 ,  0.04 ,  4.07
26 ,  3 ,  1170725 ,  0 ,  200 ,  22.14 ,  0.04 ,  3.97
26 ,  3 ,  1170768 ,  0 ,  200 ,  22.03 ,  0.04 ,  3.97
26 ,  3 ,  1170811 ,  0 ,  200 ,  21.92 ,  0.04 ,  3.97
26 ,  3 ,  1170855 ,  0 ,  200 ,  21.92 ,  0.04 ,  3.97
26 ,  3 ,  1170898 ,  0 ,  200 ,  21.81 ,  0.04 ,  3.97
26 ,  3 ,  1170944 ,  0 ,  200 ,  21.81 ,  0.04 ,  3.87
26 ,  3 ,  1170988 ,  0 ,  200 ,  21.70 ,  0.04 ,  3.87
26 ,  3 ,  1171031 ,  0 ,  200 ,  21.59 ,  0.04 ,  3.87
26 ,  3 ,  1171074 ,  0 ,  200 ,  21.59 ,  0.04 ,  3.87
26 ,  3 ,  1171118 ,  0 ,  200 ,  21.48 ,  0.04 ,  3.87
26 ,  3 ,  1171161 ,  0 ,  200 ,  21.48 ,  0.04 ,  3.77
26 ,  3 ,  1171204 ,  0 ,  200 ,  21.37 ,  0.03 ,  3.77
26 ,  3 ,  1171248 ,  0 ,  200 ,  21.37 ,  0.04 ,  3.77
26 ,  3 ,  1171291 ,  0 ,  200 ,  21.26 ,  0.04 ,  3.77
26 ,  3 ,  1171336 ,  0 ,  200 ,  21.15 ,  0.04 ,  3.77
26 ,  3 ,  1171380 ,  0 ,  200 ,  21.15 ,  0.04 ,  3.77
26 ,  3 ,  1171423 ,  0 ,  200 ,  21.04 ,  0.04 ,  3.77
26 ,  3 ,  1171466 ,  0 ,  200 ,  20.93 ,  0.04 ,  3.67
26 ,  3 ,  1171510 ,  0 ,  200 ,  20.93 ,  0.04 ,  3.67
26 ,  3 ,  1171553 ,  0 ,  200 ,  20.82 ,  0.04 ,  3.67
26 ,  3 ,  1171596 ,  0 ,  200 ,  20.71 ,  0.04 ,  3.67
26 ,  3 ,  1171640 ,  0 ,  200 ,  20.71 ,  0.04 ,  3.67
26 ,  3 ,  1171683 ,  0 ,  200 ,  20.71 ,  0.04 ,  3.67
26 ,  3 ,  1171729 ,  0 ,  200 ,  20.60 ,  0.04 ,  3.67
26 ,  3 ,  1171772 ,  0 ,  200 ,  20.49 ,  0.04 ,  3.67
26 ,  3 ,  1171815 ,  0 ,  200 ,  20.49 ,  0.04 ,  3.57
26 ,  3 ,  1171858 ,  0 ,  200 ,  20.38 ,  0.04 ,  3.57
26 ,  3 ,  1171902 ,  0 ,  200 ,  20.38 ,  0.04 ,  3.57
26 ,  3 ,  1171945 ,  0 ,  200 ,  20.27 ,  0.04 ,  3.57
26 ,  3 ,  1171988 ,  0 ,  200 ,  20.16 ,  0.04 ,  3.47
26 ,  3 ,  1172032 ,  0 ,  200 ,  20.16 ,  0.04 ,  3.47
26 ,  3 ,  1172075 ,  0 ,  200 ,  20.05 ,  0.04 ,  3.47
26 ,  3 ,  1172121 ,  0 ,  200 ,  20.05 ,  0.04 ,  3.47
26 ,  3 ,  1172164 ,  0 ,  200 ,  19.94 ,  0.04 ,  3.47
26 ,  3 ,  1172207 ,  0 ,  200 ,  19.83 ,  0.04 ,  3.47
26 ,  3 ,  1172251 ,  0 ,  200 ,  19.83 ,  0.04 ,  3.47
26 ,  3 ,  1172294 ,  0 ,  200 ,  19.72 ,  0.04 ,  3.47
26 ,  3 ,  1172337 ,  0 ,  200 ,  19.72 ,  0.04 ,  3.37
26 ,  3 ,  1172381 ,  0 ,  200 ,  19.72 ,  0.04 ,  3.37
26 ,  3 ,  1172424 ,  0 ,  200 ,  19.61 ,  0.03 ,  3.37
26 ,  3 ,  1172467 ,  0 ,  200 ,  19.61 ,  0.04 ,  3.37
26 ,  3 ,  1172513 ,  0 ,  200 ,  19.39 ,  0.04 ,  3.37
26 ,  3 ,  1172556 ,  0 ,  200 ,  19.39 ,  0.04 ,  3.37
26 ,  3 ,  1172599 ,  0 ,  200 ,  19.39 ,  0.04 ,  3.27
26 ,  3 ,  1172643 ,  0 ,  200 ,  19.28 ,  0.04 ,  3.27
26 ,  3 ,  1172686 ,  0 ,  200 ,  19.17 ,  0.04 ,  3.27
26 ,  3 ,  1172729 ,  0 ,  200 ,  19.17 ,  0.04 ,  3.27
26 ,  3 ,  1172773 ,  0 ,  200 ,  19.17 ,  0.04 ,  3.27
26 ,  3 ,  1172816 ,  0 ,  200 ,  19.06 ,  0.04 ,  3.27
26 ,  3 ,  1172861 ,  0 ,  200 ,  18.95 ,  0.04 ,  3.27
26 ,  3 ,  1172905 ,  0 ,  200 ,  18.95 ,  0.04 ,  3.17
26 ,  3 ,  1172948 ,  0 ,  200 ,  18.84 ,  0.04 ,  3.17
26 ,  3 ,  1172992 ,  0 ,  200 ,  18.73 ,  0.04 ,  3.17
26 ,  3 ,  1173036 ,  0 ,  200 ,  18.84 ,  0.04 ,  3.17
26 ,  3 ,  1173079 ,  0 ,  200 ,  18.73 ,  0.03 ,  3.17
26 ,  3 ,  1173122 ,  0 ,  200 ,  18.62 ,  0.03 ,  3.17
26 ,  3 ,  1173166 ,  0 ,  200 ,  18.62 ,  0.04 ,  3.08
26 ,  3 ,  1173209 ,  0 ,  200 ,  18.51 ,  0.03 ,  3.08
26 ,  3 ,  1173255 ,  0 ,  200 ,  18.51 ,  0.03 ,  3.08
26 ,  3 ,  1173298 ,  0 ,  200 ,  18.40 ,  0.03 ,  3.08
26 ,  3 ,  1173341 ,  0 ,  200 ,  18.40 ,  0.03 ,  3.08
26 ,  3 ,  1173385 ,  0 ,  200 ,  18.29 ,  0.03 ,  3.08
26 ,  3 ,  1173428 ,  0 ,  200 ,  18.29 ,  0.04 ,  3.08
26 ,  3 ,  1173471 ,  0 ,  200 ,  18.18 ,  0.04 ,  2.98
26 ,  3 ,  1173515 ,  0 ,  200 ,  18.18 ,  0.03 ,  2.98
26 ,  3 ,  1173558 ,  0 ,  200 ,  18.07 ,  0.03 ,  2.98
26 ,  3 ,  1173601 ,  0 ,  200 ,  18.07 ,  0.04 ,  2.98
26 ,  3 ,  1173647 ,  0 ,  200 ,  17.96 ,  0.03 ,  2.98
26 ,  3 ,  1173690 ,  0 ,  200 ,  17.85 ,  0.04 ,  2.98
26 ,  3 ,  1173733 ,  0 ,  200 ,  17.85 ,  0.04 ,  2.98
26 ,  3 ,  1173777 ,  0 ,  200 ,  17.85 ,  0.04 ,  2.98
26 ,  3 ,  1173820 ,  0 ,  200 ,  17.73 ,  0.03 ,  2.98
26 ,  3 ,  1173863 ,  0 ,  200 ,  17.73 ,  0.04 ,  2.88
26 ,  3 ,  1173907 ,  0 ,  200 ,  17.62 ,  0.04 ,  2.88
26 ,  3 ,  1173950 ,  0 ,  200 ,  17.51 ,  0.04 ,  2.88
26 ,  3 ,  1173993 ,  0 ,  200 ,  17.51 ,  0.04 ,  2.88
26 ,  3 ,  1174039 ,  0 ,  200 ,  17.40 ,  0.03 ,  2.88
26 ,  3 ,  1174082 ,  0 ,  200 ,  17.40 ,  0.03 ,  2.88
26 ,  3 ,  1174126 ,  0 ,  200 ,  17.29 ,  0.04 ,  2.88
26 ,  3 ,  1174169 ,  0 ,  200 ,  17.29 ,  0.03 ,  2.88
26 ,  3 ,  1174212 ,  0 ,  200 ,  17.18 ,  0.03 ,  2.78
26 ,  3 ,  1174256 ,  0 ,  200 ,  17.18 ,  0.04 ,  2.78
26 ,  3 ,  1174299 ,  0 ,  200 ,  17.18 ,  0.04 ,  2.78
26 ,  3 ,  1174343 ,  0 ,  200 ,  17.07 ,  0.04 ,  2.78
26 ,  3 ,  1174386 ,  0 ,  200 ,  17.07 ,  0.04 ,  2.78
26 ,  3 ,  1174432 ,  0 ,  200 ,  16.96 ,  0.03 ,  2.78
26 ,  3 ,  1174476 ,  0 ,  200 ,  16.85 ,  0.03 ,  2.78
26 ,  3 ,  1174519 ,  0 ,  200 ,  16.85 ,  0.03 ,  2.68
26 ,  3 ,  1174563 ,  0 ,  200 ,  16.85 ,  0.04 ,  2.68
26 ,  3 ,  1174606 ,  0 ,  200 ,  16.74 ,  0.03 ,  2.68
26 ,  3 ,  1174649 ,  0 ,  200 ,  16.74 ,  0.04 ,  2.68
26 ,  3 ,  1174693 ,  0 ,  200 ,  16.63 ,  0.03 ,  2.68
26 ,  3 ,  1174736 ,  0 ,  200 ,  16.63 ,  0.03 ,  2.68
26 ,  3 ,  1174780 ,  0 ,  200 ,  16.63 ,  0.04 ,  2.68
26 ,  3 ,  1174825 ,  0 ,  200 ,  16.52 ,  0.03 ,  2.68
26 ,  3 ,  1174870 ,  0 ,  200 ,  16.52 ,  0.03 ,  2.68
26 ,  3 ,  1174913 ,  0 ,  200 ,  16.41 ,  0.03 ,  2.58
26 ,  3 ,  1174957 ,  0 ,  200 ,  16.41 ,  0.04 ,  2.58
26 ,  3 ,  1175000 ,  0 ,  200 ,  16.30 ,  0.04 ,  2.58
26 ,  3 ,  1175043 ,  0 ,  200 ,  16.30 ,  0.03 ,  2.58
26 ,  3 ,  1175087 ,  0 ,  200 ,  16.30 ,  0.04 ,  2.58
26 ,  3 ,  1175130 ,  0 ,  200 ,  16.19 ,  0.03 ,  2.58
26 ,  3 ,  1175174 ,  0 ,  200 ,  16.08 ,  0.03 ,  2.58
26 ,  3 ,  1175226 ,  0 ,  200 ,  16.08 ,  0.04 ,  2.58
26 ,  3 ,  1175270 ,  0 ,  200 ,  15.97 ,  0.04 ,  2.58
26 ,  3 ,  1175313 ,  0 ,  200 ,  15.97 ,  0.03 ,  2.58
26 ,  3 ,  1175357 ,  0 ,  200 ,  15.97 ,  0.04 ,  2.48
26 ,  3 ,  1175400 ,  0 ,  200 ,  15.86 ,  0.04 ,  2.48
26 ,  3 ,  1175444 ,  0 ,  200 ,  15.86 ,  0.04 ,  2.48
26 ,  3 ,  1175487 ,  0 ,  200 ,  15.75 ,  0.04 ,  2.48
26 ,  3 ,  1175531 ,  0 ,  200 ,  15.75 ,  0.04 ,  2.48
26 ,  3 ,  1175574 ,  0 ,  200 ,  15.64 ,  0.03 ,  2.48
26 ,  3 ,  1175620 ,  0 ,  200 ,  15.64 ,  0.03 ,  2.48
26 ,  3 ,  1175664 ,  0 ,  200 ,  15.64 ,  0.04 ,  2.38
26 ,  3 ,  1175707 ,  0 ,  200 ,  15.53 ,  0.03 ,  2.38
26 ,  3 ,  1175750 ,  0 ,  200 ,  15.42 ,  0.03 ,  2.38
26 ,  3 ,  1175794 ,  0 ,  200 ,  15.42 ,  0.04 ,  2.38
26 ,  3 ,  1175837 ,  0 ,  200 ,  15.42 ,  0.04 ,  2.38
26 ,  3 ,  1175880 ,  0 ,  200 ,  15.31 ,  0.04 ,  2.38
26 ,  3 ,  1175924 ,  0 ,  200 ,  15.31 ,  0.03 ,  2.38
26 ,  3 ,  1175967 ,  0 ,  200 ,  15.31 ,  0.04 ,  2.38
26 ,  3 ,  1176046 ,  0 ,  200 ,  15.20 ,  0.03 ,  2.38
26 ,  3 ,  1176090 ,  0 ,  200 ,  15.09 ,  0.04 ,  2.38
26 ,  3 ,  1176133 ,  0 ,  200 ,  15.09 ,  0.04 ,  2.38
26 ,  3 ,  1176176 ,  0 ,  200 ,  14.98 ,  0.03 ,  2.38
26 ,  3 ,  1176220 ,  0 ,  200 ,  14.98 ,  0.03 ,  2.28
26 ,  3 ,  1176263 ,  0 ,  200 ,  14.98 ,  0.03 ,  2.28
26 ,  3 ,  1176306 ,  0 ,  200 ,  14.87 ,  0.04 ,  2.28
26 ,  3 ,  1176350 ,  0 ,  200 ,  14.87 ,  0.03 ,  2.28
26 ,  3 ,  1176393 ,  0 ,  200 ,  14.76 ,  0.03 ,  2.28
26 ,  3 ,  1176438 ,  0 ,  200 ,  14.76 ,  0.03 ,  2.28
26 ,  3 ,  1176482 ,  0 ,  200 ,  14.76 ,  0.03 ,  2.28
26 ,  3 ,  1176525 ,  0 ,  200 ,  14.76 ,  0.03 ,  2.28
26 ,  3 ,  1176568 ,  0 ,  200 ,  14.65 ,  0.03 ,  2.28
26 ,  3 ,  1176612 ,  0 ,  200 ,  14.65 ,  0.03 ,  2.18
26 ,  3 ,  1176655 ,  0 ,  200 ,  14.43 ,  0.03 ,  2.18
26 ,  3 ,  1176698 ,  0 ,  200 ,  14.54 ,  0.03 ,  2.18
26 ,  3 ,  1176742 ,  0 ,  200 ,  14.43 ,  0.04 ,  2.18
26 ,  3 ,  1176785 ,  0 ,  200 ,  14.43 ,  0.04 ,  2.18
26 ,  3 ,  1176826 ,  0 ,  200 ,  14.43 ,  0.03 ,  2.18
26 ,  3 ,  1176870 ,  0 ,  200 ,  14.32 ,  0.03 ,  2.18
26 ,  3 ,  1176913 ,  0 ,  200 ,  14.32 ,  0.03 ,  2.18
26 ,  3 ,  1176956 ,  0 ,  200 ,  14.21 ,  0.04 ,  2.18
26 ,  3 ,  1177000 ,  0 ,  200 ,  14.21 ,  0.03 ,  2.18
26 ,  3 ,  1177043 ,  0 ,  200 ,  14.10 ,  0.03 ,  2.18
26 ,  3 ,  1177086 ,  0 ,  200 ,  14.10 ,  0.03 ,  2.18
26 ,  3 ,  1177131 ,  0 ,  200 ,  14.10 ,  0.03 ,  2.08
26 ,  3 ,  1177174 ,  0 ,  200 ,  14.10 ,  0.03 ,  2.08
26 ,  3 ,  1177220 ,  0 ,  200 ,  13.99 ,  0.04 ,  2.08
26 ,  3 ,  1177263 ,  0 ,  200 ,  13.99 ,  0.04 ,  2.08
26 ,  3 ,  1177306 ,  0 ,  200 ,  13.88 ,  0.03 ,  2.08
26 ,  3 ,  1177350 ,  0 ,  200 ,  13.88 ,  0.03 ,  2.08
26 ,  3 ,  1177393 ,  0 ,  200 ,  13.88 ,  0.04 ,  2.08
26 ,  3 ,  1177436 ,  0 ,  200 ,  13.77 ,  0.03 ,  2.08
26 ,  3 ,  1177480 ,  0 ,  200 ,  13.77 ,  0.04 ,  2.08
26 ,  3 ,  1177523 ,  0 ,  200 ,  13.77 ,  0.03 ,  2.08
26 ,  3 ,  1177566 ,  0 ,  200 ,  13.66 ,  0.03 ,  2.08
26 ,  3 ,  1177612 ,  0 ,  200 ,  13.66 ,  0.04 ,  2.08
26 ,  3 ,  1177655 ,  0 ,  200 ,  13.66 ,  0.03 ,  2.08
26 ,  3 ,  1177699 ,  0 ,  200 ,  13.55 ,  0.03 ,  1.98
