MS, MPT, t (s), PWMi, PWMe, Pressure (Psi), LW (V), Displacement (mm)
26 ,  4 ,  1177786 ,  0 ,  200 ,  13.44 ,  0.03 ,  1.98
26 ,  4 ,  1177827 ,  255 ,  0 ,  13.44 ,  0.04 ,  1.98
26 ,  4 ,  1177869 ,  255 ,  0 ,  16.52 ,  0.04 ,  2.08
26 ,  4 ,  1177910 ,  255 ,  0 ,  31.94 ,  0.06 ,  4.07
26 ,  4 ,  1177952 ,  255 ,  0 ,  45.93 ,  0.13 ,  7.54
26 ,  4 ,  1177993 ,  255 ,  0 ,  55.40 ,  0.21 ,  10.91
26 ,  4 ,  1178035 ,  255 ,  0 ,  61.79 ,  0.29 ,  13.49
26 ,  4 ,  1178077 ,  255 ,  0 ,  66.41 ,  0.35 ,  15.38
26 ,  4 ,  1178120 ,  255 ,  0 ,  69.94 ,  0.40 ,  16.87
26 ,  4 ,  1178162 ,  255 ,  0 ,  72.69 ,  0.44 ,  17.86
26 ,  4 ,  1178203 ,  255 ,  0 ,  74.89 ,  0.47 ,  18.65
26 ,  4 ,  1178244 ,  255 ,  0 ,  76.76 ,  0.50 ,  19.35
26 ,  4 ,  1178286 ,  255 ,  0 ,  78.41 ,  0.52 ,  19.84
26 ,  4 ,  1178327 ,  255 ,  0 ,  79.85 ,  0.54 ,  20.34
26 ,  4 ,  1178369 ,  255 ,  0 ,  81.28 ,  0.55 ,  20.74
26 ,  4 ,  1178409 ,  255 ,  0 ,  82.49 ,  0.56 ,  21.03
26 ,  4 ,  1178450 ,  255 ,  0 ,  83.70 ,  0.57 ,  21.43
26 ,  4 ,  1178494 ,  255 ,  0 ,  84.80 ,  0.57 ,  21.73
26 ,  4 ,  1178535 ,  255 ,  0 ,  85.79 ,  0.58 ,  22.03
26 ,  4 ,  1178577 ,  255 ,  0 ,  86.78 ,  0.58 ,  22.22
26 ,  4 ,  1178618 ,  255 ,  0 ,  87.67 ,  0.59 ,  22.52
26 ,  4 ,  1178659 ,  255 ,  0 ,  88.44 ,  0.59 ,  22.82
26 ,  4 ,  1178701 ,  255 ,  0 ,  89.21 ,  0.59 ,  23.02
26 ,  4 ,  1178742 ,  255 ,  0 ,  89.98 ,  0.59 ,  23.12
26 ,  4 ,  1178784 ,  255 ,  0 ,  90.64 ,  0.59 ,  23.32
26 ,  4 ,  1178825 ,  255 ,  0 ,  91.19 ,  0.60 ,  23.51
26 ,  4 ,  1178869 ,  255 ,  0 ,  91.96 ,  0.60 ,  23.61
26 ,  4 ,  1178910 ,  255 ,  0 ,  92.40 ,  0.60 ,  23.81
26 ,  4 ,  1178951 ,  255 ,  0 ,  92.95 ,  0.60 ,  23.91
26 ,  4 ,  1178993 ,  255 ,  0 ,  93.50 ,  0.60 ,  24.01
26 ,  4 ,  1179034 ,  255 ,  0 ,  93.94 ,  0.60 ,  24.11
26 ,  4 ,  1179076 ,  255 ,  0 ,  94.38 ,  0.60 ,  24.21
26 ,  4 ,  1179117 ,  255 ,  0 ,  94.71 ,  0.60 ,  24.31
26 ,  4 ,  1179158 ,  255 ,  0 ,  95.04 ,  0.61 ,  24.41
26 ,  4 ,  1179202 ,  255 ,  0 ,  95.26 ,  0.61 ,  24.41
26 ,  4 ,  1179243 ,  255 ,  0 ,  95.48 ,  0.60 ,  24.51
26 ,  4 ,  1179285 ,  255 ,  0 ,  95.70 ,  0.61 ,  24.51
26 ,  4 ,  1179326 ,  255 ,  0 ,  95.82 ,  0.61 ,  24.61
26 ,  4 ,  1179367 ,  255 ,  0 ,  95.93 ,  0.61 ,  24.61
26 ,  4 ,  1179409 ,  255 ,  0 ,  96.04 ,  0.61 ,  24.61
26 ,  4 ,  1179450 ,  255 ,  0 ,  96.15 ,  0.61 ,  24.71
26 ,  4 ,  1179492 ,  255 ,  0 ,  96.15 ,  0.61 ,  24.71
26 ,  4 ,  1179533 ,  255 ,  0 ,  96.26 ,  0.61 ,  24.71
26 ,  4 ,  1179572 ,  255 ,  0 ,  96.26 ,  0.61 ,  24.80
26 ,  4 ,  1179614 ,  255 ,  0 ,  96.26 ,  0.61 ,  24.80
26 ,  4 ,  1179655 ,  255 ,  0 ,  96.26 ,  0.61 ,  24.80
26 ,  4 ,  1179697 ,  255 ,  0 ,  96.26 ,  0.61 ,  24.80
26 ,  4 ,  1179738 ,  255 ,  0 ,  96.37 ,  0.61 ,  24.90
26 ,  4 ,  1179779 ,  255 ,  0 ,  96.37 ,  0.61 ,  24.90
26 ,  4 ,  1179821 ,  255 ,  0 ,  96.37 ,  0.61 ,  24.90
26 ,  4 ,  1179863 ,  255 ,  0 ,  96.37 ,  0.61 ,  24.90
26 ,  4 ,  1179904 ,  255 ,  0 ,  96.37 ,  0.61 ,  24.90
26 ,  4 ,  1179948 ,  255 ,  0 ,  96.37 ,  0.61 ,  24.90
26 ,  4 ,  1179988 ,  255 ,  0 ,  96.26 ,  0.61 ,  24.90
26 ,  4 ,  1180030 ,  255 ,  0 ,  96.37 ,  0.61 ,  25.00
26 ,  4 ,  1180071 ,  255 ,  0 ,  96.37 ,  0.61 ,  25.00
26 ,  4 ,  1180112 ,  255 ,  0 ,  96.37 ,  0.61 ,  25.00
26 ,  4 ,  1180154 ,  255 ,  0 ,  96.37 ,  0.61 ,  25.00
26 ,  4 ,  1180195 ,  255 ,  0 ,  96.37 ,  0.61 ,  25.00
26 ,  4 ,  1180237 ,  255 ,  0 ,  96.37 ,  0.61 ,  25.00
26 ,  4 ,  1180278 ,  255 ,  0 ,  96.37 ,  0.61 ,  25.00
26 ,  4 ,  1180322 ,  255 ,  0 ,  96.37 ,  0.61 ,  25.00
26 ,  4 ,  1180363 ,  255 ,  0 ,  96.37 ,  0.61 ,  25.00
26 ,  4 ,  1180404 ,  255 ,  0 ,  96.26 ,  0.61 ,  25.10
26 ,  4 ,  1180446 ,  255 ,  0 ,  96.26 ,  0.61 ,  25.00
26 ,  4 ,  1180487 ,  255 ,  0 ,  96.37 ,  0.61 ,  25.10
26 ,  4 ,  1180529 ,  255 ,  0 ,  96.26 ,  0.61 ,  25.10
26 ,  4 ,  1180570 ,  255 ,  0 ,  96.26 ,  0.61 ,  25.10
26 ,  4 ,  1180611 ,  255 ,  0 ,  96.26 ,  0.61 ,  25.10
26 ,  4 ,  1180653 ,  255 ,  0 ,  96.26 ,  0.61 ,  25.10
26 ,  4 ,  1180696 ,  255 ,  0 ,  96.26 ,  0.61 ,  25.10
26 ,  4 ,  1180738 ,  255 ,  0 ,  96.37 ,  0.61 ,  25.10
26 ,  4 ,  1180779 ,  0 ,  200 ,  96.37 ,  0.61 ,  25.10
26 ,  4 ,  1180821 ,  0 ,  200 ,  94.16 ,  0.61 ,  25.10
26 ,  4 ,  1180862 ,  0 ,  200 ,  89.10 ,  0.60 ,  24.71
26 ,  4 ,  1180903 ,  0 ,  200 ,  84.47 ,  0.60 ,  24.01
26 ,  4 ,  1180945 ,  0 ,  200 ,  80.84 ,  0.59 ,  23.42
26 ,  4 ,  1180986 ,  0 ,  200 ,  77.75 ,  0.59 ,  22.92
26 ,  4 ,  1181027 ,  0 ,  200 ,  75.11 ,  0.58 ,  22.32
26 ,  4 ,  1181071 ,  0 ,  200 ,  72.91 ,  0.57 ,  21.83
26 ,  4 ,  1181112 ,  0 ,  200 ,  71.04 ,  0.56 ,  21.33
26 ,  4 ,  1181154 ,  0 ,  200 ,  69.49 ,  0.55 ,  20.94
26 ,  4 ,  1181195 ,  0 ,  200 ,  68.17 ,  0.54 ,  20.64
26 ,  4 ,  1181237 ,  0 ,  200 ,  66.96 ,  0.52 ,  20.34
26 ,  4 ,  1181278 ,  0 ,  200 ,  65.97 ,  0.51 ,  20.04
26 ,  4 ,  1181319 ,  0 ,  200 ,  65.09 ,  0.50 ,  19.74
26 ,  4 ,  1181361 ,  0 ,  200 ,  64.32 ,  0.49 ,  19.55
26 ,  4 ,  1181404 ,  0 ,  200 ,  63.66 ,  0.48 ,  19.25
26 ,  4 ,  1181446 ,  0 ,  200 ,  63.00 ,  0.47 ,  19.05
26 ,  4 ,  1181487 ,  0 ,  200 ,  62.45 ,  0.46 ,  18.85
26 ,  4 ,  1181529 ,  0 ,  200 ,  61.90 ,  0.45 ,  18.65
26 ,  4 ,  1181570 ,  0 ,  200 ,  61.46 ,  0.44 ,  18.55
26 ,  4 ,  1181611 ,  0 ,  200 ,  61.13 ,  0.44 ,  18.36
26 ,  4 ,  1181652 ,  0 ,  200 ,  60.68 ,  0.43 ,  18.26
26 ,  4 ,  1181693 ,  0 ,  200 ,  60.35 ,  0.43 ,  18.16
26 ,  4 ,  1181735 ,  0 ,  200 ,  60.02 ,  0.42 ,  18.06
26 ,  4 ,  1181778 ,  0 ,  200 ,  59.80 ,  0.42 ,  17.96
26 ,  4 ,  1181820 ,  0 ,  200 ,  59.47 ,  0.41 ,  17.86
26 ,  4 ,  1181861 ,  0 ,  200 ,  59.25 ,  0.41 ,  17.76
26 ,  4 ,  1181902 ,  0 ,  200 ,  59.03 ,  0.40 ,  17.56
26 ,  4 ,  1181944 ,  0 ,  200 ,  58.81 ,  0.40 ,  17.56
26 ,  4 ,  1181985 ,  0 ,  200 ,  58.59 ,  0.40 ,  17.46
26 ,  4 ,  1182026 ,  0 ,  200 ,  58.37 ,  0.39 ,  17.46
26 ,  4 ,  1182068 ,  0 ,  200 ,  58.15 ,  0.39 ,  17.36
26 ,  4 ,  1182109 ,  0 ,  200 ,  58.04 ,  0.38 ,  17.26
26 ,  4 ,  1182153 ,  0 ,  200 ,  57.82 ,  0.38 ,  17.26
26 ,  4 ,  1182194 ,  0 ,  200 ,  57.60 ,  0.38 ,  17.16
26 ,  4 ,  1182236 ,  0 ,  200 ,  57.49 ,  0.38 ,  17.07
26 ,  4 ,  1182277 ,  0 ,  200 ,  57.27 ,  0.37 ,  17.07
26 ,  4 ,  1182318 ,  0 ,  200 ,  57.16 ,  0.37 ,  16.97
26 ,  4 ,  1182360 ,  0 ,  200 ,  57.05 ,  0.37 ,  16.97
26 ,  4 ,  1182401 ,  0 ,  200 ,  56.83 ,  0.37 ,  16.87
26 ,  4 ,  1182442 ,  0 ,  200 ,  56.72 ,  0.36 ,  16.77
26 ,  4 ,  1182484 ,  0 ,  200 ,  56.61 ,  0.36 ,  16.77
26 ,  4 ,  1182527 ,  0 ,  200 ,  56.50 ,  0.36 ,  16.67
26 ,  4 ,  1182569 ,  0 ,  200 ,  56.28 ,  0.36 ,  16.67
26 ,  4 ,  1182610 ,  0 ,  200 ,  56.17 ,  0.35 ,  16.67
26 ,  4 ,  1182652 ,  0 ,  200 ,  56.06 ,  0.35 ,  16.57
26 ,  4 ,  1182693 ,  0 ,  200 ,  55.84 ,  0.35 ,  16.57
26 ,  4 ,  1182734 ,  0 ,  200 ,  55.73 ,  0.35 ,  16.47
26 ,  4 ,  1182776 ,  0 ,  200 ,  55.62 ,  0.34 ,  16.47
26 ,  4 ,  1182817 ,  0 ,  200 ,  55.51 ,  0.34 ,  16.37
26 ,  4 ,  1182858 ,  0 ,  200 ,  55.40 ,  0.34 ,  16.37
26 ,  4 ,  1182902 ,  0 ,  200 ,  55.29 ,  0.34 ,  16.27
26 ,  4 ,  1182943 ,  0 ,  200 ,  55.18 ,  0.33 ,  16.27
26 ,  4 ,  1182985 ,  0 ,  200 ,  54.96 ,  0.33 ,  16.17
26 ,  4 ,  1183026 ,  0 ,  200 ,  54.85 ,  0.33 ,  16.07
26 ,  4 ,  1183068 ,  0 ,  200 ,  54.74 ,  0.33 ,  16.07
26 ,  4 ,  1183109 ,  0 ,  200 ,  54.63 ,  0.33 ,  15.97
26 ,  4 ,  1183150 ,  0 ,  200 ,  54.52 ,  0.33 ,  15.97
26 ,  4 ,  1183192 ,  0 ,  200 ,  54.41 ,  0.32 ,  15.97
26 ,  4 ,  1183233 ,  0 ,  200 ,  54.30 ,  0.32 ,  15.88
26 ,  4 ,  1183277 ,  0 ,  200 ,  54.08 ,  0.32 ,  15.88
26 ,  4 ,  1183318 ,  0 ,  200 ,  53.97 ,  0.32 ,  15.78
26 ,  4 ,  1183360 ,  0 ,  200 ,  53.86 ,  0.31 ,  15.78
26 ,  4 ,  1183400 ,  0 ,  200 ,  53.75 ,  0.31 ,  15.78
26 ,  4 ,  1183441 ,  0 ,  200 ,  53.64 ,  0.31 ,  15.68
26 ,  4 ,  1183483 ,  0 ,  200 ,  53.53 ,  0.31 ,  15.68
26 ,  4 ,  1183524 ,  0 ,  200 ,  53.42 ,  0.31 ,  15.58
26 ,  4 ,  1183566 ,  0 ,  200 ,  53.20 ,  0.30 ,  15.58
26 ,  4 ,  1183609 ,  0 ,  200 ,  53.20 ,  0.31 ,  15.48
26 ,  4 ,  1183659 ,  0 ,  200 ,  52.98 ,  0.30 ,  15.48
26 ,  4 ,  1183699 ,  0 ,  200 ,  52.87 ,  0.30 ,  15.38
26 ,  4 ,  1183741 ,  0 ,  200 ,  52.76 ,  0.30 ,  15.38
26 ,  4 ,  1183782 ,  0 ,  200 ,  52.65 ,  0.30 ,  15.28
26 ,  4 ,  1183823 ,  0 ,  200 ,  52.54 ,  0.29 ,  15.28
26 ,  4 ,  1183865 ,  0 ,  200 ,  52.42 ,  0.29 ,  15.18
26 ,  4 ,  1183906 ,  0 ,  200 ,  52.20 ,  0.29 ,  15.18
26 ,  4 ,  1183948 ,  0 ,  200 ,  52.09 ,  0.28 ,  15.18
26 ,  4 ,  1183991 ,  0 ,  200 ,  51.98 ,  0.29 ,  15.08
26 ,  4 ,  1184033 ,  0 ,  200 ,  51.87 ,  0.28 ,  14.98
26 ,  4 ,  1184074 ,  0 ,  200 ,  51.76 ,  0.28 ,  14.98
26 ,  4 ,  1184115 ,  0 ,  200 ,  51.65 ,  0.28 ,  14.98
26 ,  4 ,  1184157 ,  0 ,  200 ,  51.54 ,  0.28 ,  14.88
26 ,  4 ,  1184198 ,  0 ,  200 ,  51.43 ,  0.28 ,  14.88
26 ,  4 ,  1184239 ,  0 ,  200 ,  51.32 ,  0.27 ,  14.78
26 ,  4 ,  1184281 ,  0 ,  200 ,  51.21 ,  0.27 ,  14.78
26 ,  4 ,  1184322 ,  0 ,  200 ,  51.10 ,  0.27 ,  14.78
26 ,  4 ,  1184366 ,  0 ,  200 ,  50.99 ,  0.27 ,  14.68
26 ,  4 ,  1184407 ,  0 ,  200 ,  50.88 ,  0.26 ,  14.59
26 ,  4 ,  1184448 ,  0 ,  200 ,  50.66 ,  0.26 ,  14.59
26 ,  4 ,  1184490 ,  0 ,  200 ,  50.55 ,  0.26 ,  14.49
26 ,  4 ,  1184531 ,  0 ,  200 ,  50.44 ,  0.26 ,  14.49
26 ,  4 ,  1184573 ,  0 ,  200 ,  50.33 ,  0.26 ,  14.49
26 ,  4 ,  1184614 ,  0 ,  200 ,  50.22 ,  0.26 ,  14.39
26 ,  4 ,  1184655 ,  0 ,  200 ,  50.11 ,  0.25 ,  14.39
26 ,  4 ,  1184697 ,  0 ,  200 ,  50.00 ,  0.25 ,  14.29
26 ,  4 ,  1184740 ,  0 ,  200 ,  49.89 ,  0.25 ,  14.29
26 ,  4 ,  1184782 ,  0 ,  200 ,  49.78 ,  0.25 ,  14.19
26 ,  4 ,  1184823 ,  0 ,  200 ,  49.67 ,  0.25 ,  14.19
26 ,  4 ,  1184864 ,  0 ,  200 ,  49.56 ,  0.25 ,  14.09
26 ,  4 ,  1184906 ,  0 ,  200 ,  49.45 ,  0.25 ,  14.09
26 ,  4 ,  1184947 ,  0 ,  200 ,  49.23 ,  0.24 ,  13.99
26 ,  4 ,  1184988 ,  0 ,  200 ,  49.12 ,  0.24 ,  13.99
26 ,  4 ,  1185030 ,  0 ,  200 ,  49.01 ,  0.23 ,  13.89
26 ,  4 ,  1185071 ,  0 ,  200 ,  48.90 ,  0.23 ,  13.89
26 ,  4 ,  1185115 ,  0 ,  200 ,  48.79 ,  0.23 ,  13.89
26 ,  4 ,  1185156 ,  0 ,  200 ,  48.68 ,  0.23 ,  13.79
26 ,  4 ,  1185198 ,  0 ,  200 ,  48.57 ,  0.23 ,  13.79
26 ,  4 ,  1185239 ,  0 ,  200 ,  48.46 ,  0.22 ,  13.69
26 ,  4 ,  1185280 ,  0 ,  200 ,  48.35 ,  0.22 ,  13.69
26 ,  4 ,  1185321 ,  0 ,  200 ,  48.24 ,  0.22 ,  13.59
26 ,  4 ,  1185362 ,  0 ,  200 ,  48.13 ,  0.22 ,  13.59
26 ,  4 ,  1185403 ,  0 ,  200 ,  48.02 ,  0.22 ,  13.49
26 ,  4 ,  1185445 ,  0 ,  200 ,  47.91 ,  0.22 ,  13.39
26 ,  4 ,  1185488 ,  0 ,  200 ,  47.80 ,  0.22 ,  13.39
26 ,  4 ,  1185530 ,  0 ,  200 ,  47.69 ,  0.22 ,  13.39
26 ,  4 ,  1185571 ,  0 ,  200 ,  47.58 ,  0.22 ,  13.30
26 ,  4 ,  1185612 ,  0 ,  200 ,  47.47 ,  0.22 ,  13.30
26 ,  4 ,  1185654 ,  0 ,  200 ,  47.36 ,  0.21 ,  13.30
26 ,  4 ,  1185695 ,  0 ,  200 ,  47.25 ,  0.21 ,  13.20
26 ,  4 ,  1185737 ,  0 ,  200 ,  47.14 ,  0.21 ,  13.20
26 ,  4 ,  1185778 ,  0 ,  200 ,  47.03 ,  0.21 ,  13.10
26 ,  4 ,  1185822 ,  0 ,  200 ,  46.92 ,  0.21 ,  13.10
26 ,  4 ,  1185863 ,  0 ,  200 ,  46.81 ,  0.21 ,  13.00
26 ,  4 ,  1185904 ,  0 ,  200 ,  46.70 ,  0.20 ,  13.00
26 ,  4 ,  1185946 ,  0 ,  200 ,  46.59 ,  0.20 ,  12.90
26 ,  4 ,  1185987 ,  0 ,  200 ,  46.48 ,  0.20 ,  12.90
26 ,  4 ,  1186028 ,  0 ,  200 ,  46.37 ,  0.20 ,  12.80
26 ,  4 ,  1186070 ,  0 ,  200 ,  46.26 ,  0.20 ,  12.80
26 ,  4 ,  1186111 ,  0 ,  200 ,  46.15 ,  0.19 ,  12.70
26 ,  4 ,  1186152 ,  0 ,  200 ,  46.04 ,  0.19 ,  12.70
26 ,  4 ,  1186196 ,  0 ,  200 ,  45.93 ,  0.19 ,  12.70
26 ,  4 ,  1186237 ,  0 ,  200 ,  45.82 ,  0.19 ,  12.60
26 ,  4 ,  1186279 ,  0 ,  200 ,  45.71 ,  0.19 ,  12.60
26 ,  4 ,  1186320 ,  0 ,  200 ,  45.60 ,  0.18 ,  12.50
26 ,  4 ,  1186361 ,  0 ,  200 ,  45.49 ,  0.19 ,  12.50
26 ,  4 ,  1186403 ,  0 ,  200 ,  45.38 ,  0.18 ,  12.40
26 ,  4 ,  1186444 ,  0 ,  200 ,  45.27 ,  0.18 ,  12.40
26 ,  4 ,  1186486 ,  0 ,  200 ,  45.16 ,  0.18 ,  12.30
26 ,  4 ,  1186527 ,  0 ,  200 ,  45.05 ,  0.18 ,  12.30
26 ,  4 ,  1186571 ,  0 ,  200 ,  44.94 ,  0.17 ,  12.20
26 ,  4 ,  1186612 ,  0 ,  200 ,  44.83 ,  0.18 ,  12.20
26 ,  4 ,  1186653 ,  0 ,  200 ,  44.72 ,  0.17 ,  12.10
26 ,  4 ,  1186695 ,  0 ,  200 ,  44.61 ,  0.17 ,  12.10
26 ,  4 ,  1186736 ,  0 ,  200 ,  44.50 ,  0.17 ,  12.10
26 ,  4 ,  1186777 ,  0 ,  200 ,  44.39 ,  0.17 ,  12.01
26 ,  4 ,  1186819 ,  0 ,  200 ,  44.28 ,  0.17 ,  12.01
26 ,  4 ,  1186860 ,  0 ,  200 ,  44.17 ,  0.16 ,  11.91
26 ,  4 ,  1186902 ,  0 ,  200 ,  44.06 ,  0.16 ,  11.91
26 ,  4 ,  1186945 ,  0 ,  200 ,  43.95 ,  0.16 ,  11.81
26 ,  4 ,  1186987 ,  0 ,  200 ,  43.84 ,  0.16 ,  11.81
26 ,  4 ,  1187027 ,  0 ,  200 ,  43.72 ,  0.16 ,  11.81
26 ,  4 ,  1187068 ,  0 ,  200 ,  43.72 ,  0.16 ,  11.71
26 ,  4 ,  1187110 ,  0 ,  200 ,  43.50 ,  0.15 ,  11.71
26 ,  4 ,  1187151 ,  0 ,  200 ,  43.50 ,  0.16 ,  11.61
26 ,  4 ,  1187192 ,  0 ,  200 ,  43.28 ,  0.15 ,  11.61
26 ,  4 ,  1187234 ,  0 ,  200 ,  43.28 ,  0.15 ,  11.51
26 ,  4 ,  1187275 ,  0 ,  200 ,  43.17 ,  0.15 ,  11.51
26 ,  4 ,  1187319 ,  0 ,  200 ,  43.06 ,  0.15 ,  11.51
26 ,  4 ,  1187360 ,  0 ,  200 ,  42.95 ,  0.15 ,  11.41
26 ,  4 ,  1187401 ,  0 ,  200 ,  42.84 ,  0.14 ,  11.41
26 ,  4 ,  1187443 ,  0 ,  200 ,  42.73 ,  0.14 ,  11.31
26 ,  4 ,  1187485 ,  0 ,  200 ,  42.62 ,  0.14 ,  11.31
26 ,  4 ,  1187526 ,  0 ,  200 ,  42.51 ,  0.14 ,  11.21
26 ,  4 ,  1187568 ,  0 ,  200 ,  42.40 ,  0.14 ,  11.21
26 ,  4 ,  1187609 ,  0 ,  200 ,  42.29 ,  0.14 ,  11.11
26 ,  4 ,  1187650 ,  0 ,  200 ,  42.18 ,  0.14 ,  11.11
26 ,  4 ,  1187694 ,  0 ,  200 ,  42.07 ,  0.14 ,  11.11
26 ,  4 ,  1187735 ,  0 ,  200 ,  41.96 ,  0.14 ,  11.01
26 ,  4 ,  1187777 ,  0 ,  200 ,  41.85 ,  0.14 ,  10.91
26 ,  4 ,  1187818 ,  0 ,  200 ,  41.74 ,  0.14 ,  11.01
26 ,  4 ,  1187859 ,  0 ,  200 ,  41.63 ,  0.13 ,  10.91
26 ,  4 ,  1187901 ,  0 ,  200 ,  41.52 ,  0.13 ,  10.91
26 ,  4 ,  1187942 ,  0 ,  200 ,  41.41 ,  0.13 ,  10.81
26 ,  4 ,  1187984 ,  0 ,  200 ,  41.41 ,  0.13 ,  10.81
26 ,  4 ,  1188027 ,  0 ,  200 ,  41.30 ,  0.13 ,  10.72
26 ,  4 ,  1188069 ,  0 ,  200 ,  41.19 ,  0.13 ,  10.72
26 ,  4 ,  1188110 ,  0 ,  200 ,  41.08 ,  0.13 ,  10.72
26 ,  4 ,  1188151 ,  0 ,  200 ,  40.97 ,  0.12 ,  10.62
26 ,  4 ,  1188193 ,  0 ,  200 ,  40.86 ,  0.13 ,  10.52
26 ,  4 ,  1188234 ,  0 ,  200 ,  40.75 ,  0.12 ,  10.52
26 ,  4 ,  1188276 ,  0 ,  200 ,  40.64 ,  0.12 ,  10.52
26 ,  4 ,  1188317 ,  0 ,  200 ,  40.64 ,  0.12 ,  10.42
26 ,  4 ,  1188358 ,  0 ,  200 ,  40.42 ,  0.12 ,  10.42
26 ,  4 ,  1188402 ,  0 ,  200 ,  40.42 ,  0.12 ,  10.32
26 ,  4 ,  1188443 ,  0 ,  200 ,  40.31 ,  0.12 ,  10.32
26 ,  4 ,  1188485 ,  0 ,  200 ,  40.20 ,  0.11 ,  10.32
26 ,  4 ,  1188526 ,  0 ,  200 ,  40.09 ,  0.11 ,  10.22
26 ,  4 ,  1188568 ,  0 ,  200 ,  39.98 ,  0.11 ,  10.22
26 ,  4 ,  1188609 ,  0 ,  200 ,  39.87 ,  0.11 ,  10.12
26 ,  4 ,  1188651 ,  0 ,  200 ,  39.76 ,  0.12 ,  10.12
26 ,  4 ,  1188691 ,  0 ,  200 ,  39.65 ,  0.11 ,  10.02
26 ,  4 ,  1188733 ,  0 ,  200 ,  39.54 ,  0.11 ,  10.02
26 ,  4 ,  1188776 ,  0 ,  200 ,  39.54 ,  0.11 ,  10.02
26 ,  4 ,  1188818 ,  0 ,  200 ,  39.43 ,  0.11 ,  9.92
26 ,  4 ,  1188859 ,  0 ,  200 ,  39.32 ,  0.10 ,  9.92
26 ,  4 ,  1188901 ,  0 ,  200 ,  39.21 ,  0.11 ,  9.82
26 ,  4 ,  1188942 ,  0 ,  200 ,  39.10 ,  0.10 ,  9.82
26 ,  4 ,  1188984 ,  0 ,  200 ,  38.99 ,  0.10 ,  9.82
26 ,  4 ,  1189025 ,  0 ,  200 ,  38.88 ,  0.10 ,  9.72
26 ,  4 ,  1189066 ,  0 ,  200 ,  38.77 ,  0.10 ,  9.72
26 ,  4 ,  1189108 ,  0 ,  200 ,  38.77 ,  0.10 ,  9.72
26 ,  4 ,  1189152 ,  0 ,  200 ,  38.66 ,  0.10 ,  9.62
26 ,  4 ,  1189193 ,  0 ,  200 ,  38.55 ,  0.10 ,  9.62
26 ,  4 ,  1189234 ,  0 ,  200 ,  38.44 ,  0.10 ,  9.53
26 ,  4 ,  1189276 ,  0 ,  200 ,  38.33 ,  0.10 ,  9.53
26 ,  4 ,  1189317 ,  0 ,  200 ,  38.22 ,  0.10 ,  9.43
26 ,  4 ,  1189359 ,  0 ,  200 ,  38.11 ,  0.10 ,  9.43
26 ,  4 ,  1189400 ,  0 ,  200 ,  38.00 ,  0.09 ,  9.43
26 ,  4 ,  1189442 ,  0 ,  200 ,  37.89 ,  0.09 ,  9.33
26 ,  4 ,  1189483 ,  0 ,  200 ,  37.78 ,  0.09 ,  9.33
26 ,  4 ,  1189536 ,  0 ,  200 ,  37.67 ,  0.09 ,  9.23
26 ,  4 ,  1189579 ,  0 ,  200 ,  37.67 ,  0.09 ,  9.23
26 ,  4 ,  1189623 ,  0 ,  200 ,  37.45 ,  0.09 ,  9.13
26 ,  4 ,  1189666 ,  0 ,  200 ,  37.45 ,  0.09 ,  9.13
26 ,  4 ,  1189710 ,  0 ,  200 ,  37.34 ,  0.09 ,  9.13
26 ,  4 ,  1189753 ,  0 ,  200 ,  37.23 ,  0.09 ,  9.03
26 ,  4 ,  1189797 ,  0 ,  200 ,  37.12 ,  0.09 ,  9.03
26 ,  4 ,  1189841 ,  0 ,  200 ,  37.01 ,  0.09 ,  8.93
26 ,  4 ,  1189884 ,  0 ,  200 ,  36.90 ,  0.09 ,  8.93
26 ,  4 ,  1189931 ,  0 ,  200 ,  36.90 ,  0.09 ,  8.83
26 ,  4 ,  1189974 ,  0 ,  200 ,  36.68 ,  0.09 ,  8.83
26 ,  4 ,  1190018 ,  0 ,  200 ,  36.68 ,  0.08 ,  8.83
26 ,  4 ,  1190061 ,  0 ,  200 ,  36.46 ,  0.09 ,  8.73
26 ,  4 ,  1190104 ,  0 ,  200 ,  36.46 ,  0.08 ,  8.73
26 ,  4 ,  1190148 ,  0 ,  200 ,  36.35 ,  0.08 ,  8.63
26 ,  4 ,  1190191 ,  0 ,  200 ,  36.24 ,  0.08 ,  8.63
26 ,  4 ,  1190235 ,  0 ,  200 ,  36.13 ,  0.08 ,  8.63
26 ,  4 ,  1190278 ,  0 ,  200 ,  36.02 ,  0.08 ,  8.53
26 ,  4 ,  1190323 ,  0 ,  200 ,  35.91 ,  0.08 ,  8.43
26 ,  4 ,  1190367 ,  0 ,  200 ,  35.91 ,  0.08 ,  8.53
26 ,  4 ,  1190410 ,  0 ,  200 ,  35.80 ,  0.08 ,  8.43
26 ,  4 ,  1190454 ,  0 ,  200 ,  35.69 ,  0.08 ,  8.43
26 ,  4 ,  1190497 ,  0 ,  200 ,  35.58 ,  0.08 ,  8.33
26 ,  4 ,  1190540 ,  0 ,  200 ,  35.47 ,  0.08 ,  8.33
26 ,  4 ,  1190584 ,  0 ,  200 ,  35.36 ,  0.08 ,  8.33
26 ,  4 ,  1190627 ,  0 ,  200 ,  35.25 ,  0.08 ,  8.24
26 ,  4 ,  1190670 ,  0 ,  200 ,  35.13 ,  0.07 ,  8.24
26 ,  4 ,  1190716 ,  0 ,  200 ,  35.13 ,  0.07 ,  8.24
26 ,  4 ,  1190759 ,  0 ,  200 ,  34.91 ,  0.07 ,  8.14
26 ,  4 ,  1190803 ,  0 ,  200 ,  34.91 ,  0.07 ,  8.14
26 ,  4 ,  1190846 ,  0 ,  200 ,  34.80 ,  0.07 ,  8.04
26 ,  4 ,  1190890 ,  0 ,  200 ,  34.69 ,  0.07 ,  8.04
26 ,  4 ,  1190933 ,  0 ,  200 ,  34.58 ,  0.07 ,  8.04
26 ,  4 ,  1190976 ,  0 ,  200 ,  34.47 ,  0.07 ,  7.94
26 ,  4 ,  1191020 ,  0 ,  200 ,  34.47 ,  0.07 ,  7.94
26 ,  4 ,  1191063 ,  0 ,  200 ,  34.25 ,  0.07 ,  7.94
26 ,  4 ,  1191109 ,  0 ,  200 ,  34.25 ,  0.07 ,  7.84
26 ,  4 ,  1191152 ,  0 ,  200 ,  34.14 ,  0.07 ,  7.84
26 ,  4 ,  1191195 ,  0 ,  200 ,  34.03 ,  0.07 ,  7.84
26 ,  4 ,  1191239 ,  0 ,  200 ,  33.92 ,  0.07 ,  7.74
26 ,  4 ,  1191283 ,  0 ,  200 ,  33.81 ,  0.07 ,  7.74
26 ,  4 ,  1191326 ,  0 ,  200 ,  33.70 ,  0.07 ,  7.74
26 ,  4 ,  1191369 ,  0 ,  200 ,  33.70 ,  0.07 ,  7.64
26 ,  4 ,  1191413 ,  0 ,  200 ,  33.59 ,  0.06 ,  7.64
26 ,  4 ,  1191456 ,  0 ,  200 ,  33.48 ,  0.07 ,  7.54
26 ,  4 ,  1191512 ,  0 ,  200 ,  33.37 ,  0.07 ,  7.54
26 ,  4 ,  1191556 ,  0 ,  200 ,  33.26 ,  0.06 ,  7.54
26 ,  4 ,  1191599 ,  0 ,  200 ,  33.15 ,  0.06 ,  7.44
26 ,  4 ,  1191642 ,  0 ,  200 ,  33.04 ,  0.07 ,  7.44
26 ,  4 ,  1191686 ,  0 ,  200 ,  33.04 ,  0.06 ,  7.44
26 ,  4 ,  1191729 ,  0 ,  200 ,  32.93 ,  0.07 ,  7.34
26 ,  4 ,  1191772 ,  0 ,  200 ,  32.82 ,  0.06 ,  7.34
26 ,  4 ,  1191816 ,  0 ,  200 ,  32.71 ,  0.06 ,  7.34
26 ,  4 ,  1191859 ,  0 ,  200 ,  32.60 ,  0.06 ,  7.24
26 ,  4 ,  1191905 ,  0 ,  200 ,  32.60 ,  0.06 ,  7.24
26 ,  4 ,  1191948 ,  0 ,  200 ,  32.49 ,  0.06 ,  7.14
26 ,  4 ,  1191991 ,  0 ,  200 ,  32.38 ,  0.07 ,  7.14
26 ,  4 ,  1192035 ,  0 ,  200 ,  32.27 ,  0.06 ,  7.14
26 ,  4 ,  1192078 ,  0 ,  200 ,  32.16 ,  0.06 ,  7.14
26 ,  4 ,  1192121 ,  0 ,  200 ,  32.05 ,  0.06 ,  7.04
26 ,  4 ,  1192165 ,  0 ,  200 ,  32.05 ,  0.06 ,  7.04
26 ,  4 ,  1192208 ,  0 ,  200 ,  31.83 ,  0.06 ,  7.04
26 ,  4 ,  1192251 ,  0 ,  200 ,  31.83 ,  0.06 ,  6.95
26 ,  4 ,  1192297 ,  0 ,  200 ,  31.72 ,  0.06 ,  6.95
26 ,  4 ,  1192340 ,  0 ,  200 ,  31.72 ,  0.06 ,  6.95
26 ,  4 ,  1192384 ,  0 ,  200 ,  31.50 ,  0.06 ,  6.85
26 ,  4 ,  1192427 ,  0 ,  200 ,  31.39 ,  0.06 ,  6.85
26 ,  4 ,  1192470 ,  0 ,  200 ,  31.39 ,  0.06 ,  6.85
26 ,  4 ,  1192514 ,  0 ,  200 ,  31.28 ,  0.06 ,  6.85
26 ,  4 ,  1192557 ,  0 ,  200 ,  31.17 ,  0.06 ,  6.75
26 ,  4 ,  1192600 ,  0 ,  200 ,  31.06 ,  0.06 ,  6.75
26 ,  4 ,  1192644 ,  0 ,  200 ,  30.95 ,  0.06 ,  6.75
26 ,  4 ,  1192689 ,  0 ,  200 ,  30.95 ,  0.05 ,  6.65
26 ,  4 ,  1192733 ,  0 ,  200 ,  30.84 ,  0.06 ,  6.65
26 ,  4 ,  1192776 ,  0 ,  200 ,  30.73 ,  0.06 ,  6.65
26 ,  4 ,  1192820 ,  0 ,  200 ,  30.62 ,  0.06 ,  6.55
26 ,  4 ,  1192863 ,  0 ,  200 ,  30.62 ,  0.05 ,  6.55
26 ,  4 ,  1192906 ,  0 ,  200 ,  30.40 ,  0.06 ,  6.55
26 ,  4 ,  1192950 ,  0 ,  200 ,  30.40 ,  0.06 ,  6.45
26 ,  4 ,  1192993 ,  0 ,  200 ,  30.29 ,  0.05 ,  6.45
26 ,  4 ,  1193036 ,  0 ,  200 ,  30.18 ,  0.06 ,  6.45
26 ,  4 ,  1193082 ,  0 ,  200 ,  30.18 ,  0.05 ,  6.45
26 ,  4 ,  1193125 ,  0 ,  200 ,  29.96 ,  0.05 ,  6.35
26 ,  4 ,  1193169 ,  0 ,  200 ,  29.96 ,  0.06 ,  6.35
26 ,  4 ,  1193212 ,  0 ,  200 ,  29.85 ,  0.06 ,  6.35
26 ,  4 ,  1193255 ,  0 ,  200 ,  29.85 ,  0.05 ,  6.35
26 ,  4 ,  1193299 ,  0 ,  200 ,  29.63 ,  0.06 ,  6.25
26 ,  4 ,  1193342 ,  0 ,  200 ,  29.63 ,  0.06 ,  6.25
26 ,  4 ,  1193385 ,  0 ,  200 ,  29.52 ,  0.05 ,  6.25
26 ,  4 ,  1193430 ,  0 ,  200 ,  29.52 ,  0.05 ,  6.15
26 ,  4 ,  1193475 ,  0 ,  200 ,  29.41 ,  0.05 ,  6.15
26 ,  4 ,  1193519 ,  0 ,  200 ,  29.30 ,  0.05 ,  6.15
26 ,  4 ,  1193562 ,  0 ,  200 ,  29.19 ,  0.05 ,  6.15
26 ,  4 ,  1193605 ,  0 ,  200 ,  29.08 ,  0.05 ,  6.05
26 ,  4 ,  1193649 ,  0 ,  200 ,  28.97 ,  0.05 ,  6.05
26 ,  4 ,  1193692 ,  0 ,  200 ,  28.86 ,  0.05 ,  6.05
26 ,  4 ,  1193736 ,  0 ,  200 ,  28.86 ,  0.05 ,  5.95
26 ,  4 ,  1193779 ,  0 ,  200 ,  28.75 ,  0.05 ,  5.95
26 ,  4 ,  1193822 ,  0 ,  200 ,  28.75 ,  0.05 ,  5.95
26 ,  4 ,  1193868 ,  0 ,  200 ,  28.64 ,  0.05 ,  5.95
26 ,  4 ,  1193911 ,  0 ,  200 ,  28.53 ,  0.05 ,  5.85
26 ,  4 ,  1193955 ,  0 ,  200 ,  28.42 ,  0.05 ,  5.85
26 ,  4 ,  1193998 ,  0 ,  200 ,  28.31 ,  0.05 ,  5.85
26 ,  4 ,  1194041 ,  0 ,  200 ,  28.31 ,  0.05 ,  5.75
26 ,  4 ,  1194085 ,  0 ,  200 ,  28.20 ,  0.05 ,  5.75
26 ,  4 ,  1194128 ,  0 ,  200 ,  28.09 ,  0.05 ,  5.75
26 ,  4 ,  1194171 ,  0 ,  200 ,  27.98 ,  0.05 ,  5.75
26 ,  4 ,  1194215 ,  0 ,  200 ,  27.98 ,  0.05 ,  5.66
26 ,  4 ,  1194260 ,  0 ,  200 ,  27.87 ,  0.05 ,  5.66
26 ,  4 ,  1194304 ,  0 ,  200 ,  27.76 ,  0.05 ,  5.66
26 ,  4 ,  1194347 ,  0 ,  200 ,  27.65 ,  0.05 ,  5.56
26 ,  4 ,  1194390 ,  0 ,  200 ,  27.54 ,  0.05 ,  5.56
26 ,  4 ,  1194434 ,  0 ,  200 ,  27.54 ,  0.05 ,  5.56
26 ,  4 ,  1194477 ,  0 ,  200 ,  27.43 ,  0.05 ,  5.56
26 ,  4 ,  1194521 ,  0 ,  200 ,  27.32 ,  0.05 ,  5.46
26 ,  4 ,  1194564 ,  0 ,  200 ,  27.21 ,  0.05 ,  5.46
26 ,  4 ,  1194607 ,  0 ,  200 ,  27.21 ,  0.05 ,  5.46
26 ,  4 ,  1194653 ,  0 ,  200 ,  27.10 ,  0.05 ,  5.46
26 ,  4 ,  1194696 ,  0 ,  200 ,  26.99 ,  0.05 ,  5.46
26 ,  4 ,  1194740 ,  0 ,  200 ,  26.88 ,  0.05 ,  5.36
26 ,  4 ,  1194783 ,  0 ,  200 ,  26.88 ,  0.05 ,  5.36
26 ,  4 ,  1194826 ,  0 ,  200 ,  26.77 ,  0.05 ,  5.36
26 ,  4 ,  1194870 ,  0 ,  200 ,  26.77 ,  0.05 ,  5.36
26 ,  4 ,  1194913 ,  0 ,  200 ,  26.66 ,  0.05 ,  5.26
26 ,  4 ,  1194957 ,  0 ,  200 ,  26.55 ,  0.05 ,  5.26
26 ,  4 ,  1195000 ,  0 ,  200 ,  26.43 ,  0.05 ,  5.26
26 ,  4 ,  1195045 ,  0 ,  200 ,  26.43 ,  0.05 ,  5.26
26 ,  4 ,  1195089 ,  0 ,  200 ,  26.32 ,  0.04 ,  5.16
26 ,  4 ,  1195132 ,  0 ,  200 ,  26.21 ,  0.05 ,  5.16
26 ,  4 ,  1195176 ,  0 ,  200 ,  26.10 ,  0.05 ,  5.16
26 ,  4 ,  1195219 ,  0 ,  200 ,  26.10 ,  0.05 ,  5.06
26 ,  4 ,  1195262 ,  0 ,  200 ,  25.99 ,  0.04 ,  5.06
26 ,  4 ,  1195307 ,  0 ,  200 ,  25.88 ,  0.05 ,  5.06
26 ,  4 ,  1195350 ,  0 ,  200 ,  25.88 ,  0.04 ,  5.06
26 ,  4 ,  1195393 ,  0 ,  200 ,  25.66 ,  0.04 ,  5.06
26 ,  4 ,  1195440 ,  0 ,  200 ,  25.66 ,  0.04 ,  4.96
26 ,  4 ,  1195483 ,  0 ,  200 ,  25.55 ,  0.05 ,  4.96
26 ,  4 ,  1195526 ,  0 ,  200 ,  25.44 ,  0.05 ,  4.96
26 ,  4 ,  1195570 ,  0 ,  200 ,  25.44 ,  0.05 ,  4.96
26 ,  4 ,  1195613 ,  0 ,  200 ,  25.33 ,  0.05 ,  4.96
26 ,  4 ,  1195656 ,  0 ,  200 ,  25.33 ,  0.04 ,  4.86
26 ,  4 ,  1195700 ,  0 ,  200 ,  25.22 ,  0.04 ,  4.86
26 ,  4 ,  1195743 ,  0 ,  200 ,  25.11 ,  0.04 ,  4.86
26 ,  4 ,  1195787 ,  0 ,  200 ,  25.11 ,  0.04 ,  4.86
26 ,  4 ,  1195832 ,  0 ,  200 ,  25.00 ,  0.04 ,  4.76
26 ,  4 ,  1195876 ,  0 ,  200 ,  24.89 ,  0.04 ,  4.76
26 ,  4 ,  1195919 ,  0 ,  200 ,  24.89 ,  0.04 ,  4.76
26 ,  4 ,  1195962 ,  0 ,  200 ,  24.78 ,  0.05 ,  4.76
26 ,  4 ,  1196006 ,  0 ,  200 ,  24.67 ,  0.05 ,  4.66
26 ,  4 ,  1196049 ,  0 ,  200 ,  24.67 ,  0.04 ,  4.76
26 ,  4 ,  1196092 ,  0 ,  200 ,  24.56 ,  0.04 ,  4.66
26 ,  4 ,  1196136 ,  0 ,  200 ,  24.45 ,  0.04 ,  4.66
26 ,  4 ,  1196179 ,  0 ,  200 ,  24.34 ,  0.04 ,  4.66
26 ,  4 ,  1196225 ,  0 ,  200 ,  24.34 ,  0.04 ,  4.56
26 ,  4 ,  1196268 ,  0 ,  200 ,  24.23 ,  0.04 ,  4.56
26 ,  4 ,  1196311 ,  0 ,  200 ,  24.12 ,  0.04 ,  4.56
26 ,  4 ,  1196355 ,  0 ,  200 ,  24.12 ,  0.04 ,  4.56
26 ,  4 ,  1196398 ,  0 ,  200 ,  24.01 ,  0.04 ,  4.56
26 ,  4 ,  1196442 ,  0 ,  200 ,  23.90 ,  0.04 ,  4.56
26 ,  4 ,  1196485 ,  0 ,  200 ,  23.90 ,  0.04 ,  4.46
26 ,  4 ,  1196528 ,  0 ,  200 ,  23.79 ,  0.04 ,  4.46
26 ,  4 ,  1196572 ,  0 ,  200 ,  23.68 ,  0.04 ,  4.46
26 ,  4 ,  1196617 ,  0 ,  200 ,  23.57 ,  0.04 ,  4.46
26 ,  4 ,  1196661 ,  0 ,  200 ,  23.57 ,  0.04 ,  4.46
26 ,  4 ,  1196704 ,  0 ,  200 ,  23.46 ,  0.04 ,  4.37
26 ,  4 ,  1196747 ,  0 ,  200 ,  23.46 ,  0.04 ,  4.37
26 ,  4 ,  1196791 ,  0 ,  200 ,  23.35 ,  0.04 ,  4.37
26 ,  4 ,  1196834 ,  0 ,  200 ,  23.24 ,  0.05 ,  4.37
26 ,  4 ,  1196877 ,  0 ,  200 ,  23.24 ,  0.04 ,  4.37
26 ,  4 ,  1196921 ,  0 ,  200 ,  23.13 ,  0.04 ,  4.27
26 ,  4 ,  1196964 ,  0 ,  200 ,  23.13 ,  0.04 ,  4.27
26 ,  4 ,  1197010 ,  0 ,  200 ,  23.02 ,  0.04 ,  4.27
26 ,  4 ,  1197053 ,  0 ,  200 ,  22.91 ,  0.04 ,  4.27
26 ,  4 ,  1197096 ,  0 ,  200 ,  22.91 ,  0.04 ,  4.17
26 ,  4 ,  1197140 ,  0 ,  200 ,  22.80 ,  0.04 ,  4.17
26 ,  4 ,  1197184 ,  0 ,  200 ,  22.69 ,  0.04 ,  4.17
26 ,  4 ,  1197228 ,  0 ,  200 ,  22.69 ,  0.04 ,  4.17
26 ,  4 ,  1197271 ,  0 ,  200 ,  22.58 ,  0.04 ,  4.17
26 ,  4 ,  1197314 ,  0 ,  200 ,  22.47 ,  0.04 ,  4.07
26 ,  4 ,  1197358 ,  0 ,  200 ,  22.47 ,  0.04 ,  4.07
26 ,  4 ,  1197403 ,  0 ,  200 ,  22.36 ,  0.04 ,  4.07
26 ,  4 ,  1197447 ,  0 ,  200 ,  22.36 ,  0.04 ,  4.07
26 ,  4 ,  1197490 ,  0 ,  200 ,  22.25 ,  0.04 ,  4.07
26 ,  4 ,  1197533 ,  0 ,  200 ,  22.14 ,  0.04 ,  4.07
26 ,  4 ,  1197577 ,  0 ,  200 ,  22.14 ,  0.04 ,  3.97
26 ,  4 ,  1197620 ,  0 ,  200 ,  22.03 ,  0.04 ,  3.97
26 ,  4 ,  1197663 ,  0 ,  200 ,  21.92 ,  0.04 ,  3.97
26 ,  4 ,  1197707 ,  0 ,  200 ,  21.92 ,  0.04 ,  3.97
26 ,  4 ,  1197750 ,  0 ,  200 ,  21.81 ,  0.04 ,  3.97
26 ,  4 ,  1197796 ,  0 ,  200 ,  21.70 ,  0.04 ,  3.97
26 ,  4 ,  1197839 ,  0 ,  200 ,  21.70 ,  0.04 ,  3.87
26 ,  4 ,  1197882 ,  0 ,  200 ,  21.59 ,  0.04 ,  3.87
26 ,  4 ,  1197926 ,  0 ,  200 ,  21.59 ,  0.04 ,  3.87
26 ,  4 ,  1197969 ,  0 ,  200 ,  21.48 ,  0.04 ,  3.87
26 ,  4 ,  1198013 ,  0 ,  200 ,  21.48 ,  0.04 ,  3.87
26 ,  4 ,  1198056 ,  0 ,  200 ,  21.37 ,  0.04 ,  3.87
26 ,  4 ,  1198099 ,  0 ,  200 ,  21.26 ,  0.04 ,  3.77
26 ,  4 ,  1198143 ,  0 ,  200 ,  21.26 ,  0.04 ,  3.77
26 ,  4 ,  1198188 ,  0 ,  200 ,  21.15 ,  0.04 ,  3.77
26 ,  4 ,  1198232 ,  0 ,  200 ,  21.15 ,  0.04 ,  3.77
26 ,  4 ,  1198275 ,  0 ,  200 ,  21.04 ,  0.04 ,  3.77
26 ,  4 ,  1198318 ,  0 ,  200 ,  20.93 ,  0.04 ,  3.67
26 ,  4 ,  1198362 ,  0 ,  200 ,  20.93 ,  0.04 ,  3.67
26 ,  4 ,  1198405 ,  0 ,  200 ,  20.82 ,  0.04 ,  3.67
26 ,  4 ,  1198448 ,  0 ,  200 ,  20.82 ,  0.04 ,  3.67
26 ,  4 ,  1198492 ,  0 ,  200 ,  20.71 ,  0.04 ,  3.67
26 ,  4 ,  1198535 ,  0 ,  200 ,  20.71 ,  0.04 ,  3.67
26 ,  4 ,  1198581 ,  0 ,  200 ,  20.60 ,  0.04 ,  3.67
26 ,  4 ,  1198624 ,  0 ,  200 ,  20.49 ,  0.04 ,  3.57
26 ,  4 ,  1198667 ,  0 ,  200 ,  20.38 ,  0.04 ,  3.57
26 ,  4 ,  1198711 ,  0 ,  200 ,  20.38 ,  0.04 ,  3.57
26 ,  4 ,  1198754 ,  0 ,  200 ,  20.38 ,  0.04 ,  3.57
26 ,  4 ,  1198798 ,  0 ,  200 ,  20.27 ,  0.04 ,  3.57
26 ,  4 ,  1198841 ,  0 ,  200 ,  20.27 ,  0.04 ,  3.57
26 ,  4 ,  1198884 ,  0 ,  200 ,  20.16 ,  0.04 ,  3.57
26 ,  4 ,  1198928 ,  0 ,  200 ,  20.05 ,  0.04 ,  3.47
26 ,  4 ,  1198973 ,  0 ,  200 ,  19.94 ,  0.04 ,  3.47
26 ,  4 ,  1199017 ,  0 ,  200 ,  19.94 ,  0.04 ,  3.47
26 ,  4 ,  1199060 ,  0 ,  200 ,  19.94 ,  0.03 ,  3.47
26 ,  4 ,  1199104 ,  0 ,  200 ,  19.83 ,  0.04 ,  3.47
26 ,  4 ,  1199148 ,  0 ,  200 ,  19.83 ,  0.04 ,  3.37
26 ,  4 ,  1199191 ,  0 ,  200 ,  19.72 ,  0.04 ,  3.47
26 ,  4 ,  1199234 ,  0 ,  200 ,  19.72 ,  0.04 ,  3.37
26 ,  4 ,  1199278 ,  0 ,  200 ,  19.61 ,  0.04 ,  3.37
26 ,  4 ,  1199321 ,  0 ,  200 ,  19.50 ,  0.04 ,  3.37
26 ,  4 ,  1199367 ,  0 ,  200 ,  19.50 ,  0.04 ,  3.37
26 ,  4 ,  1199411 ,  0 ,  200 ,  19.39 ,  0.04 ,  3.37
26 ,  4 ,  1199460 ,  0 ,  200 ,  19.28 ,  0.04 ,  3.37
26 ,  4 ,  1199503 ,  0 ,  200 ,  19.28 ,  0.03 ,  3.27
26 ,  4 ,  1199547 ,  0 ,  200 ,  19.28 ,  0.04 ,  3.27
26 ,  4 ,  1199590 ,  0 ,  200 ,  19.17 ,  0.04 ,  3.27
26 ,  4 ,  1199633 ,  0 ,  200 ,  19.17 ,  0.04 ,  3.27
26 ,  4 ,  1199677 ,  0 ,  200 ,  19.06 ,  0.03 ,  3.27
26 ,  4 ,  1199722 ,  0 ,  200 ,  18.95 ,  0.04 ,  3.27
26 ,  4 ,  1199766 ,  0 ,  200 ,  18.95 ,  0.04 ,  3.17
26 ,  4 ,  1199809 ,  0 ,  200 ,  18.84 ,  0.04 ,  3.17
26 ,  4 ,  1199852 ,  0 ,  200 ,  18.84 ,  0.03 ,  3.17
26 ,  4 ,  1199896 ,  0 ,  200 ,  18.73 ,  0.03 ,  3.17
26 ,  4 ,  1199939 ,  0 ,  200 ,  18.73 ,  0.04 ,  3.17
26 ,  4 ,  1199982 ,  0 ,  200 ,  18.62 ,  0.03 ,  3.17
26 ,  4 ,  1200026 ,  0 ,  200 ,  18.51 ,  0.04 ,  3.17
26 ,  4 ,  1200069 ,  0 ,  200 ,  18.51 ,  0.04 ,  3.08
26 ,  4 ,  1200115 ,  0 ,  200 ,  18.40 ,  0.04 ,  3.08
26 ,  4 ,  1200158 ,  0 ,  200 ,  18.40 ,  0.04 ,  3.08
26 ,  4 ,  1200201 ,  0 ,  200 ,  18.40 ,  0.04 ,  3.08
26 ,  4 ,  1200245 ,  0 ,  200 ,  18.29 ,  0.04 ,  3.08
26 ,  4 ,  1200288 ,  0 ,  200 ,  18.18 ,  0.04 ,  3.08
26 ,  4 ,  1200331 ,  0 ,  200 ,  18.18 ,  0.04 ,  3.08
26 ,  4 ,  1200375 ,  0 ,  200 ,  18.07 ,  0.03 ,  3.08
26 ,  4 ,  1200418 ,  0 ,  200 ,  18.07 ,  0.03 ,  2.98
26 ,  4 ,  1200461 ,  0 ,  200 ,  18.07 ,  0.04 ,  2.98
26 ,  4 ,  1200507 ,  0 ,  200 ,  17.96 ,  0.03 ,  2.98
26 ,  4 ,  1200550 ,  0 ,  200 ,  17.96 ,  0.03 ,  2.98
26 ,  4 ,  1200594 ,  0 ,  200 ,  17.85 ,  0.04 ,  2.98
26 ,  4 ,  1200637 ,  0 ,  200 ,  17.85 ,  0.04 ,  2.98
26 ,  4 ,  1200680 ,  0 ,  200 ,  17.62 ,  0.03 ,  2.98
26 ,  4 ,  1200724 ,  0 ,  200 ,  17.73 ,  0.04 ,  2.88
26 ,  4 ,  1200768 ,  0 ,  200 ,  17.62 ,  0.04 ,  2.88
26 ,  4 ,  1200811 ,  0 ,  200 ,  17.51 ,  0.03 ,  2.88
26 ,  4 ,  1200855 ,  0 ,  200 ,  17.51 ,  0.03 ,  2.88
26 ,  4 ,  1200900 ,  0 ,  200 ,  17.51 ,  0.03 ,  2.88
26 ,  4 ,  1200944 ,  0 ,  200 ,  17.40 ,  0.03 ,  2.88
26 ,  4 ,  1200987 ,  0 ,  200 ,  17.40 ,  0.04 ,  2.88
26 ,  4 ,  1201031 ,  0 ,  200 ,  17.29 ,  0.04 ,  2.88
26 ,  4 ,  1201074 ,  0 ,  200 ,  17.29 ,  0.03 ,  2.78
26 ,  4 ,  1201117 ,  0 ,  200 ,  17.18 ,  0.03 ,  2.78
26 ,  4 ,  1201161 ,  0 ,  200 ,  17.07 ,  0.04 ,  2.78
26 ,  4 ,  1201204 ,  0 ,  200 ,  17.18 ,  0.03 ,  2.78
26 ,  4 ,  1201248 ,  0 ,  200 ,  17.07 ,  0.04 ,  2.78
26 ,  4 ,  1201293 ,  0 ,  200 ,  16.96 ,  0.04 ,  2.78
26 ,  4 ,  1201337 ,  0 ,  200 ,  16.96 ,  0.04 ,  2.78
26 ,  4 ,  1201380 ,  0 ,  200 ,  16.85 ,  0.04 ,  2.78
26 ,  4 ,  1201424 ,  0 ,  200 ,  16.85 ,  0.04 ,  2.68
26 ,  4 ,  1201467 ,  0 ,  200 ,  16.74 ,  0.04 ,  2.68
26 ,  4 ,  1201511 ,  0 ,  200 ,  16.74 ,  0.04 ,  2.68
26 ,  4 ,  1201554 ,  0 ,  200 ,  16.63 ,  0.03 ,  2.68
26 ,  4 ,  1201598 ,  0 ,  200 ,  16.63 ,  0.03 ,  2.68
26 ,  4 ,  1201641 ,  0 ,  200 ,  16.52 ,  0.04 ,  2.68
26 ,  4 ,  1201687 ,  0 ,  200 ,  16.52 ,  0.04 ,  2.68
26 ,  4 ,  1201730 ,  0 ,  200 ,  16.52 ,  0.04 ,  2.68
26 ,  4 ,  1201774 ,  0 ,  200 ,  16.41 ,  0.04 ,  2.68
26 ,  4 ,  1201817 ,  0 ,  200 ,  16.30 ,  0.04 ,  2.58
26 ,  4 ,  1201860 ,  0 ,  200 ,  16.30 ,  0.04 ,  2.58
26 ,  4 ,  1201904 ,  0 ,  200 ,  16.30 ,  0.04 ,  2.58
26 ,  4 ,  1201947 ,  0 ,  200 ,  16.19 ,  0.04 ,  2.58
26 ,  4 ,  1201991 ,  0 ,  200 ,  16.19 ,  0.04 ,  2.58
26 ,  4 ,  1202034 ,  0 ,  200 ,  16.08 ,  0.04 ,  2.58
26 ,  4 ,  1202087 ,  0 ,  200 ,  16.08 ,  0.03 ,  2.58
26 ,  4 ,  1202130 ,  0 ,  200 ,  15.97 ,  0.03 ,  2.58
26 ,  4 ,  1202174 ,  0 ,  200 ,  15.97 ,  0.04 ,  2.58
26 ,  4 ,  1202219 ,  0 ,  200 ,  15.86 ,  0.04 ,  2.48
26 ,  4 ,  1202262 ,  0 ,  200 ,  15.86 ,  0.04 ,  2.48
26 ,  4 ,  1202306 ,  0 ,  200 ,  15.86 ,  0.04 ,  2.48
26 ,  4 ,  1202349 ,  0 ,  200 ,  15.75 ,  0.04 ,  2.48
26 ,  4 ,  1202393 ,  0 ,  200 ,  15.75 ,  0.04 ,  2.48
26 ,  4 ,  1202436 ,  0 ,  200 ,  15.64 ,  0.04 ,  2.48
26 ,  4 ,  1202482 ,  0 ,  200 ,  15.64 ,  0.04 ,  2.38
26 ,  4 ,  1202526 ,  0 ,  200 ,  15.64 ,  0.03 ,  2.48
26 ,  4 ,  1202569 ,  0 ,  200 ,  15.53 ,  0.03 ,  2.48
26 ,  4 ,  1202612 ,  0 ,  200 ,  15.53 ,  0.03 ,  2.38
26 ,  4 ,  1202656 ,  0 ,  200 ,  15.42 ,  0.04 ,  2.38
26 ,  4 ,  1202699 ,  0 ,  200 ,  15.42 ,  0.04 ,  2.38
26 ,  4 ,  1202743 ,  0 ,  200 ,  15.31 ,  0.04 ,  2.38
26 ,  4 ,  1202786 ,  0 ,  200 ,  15.31 ,  0.04 ,  2.38
26 ,  4 ,  1202829 ,  0 ,  200 ,  15.31 ,  0.03 ,  2.38
26 ,  4 ,  1202875 ,  0 ,  200 ,  15.20 ,  0.04 ,  2.38
26 ,  4 ,  1202918 ,  0 ,  200 ,  15.09 ,  0.04 ,  2.38
26 ,  4 ,  1202962 ,  0 ,  200 ,  15.09 ,  0.04 ,  2.38
26 ,  4 ,  1203005 ,  0 ,  200 ,  15.09 ,  0.04 ,  2.38
26 ,  4 ,  1203048 ,  0 ,  200 ,  14.98 ,  0.04 ,  2.38
26 ,  4 ,  1203092 ,  0 ,  200 ,  14.98 ,  0.04 ,  2.28
26 ,  4 ,  1203135 ,  0 ,  200 ,  14.87 ,  0.04 ,  2.28
26 ,  4 ,  1203178 ,  0 ,  200 ,  14.87 ,  0.04 ,  2.28
26 ,  4 ,  1203222 ,  0 ,  200 ,  14.87 ,  0.03 ,  2.28
26 ,  4 ,  1203267 ,  0 ,  200 ,  14.87 ,  0.03 ,  2.28
26 ,  4 ,  1203311 ,  0 ,  200 ,  14.76 ,  0.04 ,  2.28
26 ,  4 ,  1203355 ,  0 ,  200 ,  14.65 ,  0.03 ,  2.18
26 ,  4 ,  1203398 ,  0 ,  200 ,  14.65 ,  0.03 ,  2.28
26 ,  4 ,  1203441 ,  0 ,  200 ,  14.65 ,  0.03 ,  2.28
26 ,  4 ,  1203485 ,  0 ,  200 ,  14.54 ,  0.04 ,  2.28
26 ,  4 ,  1203528 ,  0 ,  200 ,  14.43 ,  0.03 ,  2.18
26 ,  4 ,  1203572 ,  0 ,  200 ,  14.54 ,  0.04 ,  2.18
26 ,  4 ,  1203615 ,  0 ,  200 ,  14.43 ,  0.03 ,  2.18
26 ,  4 ,  1203656 ,  0 ,  200 ,  14.43 ,  0.03 ,  2.18
26 ,  4 ,  1203700 ,  0 ,  200 ,  14.32 ,  0.03 ,  2.18
26 ,  4 ,  1203743 ,  0 ,  200 ,  14.21 ,  0.04 ,  2.18
26 ,  4 ,  1203786 ,  0 ,  200 ,  14.21 ,  0.03 ,  2.18
26 ,  4 ,  1203830 ,  0 ,  200 ,  14.21 ,  0.04 ,  2.18
26 ,  4 ,  1203873 ,  0 ,  200 ,  14.10 ,  0.03 ,  2.18
26 ,  4 ,  1203916 ,  0 ,  200 ,  14.21 ,  0.04 ,  2.18
26 ,  4 ,  1203960 ,  0 ,  200 ,  14.10 ,  0.03 ,  2.18
26 ,  4 ,  1204003 ,  0 ,  200 ,  14.10 ,  0.04 ,  2.18
26 ,  4 ,  1204049 ,  0 ,  200 ,  13.99 ,  0.04 ,  2.08
26 ,  4 ,  1204092 ,  0 ,  200 ,  13.99 ,  0.03 ,  2.08
26 ,  4 ,  1204136 ,  0 ,  200 ,  13.88 ,  0.04 ,  2.08
26 ,  4 ,  1204179 ,  0 ,  200 ,  13.88 ,  0.04 ,  2.08
26 ,  4 ,  1204222 ,  0 ,  200 ,  13.88 ,  0.04 ,  2.08
26 ,  4 ,  1204267 ,  0 ,  200 ,  13.88 ,  0.04 ,  2.08
26 ,  4 ,  1204310 ,  0 ,  200 ,  13.77 ,  0.04 ,  2.08
26 ,  4 ,  1204353 ,  0 ,  200 ,  13.77 ,  0.03 ,  2.08
26 ,  4 ,  1204397 ,  0 ,  200 ,  13.66 ,  0.04 ,  2.08
26 ,  4 ,  1204442 ,  0 ,  200 ,  13.66 ,  0.04 ,  2.08
26 ,  4 ,  1204486 ,  0 ,  200 ,  13.66 ,  0.04 ,  2.08
26 ,  4 ,  1204529 ,  0 ,  200 ,  13.55 ,  0.04 ,  2.08
26 ,  4 ,  1204573 ,  0 ,  200 ,  13.55 ,  0.04 ,  2.08
26 ,  4 ,  1204616 ,  0 ,  200 ,  13.55 ,  0.04 ,  2.08
26 ,  4 ,  1204659 ,  0 ,  200 ,  13.44 ,  0.04 ,  1.98
