MS, MPT, t (s), PWMi, PWMe, Pressure (Psi), LW (V), Displacement (mm)
27 ,  1 ,  1231715 ,  0 ,  200 ,  13.33 ,  0.03 ,  1.98
27 ,  1 ,  1231757 ,  255 ,  0 ,  13.33 ,  0.04 ,  1.98
27 ,  1 ,  1231798 ,  255 ,  0 ,  16.41 ,  0.03 ,  1.98
27 ,  1 ,  1231840 ,  255 ,  0 ,  31.94 ,  0.06 ,  4.07
27 ,  1 ,  1231882 ,  255 ,  0 ,  45.93 ,  0.13 ,  7.54
27 ,  1 ,  1231923 ,  255 ,  0 ,  55.29 ,  0.21 ,  10.91
27 ,  1 ,  1231965 ,  255 ,  0 ,  61.68 ,  0.28 ,  13.49
27 ,  1 ,  1232006 ,  255 ,  0 ,  66.19 ,  0.34 ,  15.38
27 ,  1 ,  1232050 ,  255 ,  0 ,  69.83 ,  0.40 ,  16.77
27 ,  1 ,  1232092 ,  255 ,  0 ,  72.47 ,  0.43 ,  17.76
27 ,  1 ,  1232133 ,  255 ,  0 ,  74.67 ,  0.47 ,  18.65
27 ,  1 ,  1232175 ,  255 ,  0 ,  76.54 ,  0.50 ,  19.25
27 ,  1 ,  1232216 ,  255 ,  0 ,  78.19 ,  0.52 ,  19.84
27 ,  1 ,  1232258 ,  255 ,  0 ,  79.74 ,  0.54 ,  20.34
27 ,  1 ,  1232300 ,  255 ,  0 ,  81.17 ,  0.55 ,  20.74
27 ,  1 ,  1232340 ,  255 ,  0 ,  82.38 ,  0.56 ,  21.03
27 ,  1 ,  1232382 ,  255 ,  0 ,  83.48 ,  0.56 ,  21.43
27 ,  1 ,  1232425 ,  255 ,  0 ,  84.69 ,  0.57 ,  21.73
27 ,  1 ,  1232467 ,  255 ,  0 ,  85.57 ,  0.58 ,  22.03
27 ,  1 ,  1232508 ,  255 ,  0 ,  86.56 ,  0.58 ,  22.32
27 ,  1 ,  1232550 ,  255 ,  0 ,  87.45 ,  0.58 ,  22.52
27 ,  1 ,  1232591 ,  255 ,  0 ,  88.22 ,  0.59 ,  22.72
27 ,  1 ,  1232633 ,  255 ,  0 ,  88.99 ,  0.59 ,  22.92
27 ,  1 ,  1232674 ,  255 ,  0 ,  89.76 ,  0.59 ,  23.12
27 ,  1 ,  1232716 ,  255 ,  0 ,  90.42 ,  0.59 ,  23.22
27 ,  1 ,  1232757 ,  255 ,  0 ,  91.08 ,  0.60 ,  23.42
27 ,  1 ,  1232801 ,  255 ,  0 ,  91.63 ,  0.60 ,  23.51
27 ,  1 ,  1232842 ,  255 ,  0 ,  92.18 ,  0.60 ,  23.71
27 ,  1 ,  1232884 ,  255 ,  0 ,  92.62 ,  0.60 ,  23.81
27 ,  1 ,  1232925 ,  255 ,  0 ,  93.17 ,  0.60 ,  23.91
27 ,  1 ,  1232967 ,  255 ,  0 ,  93.61 ,  0.60 ,  24.01
27 ,  1 ,  1233008 ,  255 ,  0 ,  93.94 ,  0.60 ,  24.11
27 ,  1 ,  1233049 ,  255 ,  0 ,  94.38 ,  0.60 ,  24.21
27 ,  1 ,  1233091 ,  255 ,  0 ,  94.71 ,  0.60 ,  24.31
27 ,  1 ,  1233135 ,  255 ,  0 ,  94.93 ,  0.60 ,  24.31
27 ,  1 ,  1233176 ,  255 ,  0 ,  95.26 ,  0.60 ,  24.41
27 ,  1 ,  1233218 ,  255 ,  0 ,  95.37 ,  0.61 ,  24.51
27 ,  1 ,  1233259 ,  255 ,  0 ,  95.59 ,  0.60 ,  24.51
27 ,  1 ,  1233300 ,  255 ,  0 ,  95.70 ,  0.61 ,  24.61
27 ,  1 ,  1233342 ,  255 ,  0 ,  95.93 ,  0.61 ,  24.61
27 ,  1 ,  1233383 ,  255 ,  0 ,  95.93 ,  0.61 ,  24.71
27 ,  1 ,  1233425 ,  255 ,  0 ,  96.04 ,  0.61 ,  24.71
27 ,  1 ,  1233466 ,  255 ,  0 ,  96.15 ,  0.61 ,  24.71
27 ,  1 ,  1233506 ,  255 ,  0 ,  96.15 ,  0.61 ,  24.71
27 ,  1 ,  1233547 ,  255 ,  0 ,  96.15 ,  0.61 ,  24.80
27 ,  1 ,  1233589 ,  255 ,  0 ,  96.26 ,  0.61 ,  24.80
27 ,  1 ,  1233630 ,  255 ,  0 ,  96.26 ,  0.61 ,  24.80
27 ,  1 ,  1233672 ,  255 ,  0 ,  96.26 ,  0.61 ,  24.80
27 ,  1 ,  1233713 ,  255 ,  0 ,  96.26 ,  0.61 ,  24.90
27 ,  1 ,  1233788 ,  255 ,  0 ,  96.26 ,  0.61 ,  24.90
27 ,  1 ,  1233829 ,  255 ,  0 ,  96.37 ,  0.61 ,  24.80
27 ,  1 ,  1233870 ,  255 ,  0 ,  96.37 ,  0.61 ,  24.90
27 ,  1 ,  1233914 ,  255 ,  0 ,  96.37 ,  0.61 ,  24.90
27 ,  1 ,  1233956 ,  255 ,  0 ,  96.26 ,  0.61 ,  25.00
27 ,  1 ,  1233997 ,  255 ,  0 ,  96.37 ,  0.61 ,  25.00
27 ,  1 ,  1234038 ,  255 ,  0 ,  96.37 ,  0.61 ,  25.00
27 ,  1 ,  1234080 ,  255 ,  0 ,  96.26 ,  0.61 ,  24.90
27 ,  1 ,  1234121 ,  255 ,  0 ,  96.26 ,  0.61 ,  25.00
27 ,  1 ,  1234163 ,  255 ,  0 ,  96.37 ,  0.61 ,  24.90
27 ,  1 ,  1234204 ,  255 ,  0 ,  96.37 ,  0.61 ,  25.00
27 ,  1 ,  1234246 ,  255 ,  0 ,  96.37 ,  0.61 ,  25.00
27 ,  1 ,  1234289 ,  255 ,  0 ,  96.26 ,  0.61 ,  25.00
27 ,  1 ,  1234331 ,  255 ,  0 ,  96.26 ,  0.61 ,  25.00
27 ,  1 ,  1234372 ,  255 ,  0 ,  96.37 ,  0.61 ,  25.10
27 ,  1 ,  1234414 ,  255 ,  0 ,  96.26 ,  0.61 ,  25.00
27 ,  1 ,  1234455 ,  255 ,  0 ,  96.37 ,  0.61 ,  25.10
27 ,  1 ,  1234497 ,  255 ,  0 ,  96.26 ,  0.61 ,  25.10
27 ,  1 ,  1234538 ,  255 ,  0 ,  96.26 ,  0.61 ,  25.10
27 ,  1 ,  1234580 ,  255 ,  0 ,  96.26 ,  0.61 ,  25.00
27 ,  1 ,  1234621 ,  255 ,  0 ,  96.26 ,  0.61 ,  25.10
27 ,  1 ,  1234665 ,  255 ,  0 ,  96.26 ,  0.61 ,  25.10
27 ,  1 ,  1234706 ,  0 ,  195 ,  96.26 ,  0.61 ,  25.10
27 ,  1 ,  1234748 ,  0 ,  195 ,  94.38 ,  0.61 ,  25.10
27 ,  1 ,  1234789 ,  0 ,  195 ,  89.87 ,  0.61 ,  24.80
27 ,  1 ,  1234831 ,  0 ,  195 ,  85.90 ,  0.60 ,  24.21
27 ,  1 ,  1234872 ,  0 ,  195 ,  82.60 ,  0.59 ,  23.71
27 ,  1 ,  1234913 ,  0 ,  195 ,  79.74 ,  0.59 ,  23.22
27 ,  1 ,  1234955 ,  0 ,  195 ,  77.42 ,  0.59 ,  22.72
27 ,  1 ,  1234996 ,  0 ,  195 ,  75.44 ,  0.58 ,  22.32
27 ,  1 ,  1235040 ,  0 ,  195 ,  73.68 ,  0.57 ,  21.93
27 ,  1 ,  1235081 ,  0 ,  195 ,  72.25 ,  0.56 ,  21.53
27 ,  1 ,  1235123 ,  0 ,  195 ,  70.93 ,  0.55 ,  21.23
27 ,  1 ,  1235164 ,  0 ,  195 ,  69.83 ,  0.55 ,  21.03
27 ,  1 ,  1235206 ,  0 ,  195 ,  68.83 ,  0.54 ,  20.74
27 ,  1 ,  1235247 ,  0 ,  195 ,  67.95 ,  0.53 ,  20.54
27 ,  1 ,  1235289 ,  0 ,  195 ,  67.29 ,  0.52 ,  20.34
27 ,  1 ,  1235330 ,  0 ,  195 ,  66.63 ,  0.51 ,  20.14
27 ,  1 ,  1235374 ,  0 ,  195 ,  66.08 ,  0.51 ,  19.94
27 ,  1 ,  1235415 ,  0 ,  195 ,  65.53 ,  0.50 ,  19.84
27 ,  1 ,  1235457 ,  0 ,  195 ,  65.09 ,  0.49 ,  19.65
27 ,  1 ,  1235497 ,  0 ,  195 ,  64.65 ,  0.49 ,  19.55
27 ,  1 ,  1235539 ,  0 ,  195 ,  64.21 ,  0.48 ,  19.35
27 ,  1 ,  1235580 ,  0 ,  195 ,  63.88 ,  0.47 ,  19.25
27 ,  1 ,  1235621 ,  0 ,  195 ,  63.66 ,  0.47 ,  19.15
27 ,  1 ,  1235663 ,  0 ,  195 ,  63.22 ,  0.46 ,  19.05
27 ,  1 ,  1235704 ,  0 ,  195 ,  63.00 ,  0.46 ,  18.95
27 ,  1 ,  1235748 ,  0 ,  195 ,  62.78 ,  0.46 ,  18.85
27 ,  1 ,  1235789 ,  0 ,  195 ,  62.45 ,  0.45 ,  18.75
27 ,  1 ,  1235831 ,  0 ,  195 ,  62.23 ,  0.45 ,  18.65
27 ,  1 ,  1235872 ,  0 ,  195 ,  62.01 ,  0.44 ,  18.65
27 ,  1 ,  1235914 ,  0 ,  195 ,  61.90 ,  0.44 ,  18.55
27 ,  1 ,  1235955 ,  0 ,  195 ,  61.68 ,  0.43 ,  18.55
27 ,  1 ,  1235997 ,  0 ,  195 ,  61.46 ,  0.43 ,  18.45
27 ,  1 ,  1236038 ,  0 ,  195 ,  61.24 ,  0.43 ,  18.36
27 ,  1 ,  1236080 ,  0 ,  195 ,  61.01 ,  0.43 ,  18.36
27 ,  1 ,  1236123 ,  0 ,  195 ,  60.90 ,  0.43 ,  18.26
27 ,  1 ,  1236165 ,  0 ,  195 ,  60.79 ,  0.43 ,  18.16
27 ,  1 ,  1236206 ,  0 ,  195 ,  60.57 ,  0.42 ,  18.16
27 ,  1 ,  1236248 ,  0 ,  195 ,  60.35 ,  0.42 ,  18.06
27 ,  1 ,  1236289 ,  0 ,  195 ,  60.24 ,  0.42 ,  18.06
27 ,  1 ,  1236330 ,  0 ,  195 ,  60.02 ,  0.41 ,  17.96
27 ,  1 ,  1236372 ,  0 ,  195 ,  59.91 ,  0.41 ,  17.96
27 ,  1 ,  1236413 ,  0 ,  195 ,  59.80 ,  0.40 ,  17.86
27 ,  1 ,  1236455 ,  0 ,  195 ,  59.58 ,  0.41 ,  17.86
27 ,  1 ,  1236498 ,  0 ,  195 ,  59.47 ,  0.40 ,  17.76
27 ,  1 ,  1236540 ,  0 ,  195 ,  59.36 ,  0.40 ,  17.76
27 ,  1 ,  1236581 ,  0 ,  195 ,  59.14 ,  0.40 ,  17.66
27 ,  1 ,  1236623 ,  0 ,  195 ,  59.14 ,  0.40 ,  17.66
27 ,  1 ,  1236664 ,  0 ,  195 ,  58.92 ,  0.40 ,  17.56
27 ,  1 ,  1236706 ,  0 ,  195 ,  58.81 ,  0.39 ,  17.56
27 ,  1 ,  1236747 ,  0 ,  195 ,  58.70 ,  0.39 ,  17.46
27 ,  1 ,  1236789 ,  0 ,  195 ,  58.48 ,  0.38 ,  17.46
27 ,  1 ,  1236830 ,  0 ,  195 ,  58.37 ,  0.38 ,  17.36
27 ,  1 ,  1236874 ,  0 ,  195 ,  58.26 ,  0.39 ,  17.36
27 ,  1 ,  1236915 ,  0 ,  195 ,  58.15 ,  0.38 ,  17.36
27 ,  1 ,  1236957 ,  0 ,  195 ,  58.04 ,  0.38 ,  17.26
27 ,  1 ,  1236998 ,  0 ,  195 ,  57.93 ,  0.38 ,  17.26
27 ,  1 ,  1237040 ,  0 ,  195 ,  57.71 ,  0.37 ,  17.16
27 ,  1 ,  1237081 ,  0 ,  195 ,  57.60 ,  0.37 ,  17.16
27 ,  1 ,  1237122 ,  0 ,  195 ,  57.49 ,  0.37 ,  17.07
27 ,  1 ,  1237164 ,  0 ,  195 ,  57.38 ,  0.37 ,  17.07
27 ,  1 ,  1237204 ,  0 ,  195 ,  57.16 ,  0.37 ,  17.07
27 ,  1 ,  1237249 ,  0 ,  195 ,  57.05 ,  0.36 ,  16.97
27 ,  1 ,  1237289 ,  0 ,  195 ,  56.94 ,  0.36 ,  16.97
27 ,  1 ,  1237331 ,  0 ,  195 ,  56.83 ,  0.35 ,  16.87
27 ,  1 ,  1237372 ,  0 ,  195 ,  56.72 ,  0.36 ,  16.87
27 ,  1 ,  1237414 ,  0 ,  195 ,  56.61 ,  0.35 ,  16.77
27 ,  1 ,  1237455 ,  0 ,  195 ,  56.39 ,  0.35 ,  16.77
27 ,  1 ,  1237497 ,  0 ,  195 ,  56.28 ,  0.35 ,  16.67
27 ,  1 ,  1237539 ,  0 ,  195 ,  56.17 ,  0.35 ,  16.67
27 ,  1 ,  1237582 ,  0 ,  195 ,  56.06 ,  0.35 ,  16.57
27 ,  1 ,  1237624 ,  0 ,  195 ,  55.84 ,  0.35 ,  16.57
27 ,  1 ,  1237665 ,  0 ,  195 ,  55.73 ,  0.34 ,  16.57
27 ,  1 ,  1237707 ,  0 ,  195 ,  55.62 ,  0.34 ,  16.47
27 ,  1 ,  1237748 ,  0 ,  195 ,  55.51 ,  0.34 ,  16.47
27 ,  1 ,  1237790 ,  0 ,  195 ,  55.40 ,  0.34 ,  16.37
27 ,  1 ,  1237831 ,  0 ,  195 ,  55.18 ,  0.33 ,  16.37
27 ,  1 ,  1237873 ,  0 ,  195 ,  55.18 ,  0.33 ,  16.27
27 ,  1 ,  1237914 ,  0 ,  195 ,  54.96 ,  0.33 ,  16.27
27 ,  1 ,  1237958 ,  0 ,  195 ,  54.85 ,  0.33 ,  16.17
27 ,  1 ,  1237999 ,  0 ,  195 ,  54.74 ,  0.32 ,  16.17
27 ,  1 ,  1238041 ,  0 ,  195 ,  54.63 ,  0.32 ,  16.07
27 ,  1 ,  1238082 ,  0 ,  195 ,  54.41 ,  0.32 ,  16.07
27 ,  1 ,  1238124 ,  0 ,  195 ,  54.30 ,  0.32 ,  16.07
27 ,  1 ,  1238165 ,  0 ,  195 ,  54.19 ,  0.32 ,  15.97
27 ,  1 ,  1238207 ,  0 ,  195 ,  54.08 ,  0.32 ,  15.97
27 ,  1 ,  1238248 ,  0 ,  195 ,  53.97 ,  0.31 ,  15.88
27 ,  1 ,  1238289 ,  0 ,  195 ,  53.75 ,  0.31 ,  15.88
27 ,  1 ,  1238333 ,  0 ,  195 ,  53.64 ,  0.31 ,  15.78
27 ,  1 ,  1238375 ,  0 ,  195 ,  53.53 ,  0.31 ,  15.78
27 ,  1 ,  1238416 ,  0 ,  195 ,  53.42 ,  0.30 ,  15.68
27 ,  1 ,  1238458 ,  0 ,  195 ,  53.31 ,  0.30 ,  15.68
27 ,  1 ,  1238499 ,  0 ,  195 ,  53.20 ,  0.30 ,  15.58
27 ,  1 ,  1238540 ,  0 ,  195 ,  53.09 ,  0.30 ,  15.58
27 ,  1 ,  1238582 ,  0 ,  195 ,  52.98 ,  0.30 ,  15.58
27 ,  1 ,  1238623 ,  0 ,  195 ,  52.76 ,  0.29 ,  15.38
27 ,  1 ,  1238665 ,  0 ,  195 ,  52.65 ,  0.29 ,  15.38
27 ,  1 ,  1238708 ,  0 ,  195 ,  52.54 ,  0.29 ,  15.38
27 ,  1 ,  1238750 ,  0 ,  195 ,  52.42 ,  0.29 ,  15.38
27 ,  1 ,  1238791 ,  0 ,  195 ,  52.31 ,  0.29 ,  15.28
27 ,  1 ,  1238833 ,  0 ,  195 ,  52.09 ,  0.28 ,  15.28
27 ,  1 ,  1238874 ,  0 ,  195 ,  51.98 ,  0.28 ,  15.18
27 ,  1 ,  1238916 ,  0 ,  195 ,  51.87 ,  0.28 ,  15.18
27 ,  1 ,  1238957 ,  0 ,  195 ,  51.76 ,  0.28 ,  15.08
27 ,  1 ,  1238999 ,  0 ,  195 ,  51.65 ,  0.28 ,  15.08
27 ,  1 ,  1239040 ,  0 ,  195 ,  51.54 ,  0.27 ,  14.98
27 ,  1 ,  1239084 ,  0 ,  195 ,  51.43 ,  0.27 ,  14.98
27 ,  1 ,  1239124 ,  0 ,  195 ,  51.32 ,  0.27 ,  14.88
27 ,  1 ,  1239166 ,  0 ,  195 ,  51.10 ,  0.27 ,  14.88
27 ,  1 ,  1239207 ,  0 ,  195 ,  50.99 ,  0.26 ,  14.78
27 ,  1 ,  1239249 ,  0 ,  195 ,  50.88 ,  0.26 ,  14.78
27 ,  1 ,  1239290 ,  0 ,  195 ,  50.77 ,  0.26 ,  14.68
27 ,  1 ,  1239332 ,  0 ,  195 ,  50.66 ,  0.26 ,  14.68
27 ,  1 ,  1239373 ,  0 ,  195 ,  50.55 ,  0.26 ,  14.59
27 ,  1 ,  1239415 ,  0 ,  195 ,  50.44 ,  0.26 ,  14.59
27 ,  1 ,  1239458 ,  0 ,  195 ,  50.33 ,  0.25 ,  14.59
27 ,  1 ,  1239500 ,  0 ,  195 ,  50.22 ,  0.25 ,  14.49
27 ,  1 ,  1239541 ,  0 ,  195 ,  50.11 ,  0.25 ,  14.39
27 ,  1 ,  1239583 ,  0 ,  195 ,  50.00 ,  0.24 ,  14.39
27 ,  1 ,  1239624 ,  0 ,  195 ,  49.78 ,  0.25 ,  14.39
27 ,  1 ,  1239666 ,  0 ,  195 ,  49.78 ,  0.24 ,  14.29
27 ,  1 ,  1239707 ,  0 ,  195 ,  49.56 ,  0.24 ,  14.29
27 ,  1 ,  1239749 ,  0 ,  195 ,  49.45 ,  0.24 ,  14.19
27 ,  1 ,  1239792 ,  0 ,  195 ,  49.34 ,  0.24 ,  14.09
27 ,  1 ,  1239834 ,  0 ,  195 ,  49.23 ,  0.23 ,  14.09
27 ,  1 ,  1239875 ,  0 ,  195 ,  49.12 ,  0.23 ,  14.09
27 ,  1 ,  1239917 ,  0 ,  195 ,  49.01 ,  0.23 ,  13.99
27 ,  1 ,  1239958 ,  0 ,  195 ,  48.90 ,  0.23 ,  13.99
27 ,  1 ,  1239999 ,  0 ,  195 ,  48.79 ,  0.23 ,  13.89
27 ,  1 ,  1240041 ,  0 ,  195 ,  48.68 ,  0.22 ,  13.89
27 ,  1 ,  1240082 ,  0 ,  195 ,  48.57 ,  0.22 ,  13.79
27 ,  1 ,  1240124 ,  0 ,  195 ,  48.46 ,  0.22 ,  13.79
27 ,  1 ,  1240167 ,  0 ,  195 ,  48.35 ,  0.22 ,  13.69
27 ,  1 ,  1240209 ,  0 ,  195 ,  48.24 ,  0.22 ,  13.69
27 ,  1 ,  1240250 ,  0 ,  195 ,  48.13 ,  0.22 ,  13.69
27 ,  1 ,  1240292 ,  0 ,  195 ,  47.91 ,  0.22 ,  13.59
27 ,  1 ,  1240333 ,  0 ,  195 ,  47.91 ,  0.22 ,  13.59
27 ,  1 ,  1240375 ,  0 ,  195 ,  47.80 ,  0.22 ,  13.49
27 ,  1 ,  1240416 ,  0 ,  195 ,  47.69 ,  0.21 ,  13.39
27 ,  1 ,  1240458 ,  0 ,  195 ,  47.47 ,  0.21 ,  13.39
27 ,  1 ,  1240499 ,  0 ,  195 ,  47.36 ,  0.21 ,  13.39
27 ,  1 ,  1240543 ,  0 ,  195 ,  47.36 ,  0.21 ,  13.30
27 ,  1 ,  1240584 ,  0 ,  195 ,  47.14 ,  0.21 ,  13.20
27 ,  1 ,  1240626 ,  0 ,  195 ,  47.03 ,  0.21 ,  13.20
27 ,  1 ,  1240667 ,  0 ,  195 ,  47.03 ,  0.20 ,  13.20
27 ,  1 ,  1240709 ,  0 ,  195 ,  46.81 ,  0.20 ,  13.10
27 ,  1 ,  1240750 ,  0 ,  195 ,  46.70 ,  0.20 ,  13.00
27 ,  1 ,  1240792 ,  0 ,  195 ,  46.59 ,  0.20 ,  13.00
27 ,  1 ,  1240833 ,  0 ,  195 ,  46.59 ,  0.20 ,  13.00
27 ,  1 ,  1240873 ,  0 ,  195 ,  46.37 ,  0.20 ,  12.90
27 ,  1 ,  1240918 ,  0 ,  195 ,  46.26 ,  0.19 ,  12.90
27 ,  1 ,  1240960 ,  0 ,  195 ,  46.15 ,  0.19 ,  12.80
27 ,  1 ,  1241000 ,  0 ,  195 ,  46.04 ,  0.19 ,  12.80
27 ,  1 ,  1241042 ,  0 ,  195 ,  45.93 ,  0.19 ,  12.80
27 ,  1 ,  1241083 ,  0 ,  195 ,  45.82 ,  0.19 ,  12.70
27 ,  1 ,  1241125 ,  0 ,  195 ,  45.82 ,  0.19 ,  12.70
27 ,  1 ,  1241166 ,  0 ,  195 ,  45.60 ,  0.19 ,  12.60
27 ,  1 ,  1241208 ,  0 ,  195 ,  45.49 ,  0.18 ,  12.50
27 ,  1 ,  1241249 ,  0 ,  195 ,  45.38 ,  0.18 ,  12.50
27 ,  1 ,  1241293 ,  0 ,  195 ,  45.38 ,  0.17 ,  12.50
27 ,  1 ,  1241341 ,  0 ,  195 ,  45.27 ,  0.17 ,  12.40
27 ,  1 ,  1241382 ,  0 ,  195 ,  45.05 ,  0.18 ,  12.40
27 ,  1 ,  1241424 ,  0 ,  195 ,  45.05 ,  0.17 ,  12.30
27 ,  1 ,  1241465 ,  0 ,  195 ,  44.83 ,  0.17 ,  12.30
27 ,  1 ,  1241506 ,  0 ,  195 ,  44.83 ,  0.17 ,  12.20
27 ,  1 ,  1241548 ,  0 ,  195 ,  44.72 ,  0.17 ,  12.20
27 ,  1 ,  1241589 ,  0 ,  195 ,  44.61 ,  0.17 ,  12.20
27 ,  1 ,  1241631 ,  0 ,  195 ,  44.39 ,  0.17 ,  12.10
27 ,  1 ,  1241674 ,  0 ,  195 ,  44.39 ,  0.17 ,  12.01
27 ,  1 ,  1241716 ,  0 ,  195 ,  44.28 ,  0.17 ,  12.01
27 ,  1 ,  1241757 ,  0 ,  195 ,  44.06 ,  0.16 ,  11.91
27 ,  1 ,  1241799 ,  0 ,  195 ,  43.95 ,  0.16 ,  11.91
27 ,  1 ,  1241840 ,  0 ,  195 ,  43.95 ,  0.16 ,  11.91
27 ,  1 ,  1241882 ,  0 ,  195 ,  43.84 ,  0.16 ,  11.91
27 ,  1 ,  1241923 ,  0 ,  195 ,  43.61 ,  0.16 ,  11.81
27 ,  1 ,  1241965 ,  0 ,  195 ,  43.61 ,  0.16 ,  11.81
27 ,  1 ,  1242008 ,  0 ,  195 ,  43.50 ,  0.16 ,  11.71
27 ,  1 ,  1242050 ,  0 ,  195 ,  43.39 ,  0.15 ,  11.71
27 ,  1 ,  1242091 ,  0 ,  195 ,  43.28 ,  0.15 ,  11.61
27 ,  1 ,  1242133 ,  0 ,  195 ,  43.17 ,  0.14 ,  11.61
27 ,  1 ,  1242174 ,  0 ,  195 ,  43.06 ,  0.15 ,  11.51
27 ,  1 ,  1242216 ,  0 ,  195 ,  42.95 ,  0.14 ,  11.51
27 ,  1 ,  1242257 ,  0 ,  195 ,  42.84 ,  0.14 ,  11.51
27 ,  1 ,  1242298 ,  0 ,  195 ,  42.73 ,  0.14 ,  11.41
27 ,  1 ,  1242340 ,  0 ,  195 ,  42.73 ,  0.14 ,  11.41
27 ,  1 ,  1242384 ,  0 ,  195 ,  42.62 ,  0.14 ,  11.31
27 ,  1 ,  1242425 ,  0 ,  195 ,  42.40 ,  0.14 ,  11.31
27 ,  1 ,  1242467 ,  0 ,  195 ,  42.29 ,  0.14 ,  11.21
27 ,  1 ,  1242508 ,  0 ,  195 ,  42.29 ,  0.13 ,  11.21
27 ,  1 ,  1242550 ,  0 ,  195 ,  42.18 ,  0.13 ,  11.21
27 ,  1 ,  1242591 ,  0 ,  195 ,  42.07 ,  0.13 ,  11.11
27 ,  1 ,  1242633 ,  0 ,  195 ,  41.85 ,  0.13 ,  11.11
27 ,  1 ,  1242674 ,  0 ,  195 ,  41.74 ,  0.13 ,  11.01
27 ,  1 ,  1242716 ,  0 ,  195 ,  41.74 ,  0.13 ,  11.01
27 ,  1 ,  1242760 ,  0 ,  195 ,  41.63 ,  0.13 ,  10.91
27 ,  1 ,  1242801 ,  0 ,  195 ,  41.52 ,  0.12 ,  10.91
27 ,  1 ,  1242843 ,  0 ,  195 ,  41.41 ,  0.12 ,  10.91
27 ,  1 ,  1242884 ,  0 ,  195 ,  41.30 ,  0.12 ,  10.81
27 ,  1 ,  1242926 ,  0 ,  195 ,  41.19 ,  0.12 ,  10.81
27 ,  1 ,  1242967 ,  0 ,  195 ,  41.08 ,  0.12 ,  10.72
27 ,  1 ,  1243009 ,  0 ,  195 ,  40.97 ,  0.12 ,  10.72
27 ,  1 ,  1243051 ,  0 ,  195 ,  40.97 ,  0.12 ,  10.62
27 ,  1 ,  1243091 ,  0 ,  195 ,  40.75 ,  0.12 ,  10.62
27 ,  1 ,  1243136 ,  0 ,  195 ,  40.75 ,  0.11 ,  10.52
27 ,  1 ,  1243176 ,  0 ,  195 ,  40.64 ,  0.11 ,  10.52
27 ,  1 ,  1243218 ,  0 ,  195 ,  40.53 ,  0.11 ,  10.52
27 ,  1 ,  1243259 ,  0 ,  195 ,  40.42 ,  0.11 ,  10.42
27 ,  1 ,  1243301 ,  0 ,  195 ,  40.31 ,  0.11 ,  10.42
27 ,  1 ,  1243343 ,  0 ,  195 ,  40.20 ,  0.11 ,  10.32
27 ,  1 ,  1243384 ,  0 ,  195 ,  40.09 ,  0.11 ,  10.32
27 ,  1 ,  1243426 ,  0 ,  195 ,  39.98 ,  0.11 ,  10.22
27 ,  1 ,  1243467 ,  0 ,  195 ,  39.87 ,  0.11 ,  10.22
27 ,  1 ,  1243521 ,  0 ,  195 ,  39.76 ,  0.10 ,  10.12
27 ,  1 ,  1243565 ,  0 ,  195 ,  39.65 ,  0.11 ,  10.12
27 ,  1 ,  1243608 ,  0 ,  195 ,  39.54 ,  0.10 ,  10.12
27 ,  1 ,  1243652 ,  0 ,  195 ,  39.43 ,  0.10 ,  10.02
27 ,  1 ,  1243696 ,  0 ,  195 ,  39.32 ,  0.10 ,  10.02
27 ,  1 ,  1243739 ,  0 ,  195 ,  39.21 ,  0.10 ,  9.92
27 ,  1 ,  1243783 ,  0 ,  195 ,  39.21 ,  0.10 ,  9.92
27 ,  1 ,  1243827 ,  0 ,  195 ,  39.10 ,  0.10 ,  9.82
27 ,  1 ,  1243870 ,  0 ,  195 ,  38.99 ,  0.10 ,  9.82
27 ,  1 ,  1243916 ,  0 ,  195 ,  38.88 ,  0.09 ,  9.72
27 ,  1 ,  1243960 ,  0 ,  195 ,  38.77 ,  0.10 ,  9.72
27 ,  1 ,  1244003 ,  0 ,  195 ,  38.66 ,  0.09 ,  9.62
27 ,  1 ,  1244047 ,  0 ,  195 ,  38.55 ,  0.09 ,  9.62
27 ,  1 ,  1244090 ,  0 ,  195 ,  38.44 ,  0.09 ,  9.53
27 ,  1 ,  1244133 ,  0 ,  195 ,  38.33 ,  0.09 ,  9.53
27 ,  1 ,  1244177 ,  0 ,  195 ,  38.22 ,  0.09 ,  9.53
27 ,  1 ,  1244220 ,  0 ,  195 ,  38.11 ,  0.09 ,  9.53
27 ,  1 ,  1244264 ,  0 ,  195 ,  38.00 ,  0.09 ,  9.43
27 ,  1 ,  1244309 ,  0 ,  195 ,  37.89 ,  0.09 ,  9.43
27 ,  1 ,  1244353 ,  0 ,  195 ,  37.78 ,  0.09 ,  9.33
27 ,  1 ,  1244396 ,  0 ,  195 ,  37.78 ,  0.08 ,  9.33
27 ,  1 ,  1244440 ,  0 ,  195 ,  37.67 ,  0.09 ,  9.33
27 ,  1 ,  1244483 ,  0 ,  195 ,  37.56 ,  0.09 ,  9.23
27 ,  1 ,  1244527 ,  0 ,  195 ,  37.45 ,  0.09 ,  9.13
27 ,  1 ,  1244570 ,  0 ,  195 ,  37.34 ,  0.09 ,  9.13
27 ,  1 ,  1244614 ,  0 ,  195 ,  37.23 ,  0.08 ,  9.13
27 ,  1 ,  1244657 ,  0 ,  195 ,  37.12 ,  0.08 ,  9.03
27 ,  1 ,  1244703 ,  0 ,  195 ,  37.01 ,  0.08 ,  9.03
27 ,  1 ,  1244746 ,  0 ,  195 ,  37.01 ,  0.08 ,  8.93
27 ,  1 ,  1244790 ,  0 ,  195 ,  36.90 ,  0.08 ,  8.93
27 ,  1 ,  1244833 ,  0 ,  195 ,  36.79 ,  0.08 ,  8.93
27 ,  1 ,  1244876 ,  0 ,  195 ,  36.68 ,  0.08 ,  8.83
27 ,  1 ,  1244920 ,  0 ,  195 ,  36.57 ,  0.08 ,  8.73
27 ,  1 ,  1244963 ,  0 ,  195 ,  36.46 ,  0.08 ,  8.73
27 ,  1 ,  1245007 ,  0 ,  195 ,  36.35 ,  0.08 ,  8.73
27 ,  1 ,  1245052 ,  0 ,  195 ,  36.24 ,  0.08 ,  8.73
27 ,  1 ,  1245096 ,  0 ,  195 ,  36.13 ,  0.08 ,  8.63
27 ,  1 ,  1245139 ,  0 ,  195 ,  36.02 ,  0.08 ,  8.63
27 ,  1 ,  1245184 ,  0 ,  195 ,  36.02 ,  0.07 ,  8.53
27 ,  1 ,  1245228 ,  0 ,  195 ,  35.91 ,  0.07 ,  8.53
27 ,  1 ,  1245271 ,  0 ,  195 ,  35.80 ,  0.08 ,  8.43
27 ,  1 ,  1245315 ,  0 ,  195 ,  35.69 ,  0.08 ,  8.43
27 ,  1 ,  1245358 ,  0 ,  195 ,  35.58 ,  0.08 ,  8.43
27 ,  1 ,  1245402 ,  0 ,  195 ,  35.58 ,  0.07 ,  8.43
27 ,  1 ,  1245447 ,  0 ,  195 ,  35.47 ,  0.07 ,  8.33
27 ,  1 ,  1245491 ,  0 ,  195 ,  35.25 ,  0.07 ,  8.33
27 ,  1 ,  1245534 ,  0 ,  195 ,  35.25 ,  0.07 ,  8.24
27 ,  1 ,  1245578 ,  0 ,  195 ,  35.13 ,  0.07 ,  8.24
27 ,  1 ,  1245621 ,  0 ,  195 ,  35.02 ,  0.07 ,  8.24
27 ,  1 ,  1245665 ,  0 ,  195 ,  34.91 ,  0.07 ,  8.14
27 ,  1 ,  1245708 ,  0 ,  195 ,  34.80 ,  0.07 ,  8.14
27 ,  1 ,  1245751 ,  0 ,  195 ,  34.69 ,  0.07 ,  8.14
27 ,  1 ,  1245795 ,  0 ,  195 ,  34.58 ,  0.07 ,  8.04
27 ,  1 ,  1245841 ,  0 ,  195 ,  34.47 ,  0.07 ,  8.04
27 ,  1 ,  1245884 ,  0 ,  195 ,  34.47 ,  0.07 ,  8.04
27 ,  1 ,  1245928 ,  0 ,  195 ,  34.36 ,  0.07 ,  7.94
27 ,  1 ,  1245971 ,  0 ,  195 ,  34.25 ,  0.07 ,  7.84
27 ,  1 ,  1246015 ,  0 ,  195 ,  34.14 ,  0.07 ,  7.84
27 ,  1 ,  1246058 ,  0 ,  195 ,  34.03 ,  0.06 ,  7.84
27 ,  1 ,  1246101 ,  0 ,  195 ,  34.03 ,  0.06 ,  7.84
27 ,  1 ,  1246145 ,  0 ,  195 ,  33.81 ,  0.07 ,  7.74
27 ,  1 ,  1246188 ,  0 ,  195 ,  33.81 ,  0.06 ,  7.74
27 ,  1 ,  1246234 ,  0 ,  195 ,  33.70 ,  0.06 ,  7.74
27 ,  1 ,  1246277 ,  0 ,  195 ,  33.59 ,  0.06 ,  7.64
27 ,  1 ,  1246321 ,  0 ,  195 ,  33.48 ,  0.06 ,  7.64
27 ,  1 ,  1246364 ,  0 ,  195 ,  33.37 ,  0.06 ,  7.64
27 ,  1 ,  1246408 ,  0 ,  195 ,  33.37 ,  0.06 ,  7.54
27 ,  1 ,  1246451 ,  0 ,  195 ,  33.26 ,  0.06 ,  7.54
27 ,  1 ,  1246495 ,  0 ,  195 ,  33.15 ,  0.06 ,  7.54
27 ,  1 ,  1246538 ,  0 ,  195 ,  33.04 ,  0.06 ,  7.44
27 ,  1 ,  1246582 ,  0 ,  195 ,  32.93 ,  0.06 ,  7.44
27 ,  1 ,  1246627 ,  0 ,  195 ,  32.82 ,  0.05 ,  7.44
27 ,  1 ,  1246671 ,  0 ,  195 ,  32.82 ,  0.06 ,  7.34
27 ,  1 ,  1246714 ,  0 ,  195 ,  32.60 ,  0.05 ,  7.34
27 ,  1 ,  1246758 ,  0 ,  195 ,  32.60 ,  0.06 ,  7.34
27 ,  1 ,  1246801 ,  0 ,  195 ,  32.49 ,  0.06 ,  7.24
27 ,  1 ,  1246844 ,  0 ,  195 ,  32.38 ,  0.05 ,  7.24
27 ,  1 ,  1246888 ,  0 ,  195 ,  32.38 ,  0.06 ,  7.24
27 ,  1 ,  1246931 ,  0 ,  195 ,  32.27 ,  0.06 ,  7.14
27 ,  1 ,  1246976 ,  0 ,  195 ,  32.16 ,  0.06 ,  7.14
27 ,  1 ,  1247022 ,  0 ,  195 ,  32.05 ,  0.06 ,  7.04
27 ,  1 ,  1247065 ,  0 ,  195 ,  31.94 ,  0.05 ,  7.04
27 ,  1 ,  1247108 ,  0 ,  195 ,  31.94 ,  0.06 ,  7.04
27 ,  1 ,  1247152 ,  0 ,  195 ,  31.72 ,  0.05 ,  6.95
27 ,  1 ,  1247195 ,  0 ,  195 ,  31.72 ,  0.05 ,  6.95
27 ,  1 ,  1247239 ,  0 ,  195 ,  31.61 ,  0.05 ,  6.95
27 ,  1 ,  1247282 ,  0 ,  195 ,  31.50 ,  0.05 ,  6.95
27 ,  1 ,  1247326 ,  0 ,  195 ,  31.39 ,  0.05 ,  6.85
27 ,  1 ,  1247369 ,  0 ,  195 ,  31.28 ,  0.05 ,  6.85
27 ,  1 ,  1247415 ,  0 ,  195 ,  31.17 ,  0.05 ,  6.85
27 ,  1 ,  1247458 ,  0 ,  195 ,  31.17 ,  0.05 ,  6.75
27 ,  1 ,  1247502 ,  0 ,  195 ,  31.06 ,  0.05 ,  6.75
27 ,  1 ,  1247545 ,  0 ,  195 ,  30.95 ,  0.05 ,  6.75
27 ,  1 ,  1247589 ,  0 ,  195 ,  30.84 ,  0.05 ,  6.75
27 ,  1 ,  1247632 ,  0 ,  195 ,  30.73 ,  0.05 ,  6.65
27 ,  1 ,  1247675 ,  0 ,  195 ,  30.73 ,  0.05 ,  6.65
27 ,  1 ,  1247719 ,  0 ,  195 ,  30.62 ,  0.05 ,  6.65
27 ,  1 ,  1247762 ,  0 ,  195 ,  30.51 ,  0.05 ,  6.55
27 ,  1 ,  1247808 ,  0 ,  195 ,  30.40 ,  0.05 ,  6.55
27 ,  1 ,  1247851 ,  0 ,  195 ,  30.40 ,  0.05 ,  6.55
27 ,  1 ,  1247895 ,  0 ,  195 ,  30.29 ,  0.05 ,  6.45
27 ,  1 ,  1247938 ,  0 ,  195 ,  30.18 ,  0.05 ,  6.45
27 ,  1 ,  1247982 ,  0 ,  195 ,  30.07 ,  0.05 ,  6.45
27 ,  1 ,  1248025 ,  0 ,  195 ,  30.07 ,  0.05 ,  6.45
27 ,  1 ,  1248069 ,  0 ,  195 ,  29.85 ,  0.05 ,  6.35
27 ,  1 ,  1248112 ,  0 ,  195 ,  29.85 ,  0.05 ,  6.35
27 ,  1 ,  1248156 ,  0 ,  195 ,  29.74 ,  0.05 ,  6.35
27 ,  1 ,  1248201 ,  0 ,  195 ,  29.63 ,  0.05 ,  6.35
27 ,  1 ,  1248245 ,  0 ,  195 ,  29.52 ,  0.05 ,  6.25
27 ,  1 ,  1248288 ,  0 ,  195 ,  29.52 ,  0.05 ,  6.25
27 ,  1 ,  1248332 ,  0 ,  195 ,  29.41 ,  0.04 ,  6.25
27 ,  1 ,  1248375 ,  0 ,  195 ,  29.30 ,  0.05 ,  6.15
27 ,  1 ,  1248419 ,  0 ,  195 ,  29.19 ,  0.04 ,  6.15
27 ,  1 ,  1248462 ,  0 ,  195 ,  29.08 ,  0.04 ,  6.15
27 ,  1 ,  1248505 ,  0 ,  195 ,  29.08 ,  0.05 ,  6.05
27 ,  1 ,  1248549 ,  0 ,  195 ,  28.97 ,  0.04 ,  6.05
27 ,  1 ,  1248595 ,  0 ,  195 ,  28.86 ,  0.04 ,  6.05
27 ,  1 ,  1248638 ,  0 ,  195 ,  28.75 ,  0.04 ,  6.05
27 ,  1 ,  1248681 ,  0 ,  195 ,  28.64 ,  0.04 ,  5.95
27 ,  1 ,  1248726 ,  0 ,  195 ,  28.64 ,  0.04 ,  5.95
27 ,  1 ,  1248769 ,  0 ,  195 ,  28.53 ,  0.04 ,  5.85
27 ,  1 ,  1248813 ,  0 ,  195 ,  28.42 ,  0.04 ,  5.85
27 ,  1 ,  1248856 ,  0 ,  195 ,  28.42 ,  0.04 ,  5.85
27 ,  1 ,  1248900 ,  0 ,  195 ,  28.31 ,  0.04 ,  5.85
27 ,  1 ,  1248943 ,  0 ,  195 ,  28.20 ,  0.04 ,  5.85
27 ,  1 ,  1248984 ,  0 ,  195 ,  28.09 ,  0.04 ,  5.75
27 ,  1 ,  1249028 ,  0 ,  195 ,  28.09 ,  0.04 ,  5.75
27 ,  1 ,  1249071 ,  0 ,  195 ,  27.98 ,  0.04 ,  5.75
27 ,  1 ,  1249115 ,  0 ,  195 ,  27.87 ,  0.04 ,  5.66
27 ,  1 ,  1249159 ,  0 ,  195 ,  27.76 ,  0.04 ,  5.66
27 ,  1 ,  1249202 ,  0 ,  195 ,  27.76 ,  0.04 ,  5.66
27 ,  1 ,  1249246 ,  0 ,  195 ,  27.65 ,  0.04 ,  5.66
27 ,  1 ,  1249289 ,  0 ,  195 ,  27.54 ,  0.05 ,  5.56
27 ,  1 ,  1249333 ,  0 ,  195 ,  27.43 ,  0.04 ,  5.56
27 ,  1 ,  1249388 ,  0 ,  195 ,  27.32 ,  0.04 ,  5.56
27 ,  1 ,  1249431 ,  0 ,  195 ,  27.32 ,  0.04 ,  5.56
27 ,  1 ,  1249475 ,  0 ,  195 ,  27.21 ,  0.04 ,  5.46
27 ,  1 ,  1249518 ,  0 ,  195 ,  27.10 ,  0.04 ,  5.46
27 ,  1 ,  1249562 ,  0 ,  195 ,  27.10 ,  0.05 ,  5.46
27 ,  1 ,  1249605 ,  0 ,  195 ,  26.99 ,  0.04 ,  5.46
27 ,  1 ,  1249649 ,  0 ,  195 ,  26.88 ,  0.04 ,  5.36
27 ,  1 ,  1249692 ,  0 ,  195 ,  26.77 ,  0.04 ,  5.36
27 ,  1 ,  1249735 ,  0 ,  195 ,  26.77 ,  0.04 ,  5.36
27 ,  1 ,  1249781 ,  0 ,  195 ,  26.66 ,  0.04 ,  5.36
27 ,  1 ,  1249825 ,  0 ,  195 ,  26.55 ,  0.04 ,  5.26
27 ,  1 ,  1249868 ,  0 ,  195 ,  26.43 ,  0.04 ,  5.26
27 ,  1 ,  1249911 ,  0 ,  195 ,  26.43 ,  0.04 ,  5.26
27 ,  1 ,  1249955 ,  0 ,  195 ,  26.32 ,  0.04 ,  5.26
27 ,  1 ,  1249998 ,  0 ,  195 ,  26.21 ,  0.04 ,  5.26
27 ,  1 ,  1250042 ,  0 ,  195 ,  26.10 ,  0.04 ,  5.16
27 ,  1 ,  1250085 ,  0 ,  195 ,  26.10 ,  0.04 ,  5.16
27 ,  1 ,  1250129 ,  0 ,  195 ,  25.99 ,  0.04 ,  5.16
27 ,  1 ,  1250174 ,  0 ,  195 ,  25.99 ,  0.04 ,  5.16
27 ,  1 ,  1250219 ,  0 ,  195 ,  25.77 ,  0.04 ,  5.16
27 ,  1 ,  1250262 ,  0 ,  195 ,  25.77 ,  0.04 ,  5.06
27 ,  1 ,  1250306 ,  0 ,  195 ,  25.66 ,  0.04 ,  5.06
27 ,  1 ,  1250349 ,  0 ,  195 ,  25.55 ,  0.04 ,  5.06
27 ,  1 ,  1250392 ,  0 ,  195 ,  25.55 ,  0.03 ,  4.96
27 ,  1 ,  1250436 ,  0 ,  195 ,  25.44 ,  0.04 ,  4.96
27 ,  1 ,  1250479 ,  0 ,  195 ,  25.33 ,  0.04 ,  4.96
27 ,  1 ,  1250523 ,  0 ,  195 ,  25.33 ,  0.04 ,  4.86
27 ,  1 ,  1250568 ,  0 ,  195 ,  25.33 ,  0.04 ,  4.96
27 ,  1 ,  1250612 ,  0 ,  195 ,  25.11 ,  0.03 ,  4.86
27 ,  1 ,  1250655 ,  0 ,  195 ,  25.11 ,  0.04 ,  4.86
27 ,  1 ,  1250699 ,  0 ,  195 ,  25.00 ,  0.03 ,  4.86
27 ,  1 ,  1250742 ,  0 ,  195 ,  24.89 ,  0.04 ,  4.86
27 ,  1 ,  1250785 ,  0 ,  195 ,  24.78 ,  0.04 ,  4.76
27 ,  1 ,  1250829 ,  0 ,  195 ,  24.78 ,  0.04 ,  4.76
27 ,  1 ,  1250872 ,  0 ,  195 ,  24.67 ,  0.03 ,  4.76
27 ,  1 ,  1250916 ,  0 ,  195 ,  24.67 ,  0.04 ,  4.76
27 ,  1 ,  1250961 ,  0 ,  195 ,  24.56 ,  0.03 ,  4.76
27 ,  1 ,  1251005 ,  0 ,  195 ,  24.45 ,  0.04 ,  4.66
27 ,  1 ,  1251048 ,  0 ,  195 ,  24.45 ,  0.04 ,  4.66
27 ,  1 ,  1251092 ,  0 ,  195 ,  24.34 ,  0.04 ,  4.66
27 ,  1 ,  1251135 ,  0 ,  195 ,  24.23 ,  0.04 ,  4.66
27 ,  1 ,  1251179 ,  0 ,  195 ,  24.12 ,  0.04 ,  4.66
27 ,  1 ,  1251222 ,  0 ,  195 ,  24.12 ,  0.03 ,  4.56
27 ,  1 ,  1251266 ,  0 ,  195 ,  24.01 ,  0.03 ,  4.56
27 ,  1 ,  1251309 ,  0 ,  195 ,  23.90 ,  0.03 ,  4.56
27 ,  1 ,  1251355 ,  0 ,  195 ,  23.90 ,  0.03 ,  4.56
27 ,  1 ,  1251398 ,  0 ,  195 ,  23.79 ,  0.04 ,  4.46
27 ,  1 ,  1251442 ,  0 ,  195 ,  23.79 ,  0.04 ,  4.46
27 ,  1 ,  1251485 ,  0 ,  195 ,  23.68 ,  0.04 ,  4.46
27 ,  1 ,  1251528 ,  0 ,  195 ,  23.57 ,  0.03 ,  4.46
27 ,  1 ,  1251572 ,  0 ,  195 ,  23.46 ,  0.03 ,  4.46
27 ,  1 ,  1251615 ,  0 ,  195 ,  23.46 ,  0.04 ,  4.37
27 ,  1 ,  1251659 ,  0 ,  195 ,  23.35 ,  0.03 ,  4.37
27 ,  1 ,  1251702 ,  0 ,  195 ,  23.35 ,  0.04 ,  4.37
27 ,  1 ,  1251748 ,  0 ,  195 ,  23.24 ,  0.03 ,  4.27
27 ,  1 ,  1251791 ,  0 ,  195 ,  23.13 ,  0.04 ,  4.37
27 ,  1 ,  1251835 ,  0 ,  195 ,  23.13 ,  0.04 ,  4.27
27 ,  1 ,  1251878 ,  0 ,  195 ,  23.02 ,  0.04 ,  4.27
27 ,  1 ,  1251922 ,  0 ,  195 ,  23.02 ,  0.03 ,  4.27
27 ,  1 ,  1251965 ,  0 ,  195 ,  22.91 ,  0.03 ,  4.27
27 ,  1 ,  1252008 ,  0 ,  195 ,  22.80 ,  0.04 ,  4.17
27 ,  1 ,  1252052 ,  0 ,  195 ,  22.69 ,  0.03 ,  4.27
27 ,  1 ,  1252096 ,  0 ,  195 ,  22.69 ,  0.03 ,  4.17
27 ,  1 ,  1252142 ,  0 ,  195 ,  22.58 ,  0.03 ,  4.17
27 ,  1 ,  1252185 ,  0 ,  195 ,  22.47 ,  0.04 ,  4.17
27 ,  1 ,  1252229 ,  0 ,  195 ,  22.47 ,  0.03 ,  4.17
27 ,  1 ,  1252272 ,  0 ,  195 ,  22.36 ,  0.03 ,  4.17
27 ,  1 ,  1252316 ,  0 ,  195 ,  22.25 ,  0.03 ,  4.07
27 ,  1 ,  1252359 ,  0 ,  195 ,  22.25 ,  0.03 ,  4.07
27 ,  1 ,  1252403 ,  0 ,  195 ,  22.14 ,  0.04 ,  4.07
27 ,  1 ,  1252446 ,  0 ,  195 ,  22.14 ,  0.03 ,  4.07
27 ,  1 ,  1252489 ,  0 ,  195 ,  22.03 ,  0.03 ,  4.07
27 ,  1 ,  1252535 ,  0 ,  195 ,  21.92 ,  0.03 ,  3.97
27 ,  1 ,  1252579 ,  0 ,  195 ,  21.92 ,  0.03 ,  3.97
27 ,  1 ,  1252622 ,  0 ,  195 ,  21.81 ,  0.03 ,  3.97
27 ,  1 ,  1252665 ,  0 ,  195 ,  21.70 ,  0.03 ,  3.97
27 ,  1 ,  1252709 ,  0 ,  195 ,  21.70 ,  0.03 ,  3.97
27 ,  1 ,  1252752 ,  0 ,  195 ,  21.59 ,  0.03 ,  3.87
27 ,  1 ,  1252796 ,  0 ,  195 ,  21.48 ,  0.03 ,  3.87
27 ,  1 ,  1252839 ,  0 ,  195 ,  21.48 ,  0.03 ,  3.87
27 ,  1 ,  1252883 ,  0 ,  195 ,  21.48 ,  0.03 ,  3.87
27 ,  1 ,  1252928 ,  0 ,  195 ,  21.37 ,  0.03 ,  3.87
27 ,  1 ,  1252972 ,  0 ,  195 ,  21.26 ,  0.03 ,  3.87
27 ,  1 ,  1253015 ,  0 ,  195 ,  21.26 ,  0.03 ,  3.77
27 ,  1 ,  1253058 ,  0 ,  195 ,  21.15 ,  0.03 ,  3.77
27 ,  1 ,  1253102 ,  0 ,  195 ,  21.15 ,  0.03 ,  3.77
27 ,  1 ,  1253145 ,  0 ,  195 ,  21.04 ,  0.03 ,  3.77
27 ,  1 ,  1253189 ,  0 ,  195 ,  20.93 ,  0.03 ,  3.77
27 ,  1 ,  1253232 ,  0 ,  195 ,  20.93 ,  0.03 ,  3.67
27 ,  1 ,  1253276 ,  0 ,  195 ,  20.93 ,  0.03 ,  3.67
27 ,  1 ,  1253321 ,  0 ,  195 ,  20.82 ,  0.03 ,  3.67
27 ,  1 ,  1253365 ,  0 ,  195 ,  20.71 ,  0.03 ,  3.67
27 ,  1 ,  1253409 ,  0 ,  195 ,  20.71 ,  0.03 ,  3.67
27 ,  1 ,  1253452 ,  0 ,  195 ,  20.60 ,  0.03 ,  3.67
27 ,  1 ,  1253496 ,  0 ,  195 ,  20.60 ,  0.03 ,  3.67
27 ,  1 ,  1253539 ,  0 ,  195 ,  20.49 ,  0.03 ,  3.57
27 ,  1 ,  1253583 ,  0 ,  195 ,  20.38 ,  0.03 ,  3.57
27 ,  1 ,  1253626 ,  0 ,  195 ,  20.38 ,  0.03 ,  3.57
27 ,  1 ,  1253669 ,  0 ,  195 ,  20.27 ,  0.03 ,  3.57
27 ,  1 ,  1253715 ,  0 ,  195 ,  20.27 ,  0.03 ,  3.57
27 ,  1 ,  1253760 ,  0 ,  195 ,  20.16 ,  0.03 ,  3.57
27 ,  1 ,  1253803 ,  0 ,  195 ,  20.16 ,  0.03 ,  3.57
27 ,  1 ,  1253846 ,  0 ,  195 ,  19.94 ,  0.03 ,  3.47
27 ,  1 ,  1253890 ,  0 ,  195 ,  19.94 ,  0.03 ,  3.47
27 ,  1 ,  1253933 ,  0 ,  195 ,  19.94 ,  0.03 ,  3.47
27 ,  1 ,  1253977 ,  0 ,  195 ,  19.83 ,  0.03 ,  3.47
27 ,  1 ,  1254020 ,  0 ,  195 ,  19.83 ,  0.03 ,  3.47
27 ,  1 ,  1254064 ,  0 ,  195 ,  19.72 ,  0.03 ,  3.47
27 ,  1 ,  1254109 ,  0 ,  195 ,  19.61 ,  0.03 ,  3.47
27 ,  1 ,  1254153 ,  0 ,  195 ,  19.61 ,  0.03 ,  3.37
27 ,  1 ,  1254196 ,  0 ,  195 ,  19.50 ,  0.03 ,  3.37
27 ,  1 ,  1254240 ,  0 ,  195 ,  19.50 ,  0.03 ,  3.37
27 ,  1 ,  1254283 ,  0 ,  195 ,  19.39 ,  0.03 ,  3.37
27 ,  1 ,  1254326 ,  0 ,  195 ,  19.28 ,  0.03 ,  3.37
27 ,  1 ,  1254370 ,  0 ,  195 ,  19.28 ,  0.03 ,  3.37
27 ,  1 ,  1254413 ,  0 ,  195 ,  19.17 ,  0.03 ,  3.27
27 ,  1 ,  1254457 ,  0 ,  195 ,  19.17 ,  0.03 ,  3.27
27 ,  1 ,  1254502 ,  0 ,  195 ,  19.06 ,  0.03 ,  3.27
27 ,  1 ,  1254546 ,  0 ,  195 ,  19.06 ,  0.03 ,  3.27
27 ,  1 ,  1254589 ,  0 ,  195 ,  18.95 ,  0.03 ,  3.27
27 ,  1 ,  1254633 ,  0 ,  195 ,  18.95 ,  0.03 ,  3.27
27 ,  1 ,  1254676 ,  0 ,  195 ,  18.84 ,  0.03 ,  3.27
27 ,  1 ,  1254720 ,  0 ,  195 ,  18.84 ,  0.03 ,  3.17
27 ,  1 ,  1254763 ,  0 ,  195 ,  18.73 ,  0.03 ,  3.17
27 ,  1 ,  1254806 ,  0 ,  195 ,  18.73 ,  0.03 ,  3.17
27 ,  1 ,  1254850 ,  0 ,  195 ,  18.62 ,  0.03 ,  3.17
27 ,  1 ,  1254896 ,  0 ,  195 ,  18.51 ,  0.03 ,  3.17
27 ,  1 ,  1254939 ,  0 ,  195 ,  18.51 ,  0.03 ,  3.17
27 ,  1 ,  1254983 ,  0 ,  195 ,  18.40 ,  0.03 ,  3.17
27 ,  1 ,  1255026 ,  0 ,  195 ,  18.40 ,  0.03 ,  3.17
27 ,  1 ,  1255070 ,  0 ,  195 ,  18.40 ,  0.03 ,  3.08
27 ,  1 ,  1255113 ,  0 ,  195 ,  18.29 ,  0.03 ,  3.08
27 ,  1 ,  1255157 ,  0 ,  195 ,  18.18 ,  0.03 ,  3.08
27 ,  1 ,  1255200 ,  0 ,  195 ,  18.18 ,  0.03 ,  3.08
27 ,  1 ,  1255244 ,  0 ,  195 ,  18.07 ,  0.03 ,  3.08
27 ,  1 ,  1255290 ,  0 ,  195 ,  18.07 ,  0.03 ,  3.08
27 ,  1 ,  1255333 ,  0 ,  195 ,  17.96 ,  0.03 ,  2.98
27 ,  1 ,  1255377 ,  0 ,  195 ,  17.96 ,  0.03 ,  2.98
27 ,  1 ,  1255420 ,  0 ,  195 ,  17.96 ,  0.03 ,  2.98
27 ,  1 ,  1255464 ,  0 ,  195 ,  17.85 ,  0.03 ,  2.98
27 ,  1 ,  1255507 ,  0 ,  195 ,  17.73 ,  0.03 ,  2.98
27 ,  1 ,  1255552 ,  0 ,  195 ,  17.73 ,  0.03 ,  2.98
27 ,  1 ,  1255595 ,  0 ,  195 ,  17.73 ,  0.03 ,  2.98
27 ,  1 ,  1255639 ,  0 ,  195 ,  17.62 ,  0.03 ,  2.88
27 ,  1 ,  1255685 ,  0 ,  195 ,  17.62 ,  0.03 ,  2.88
27 ,  1 ,  1255728 ,  0 ,  195 ,  17.51 ,  0.03 ,  2.88
27 ,  1 ,  1255772 ,  0 ,  195 ,  17.40 ,  0.03 ,  2.88
27 ,  1 ,  1255815 ,  0 ,  195 ,  17.40 ,  0.03 ,  2.88
27 ,  1 ,  1255859 ,  0 ,  195 ,  17.40 ,  0.03 ,  2.88
27 ,  1 ,  1255902 ,  0 ,  195 ,  17.29 ,  0.03 ,  2.88
27 ,  1 ,  1255946 ,  0 ,  195 ,  17.29 ,  0.03 ,  2.78
27 ,  1 ,  1255989 ,  0 ,  195 ,  17.18 ,  0.03 ,  2.88
27 ,  1 ,  1256033 ,  0 ,  195 ,  17.07 ,  0.03 ,  2.78
27 ,  1 ,  1256086 ,  0 ,  195 ,  17.07 ,  0.03 ,  2.78
27 ,  1 ,  1256129 ,  0 ,  195 ,  16.96 ,  0.03 ,  2.78
27 ,  1 ,  1256173 ,  0 ,  195 ,  16.96 ,  0.03 ,  2.78
27 ,  1 ,  1256217 ,  0 ,  195 ,  16.85 ,  0.03 ,  2.78
27 ,  1 ,  1256260 ,  0 ,  195 ,  16.96 ,  0.03 ,  2.78
27 ,  1 ,  1256304 ,  0 ,  195 ,  16.85 ,  0.03 ,  2.68
27 ,  1 ,  1256347 ,  0 ,  195 ,  16.74 ,  0.03 ,  2.68
27 ,  1 ,  1256391 ,  0 ,  195 ,  16.63 ,  0.03 ,  2.68
27 ,  1 ,  1256435 ,  0 ,  195 ,  16.63 ,  0.03 ,  2.68
27 ,  1 ,  1256481 ,  0 ,  195 ,  16.63 ,  0.03 ,  2.68
27 ,  1 ,  1256524 ,  0 ,  195 ,  16.52 ,  0.03 ,  2.68
27 ,  1 ,  1256568 ,  0 ,  195 ,  16.52 ,  0.03 ,  2.68
27 ,  1 ,  1256611 ,  0 ,  195 ,  16.41 ,  0.03 ,  2.68
27 ,  1 ,  1256654 ,  0 ,  195 ,  16.41 ,  0.03 ,  2.68
27 ,  1 ,  1256698 ,  0 ,  195 ,  16.30 ,  0.03 ,  2.58
27 ,  1 ,  1256741 ,  0 ,  195 ,  16.30 ,  0.03 ,  2.68
27 ,  1 ,  1256785 ,  0 ,  195 ,  16.30 ,  0.03 ,  2.58
27 ,  1 ,  1256828 ,  0 ,  195 ,  16.19 ,  0.03 ,  2.58
27 ,  1 ,  1256875 ,  0 ,  195 ,  16.19 ,  0.03 ,  2.58
27 ,  1 ,  1256918 ,  0 ,  195 ,  16.08 ,  0.03 ,  2.58
27 ,  1 ,  1256962 ,  0 ,  195 ,  16.08 ,  0.03 ,  2.58
27 ,  1 ,  1257005 ,  0 ,  195 ,  15.97 ,  0.03 ,  2.58
27 ,  1 ,  1257049 ,  0 ,  195 ,  15.97 ,  0.03 ,  2.58
27 ,  1 ,  1257092 ,  0 ,  195 ,  15.86 ,  0.03 ,  2.58
27 ,  1 ,  1257136 ,  0 ,  195 ,  15.86 ,  0.03 ,  2.48
27 ,  1 ,  1257179 ,  0 ,  195 ,  15.86 ,  0.03 ,  2.48
27 ,  1 ,  1257223 ,  0 ,  195 ,  15.75 ,  0.03 ,  2.48
27 ,  1 ,  1257268 ,  0 ,  195 ,  15.75 ,  0.03 ,  2.48
27 ,  1 ,  1257312 ,  0 ,  195 ,  15.64 ,  0.03 ,  2.48
27 ,  1 ,  1257356 ,  0 ,  195 ,  15.64 ,  0.03 ,  2.48
27 ,  1 ,  1257399 ,  0 ,  195 ,  15.53 ,  0.03 ,  2.48
27 ,  1 ,  1257443 ,  0 ,  195 ,  15.53 ,  0.03 ,  2.48
27 ,  1 ,  1257486 ,  0 ,  195 ,  15.42 ,  0.03 ,  2.48
27 ,  1 ,  1257539 ,  0 ,  195 ,  15.42 ,  0.03 ,  2.48
27 ,  1 ,  1257582 ,  0 ,  195 ,  15.42 ,  0.03 ,  2.38
27 ,  1 ,  1257626 ,  0 ,  195 ,  15.31 ,  0.03 ,  2.38
27 ,  1 ,  1257672 ,  0 ,  195 ,  15.20 ,  0.03 ,  2.38
27 ,  1 ,  1257715 ,  0 ,  195 ,  15.20 ,  0.03 ,  2.38
27 ,  1 ,  1257759 ,  0 ,  195 ,  15.20 ,  0.03 ,  2.38
27 ,  1 ,  1257802 ,  0 ,  195 ,  15.20 ,  0.03 ,  2.38
27 ,  1 ,  1257845 ,  0 ,  195 ,  15.09 ,  0.03 ,  2.38
27 ,  1 ,  1257889 ,  0 ,  195 ,  15.09 ,  0.03 ,  2.38
27 ,  1 ,  1257932 ,  0 ,  195 ,  14.98 ,  0.03 ,  2.38
27 ,  1 ,  1257976 ,  0 ,  195 ,  14.98 ,  0.03 ,  2.38
27 ,  1 ,  1258019 ,  0 ,  195 ,  14.87 ,  0.03 ,  2.28
27 ,  1 ,  1258065 ,  0 ,  195 ,  14.87 ,  0.03 ,  2.28
27 ,  1 ,  1258108 ,  0 ,  195 ,  14.87 ,  0.03 ,  2.28
27 ,  1 ,  1258152 ,  0 ,  195 ,  14.76 ,  0.03 ,  2.28
27 ,  1 ,  1258195 ,  0 ,  195 ,  14.76 ,  0.03 ,  2.28
27 ,  1 ,  1258240 ,  0 ,  195 ,  14.65 ,  0.03 ,  2.28
27 ,  1 ,  1258283 ,  0 ,  195 ,  14.65 ,  0.03 ,  2.28
27 ,  1 ,  1258327 ,  0 ,  195 ,  14.65 ,  0.03 ,  2.28
27 ,  1 ,  1258370 ,  0 ,  195 ,  14.54 ,  0.02 ,  2.28
27 ,  1 ,  1258413 ,  0 ,  195 ,  14.54 ,  0.03 ,  2.28
27 ,  1 ,  1258459 ,  0 ,  195 ,  14.43 ,  0.03 ,  2.18
27 ,  1 ,  1258503 ,  0 ,  195 ,  14.32 ,  0.03 ,  2.18
27 ,  1 ,  1258546 ,  0 ,  195 ,  14.43 ,  0.03 ,  2.18
27 ,  1 ,  1258589 ,  0 ,  195 ,  14.32 ,  0.03 ,  2.18
27 ,  1 ,  1258633 ,  0 ,  195 ,  14.32 ,  0.03 ,  2.18
27 ,  1 ,  1258676 ,  0 ,  195 ,  14.32 ,  0.03 ,  2.18
27 ,  1 ,  1258720 ,  0 ,  195 ,  14.32 ,  0.03 ,  2.18
27 ,  1 ,  1258763 ,  0 ,  195 ,  14.10 ,  0.03 ,  2.18
27 ,  1 ,  1258807 ,  0 ,  195 ,  14.10 ,  0.03 ,  2.18
27 ,  1 ,  1258852 ,  0 ,  195 ,  14.10 ,  0.03 ,  2.18
27 ,  1 ,  1258896 ,  0 ,  195 ,  14.10 ,  0.03 ,  2.18
27 ,  1 ,  1258939 ,  0 ,  195 ,  13.99 ,  0.03 ,  2.08
27 ,  1 ,  1258983 ,  0 ,  195 ,  13.99 ,  0.03 ,  2.18
27 ,  1 ,  1259026 ,  0 ,  195 ,  13.99 ,  0.03 ,  2.08
27 ,  1 ,  1259070 ,  0 ,  195 ,  13.88 ,  0.03 ,  2.08
27 ,  1 ,  1259113 ,  0 ,  195 ,  13.77 ,  0.03 ,  2.08
27 ,  1 ,  1259156 ,  0 ,  195 ,  13.88 ,  0.03 ,  2.08
27 ,  1 ,  1259200 ,  0 ,  195 ,  13.77 ,  0.03 ,  2.08
27 ,  1 ,  1259246 ,  0 ,  195 ,  13.77 ,  0.03 ,  2.08
27 ,  1 ,  1259289 ,  0 ,  195 ,  13.66 ,  0.03 ,  2.08
27 ,  1 ,  1259332 ,  0 ,  195 ,  13.66 ,  0.03 ,  2.08
27 ,  1 ,  1259376 ,  0 ,  195 ,  13.55 ,  0.03 ,  2.08
27 ,  1 ,  1259419 ,  0 ,  195 ,  13.55 ,  0.02 ,  2.08
27 ,  1 ,  1259463 ,  0 ,  195 ,  13.55 ,  0.03 ,  2.08
27 ,  1 ,  1259506 ,  0 ,  195 ,  13.44 ,  0.03 ,  1.98
