MS, MPT, t (s), PWMi, PWMe, Pressure (Psi), LW (V), Displacement (mm)
27 ,  2 ,  1259594 ,  0 ,  195 ,  13.44 ,  0.03 ,  1.98
27 ,  2 ,  1259635 ,  255 ,  0 ,  13.33 ,  0.03 ,  1.98
27 ,  2 ,  1259677 ,  255 ,  0 ,  16.41 ,  0.03 ,  1.98
27 ,  2 ,  1259719 ,  255 ,  0 ,  31.83 ,  0.05 ,  4.07
27 ,  2 ,  1259760 ,  255 ,  0 ,  45.82 ,  0.12 ,  7.54
27 ,  2 ,  1259802 ,  255 ,  0 ,  55.29 ,  0.21 ,  10.91
27 ,  2 ,  1259844 ,  255 ,  0 ,  61.57 ,  0.28 ,  13.39
27 ,  2 ,  1259885 ,  255 ,  0 ,  66.08 ,  0.34 ,  15.38
27 ,  2 ,  1259929 ,  255 ,  0 ,  69.71 ,  0.39 ,  16.77
27 ,  2 ,  1259971 ,  255 ,  0 ,  72.36 ,  0.43 ,  17.76
27 ,  2 ,  1260012 ,  255 ,  0 ,  74.56 ,  0.46 ,  18.55
27 ,  2 ,  1260054 ,  255 ,  0 ,  76.43 ,  0.49 ,  19.25
27 ,  2 ,  1260095 ,  255 ,  0 ,  78.08 ,  0.51 ,  19.84
27 ,  2 ,  1260137 ,  255 ,  0 ,  79.63 ,  0.53 ,  20.24
27 ,  2 ,  1260178 ,  255 ,  0 ,  80.95 ,  0.54 ,  20.74
27 ,  2 ,  1260220 ,  255 ,  0 ,  82.16 ,  0.55 ,  21.03
27 ,  2 ,  1260261 ,  255 ,  0 ,  83.37 ,  0.56 ,  21.33
27 ,  2 ,  1260305 ,  255 ,  0 ,  84.47 ,  0.57 ,  21.73
27 ,  2 ,  1260347 ,  255 ,  0 ,  85.46 ,  0.57 ,  22.03
27 ,  2 ,  1260388 ,  255 ,  0 ,  86.34 ,  0.58 ,  22.22
27 ,  2 ,  1260430 ,  255 ,  0 ,  87.23 ,  0.58 ,  22.52
27 ,  2 ,  1260471 ,  255 ,  0 ,  88.11 ,  0.58 ,  22.72
27 ,  2 ,  1260513 ,  255 ,  0 ,  88.88 ,  0.59 ,  22.92
27 ,  2 ,  1260554 ,  255 ,  0 ,  89.54 ,  0.59 ,  23.12
27 ,  2 ,  1260596 ,  255 ,  0 ,  90.20 ,  0.59 ,  23.22
27 ,  2 ,  1260637 ,  255 ,  0 ,  90.75 ,  0.59 ,  23.42
27 ,  2 ,  1260681 ,  255 ,  0 ,  91.41 ,  0.60 ,  23.51
27 ,  2 ,  1260722 ,  255 ,  0 ,  91.96 ,  0.60 ,  23.71
27 ,  2 ,  1260764 ,  255 ,  0 ,  92.40 ,  0.60 ,  23.81
27 ,  2 ,  1260805 ,  255 ,  0 ,  92.84 ,  0.60 ,  23.91
27 ,  2 ,  1260847 ,  255 ,  0 ,  93.39 ,  0.60 ,  24.01
27 ,  2 ,  1260888 ,  255 ,  0 ,  93.72 ,  0.60 ,  24.11
27 ,  2 ,  1260930 ,  255 ,  0 ,  94.05 ,  0.60 ,  24.21
27 ,  2 ,  1260971 ,  255 ,  0 ,  94.38 ,  0.60 ,  24.31
27 ,  2 ,  1261015 ,  255 ,  0 ,  94.82 ,  0.60 ,  24.31
27 ,  2 ,  1261057 ,  255 ,  0 ,  95.04 ,  0.60 ,  24.41
27 ,  2 ,  1261097 ,  255 ,  0 ,  95.26 ,  0.61 ,  24.51
27 ,  2 ,  1261139 ,  255 ,  0 ,  95.48 ,  0.60 ,  24.51
27 ,  2 ,  1261180 ,  255 ,  0 ,  95.59 ,  0.61 ,  24.51
27 ,  2 ,  1261222 ,  255 ,  0 ,  95.82 ,  0.60 ,  24.51
27 ,  2 ,  1261263 ,  255 ,  0 ,  95.93 ,  0.61 ,  24.61
27 ,  2 ,  1261305 ,  255 ,  0 ,  95.93 ,  0.61 ,  24.71
27 ,  2 ,  1261346 ,  255 ,  0 ,  96.04 ,  0.61 ,  24.71
27 ,  2 ,  1261386 ,  255 ,  0 ,  96.04 ,  0.61 ,  24.71
27 ,  2 ,  1261428 ,  255 ,  0 ,  96.15 ,  0.61 ,  24.80
27 ,  2 ,  1261469 ,  255 ,  0 ,  96.15 ,  0.61 ,  24.80
27 ,  2 ,  1261511 ,  255 ,  0 ,  96.26 ,  0.61 ,  24.80
27 ,  2 ,  1261552 ,  255 ,  0 ,  96.26 ,  0.61 ,  24.80
27 ,  2 ,  1261594 ,  255 ,  0 ,  96.26 ,  0.61 ,  24.80
27 ,  2 ,  1261635 ,  255 ,  0 ,  96.26 ,  0.61 ,  24.80
27 ,  2 ,  1261677 ,  255 ,  0 ,  96.26 ,  0.61 ,  24.90
27 ,  2 ,  1261718 ,  255 ,  0 ,  96.26 ,  0.61 ,  24.90
27 ,  2 ,  1261762 ,  255 ,  0 ,  96.26 ,  0.61 ,  24.90
27 ,  2 ,  1261804 ,  255 ,  0 ,  96.26 ,  0.61 ,  24.90
27 ,  2 ,  1261845 ,  255 ,  0 ,  96.26 ,  0.61 ,  24.90
27 ,  2 ,  1261887 ,  255 ,  0 ,  96.26 ,  0.61 ,  24.90
27 ,  2 ,  1261928 ,  255 ,  0 ,  96.26 ,  0.61 ,  25.00
27 ,  2 ,  1261970 ,  255 ,  0 ,  96.37 ,  0.61 ,  25.00
27 ,  2 ,  1262011 ,  255 ,  0 ,  96.26 ,  0.61 ,  25.00
27 ,  2 ,  1262053 ,  255 ,  0 ,  96.26 ,  0.61 ,  25.00
27 ,  2 ,  1262094 ,  255 ,  0 ,  96.26 ,  0.61 ,  25.00
27 ,  2 ,  1262138 ,  255 ,  0 ,  96.37 ,  0.61 ,  25.00
27 ,  2 ,  1262179 ,  255 ,  0 ,  96.26 ,  0.61 ,  25.00
27 ,  2 ,  1262221 ,  255 ,  0 ,  96.26 ,  0.61 ,  25.00
27 ,  2 ,  1262262 ,  255 ,  0 ,  96.26 ,  0.61 ,  25.00
27 ,  2 ,  1262304 ,  255 ,  0 ,  96.26 ,  0.61 ,  25.10
27 ,  2 ,  1262345 ,  255 ,  0 ,  96.26 ,  0.61 ,  25.10
27 ,  2 ,  1262387 ,  255 ,  0 ,  96.37 ,  0.61 ,  25.10
27 ,  2 ,  1262428 ,  255 ,  0 ,  96.26 ,  0.61 ,  25.10
27 ,  2 ,  1262470 ,  255 ,  0 ,  96.26 ,  0.61 ,  25.10
27 ,  2 ,  1262514 ,  255 ,  0 ,  96.26 ,  0.61 ,  25.10
27 ,  2 ,  1262555 ,  0 ,  195 ,  96.26 ,  0.61 ,  25.10
27 ,  2 ,  1262597 ,  0 ,  195 ,  94.38 ,  0.61 ,  25.10
27 ,  2 ,  1262638 ,  0 ,  195 ,  89.87 ,  0.60 ,  24.71
27 ,  2 ,  1262697 ,  0 ,  195 ,  84.36 ,  0.60 ,  24.01
27 ,  2 ,  1262739 ,  0 ,  195 ,  81.28 ,  0.59 ,  23.51
27 ,  2 ,  1262780 ,  0 ,  195 ,  78.64 ,  0.59 ,  23.02
27 ,  2 ,  1262822 ,  0 ,  195 ,  76.43 ,  0.58 ,  22.62
27 ,  2 ,  1262863 ,  0 ,  195 ,  74.56 ,  0.57 ,  22.13
27 ,  2 ,  1262907 ,  0 ,  195 ,  72.91 ,  0.56 ,  21.73
27 ,  2 ,  1262948 ,  0 ,  195 ,  71.48 ,  0.56 ,  21.43
27 ,  2 ,  1262990 ,  0 ,  195 ,  70.38 ,  0.55 ,  21.13
27 ,  2 ,  1263031 ,  0 ,  195 ,  69.27 ,  0.54 ,  20.84
27 ,  2 ,  1263073 ,  0 ,  195 ,  68.39 ,  0.53 ,  20.64
27 ,  2 ,  1263114 ,  0 ,  195 ,  67.62 ,  0.52 ,  20.44
27 ,  2 ,  1263156 ,  0 ,  195 ,  66.96 ,  0.51 ,  20.24
27 ,  2 ,  1263197 ,  0 ,  195 ,  66.30 ,  0.51 ,  20.04
27 ,  2 ,  1263241 ,  0 ,  195 ,  65.75 ,  0.50 ,  19.84
27 ,  2 ,  1263283 ,  0 ,  195 ,  65.20 ,  0.49 ,  19.74
27 ,  2 ,  1263324 ,  0 ,  195 ,  64.76 ,  0.48 ,  19.55
27 ,  2 ,  1263365 ,  0 ,  195 ,  64.43 ,  0.47 ,  19.45
27 ,  2 ,  1263407 ,  0 ,  195 ,  63.99 ,  0.47 ,  19.35
27 ,  2 ,  1263448 ,  0 ,  195 ,  63.66 ,  0.47 ,  19.25
27 ,  2 ,  1263490 ,  0 ,  195 ,  63.33 ,  0.46 ,  19.15
27 ,  2 ,  1263531 ,  0 ,  195 ,  63.11 ,  0.46 ,  19.05
27 ,  2 ,  1263572 ,  0 ,  195 ,  62.78 ,  0.45 ,  18.95
27 ,  2 ,  1263617 ,  0 ,  195 ,  62.56 ,  0.45 ,  18.85
27 ,  2 ,  1263657 ,  0 ,  195 ,  62.34 ,  0.44 ,  18.75
27 ,  2 ,  1263699 ,  0 ,  195 ,  62.12 ,  0.44 ,  18.65
27 ,  2 ,  1263740 ,  0 ,  195 ,  61.90 ,  0.43 ,  18.55
27 ,  2 ,  1263782 ,  0 ,  195 ,  61.68 ,  0.43 ,  18.55
27 ,  2 ,  1263823 ,  0 ,  195 ,  61.46 ,  0.43 ,  18.45
27 ,  2 ,  1263865 ,  0 ,  195 ,  61.24 ,  0.43 ,  18.36
27 ,  2 ,  1263906 ,  0 ,  195 ,  61.13 ,  0.43 ,  18.36
27 ,  2 ,  1263948 ,  0 ,  195 ,  60.90 ,  0.42 ,  18.16
27 ,  2 ,  1263991 ,  0 ,  195 ,  60.68 ,  0.42 ,  18.16
27 ,  2 ,  1264033 ,  0 ,  195 ,  60.57 ,  0.42 ,  18.16
27 ,  2 ,  1264074 ,  0 ,  195 ,  60.46 ,  0.41 ,  18.06
27 ,  2 ,  1264116 ,  0 ,  195 ,  60.24 ,  0.41 ,  18.06
27 ,  2 ,  1264157 ,  0 ,  195 ,  60.13 ,  0.41 ,  17.96
27 ,  2 ,  1264199 ,  0 ,  195 ,  59.91 ,  0.41 ,  17.96
27 ,  2 ,  1264240 ,  0 ,  195 ,  59.80 ,  0.40 ,  17.86
27 ,  2 ,  1264282 ,  0 ,  195 ,  59.69 ,  0.40 ,  17.86
27 ,  2 ,  1264323 ,  0 ,  195 ,  59.47 ,  0.40 ,  17.76
27 ,  2 ,  1264367 ,  0 ,  195 ,  59.36 ,  0.40 ,  17.76
27 ,  2 ,  1264409 ,  0 ,  195 ,  59.25 ,  0.39 ,  17.66
27 ,  2 ,  1264450 ,  0 ,  195 ,  59.14 ,  0.39 ,  17.66
27 ,  2 ,  1264491 ,  0 ,  195 ,  58.81 ,  0.39 ,  17.56
27 ,  2 ,  1264533 ,  0 ,  195 ,  58.81 ,  0.39 ,  17.46
27 ,  2 ,  1264574 ,  0 ,  195 ,  58.70 ,  0.38 ,  17.56
27 ,  2 ,  1264616 ,  0 ,  195 ,  58.48 ,  0.38 ,  17.46
27 ,  2 ,  1264657 ,  0 ,  195 ,  58.37 ,  0.38 ,  17.46
27 ,  2 ,  1264699 ,  0 ,  195 ,  58.26 ,  0.38 ,  17.36
27 ,  2 ,  1264743 ,  0 ,  195 ,  58.15 ,  0.37 ,  17.36
27 ,  2 ,  1264784 ,  0 ,  195 ,  58.04 ,  0.37 ,  17.26
27 ,  2 ,  1264826 ,  0 ,  195 ,  57.93 ,  0.37 ,  17.26
27 ,  2 ,  1264867 ,  0 ,  195 ,  57.82 ,  0.38 ,  17.16
27 ,  2 ,  1264909 ,  0 ,  195 ,  57.60 ,  0.37 ,  17.16
27 ,  2 ,  1264950 ,  0 ,  195 ,  57.49 ,  0.36 ,  17.07
27 ,  2 ,  1264992 ,  0 ,  195 ,  57.38 ,  0.36 ,  17.07
27 ,  2 ,  1265033 ,  0 ,  195 ,  57.27 ,  0.36 ,  17.07
27 ,  2 ,  1265075 ,  0 ,  195 ,  57.05 ,  0.36 ,  16.97
27 ,  2 ,  1265118 ,  0 ,  195 ,  56.94 ,  0.36 ,  16.97
27 ,  2 ,  1265160 ,  0 ,  195 ,  56.83 ,  0.36 ,  16.87
27 ,  2 ,  1265201 ,  0 ,  195 ,  56.72 ,  0.35 ,  16.87
27 ,  2 ,  1265243 ,  0 ,  195 ,  56.61 ,  0.35 ,  16.77
27 ,  2 ,  1265284 ,  0 ,  195 ,  56.39 ,  0.35 ,  16.77
27 ,  2 ,  1265326 ,  0 ,  195 ,  56.28 ,  0.35 ,  16.67
27 ,  2 ,  1265367 ,  0 ,  195 ,  56.17 ,  0.34 ,  16.67
27 ,  2 ,  1265409 ,  0 ,  195 ,  56.06 ,  0.34 ,  16.67
27 ,  2 ,  1265452 ,  0 ,  195 ,  55.84 ,  0.34 ,  16.57
27 ,  2 ,  1265494 ,  0 ,  195 ,  55.73 ,  0.34 ,  16.57
27 ,  2 ,  1265534 ,  0 ,  195 ,  55.62 ,  0.33 ,  16.47
27 ,  2 ,  1265576 ,  0 ,  195 ,  55.51 ,  0.33 ,  16.47
27 ,  2 ,  1265617 ,  0 ,  195 ,  55.40 ,  0.34 ,  16.37
27 ,  2 ,  1265659 ,  0 ,  195 ,  55.29 ,  0.33 ,  16.27
27 ,  2 ,  1265700 ,  0 ,  195 ,  55.18 ,  0.33 ,  16.27
27 ,  2 ,  1265742 ,  0 ,  195 ,  55.07 ,  0.33 ,  16.27
27 ,  2 ,  1265783 ,  0 ,  195 ,  54.85 ,  0.33 ,  16.17
27 ,  2 ,  1265827 ,  0 ,  195 ,  54.74 ,  0.32 ,  16.17
27 ,  2 ,  1265869 ,  0 ,  195 ,  54.63 ,  0.32 ,  16.17
27 ,  2 ,  1265910 ,  0 ,  195 ,  54.52 ,  0.32 ,  16.07
27 ,  2 ,  1265952 ,  0 ,  195 ,  54.30 ,  0.32 ,  16.07
27 ,  2 ,  1265993 ,  0 ,  195 ,  54.19 ,  0.31 ,  15.97
27 ,  2 ,  1266035 ,  0 ,  195 ,  54.08 ,  0.31 ,  15.97
27 ,  2 ,  1266076 ,  0 ,  195 ,  53.97 ,  0.31 ,  15.88
27 ,  2 ,  1266118 ,  0 ,  195 ,  53.86 ,  0.31 ,  15.78
27 ,  2 ,  1266159 ,  0 ,  195 ,  53.64 ,  0.30 ,  15.78
27 ,  2 ,  1266203 ,  0 ,  195 ,  53.53 ,  0.31 ,  15.78
27 ,  2 ,  1266244 ,  0 ,  195 ,  53.42 ,  0.30 ,  15.68
27 ,  2 ,  1266286 ,  0 ,  195 ,  53.31 ,  0.30 ,  15.68
27 ,  2 ,  1266327 ,  0 ,  195 ,  53.20 ,  0.29 ,  15.68
27 ,  2 ,  1266369 ,  0 ,  195 ,  53.09 ,  0.30 ,  15.58
27 ,  2 ,  1266410 ,  0 ,  195 ,  52.87 ,  0.29 ,  15.58
27 ,  2 ,  1266452 ,  0 ,  195 ,  52.87 ,  0.29 ,  15.48
27 ,  2 ,  1266494 ,  0 ,  195 ,  52.65 ,  0.29 ,  15.48
27 ,  2 ,  1266535 ,  0 ,  195 ,  52.54 ,  0.29 ,  15.38
27 ,  2 ,  1266579 ,  0 ,  195 ,  52.42 ,  0.29 ,  15.28
27 ,  2 ,  1266621 ,  0 ,  195 ,  52.31 ,  0.28 ,  15.28
27 ,  2 ,  1266662 ,  0 ,  195 ,  52.20 ,  0.28 ,  15.28
27 ,  2 ,  1266704 ,  0 ,  195 ,  52.09 ,  0.28 ,  15.18
27 ,  2 ,  1266745 ,  0 ,  195 ,  51.87 ,  0.28 ,  15.18
27 ,  2 ,  1266787 ,  0 ,  195 ,  51.87 ,  0.27 ,  15.08
27 ,  2 ,  1266828 ,  0 ,  195 ,  51.65 ,  0.27 ,  15.08
27 ,  2 ,  1266870 ,  0 ,  195 ,  51.54 ,  0.27 ,  14.98
27 ,  2 ,  1266911 ,  0 ,  195 ,  51.43 ,  0.27 ,  14.98
27 ,  2 ,  1266955 ,  0 ,  195 ,  51.32 ,  0.27 ,  14.88
27 ,  2 ,  1266996 ,  0 ,  195 ,  51.21 ,  0.26 ,  14.88
27 ,  2 ,  1267038 ,  0 ,  195 ,  51.10 ,  0.26 ,  14.78
27 ,  2 ,  1267079 ,  0 ,  195 ,  50.99 ,  0.26 ,  14.78
27 ,  2 ,  1267121 ,  0 ,  195 ,  50.77 ,  0.26 ,  14.68
27 ,  2 ,  1267162 ,  0 ,  195 ,  50.66 ,  0.26 ,  14.68
27 ,  2 ,  1267204 ,  0 ,  195 ,  50.55 ,  0.26 ,  14.59
27 ,  2 ,  1267245 ,  0 ,  195 ,  50.44 ,  0.25 ,  14.59
27 ,  2 ,  1267287 ,  0 ,  195 ,  50.33 ,  0.26 ,  14.59
27 ,  2 ,  1267331 ,  0 ,  195 ,  50.22 ,  0.25 ,  14.49
27 ,  2 ,  1267372 ,  0 ,  195 ,  50.11 ,  0.25 ,  14.49
27 ,  2 ,  1267414 ,  0 ,  195 ,  50.00 ,  0.25 ,  14.39
27 ,  2 ,  1267454 ,  0 ,  195 ,  49.89 ,  0.24 ,  14.39
27 ,  2 ,  1267496 ,  0 ,  195 ,  49.78 ,  0.24 ,  14.29
27 ,  2 ,  1267537 ,  0 ,  195 ,  49.56 ,  0.24 ,  14.29
27 ,  2 ,  1267579 ,  0 ,  195 ,  49.45 ,  0.24 ,  14.19
27 ,  2 ,  1267620 ,  0 ,  195 ,  49.34 ,  0.24 ,  14.19
27 ,  2 ,  1267664 ,  0 ,  195 ,  49.23 ,  0.23 ,  14.09
27 ,  2 ,  1267705 ,  0 ,  195 ,  49.12 ,  0.23 ,  14.09
27 ,  2 ,  1267747 ,  0 ,  195 ,  49.01 ,  0.23 ,  13.99
27 ,  2 ,  1267788 ,  0 ,  195 ,  48.90 ,  0.23 ,  13.99
27 ,  2 ,  1267830 ,  0 ,  195 ,  48.79 ,  0.23 ,  13.89
27 ,  2 ,  1267871 ,  0 ,  195 ,  48.68 ,  0.22 ,  13.89
27 ,  2 ,  1267913 ,  0 ,  195 ,  48.57 ,  0.22 ,  13.89
27 ,  2 ,  1267954 ,  0 ,  195 ,  48.35 ,  0.22 ,  13.79
27 ,  2 ,  1267996 ,  0 ,  195 ,  48.35 ,  0.22 ,  13.69
27 ,  2 ,  1268040 ,  0 ,  195 ,  48.24 ,  0.22 ,  13.69
27 ,  2 ,  1268081 ,  0 ,  195 ,  48.13 ,  0.22 ,  13.69
27 ,  2 ,  1268123 ,  0 ,  195 ,  48.02 ,  0.22 ,  13.59
27 ,  2 ,  1268164 ,  0 ,  195 ,  47.91 ,  0.21 ,  13.59
27 ,  2 ,  1268206 ,  0 ,  195 ,  47.80 ,  0.21 ,  13.49
27 ,  2 ,  1268247 ,  0 ,  195 ,  47.58 ,  0.21 ,  13.49
27 ,  2 ,  1268289 ,  0 ,  195 ,  47.58 ,  0.21 ,  13.39
27 ,  2 ,  1268330 ,  0 ,  195 ,  47.36 ,  0.21 ,  13.39
27 ,  2 ,  1268372 ,  0 ,  195 ,  47.25 ,  0.21 ,  13.39
27 ,  2 ,  1268416 ,  0 ,  195 ,  47.25 ,  0.21 ,  13.30
27 ,  2 ,  1268457 ,  0 ,  195 ,  47.03 ,  0.21 ,  13.20
27 ,  2 ,  1268499 ,  0 ,  195 ,  46.92 ,  0.20 ,  13.20
27 ,  2 ,  1268540 ,  0 ,  195 ,  46.92 ,  0.20 ,  13.10
27 ,  2 ,  1268581 ,  0 ,  195 ,  46.70 ,  0.20 ,  13.10
27 ,  2 ,  1268623 ,  0 ,  195 ,  46.59 ,  0.20 ,  13.10
27 ,  2 ,  1268664 ,  0 ,  195 ,  46.59 ,  0.19 ,  13.00
27 ,  2 ,  1268706 ,  0 ,  195 ,  46.37 ,  0.19 ,  13.00
27 ,  2 ,  1268747 ,  0 ,  195 ,  46.37 ,  0.19 ,  12.90
27 ,  2 ,  1268791 ,  0 ,  195 ,  46.15 ,  0.19 ,  12.80
27 ,  2 ,  1268833 ,  0 ,  195 ,  46.04 ,  0.19 ,  12.80
27 ,  2 ,  1268874 ,  0 ,  195 ,  46.04 ,  0.18 ,  12.80
27 ,  2 ,  1268916 ,  0 ,  195 ,  45.82 ,  0.19 ,  12.70
27 ,  2 ,  1268957 ,  0 ,  195 ,  45.82 ,  0.18 ,  12.60
27 ,  2 ,  1268999 ,  0 ,  195 ,  45.71 ,  0.18 ,  12.60
27 ,  2 ,  1269040 ,  0 ,  195 ,  45.49 ,  0.18 ,  12.60
27 ,  2 ,  1269082 ,  0 ,  195 ,  45.49 ,  0.17 ,  12.50
27 ,  2 ,  1269123 ,  0 ,  195 ,  45.27 ,  0.17 ,  12.50
27 ,  2 ,  1269167 ,  0 ,  195 ,  45.16 ,  0.17 ,  12.40
27 ,  2 ,  1269208 ,  0 ,  195 ,  45.05 ,  0.17 ,  12.40
27 ,  2 ,  1269250 ,  0 ,  195 ,  44.94 ,  0.17 ,  12.40
27 ,  2 ,  1269291 ,  0 ,  195 ,  44.83 ,  0.17 ,  12.30
27 ,  2 ,  1269332 ,  0 ,  195 ,  44.83 ,  0.17 ,  12.30
27 ,  2 ,  1269373 ,  0 ,  195 ,  44.61 ,  0.17 ,  12.20
27 ,  2 ,  1269415 ,  0 ,  195 ,  44.61 ,  0.16 ,  12.20
27 ,  2 ,  1269456 ,  0 ,  195 ,  44.50 ,  0.16 ,  12.10
27 ,  2 ,  1269498 ,  0 ,  195 ,  44.28 ,  0.16 ,  12.10
27 ,  2 ,  1269542 ,  0 ,  195 ,  44.17 ,  0.16 ,  12.01
27 ,  2 ,  1269583 ,  0 ,  195 ,  44.17 ,  0.16 ,  12.01
27 ,  2 ,  1269625 ,  0 ,  195 ,  44.06 ,  0.16 ,  11.91
27 ,  2 ,  1269666 ,  0 ,  195 ,  43.95 ,  0.15 ,  11.91
27 ,  2 ,  1269708 ,  0 ,  195 ,  43.84 ,  0.15 ,  11.81
27 ,  2 ,  1269749 ,  0 ,  195 ,  43.72 ,  0.15 ,  11.81
27 ,  2 ,  1269791 ,  0 ,  195 ,  43.61 ,  0.15 ,  11.81
27 ,  2 ,  1269832 ,  0 ,  195 ,  43.50 ,  0.15 ,  11.71
27 ,  2 ,  1269876 ,  0 ,  195 ,  43.39 ,  0.15 ,  11.71
27 ,  2 ,  1269917 ,  0 ,  195 ,  43.28 ,  0.15 ,  11.61
27 ,  2 ,  1269959 ,  0 ,  195 ,  43.17 ,  0.14 ,  11.61
27 ,  2 ,  1270000 ,  0 ,  195 ,  43.06 ,  0.14 ,  11.51
27 ,  2 ,  1270042 ,  0 ,  195 ,  42.95 ,  0.14 ,  11.51
27 ,  2 ,  1270083 ,  0 ,  195 ,  42.84 ,  0.14 ,  11.51
27 ,  2 ,  1270125 ,  0 ,  195 ,  42.73 ,  0.14 ,  11.41
27 ,  2 ,  1270166 ,  0 ,  195 ,  42.62 ,  0.14 ,  11.41
27 ,  2 ,  1270208 ,  0 ,  195 ,  42.51 ,  0.14 ,  11.31
27 ,  2 ,  1270258 ,  0 ,  195 ,  42.40 ,  0.13 ,  11.31
27 ,  2 ,  1270300 ,  0 ,  195 ,  42.29 ,  0.13 ,  11.21
27 ,  2 ,  1270341 ,  0 ,  195 ,  42.18 ,  0.13 ,  11.21
27 ,  2 ,  1270383 ,  0 ,  195 ,  42.07 ,  0.13 ,  11.21
27 ,  2 ,  1270425 ,  0 ,  195 ,  41.96 ,  0.13 ,  11.11
27 ,  2 ,  1270466 ,  0 ,  195 ,  41.85 ,  0.13 ,  11.11
27 ,  2 ,  1270508 ,  0 ,  195 ,  41.74 ,  0.13 ,  11.01
27 ,  2 ,  1270549 ,  0 ,  195 ,  41.74 ,  0.12 ,  11.01
27 ,  2 ,  1270591 ,  0 ,  195 ,  41.52 ,  0.13 ,  10.91
27 ,  2 ,  1270635 ,  0 ,  195 ,  41.52 ,  0.12 ,  10.91
27 ,  2 ,  1270676 ,  0 ,  195 ,  41.41 ,  0.12 ,  10.81
27 ,  2 ,  1270718 ,  0 ,  195 ,  41.30 ,  0.12 ,  10.81
27 ,  2 ,  1270760 ,  0 ,  195 ,  41.19 ,  0.12 ,  10.81
27 ,  2 ,  1270801 ,  0 ,  195 ,  41.19 ,  0.12 ,  10.72
27 ,  2 ,  1270843 ,  0 ,  195 ,  40.97 ,  0.12 ,  10.72
27 ,  2 ,  1270884 ,  0 ,  195 ,  40.86 ,  0.12 ,  10.62
27 ,  2 ,  1270926 ,  0 ,  195 ,  40.75 ,  0.12 ,  10.62
27 ,  2 ,  1270968 ,  0 ,  195 ,  40.64 ,  0.11 ,  10.62
27 ,  2 ,  1271011 ,  0 ,  195 ,  40.64 ,  0.12 ,  10.52
27 ,  2 ,  1271053 ,  0 ,  195 ,  40.53 ,  0.11 ,  10.52
27 ,  2 ,  1271095 ,  0 ,  195 ,  40.31 ,  0.11 ,  10.42
27 ,  2 ,  1271136 ,  0 ,  195 ,  40.31 ,  0.11 ,  10.42
27 ,  2 ,  1271178 ,  0 ,  195 ,  40.20 ,  0.11 ,  10.32
27 ,  2 ,  1271219 ,  0 ,  195 ,  39.98 ,  0.11 ,  10.32
27 ,  2 ,  1271261 ,  0 ,  195 ,  39.98 ,  0.11 ,  10.22
27 ,  2 ,  1271303 ,  0 ,  195 ,  39.87 ,  0.11 ,  10.22
27 ,  2 ,  1271344 ,  0 ,  195 ,  39.76 ,  0.11 ,  10.22
27 ,  2 ,  1271397 ,  0 ,  195 ,  39.65 ,  0.10 ,  10.12
27 ,  2 ,  1271441 ,  0 ,  195 ,  39.54 ,  0.10 ,  10.12
27 ,  2 ,  1271485 ,  0 ,  195 ,  39.43 ,  0.11 ,  10.02
27 ,  2 ,  1271528 ,  0 ,  195 ,  39.32 ,  0.10 ,  10.02
27 ,  2 ,  1271572 ,  0 ,  195 ,  39.32 ,  0.10 ,  9.92
27 ,  2 ,  1271616 ,  0 ,  195 ,  39.21 ,  0.10 ,  9.92
27 ,  2 ,  1271659 ,  0 ,  195 ,  38.99 ,  0.09 ,  9.92
27 ,  2 ,  1271703 ,  0 ,  195 ,  38.99 ,  0.10 ,  9.82
27 ,  2 ,  1271747 ,  0 ,  195 ,  38.77 ,  0.10 ,  9.82
27 ,  2 ,  1271793 ,  0 ,  195 ,  38.77 ,  0.09 ,  9.72
27 ,  2 ,  1271836 ,  0 ,  195 ,  38.66 ,  0.10 ,  9.72
27 ,  2 ,  1271880 ,  0 ,  195 ,  38.55 ,  0.09 ,  9.62
27 ,  2 ,  1271923 ,  0 ,  195 ,  38.44 ,  0.09 ,  9.62
27 ,  2 ,  1271967 ,  0 ,  195 ,  38.33 ,  0.09 ,  9.53
27 ,  2 ,  1272010 ,  0 ,  195 ,  38.22 ,  0.09 ,  9.53
27 ,  2 ,  1272054 ,  0 ,  195 ,  38.11 ,  0.09 ,  9.53
27 ,  2 ,  1272097 ,  0 ,  195 ,  38.00 ,  0.09 ,  9.43
27 ,  2 ,  1272141 ,  0 ,  195 ,  37.89 ,  0.09 ,  9.43
27 ,  2 ,  1272186 ,  0 ,  195 ,  37.89 ,  0.08 ,  9.33
27 ,  2 ,  1272230 ,  0 ,  195 ,  37.67 ,  0.08 ,  9.33
27 ,  2 ,  1272273 ,  0 ,  195 ,  37.67 ,  0.09 ,  9.33
27 ,  2 ,  1272317 ,  0 ,  195 ,  37.45 ,  0.08 ,  9.23
27 ,  2 ,  1272360 ,  0 ,  195 ,  37.45 ,  0.08 ,  9.23
27 ,  2 ,  1272404 ,  0 ,  195 ,  37.34 ,  0.08 ,  9.13
27 ,  2 ,  1272448 ,  0 ,  195 ,  37.23 ,  0.08 ,  9.13
27 ,  2 ,  1272492 ,  0 ,  195 ,  37.12 ,  0.08 ,  9.03
27 ,  2 ,  1272535 ,  0 ,  195 ,  37.01 ,  0.08 ,  9.03
27 ,  2 ,  1272581 ,  0 ,  195 ,  36.90 ,  0.08 ,  9.03
27 ,  2 ,  1272625 ,  0 ,  195 ,  36.79 ,  0.08 ,  8.93
27 ,  2 ,  1272668 ,  0 ,  195 ,  36.79 ,  0.08 ,  8.93
27 ,  2 ,  1272712 ,  0 ,  195 ,  36.68 ,  0.08 ,  8.83
27 ,  2 ,  1272755 ,  0 ,  195 ,  36.57 ,  0.08 ,  8.83
27 ,  2 ,  1272799 ,  0 ,  195 ,  36.46 ,  0.07 ,  8.83
27 ,  2 ,  1272842 ,  0 ,  195 ,  36.35 ,  0.07 ,  8.73
27 ,  2 ,  1272886 ,  0 ,  195 ,  36.24 ,  0.07 ,  8.73
27 ,  2 ,  1272929 ,  0 ,  195 ,  36.13 ,  0.07 ,  8.63
27 ,  2 ,  1272975 ,  0 ,  195 ,  36.02 ,  0.08 ,  8.63
27 ,  2 ,  1273018 ,  0 ,  195 ,  36.02 ,  0.07 ,  8.63
27 ,  2 ,  1273062 ,  0 ,  195 ,  35.80 ,  0.07 ,  8.53
27 ,  2 ,  1273105 ,  0 ,  195 ,  35.80 ,  0.08 ,  8.53
27 ,  2 ,  1273149 ,  0 ,  195 ,  35.69 ,  0.07 ,  8.43
27 ,  2 ,  1273192 ,  0 ,  195 ,  35.58 ,  0.08 ,  8.43
27 ,  2 ,  1273236 ,  0 ,  195 ,  35.47 ,  0.07 ,  8.43
27 ,  2 ,  1273279 ,  0 ,  195 ,  35.36 ,  0.07 ,  8.33
27 ,  2 ,  1273325 ,  0 ,  195 ,  35.25 ,  0.07 ,  8.33
27 ,  2 ,  1273368 ,  0 ,  195 ,  35.13 ,  0.07 ,  8.33
27 ,  2 ,  1273412 ,  0 ,  195 ,  35.13 ,  0.07 ,  8.24
27 ,  2 ,  1273455 ,  0 ,  195 ,  35.02 ,  0.07 ,  8.24
27 ,  2 ,  1273499 ,  0 ,  195 ,  34.91 ,  0.07 ,  8.14
27 ,  2 ,  1273542 ,  0 ,  195 ,  34.80 ,  0.07 ,  8.14
27 ,  2 ,  1273586 ,  0 ,  195 ,  34.80 ,  0.07 ,  8.14
27 ,  2 ,  1273629 ,  0 ,  195 ,  34.58 ,  0.07 ,  8.04
27 ,  2 ,  1273673 ,  0 ,  195 ,  34.58 ,  0.06 ,  8.04
27 ,  2 ,  1273719 ,  0 ,  195 ,  34.36 ,  0.07 ,  8.04
27 ,  2 ,  1273762 ,  0 ,  195 ,  34.36 ,  0.07 ,  7.94
27 ,  2 ,  1273806 ,  0 ,  195 ,  34.25 ,  0.07 ,  7.94
27 ,  2 ,  1273849 ,  0 ,  195 ,  34.14 ,  0.07 ,  7.94
27 ,  2 ,  1273893 ,  0 ,  195 ,  34.03 ,  0.06 ,  7.84
27 ,  2 ,  1273936 ,  0 ,  195 ,  34.03 ,  0.07 ,  7.84
27 ,  2 ,  1273980 ,  0 ,  195 ,  33.92 ,  0.06 ,  7.74
27 ,  2 ,  1274023 ,  0 ,  195 ,  33.81 ,  0.06 ,  7.74
27 ,  2 ,  1274067 ,  0 ,  195 ,  33.70 ,  0.06 ,  7.74
27 ,  2 ,  1274113 ,  0 ,  195 ,  33.59 ,  0.06 ,  7.74
27 ,  2 ,  1274157 ,  0 ,  195 ,  33.48 ,  0.06 ,  7.64
27 ,  2 ,  1274201 ,  0 ,  195 ,  33.37 ,  0.06 ,  7.64
27 ,  2 ,  1274244 ,  0 ,  195 ,  33.37 ,  0.06 ,  7.54
27 ,  2 ,  1274288 ,  0 ,  195 ,  33.15 ,  0.06 ,  7.54
27 ,  2 ,  1274331 ,  0 ,  195 ,  33.15 ,  0.06 ,  7.54
27 ,  2 ,  1274375 ,  0 ,  195 ,  33.04 ,  0.06 ,  7.44
27 ,  2 ,  1274418 ,  0 ,  195 ,  32.93 ,  0.06 ,  7.44
27 ,  2 ,  1274462 ,  0 ,  195 ,  32.82 ,  0.06 ,  7.44
27 ,  2 ,  1274508 ,  0 ,  195 ,  32.71 ,  0.06 ,  7.34
27 ,  2 ,  1274551 ,  0 ,  195 ,  32.60 ,  0.06 ,  7.34
27 ,  2 ,  1274595 ,  0 ,  195 ,  32.49 ,  0.06 ,  7.24
27 ,  2 ,  1274638 ,  0 ,  195 ,  32.49 ,  0.06 ,  7.24
27 ,  2 ,  1274682 ,  0 ,  195 ,  32.38 ,  0.05 ,  7.24
27 ,  2 ,  1274725 ,  0 ,  195 ,  32.27 ,  0.05 ,  7.24
27 ,  2 ,  1274769 ,  0 ,  195 ,  32.16 ,  0.05 ,  7.14
27 ,  2 ,  1274812 ,  0 ,  195 ,  32.05 ,  0.05 ,  7.14
27 ,  2 ,  1274856 ,  0 ,  195 ,  32.05 ,  0.05 ,  7.14
27 ,  2 ,  1274901 ,  0 ,  195 ,  31.94 ,  0.06 ,  7.04
27 ,  2 ,  1274945 ,  0 ,  195 ,  31.83 ,  0.05 ,  7.04
27 ,  2 ,  1274988 ,  0 ,  195 ,  31.72 ,  0.05 ,  7.04
27 ,  2 ,  1275032 ,  0 ,  195 ,  31.72 ,  0.05 ,  6.95
27 ,  2 ,  1275075 ,  0 ,  195 ,  31.50 ,  0.05 ,  6.95
27 ,  2 ,  1275119 ,  0 ,  195 ,  31.50 ,  0.05 ,  6.95
27 ,  2 ,  1275162 ,  0 ,  195 ,  31.39 ,  0.05 ,  6.85
27 ,  2 ,  1275206 ,  0 ,  195 ,  31.28 ,  0.05 ,  6.85
27 ,  2 ,  1275249 ,  0 ,  195 ,  31.28 ,  0.05 ,  6.85
27 ,  2 ,  1275295 ,  0 ,  195 ,  31.17 ,  0.05 ,  6.75
27 ,  2 ,  1275339 ,  0 ,  195 ,  31.06 ,  0.05 ,  6.75
27 ,  2 ,  1275382 ,  0 ,  195 ,  30.95 ,  0.05 ,  6.75
27 ,  2 ,  1275426 ,  0 ,  195 ,  30.84 ,  0.05 ,  6.75
27 ,  2 ,  1275469 ,  0 ,  195 ,  30.73 ,  0.05 ,  6.65
27 ,  2 ,  1275513 ,  0 ,  195 ,  30.62 ,  0.05 ,  6.65
27 ,  2 ,  1275556 ,  0 ,  195 ,  30.62 ,  0.05 ,  6.65
27 ,  2 ,  1275600 ,  0 ,  195 ,  30.51 ,  0.05 ,  6.65
27 ,  2 ,  1275643 ,  0 ,  195 ,  30.40 ,  0.05 ,  6.55
27 ,  2 ,  1275689 ,  0 ,  195 ,  30.40 ,  0.05 ,  6.55
27 ,  2 ,  1275732 ,  0 ,  195 ,  30.29 ,  0.05 ,  6.55
27 ,  2 ,  1275777 ,  0 ,  195 ,  30.18 ,  0.05 ,  6.45
27 ,  2 ,  1275820 ,  0 ,  195 ,  30.07 ,  0.05 ,  6.45
27 ,  2 ,  1275864 ,  0 ,  195 ,  29.96 ,  0.05 ,  6.45
27 ,  2 ,  1275907 ,  0 ,  195 ,  29.96 ,  0.05 ,  6.35
27 ,  2 ,  1275951 ,  0 ,  195 ,  29.85 ,  0.05 ,  6.35
27 ,  2 ,  1275994 ,  0 ,  195 ,  29.74 ,  0.05 ,  6.25
27 ,  2 ,  1276038 ,  0 ,  195 ,  29.63 ,  0.05 ,  6.35
27 ,  2 ,  1276083 ,  0 ,  195 ,  29.52 ,  0.05 ,  6.25
27 ,  2 ,  1276127 ,  0 ,  195 ,  29.41 ,  0.05 ,  6.25
27 ,  2 ,  1276170 ,  0 ,  195 ,  29.41 ,  0.05 ,  6.25
27 ,  2 ,  1276214 ,  0 ,  195 ,  29.30 ,  0.05 ,  6.15
27 ,  2 ,  1276257 ,  0 ,  195 ,  29.19 ,  0.05 ,  6.15
27 ,  2 ,  1276301 ,  0 ,  195 ,  29.19 ,  0.05 ,  6.15
27 ,  2 ,  1276344 ,  0 ,  195 ,  29.08 ,  0.05 ,  6.05
27 ,  2 ,  1276388 ,  0 ,  195 ,  28.97 ,  0.05 ,  6.05
27 ,  2 ,  1276431 ,  0 ,  195 ,  28.86 ,  0.04 ,  6.05
27 ,  2 ,  1276477 ,  0 ,  195 ,  28.75 ,  0.04 ,  6.05
27 ,  2 ,  1276521 ,  0 ,  195 ,  28.75 ,  0.05 ,  5.95
27 ,  2 ,  1276564 ,  0 ,  195 ,  28.64 ,  0.04 ,  5.95
27 ,  2 ,  1276608 ,  0 ,  195 ,  28.53 ,  0.04 ,  5.95
27 ,  2 ,  1276651 ,  0 ,  195 ,  28.53 ,  0.04 ,  5.95
27 ,  2 ,  1276695 ,  0 ,  195 ,  28.31 ,  0.04 ,  5.85
27 ,  2 ,  1276738 ,  0 ,  195 ,  28.31 ,  0.04 ,  5.85
27 ,  2 ,  1276781 ,  0 ,  195 ,  28.20 ,  0.04 ,  5.85
27 ,  2 ,  1276825 ,  0 ,  195 ,  28.09 ,  0.05 ,  5.75
27 ,  2 ,  1276871 ,  0 ,  195 ,  27.98 ,  0.04 ,  5.75
27 ,  2 ,  1276914 ,  0 ,  195 ,  27.87 ,  0.04 ,  5.66
27 ,  2 ,  1276958 ,  0 ,  195 ,  27.87 ,  0.04 ,  5.75
27 ,  2 ,  1277001 ,  0 ,  195 ,  27.76 ,  0.04 ,  5.66
27 ,  2 ,  1277045 ,  0 ,  195 ,  27.76 ,  0.05 ,  5.66
27 ,  2 ,  1277088 ,  0 ,  195 ,  27.65 ,  0.04 ,  5.66
27 ,  2 ,  1277132 ,  0 ,  195 ,  27.54 ,  0.04 ,  5.56
27 ,  2 ,  1277175 ,  0 ,  195 ,  27.43 ,  0.04 ,  5.56
27 ,  2 ,  1277219 ,  0 ,  195 ,  27.32 ,  0.04 ,  5.56
27 ,  2 ,  1277260 ,  0 ,  195 ,  27.21 ,  0.04 ,  5.56
27 ,  2 ,  1277304 ,  0 ,  195 ,  27.21 ,  0.04 ,  5.46
27 ,  2 ,  1277347 ,  0 ,  195 ,  27.10 ,  0.04 ,  5.46
27 ,  2 ,  1277391 ,  0 ,  195 ,  26.99 ,  0.05 ,  5.46
27 ,  2 ,  1277434 ,  0 ,  195 ,  26.99 ,  0.04 ,  5.46
27 ,  2 ,  1277478 ,  0 ,  195 ,  26.88 ,  0.04 ,  5.46
27 ,  2 ,  1277521 ,  0 ,  195 ,  26.77 ,  0.04 ,  5.36
27 ,  2 ,  1277565 ,  0 ,  195 ,  26.66 ,  0.04 ,  5.36
27 ,  2 ,  1277608 ,  0 ,  195 ,  26.66 ,  0.04 ,  5.36
27 ,  2 ,  1277655 ,  0 ,  195 ,  26.66 ,  0.04 ,  5.36
27 ,  2 ,  1277698 ,  0 ,  195 ,  26.55 ,  0.04 ,  5.26
27 ,  2 ,  1277742 ,  0 ,  195 ,  26.43 ,  0.04 ,  5.26
27 ,  2 ,  1277785 ,  0 ,  195 ,  26.32 ,  0.04 ,  5.26
27 ,  2 ,  1277829 ,  0 ,  195 ,  26.21 ,  0.04 ,  5.26
27 ,  2 ,  1277872 ,  0 ,  195 ,  26.21 ,  0.04 ,  5.16
27 ,  2 ,  1277916 ,  0 ,  195 ,  25.99 ,  0.04 ,  5.16
27 ,  2 ,  1277959 ,  0 ,  195 ,  25.99 ,  0.04 ,  5.16
27 ,  2 ,  1278003 ,  0 ,  195 ,  25.88 ,  0.04 ,  5.16
27 ,  2 ,  1278048 ,  0 ,  195 ,  25.88 ,  0.04 ,  5.16
27 ,  2 ,  1278092 ,  0 ,  195 ,  25.66 ,  0.04 ,  5.06
27 ,  2 ,  1278136 ,  0 ,  195 ,  25.66 ,  0.04 ,  5.06
27 ,  2 ,  1278179 ,  0 ,  195 ,  25.66 ,  0.04 ,  5.06
27 ,  2 ,  1278223 ,  0 ,  195 ,  25.55 ,  0.04 ,  4.96
27 ,  2 ,  1278266 ,  0 ,  195 ,  25.44 ,  0.03 ,  4.96
27 ,  2 ,  1278310 ,  0 ,  195 ,  25.33 ,  0.03 ,  4.96
27 ,  2 ,  1278353 ,  0 ,  195 ,  25.33 ,  0.04 ,  4.96
27 ,  2 ,  1278406 ,  0 ,  195 ,  25.22 ,  0.04 ,  4.86
27 ,  2 ,  1278452 ,  0 ,  195 ,  25.11 ,  0.04 ,  4.86
27 ,  2 ,  1278496 ,  0 ,  195 ,  25.11 ,  0.04 ,  4.86
27 ,  2 ,  1278539 ,  0 ,  195 ,  25.00 ,  0.04 ,  4.86
27 ,  2 ,  1278583 ,  0 ,  195 ,  24.89 ,  0.04 ,  4.86
27 ,  2 ,  1278626 ,  0 ,  195 ,  24.78 ,  0.03 ,  4.76
27 ,  2 ,  1278670 ,  0 ,  195 ,  24.67 ,  0.04 ,  4.76
27 ,  2 ,  1278713 ,  0 ,  195 ,  24.67 ,  0.04 ,  4.76
27 ,  2 ,  1278756 ,  0 ,  195 ,  24.56 ,  0.03 ,  4.76
27 ,  2 ,  1278800 ,  0 ,  195 ,  24.56 ,  0.04 ,  4.76
27 ,  2 ,  1278846 ,  0 ,  195 ,  24.45 ,  0.04 ,  4.66
27 ,  2 ,  1278889 ,  0 ,  195 ,  24.34 ,  0.04 ,  4.66
27 ,  2 ,  1278934 ,  0 ,  195 ,  24.34 ,  0.04 ,  4.66
27 ,  2 ,  1278977 ,  0 ,  195 ,  24.23 ,  0.04 ,  4.66
27 ,  2 ,  1279021 ,  0 ,  195 ,  24.12 ,  0.04 ,  4.56
27 ,  2 ,  1279064 ,  0 ,  195 ,  24.01 ,  0.04 ,  4.56
27 ,  2 ,  1279108 ,  0 ,  195 ,  24.01 ,  0.03 ,  4.56
27 ,  2 ,  1279151 ,  0 ,  195 ,  23.90 ,  0.04 ,  4.56
27 ,  2 ,  1279194 ,  0 ,  195 ,  23.90 ,  0.03 ,  4.56
27 ,  2 ,  1279240 ,  0 ,  195 ,  23.79 ,  0.04 ,  4.46
27 ,  2 ,  1279284 ,  0 ,  195 ,  23.68 ,  0.04 ,  4.46
27 ,  2 ,  1279327 ,  0 ,  195 ,  23.57 ,  0.04 ,  4.46
27 ,  2 ,  1279371 ,  0 ,  195 ,  23.57 ,  0.03 ,  4.46
27 ,  2 ,  1279414 ,  0 ,  195 ,  23.46 ,  0.04 ,  4.46
27 ,  2 ,  1279458 ,  0 ,  195 ,  23.46 ,  0.03 ,  4.37
27 ,  2 ,  1279501 ,  0 ,  195 ,  23.35 ,  0.03 ,  4.37
27 ,  2 ,  1279545 ,  0 ,  195 ,  23.24 ,  0.03 ,  4.37
27 ,  2 ,  1279588 ,  0 ,  195 ,  23.24 ,  0.04 ,  4.37
27 ,  2 ,  1279634 ,  0 ,  195 ,  23.13 ,  0.04 ,  4.37
27 ,  2 ,  1279677 ,  0 ,  195 ,  23.02 ,  0.03 ,  4.27
27 ,  2 ,  1279721 ,  0 ,  195 ,  23.02 ,  0.03 ,  4.27
27 ,  2 ,  1279764 ,  0 ,  195 ,  22.91 ,  0.04 ,  4.27
27 ,  2 ,  1279808 ,  0 ,  195 ,  22.91 ,  0.04 ,  4.27
27 ,  2 ,  1279851 ,  0 ,  195 ,  22.80 ,  0.03 ,  4.27
27 ,  2 ,  1279895 ,  0 ,  195 ,  22.69 ,  0.03 ,  4.27
27 ,  2 ,  1279938 ,  0 ,  195 ,  22.69 ,  0.03 ,  4.17
27 ,  2 ,  1279982 ,  0 ,  195 ,  22.58 ,  0.03 ,  4.17
27 ,  2 ,  1280027 ,  0 ,  195 ,  22.47 ,  0.04 ,  4.07
27 ,  2 ,  1280071 ,  0 ,  195 ,  22.47 ,  0.03 ,  4.17
27 ,  2 ,  1280114 ,  0 ,  195 ,  22.36 ,  0.04 ,  4.17
27 ,  2 ,  1280158 ,  0 ,  195 ,  22.25 ,  0.04 ,  4.07
27 ,  2 ,  1280201 ,  0 ,  195 ,  22.25 ,  0.04 ,  4.07
27 ,  2 ,  1280245 ,  0 ,  195 ,  22.14 ,  0.03 ,  4.07
27 ,  2 ,  1280288 ,  0 ,  195 ,  22.14 ,  0.03 ,  4.07
27 ,  2 ,  1280332 ,  0 ,  195 ,  22.03 ,  0.04 ,  4.07
27 ,  2 ,  1280375 ,  0 ,  195 ,  22.03 ,  0.03 ,  4.07
27 ,  2 ,  1280421 ,  0 ,  195 ,  21.92 ,  0.03 ,  3.97
27 ,  2 ,  1280464 ,  0 ,  195 ,  21.81 ,  0.03 ,  3.97
27 ,  2 ,  1280508 ,  0 ,  195 ,  21.70 ,  0.03 ,  3.97
27 ,  2 ,  1280551 ,  0 ,  195 ,  21.70 ,  0.03 ,  3.97
27 ,  2 ,  1280595 ,  0 ,  195 ,  21.59 ,  0.04 ,  3.87
27 ,  2 ,  1280638 ,  0 ,  195 ,  21.59 ,  0.03 ,  3.87
27 ,  2 ,  1280683 ,  0 ,  195 ,  21.48 ,  0.03 ,  3.87
27 ,  2 ,  1280726 ,  0 ,  195 ,  21.37 ,  0.03 ,  3.87
27 ,  2 ,  1280770 ,  0 ,  195 ,  21.37 ,  0.04 ,  3.77
27 ,  2 ,  1280815 ,  0 ,  195 ,  21.26 ,  0.03 ,  3.87
27 ,  2 ,  1280859 ,  0 ,  195 ,  21.15 ,  0.03 ,  3.77
27 ,  2 ,  1280902 ,  0 ,  195 ,  21.15 ,  0.03 ,  3.77
27 ,  2 ,  1280946 ,  0 ,  195 ,  21.04 ,  0.03 ,  3.77
27 ,  2 ,  1280989 ,  0 ,  195 ,  21.04 ,  0.03 ,  3.77
27 ,  2 ,  1281033 ,  0 ,  195 ,  21.04 ,  0.03 ,  3.77
27 ,  2 ,  1281076 ,  0 ,  195 ,  20.93 ,  0.03 ,  3.77
27 ,  2 ,  1281120 ,  0 ,  195 ,  20.82 ,  0.03 ,  3.77
27 ,  2 ,  1281163 ,  0 ,  195 ,  20.82 ,  0.03 ,  3.77
27 ,  2 ,  1281209 ,  0 ,  195 ,  20.71 ,  0.03 ,  3.67
27 ,  2 ,  1281252 ,  0 ,  195 ,  20.60 ,  0.03 ,  3.67
27 ,  2 ,  1281296 ,  0 ,  195 ,  20.60 ,  0.03 ,  3.67
27 ,  2 ,  1281339 ,  0 ,  195 ,  20.49 ,  0.03 ,  3.67
27 ,  2 ,  1281383 ,  0 ,  195 ,  20.49 ,  0.03 ,  3.67
27 ,  2 ,  1281426 ,  0 ,  195 ,  20.38 ,  0.03 ,  3.67
27 ,  2 ,  1281470 ,  0 ,  195 ,  20.27 ,  0.03 ,  3.57
27 ,  2 ,  1281513 ,  0 ,  195 ,  20.16 ,  0.04 ,  3.57
27 ,  2 ,  1281557 ,  0 ,  195 ,  20.16 ,  0.03 ,  3.57
27 ,  2 ,  1281602 ,  0 ,  195 ,  20.16 ,  0.03 ,  3.57
27 ,  2 ,  1281646 ,  0 ,  195 ,  20.05 ,  0.03 ,  3.57
27 ,  2 ,  1281689 ,  0 ,  195 ,  20.05 ,  0.03 ,  3.57
27 ,  2 ,  1281733 ,  0 ,  195 ,  19.94 ,  0.03 ,  3.47
27 ,  2 ,  1281776 ,  0 ,  195 ,  19.83 ,  0.03 ,  3.47
27 ,  2 ,  1281820 ,  0 ,  195 ,  19.83 ,  0.03 ,  3.47
27 ,  2 ,  1281863 ,  0 ,  195 ,  19.72 ,  0.03 ,  3.47
27 ,  2 ,  1281907 ,  0 ,  195 ,  19.72 ,  0.03 ,  3.47
27 ,  2 ,  1281950 ,  0 ,  195 ,  19.61 ,  0.03 ,  3.37
27 ,  2 ,  1281996 ,  0 ,  195 ,  19.50 ,  0.03 ,  3.37
27 ,  2 ,  1282040 ,  0 ,  195 ,  19.50 ,  0.03 ,  3.37
27 ,  2 ,  1282083 ,  0 ,  195 ,  19.39 ,  0.03 ,  3.37
27 ,  2 ,  1282126 ,  0 ,  195 ,  19.39 ,  0.03 ,  3.37
27 ,  2 ,  1282170 ,  0 ,  195 ,  19.28 ,  0.03 ,  3.37
27 ,  2 ,  1282213 ,  0 ,  195 ,  19.17 ,  0.03 ,  3.37
27 ,  2 ,  1282257 ,  0 ,  195 ,  19.17 ,  0.03 ,  3.37
27 ,  2 ,  1282300 ,  0 ,  195 ,  19.17 ,  0.03 ,  3.27
27 ,  2 ,  1282345 ,  0 ,  195 ,  19.06 ,  0.03 ,  3.27
27 ,  2 ,  1282391 ,  0 ,  195 ,  19.06 ,  0.03 ,  3.27
27 ,  2 ,  1282435 ,  0 ,  195 ,  18.95 ,  0.03 ,  3.27
27 ,  2 ,  1282478 ,  0 ,  195 ,  18.84 ,  0.03 ,  3.27
27 ,  2 ,  1282522 ,  0 ,  195 ,  18.84 ,  0.03 ,  3.27
27 ,  2 ,  1282565 ,  0 ,  195 ,  18.73 ,  0.03 ,  3.17
27 ,  2 ,  1282609 ,  0 ,  195 ,  18.73 ,  0.03 ,  3.17
27 ,  2 ,  1282652 ,  0 ,  195 ,  18.62 ,  0.03 ,  3.17
27 ,  2 ,  1282696 ,  0 ,  195 ,  18.62 ,  0.03 ,  3.17
27 ,  2 ,  1282739 ,  0 ,  195 ,  18.51 ,  0.03 ,  3.17
27 ,  2 ,  1282785 ,  0 ,  195 ,  18.51 ,  0.03 ,  3.17
27 ,  2 ,  1282828 ,  0 ,  195 ,  18.40 ,  0.03 ,  3.17
27 ,  2 ,  1282872 ,  0 ,  195 ,  18.40 ,  0.03 ,  3.17
27 ,  2 ,  1282916 ,  0 ,  195 ,  18.29 ,  0.03 ,  3.08
27 ,  2 ,  1282959 ,  0 ,  195 ,  18.29 ,  0.03 ,  3.08
27 ,  2 ,  1283003 ,  0 ,  195 ,  18.29 ,  0.03 ,  3.08
27 ,  2 ,  1283046 ,  0 ,  195 ,  18.18 ,  0.04 ,  3.08
27 ,  2 ,  1283090 ,  0 ,  195 ,  18.07 ,  0.03 ,  3.08
27 ,  2 ,  1283133 ,  0 ,  195 ,  18.07 ,  0.03 ,  3.08
27 ,  2 ,  1283179 ,  0 ,  195 ,  17.96 ,  0.03 ,  3.08
27 ,  2 ,  1283223 ,  0 ,  195 ,  17.96 ,  0.04 ,  2.98
27 ,  2 ,  1283266 ,  0 ,  195 ,  17.85 ,  0.03 ,  2.98
27 ,  2 ,  1283310 ,  0 ,  195 ,  17.85 ,  0.03 ,  2.98
27 ,  2 ,  1283354 ,  0 ,  195 ,  17.85 ,  0.03 ,  2.98
27 ,  2 ,  1283397 ,  0 ,  195 ,  17.73 ,  0.03 ,  2.98
27 ,  2 ,  1283441 ,  0 ,  195 ,  17.62 ,  0.03 ,  2.98
27 ,  2 ,  1283484 ,  0 ,  195 ,  17.62 ,  0.03 ,  2.98
27 ,  2 ,  1283528 ,  0 ,  195 ,  17.51 ,  0.03 ,  2.88
27 ,  2 ,  1283574 ,  0 ,  195 ,  17.40 ,  0.04 ,  2.88
27 ,  2 ,  1283617 ,  0 ,  195 ,  17.40 ,  0.03 ,  2.88
27 ,  2 ,  1283661 ,  0 ,  195 ,  17.40 ,  0.03 ,  2.88
27 ,  2 ,  1283704 ,  0 ,  195 ,  17.29 ,  0.03 ,  2.88
27 ,  2 ,  1283748 ,  0 ,  195 ,  17.29 ,  0.03 ,  2.88
27 ,  2 ,  1283791 ,  0 ,  195 ,  17.29 ,  0.04 ,  2.88
27 ,  2 ,  1283835 ,  0 ,  195 ,  17.18 ,  0.03 ,  2.88
27 ,  2 ,  1283879 ,  0 ,  195 ,  17.07 ,  0.03 ,  2.78
27 ,  2 ,  1283922 ,  0 ,  195 ,  17.07 ,  0.03 ,  2.78
27 ,  2 ,  1283976 ,  0 ,  195 ,  17.07 ,  0.03 ,  2.78
27 ,  2 ,  1284020 ,  0 ,  195 ,  16.85 ,  0.03 ,  2.78
27 ,  2 ,  1284063 ,  0 ,  195 ,  16.85 ,  0.03 ,  2.78
27 ,  2 ,  1284107 ,  0 ,  195 ,  16.85 ,  0.03 ,  2.78
27 ,  2 ,  1284151 ,  0 ,  195 ,  16.85 ,  0.03 ,  2.78
27 ,  2 ,  1284194 ,  0 ,  195 ,  16.74 ,  0.03 ,  2.78
27 ,  2 ,  1284238 ,  0 ,  195 ,  16.63 ,  0.03 ,  2.68
27 ,  2 ,  1284282 ,  0 ,  195 ,  16.63 ,  0.03 ,  2.68
27 ,  2 ,  1284325 ,  0 ,  195 ,  16.63 ,  0.03 ,  2.68
27 ,  2 ,  1284371 ,  0 ,  195 ,  16.52 ,  0.03 ,  2.68
27 ,  2 ,  1284415 ,  0 ,  195 ,  16.52 ,  0.03 ,  2.68
27 ,  2 ,  1284458 ,  0 ,  195 ,  16.41 ,  0.03 ,  2.68
27 ,  2 ,  1284502 ,  0 ,  195 ,  16.30 ,  0.03 ,  2.68
27 ,  2 ,  1284545 ,  0 ,  195 ,  16.30 ,  0.03 ,  2.68
27 ,  2 ,  1284589 ,  0 ,  195 ,  16.30 ,  0.03 ,  2.58
27 ,  2 ,  1284632 ,  0 ,  195 ,  16.19 ,  0.03 ,  2.58
27 ,  2 ,  1284676 ,  0 ,  195 ,  16.19 ,  0.03 ,  2.58
27 ,  2 ,  1284719 ,  0 ,  195 ,  16.19 ,  0.03 ,  2.58
27 ,  2 ,  1284765 ,  0 ,  195 ,  16.08 ,  0.03 ,  2.58
27 ,  2 ,  1284809 ,  0 ,  195 ,  15.97 ,  0.03 ,  2.58
27 ,  2 ,  1284852 ,  0 ,  195 ,  15.97 ,  0.03 ,  2.58
27 ,  2 ,  1284896 ,  0 ,  195 ,  15.97 ,  0.03 ,  2.58
27 ,  2 ,  1284939 ,  0 ,  195 ,  15.86 ,  0.03 ,  2.58
27 ,  2 ,  1284983 ,  0 ,  195 ,  15.86 ,  0.03 ,  2.58
27 ,  2 ,  1285026 ,  0 ,  195 ,  15.75 ,  0.03 ,  2.48
27 ,  2 ,  1285070 ,  0 ,  195 ,  15.75 ,  0.03 ,  2.48
27 ,  2 ,  1285113 ,  0 ,  195 ,  15.64 ,  0.03 ,  2.48
27 ,  2 ,  1285159 ,  0 ,  195 ,  15.64 ,  0.03 ,  2.48
27 ,  2 ,  1285202 ,  0 ,  195 ,  15.64 ,  0.03 ,  2.48
27 ,  2 ,  1285246 ,  0 ,  195 ,  15.53 ,  0.03 ,  2.48
27 ,  2 ,  1285289 ,  0 ,  195 ,  15.53 ,  0.03 ,  2.48
27 ,  2 ,  1285334 ,  0 ,  195 ,  15.53 ,  0.03 ,  2.48
27 ,  2 ,  1285377 ,  0 ,  195 ,  15.42 ,  0.03 ,  2.48
27 ,  2 ,  1285421 ,  0 ,  195 ,  15.42 ,  0.03 ,  2.48
27 ,  2 ,  1285464 ,  0 ,  195 ,  15.31 ,  0.03 ,  2.38
27 ,  2 ,  1285508 ,  0 ,  195 ,  15.20 ,  0.03 ,  2.38
27 ,  2 ,  1285554 ,  0 ,  195 ,  15.20 ,  0.03 ,  2.38
27 ,  2 ,  1285597 ,  0 ,  195 ,  15.20 ,  0.03 ,  2.38
27 ,  2 ,  1285641 ,  0 ,  195 ,  15.09 ,  0.03 ,  2.38
27 ,  2 ,  1285684 ,  0 ,  195 ,  15.09 ,  0.03 ,  2.28
27 ,  2 ,  1285728 ,  0 ,  195 ,  15.09 ,  0.03 ,  2.38
27 ,  2 ,  1285771 ,  0 ,  195 ,  14.98 ,  0.03 ,  2.38
27 ,  2 ,  1285815 ,  0 ,  195 ,  14.98 ,  0.03 ,  2.38
27 ,  2 ,  1285858 ,  0 ,  195 ,  14.87 ,  0.03 ,  2.38
27 ,  2 ,  1285902 ,  0 ,  195 ,  14.87 ,  0.03 ,  2.28
27 ,  2 ,  1285947 ,  0 ,  195 ,  14.76 ,  0.03 ,  2.28
27 ,  2 ,  1285991 ,  0 ,  195 ,  14.76 ,  0.03 ,  2.28
27 ,  2 ,  1286034 ,  0 ,  195 ,  14.76 ,  0.03 ,  2.28
27 ,  2 ,  1286078 ,  0 ,  195 ,  14.65 ,  0.03 ,  2.28
27 ,  2 ,  1286121 ,  0 ,  195 ,  14.65 ,  0.03 ,  2.28
27 ,  2 ,  1286165 ,  0 ,  195 ,  14.54 ,  0.03 ,  2.28
27 ,  2 ,  1286208 ,  0 ,  195 ,  14.54 ,  0.03 ,  2.28
27 ,  2 ,  1286252 ,  0 ,  195 ,  14.54 ,  0.03 ,  2.28
27 ,  2 ,  1286296 ,  0 ,  195 ,  14.43 ,  0.03 ,  2.28
27 ,  2 ,  1286342 ,  0 ,  195 ,  14.43 ,  0.03 ,  2.28
27 ,  2 ,  1286385 ,  0 ,  195 ,  14.32 ,  0.03 ,  2.18
27 ,  2 ,  1286429 ,  0 ,  195 ,  14.32 ,  0.03 ,  2.18
27 ,  2 ,  1286472 ,  0 ,  195 ,  14.32 ,  0.03 ,  2.18
27 ,  2 ,  1286525 ,  0 ,  195 ,  14.32 ,  0.03 ,  2.18
27 ,  2 ,  1286569 ,  0 ,  195 ,  14.21 ,  0.03 ,  2.18
27 ,  2 ,  1286612 ,  0 ,  195 ,  14.21 ,  0.03 ,  2.18
27 ,  2 ,  1286657 ,  0 ,  195 ,  14.10 ,  0.03 ,  2.18
27 ,  2 ,  1286700 ,  0 ,  195 ,  13.99 ,  0.03 ,  2.18
27 ,  2 ,  1286746 ,  0 ,  195 ,  14.10 ,  0.03 ,  2.08
27 ,  2 ,  1286790 ,  0 ,  195 ,  13.99 ,  0.03 ,  2.18
27 ,  2 ,  1286833 ,  0 ,  195 ,  13.99 ,  0.03 ,  2.18
27 ,  2 ,  1286877 ,  0 ,  195 ,  13.88 ,  0.03 ,  2.18
27 ,  2 ,  1286920 ,  0 ,  195 ,  13.88 ,  0.03 ,  2.08
27 ,  2 ,  1286964 ,  0 ,  195 ,  13.77 ,  0.03 ,  2.08
27 ,  2 ,  1287007 ,  0 ,  195 ,  13.77 ,  0.03 ,  2.08
27 ,  2 ,  1287051 ,  0 ,  195 ,  13.77 ,  0.03 ,  2.08
27 ,  2 ,  1287094 ,  0 ,  195 ,  13.77 ,  0.03 ,  2.08
27 ,  2 ,  1287140 ,  0 ,  195 ,  13.66 ,  0.03 ,  2.08
27 ,  2 ,  1287183 ,  0 ,  195 ,  13.66 ,  0.03 ,  2.08
27 ,  2 ,  1287227 ,  0 ,  195 ,  13.55 ,  0.03 ,  2.08
27 ,  2 ,  1287270 ,  0 ,  195 ,  13.55 ,  0.03 ,  2.08
27 ,  2 ,  1287314 ,  0 ,  195 ,  13.44 ,  0.03 ,  2.08
27 ,  2 ,  1287357 ,  0 ,  195 ,  13.44 ,  0.03 ,  2.08
27 ,  2 ,  1287401 ,  0 ,  195 ,  13.44 ,  0.03 ,  2.08
27 ,  2 ,  1287444 ,  0 ,  195 ,  13.44 ,  0.03 ,  1.98
