MS, MPT, t (s), PWMi, PWMe, Pressure (Psi), LW (V), Displacement (mm)
27 ,  3 ,  1287532 ,  0 ,  195 ,  13.33 ,  0.03 ,  1.98
27 ,  3 ,  1287573 ,  255 ,  0 ,  13.22 ,  0.03 ,  1.98
27 ,  3 ,  1287615 ,  255 ,  0 ,  16.30 ,  0.03 ,  1.98
27 ,  3 ,  1287657 ,  255 ,  0 ,  31.83 ,  0.06 ,  4.07
27 ,  3 ,  1287699 ,  255 ,  0 ,  45.71 ,  0.12 ,  7.44
27 ,  3 ,  1287740 ,  255 ,  0 ,  55.07 ,  0.20 ,  10.81
27 ,  3 ,  1287782 ,  255 ,  0 ,  61.46 ,  0.28 ,  13.39
27 ,  3 ,  1287824 ,  255 ,  0 ,  65.97 ,  0.34 ,  15.28
27 ,  3 ,  1287868 ,  255 ,  0 ,  69.60 ,  0.39 ,  16.77
27 ,  3 ,  1287909 ,  255 ,  0 ,  72.25 ,  0.43 ,  17.76
27 ,  3 ,  1287951 ,  255 ,  0 ,  74.45 ,  0.46 ,  18.55
27 ,  3 ,  1287992 ,  255 ,  0 ,  76.32 ,  0.49 ,  19.15
27 ,  3 ,  1288034 ,  255 ,  0 ,  77.97 ,  0.51 ,  19.84
27 ,  3 ,  1288075 ,  255 ,  0 ,  79.52 ,  0.53 ,  20.24
27 ,  3 ,  1288117 ,  255 ,  0 ,  80.84 ,  0.54 ,  20.64
27 ,  3 ,  1288158 ,  255 ,  0 ,  82.16 ,  0.55 ,  21.03
27 ,  3 ,  1288200 ,  255 ,  0 ,  83.26 ,  0.56 ,  21.33
27 ,  3 ,  1288244 ,  255 ,  0 ,  84.36 ,  0.57 ,  21.63
27 ,  3 ,  1288285 ,  255 ,  0 ,  85.35 ,  0.57 ,  21.93
27 ,  3 ,  1288327 ,  255 ,  0 ,  86.23 ,  0.58 ,  22.22
27 ,  3 ,  1288368 ,  255 ,  0 ,  87.12 ,  0.58 ,  22.42
27 ,  3 ,  1288410 ,  255 ,  0 ,  87.89 ,  0.58 ,  22.72
27 ,  3 ,  1288451 ,  255 ,  0 ,  88.66 ,  0.59 ,  22.82
27 ,  3 ,  1288493 ,  255 ,  0 ,  89.43 ,  0.59 ,  23.02
27 ,  3 ,  1288535 ,  255 ,  0 ,  89.98 ,  0.59 ,  23.22
27 ,  3 ,  1288576 ,  255 ,  0 ,  90.64 ,  0.59 ,  23.32
27 ,  3 ,  1288620 ,  255 ,  0 ,  91.19 ,  0.59 ,  23.51
27 ,  3 ,  1288660 ,  255 ,  0 ,  91.74 ,  0.60 ,  23.61
27 ,  3 ,  1288702 ,  255 ,  0 ,  92.18 ,  0.60 ,  23.71
27 ,  3 ,  1288743 ,  255 ,  0 ,  92.73 ,  0.60 ,  23.81
27 ,  3 ,  1288785 ,  255 ,  0 ,  93.17 ,  0.60 ,  24.01
27 ,  3 ,  1288827 ,  255 ,  0 ,  93.61 ,  0.60 ,  24.01
27 ,  3 ,  1288868 ,  255 ,  0 ,  93.83 ,  0.60 ,  24.11
27 ,  3 ,  1288910 ,  255 ,  0 ,  94.16 ,  0.60 ,  24.21
27 ,  3 ,  1288953 ,  255 ,  0 ,  94.60 ,  0.60 ,  24.31
27 ,  3 ,  1288995 ,  255 ,  0 ,  94.82 ,  0.60 ,  24.31
27 ,  3 ,  1289036 ,  255 ,  0 ,  95.04 ,  0.60 ,  24.41
27 ,  3 ,  1289078 ,  255 ,  0 ,  95.26 ,  0.60 ,  24.51
27 ,  3 ,  1289120 ,  255 ,  0 ,  95.37 ,  0.61 ,  24.51
27 ,  3 ,  1289161 ,  255 ,  0 ,  95.59 ,  0.60 ,  24.51
27 ,  3 ,  1289203 ,  255 ,  0 ,  95.70 ,  0.61 ,  24.61
27 ,  3 ,  1289244 ,  255 ,  0 ,  95.82 ,  0.61 ,  24.71
27 ,  3 ,  1289286 ,  255 ,  0 ,  95.93 ,  0.61 ,  24.71
27 ,  3 ,  1289325 ,  255 ,  0 ,  96.04 ,  0.61 ,  24.71
27 ,  3 ,  1289367 ,  255 ,  0 ,  96.04 ,  0.61 ,  24.71
27 ,  3 ,  1289408 ,  255 ,  0 ,  96.15 ,  0.60 ,  24.80
27 ,  3 ,  1289450 ,  255 ,  0 ,  96.15 ,  0.61 ,  24.80
27 ,  3 ,  1289491 ,  255 ,  0 ,  96.15 ,  0.61 ,  24.80
27 ,  3 ,  1289533 ,  255 ,  0 ,  96.15 ,  0.61 ,  24.80
27 ,  3 ,  1289575 ,  255 ,  0 ,  96.26 ,  0.61 ,  24.80
27 ,  3 ,  1289616 ,  255 ,  0 ,  96.15 ,  0.61 ,  24.90
27 ,  3 ,  1289658 ,  255 ,  0 ,  96.26 ,  0.61 ,  24.90
27 ,  3 ,  1289701 ,  255 ,  0 ,  96.26 ,  0.61 ,  24.90
27 ,  3 ,  1289743 ,  255 ,  0 ,  96.26 ,  0.61 ,  24.90
27 ,  3 ,  1289784 ,  255 ,  0 ,  96.26 ,  0.61 ,  24.90
27 ,  3 ,  1289826 ,  255 ,  0 ,  96.26 ,  0.61 ,  25.00
27 ,  3 ,  1289868 ,  255 ,  0 ,  96.26 ,  0.61 ,  24.90
27 ,  3 ,  1289909 ,  255 ,  0 ,  96.26 ,  0.61 ,  25.00
27 ,  3 ,  1289951 ,  255 ,  0 ,  96.26 ,  0.61 ,  25.00
27 ,  3 ,  1289992 ,  255 ,  0 ,  96.26 ,  0.61 ,  25.00
27 ,  3 ,  1290034 ,  255 ,  0 ,  96.26 ,  0.61 ,  25.00
27 ,  3 ,  1290078 ,  255 ,  0 ,  96.26 ,  0.61 ,  25.00
27 ,  3 ,  1290119 ,  255 ,  0 ,  96.26 ,  0.61 ,  25.00
27 ,  3 ,  1290161 ,  255 ,  0 ,  96.26 ,  0.61 ,  25.00
27 ,  3 ,  1290202 ,  255 ,  0 ,  96.26 ,  0.61 ,  25.00
27 ,  3 ,  1290244 ,  255 ,  0 ,  96.26 ,  0.61 ,  25.00
27 ,  3 ,  1290285 ,  255 ,  0 ,  96.26 ,  0.61 ,  25.00
27 ,  3 ,  1290327 ,  255 ,  0 ,  96.26 ,  0.61 ,  25.10
27 ,  3 ,  1290369 ,  255 ,  0 ,  96.26 ,  0.61 ,  25.10
27 ,  3 ,  1290409 ,  255 ,  0 ,  96.26 ,  0.61 ,  25.10
27 ,  3 ,  1290454 ,  255 ,  0 ,  96.15 ,  0.61 ,  25.10
27 ,  3 ,  1290496 ,  0 ,  195 ,  96.15 ,  0.61 ,  25.10
27 ,  3 ,  1290536 ,  0 ,  195 ,  94.38 ,  0.61 ,  25.10
27 ,  3 ,  1290578 ,  0 ,  195 ,  89.87 ,  0.60 ,  24.80
27 ,  3 ,  1290619 ,  0 ,  195 ,  85.90 ,  0.60 ,  24.21
27 ,  3 ,  1290661 ,  0 ,  195 ,  82.49 ,  0.59 ,  23.71
27 ,  3 ,  1290702 ,  0 ,  195 ,  79.74 ,  0.59 ,  23.22
27 ,  3 ,  1290744 ,  0 ,  195 ,  77.31 ,  0.58 ,  22.72
27 ,  3 ,  1290786 ,  0 ,  195 ,  75.33 ,  0.58 ,  22.32
27 ,  3 ,  1290829 ,  0 ,  195 ,  73.57 ,  0.57 ,  21.93
27 ,  3 ,  1290871 ,  0 ,  195 ,  72.14 ,  0.56 ,  21.53
27 ,  3 ,  1290912 ,  0 ,  195 ,  70.82 ,  0.55 ,  21.23
27 ,  3 ,  1290954 ,  0 ,  195 ,  69.71 ,  0.54 ,  20.94
27 ,  3 ,  1290995 ,  0 ,  195 ,  68.83 ,  0.53 ,  20.74
27 ,  3 ,  1291037 ,  0 ,  195 ,  67.95 ,  0.52 ,  20.44
27 ,  3 ,  1291079 ,  0 ,  195 ,  67.18 ,  0.52 ,  20.24
27 ,  3 ,  1291120 ,  0 ,  195 ,  66.52 ,  0.51 ,  20.04
27 ,  3 ,  1291164 ,  0 ,  195 ,  65.97 ,  0.50 ,  19.94
27 ,  3 ,  1291205 ,  0 ,  195 ,  65.42 ,  0.49 ,  19.74
27 ,  3 ,  1291247 ,  0 ,  195 ,  64.98 ,  0.49 ,  19.65
27 ,  3 ,  1291288 ,  0 ,  195 ,  64.54 ,  0.48 ,  19.45
27 ,  3 ,  1291330 ,  0 ,  195 ,  64.10 ,  0.48 ,  19.35
27 ,  3 ,  1291372 ,  0 ,  195 ,  63.77 ,  0.47 ,  19.25
27 ,  3 ,  1291413 ,  0 ,  195 ,  63.55 ,  0.46 ,  19.15
27 ,  3 ,  1291455 ,  0 ,  195 ,  63.11 ,  0.46 ,  19.05
27 ,  3 ,  1291496 ,  0 ,  195 ,  62.89 ,  0.45 ,  18.95
27 ,  3 ,  1291540 ,  0 ,  195 ,  62.56 ,  0.45 ,  18.85
27 ,  3 ,  1291581 ,  0 ,  195 ,  62.45 ,  0.45 ,  18.75
27 ,  3 ,  1291654 ,  0 ,  195 ,  62.01 ,  0.44 ,  18.65
27 ,  3 ,  1291695 ,  0 ,  195 ,  61.79 ,  0.43 ,  18.55
27 ,  3 ,  1291737 ,  0 ,  195 ,  61.68 ,  0.43 ,  18.45
27 ,  3 ,  1291778 ,  0 ,  195 ,  61.35 ,  0.43 ,  18.45
27 ,  3 ,  1291820 ,  0 ,  195 ,  61.24 ,  0.43 ,  18.36
27 ,  3 ,  1291860 ,  0 ,  195 ,  61.01 ,  0.43 ,  18.26
27 ,  3 ,  1291902 ,  0 ,  195 ,  60.90 ,  0.42 ,  18.26
27 ,  3 ,  1291947 ,  0 ,  195 ,  60.68 ,  0.42 ,  18.16
27 ,  3 ,  1291987 ,  0 ,  195 ,  60.46 ,  0.42 ,  18.16
27 ,  3 ,  1292029 ,  0 ,  195 ,  60.24 ,  0.42 ,  18.06
27 ,  3 ,  1292070 ,  0 ,  195 ,  60.13 ,  0.41 ,  18.06
27 ,  3 ,  1292112 ,  0 ,  195 ,  60.02 ,  0.41 ,  17.96
27 ,  3 ,  1292153 ,  0 ,  195 ,  59.80 ,  0.41 ,  17.96
27 ,  3 ,  1292195 ,  0 ,  195 ,  59.69 ,  0.41 ,  17.86
27 ,  3 ,  1292236 ,  0 ,  195 ,  59.58 ,  0.40 ,  17.76
27 ,  3 ,  1292278 ,  0 ,  195 ,  59.36 ,  0.40 ,  17.76
27 ,  3 ,  1292321 ,  0 ,  195 ,  59.25 ,  0.39 ,  17.76
27 ,  3 ,  1292363 ,  0 ,  195 ,  59.14 ,  0.40 ,  17.66
27 ,  3 ,  1292405 ,  0 ,  195 ,  59.03 ,  0.40 ,  17.66
27 ,  3 ,  1292446 ,  0 ,  195 ,  58.81 ,  0.39 ,  17.56
27 ,  3 ,  1292488 ,  0 ,  195 ,  58.70 ,  0.39 ,  17.56
27 ,  3 ,  1292529 ,  0 ,  195 ,  58.59 ,  0.39 ,  17.46
27 ,  3 ,  1292571 ,  0 ,  195 ,  58.48 ,  0.38 ,  17.46
27 ,  3 ,  1292612 ,  0 ,  195 ,  58.37 ,  0.38 ,  17.46
27 ,  3 ,  1292654 ,  0 ,  195 ,  58.15 ,  0.38 ,  17.36
27 ,  3 ,  1292697 ,  0 ,  195 ,  58.04 ,  0.38 ,  17.36
27 ,  3 ,  1292739 ,  0 ,  195 ,  57.93 ,  0.38 ,  17.26
27 ,  3 ,  1292781 ,  0 ,  195 ,  57.82 ,  0.37 ,  17.26
27 ,  3 ,  1292822 ,  0 ,  195 ,  57.71 ,  0.37 ,  17.16
27 ,  3 ,  1292864 ,  0 ,  195 ,  57.49 ,  0.37 ,  17.16
27 ,  3 ,  1292905 ,  0 ,  195 ,  57.38 ,  0.37 ,  17.07
27 ,  3 ,  1292947 ,  0 ,  195 ,  57.27 ,  0.37 ,  17.07
27 ,  3 ,  1292988 ,  0 ,  195 ,  57.16 ,  0.37 ,  16.97
27 ,  3 ,  1293030 ,  0 ,  195 ,  57.05 ,  0.36 ,  16.97
27 ,  3 ,  1293073 ,  0 ,  195 ,  56.94 ,  0.36 ,  16.87
27 ,  3 ,  1293115 ,  0 ,  195 ,  56.72 ,  0.36 ,  16.87
27 ,  3 ,  1293157 ,  0 ,  195 ,  56.61 ,  0.35 ,  16.87
27 ,  3 ,  1293198 ,  0 ,  195 ,  56.50 ,  0.36 ,  16.77
27 ,  3 ,  1293240 ,  0 ,  195 ,  56.39 ,  0.35 ,  16.77
27 ,  3 ,  1293281 ,  0 ,  195 ,  56.17 ,  0.35 ,  16.67
27 ,  3 ,  1293323 ,  0 ,  195 ,  56.06 ,  0.35 ,  16.67
27 ,  3 ,  1293364 ,  0 ,  195 ,  55.95 ,  0.35 ,  16.57
27 ,  3 ,  1293408 ,  0 ,  195 ,  55.84 ,  0.34 ,  16.57
27 ,  3 ,  1293449 ,  0 ,  195 ,  55.73 ,  0.34 ,  16.47
27 ,  3 ,  1293491 ,  0 ,  195 ,  55.51 ,  0.34 ,  16.47
27 ,  3 ,  1293533 ,  0 ,  195 ,  55.40 ,  0.34 ,  16.47
27 ,  3 ,  1293574 ,  0 ,  195 ,  55.29 ,  0.34 ,  16.37
27 ,  3 ,  1293616 ,  0 ,  195 ,  55.18 ,  0.34 ,  16.37
27 ,  3 ,  1293657 ,  0 ,  195 ,  55.07 ,  0.33 ,  16.27
27 ,  3 ,  1293699 ,  0 ,  195 ,  54.96 ,  0.33 ,  16.27
27 ,  3 ,  1293740 ,  0 ,  195 ,  54.85 ,  0.33 ,  16.17
27 ,  3 ,  1293784 ,  0 ,  195 ,  54.63 ,  0.33 ,  16.17
27 ,  3 ,  1293825 ,  0 ,  195 ,  54.52 ,  0.33 ,  16.07
27 ,  3 ,  1293867 ,  0 ,  195 ,  54.41 ,  0.32 ,  15.97
27 ,  3 ,  1293907 ,  0 ,  195 ,  54.30 ,  0.32 ,  15.97
27 ,  3 ,  1293949 ,  0 ,  195 ,  54.19 ,  0.32 ,  15.97
27 ,  3 ,  1293991 ,  0 ,  195 ,  53.97 ,  0.31 ,  15.88
27 ,  3 ,  1294032 ,  0 ,  195 ,  53.86 ,  0.31 ,  15.88
27 ,  3 ,  1294074 ,  0 ,  195 ,  53.75 ,  0.31 ,  15.88
27 ,  3 ,  1294115 ,  0 ,  195 ,  53.64 ,  0.31 ,  15.78
27 ,  3 ,  1294159 ,  0 ,  195 ,  53.53 ,  0.31 ,  15.68
27 ,  3 ,  1294200 ,  0 ,  195 ,  53.31 ,  0.30 ,  15.68
27 ,  3 ,  1294242 ,  0 ,  195 ,  53.31 ,  0.31 ,  15.68
27 ,  3 ,  1294284 ,  0 ,  195 ,  53.09 ,  0.30 ,  15.58
27 ,  3 ,  1294325 ,  0 ,  195 ,  52.98 ,  0.30 ,  15.58
27 ,  3 ,  1294367 ,  0 ,  195 ,  52.87 ,  0.30 ,  15.48
27 ,  3 ,  1294408 ,  0 ,  195 ,  52.76 ,  0.30 ,  15.48
27 ,  3 ,  1294450 ,  0 ,  195 ,  52.65 ,  0.29 ,  15.38
27 ,  3 ,  1294491 ,  0 ,  195 ,  52.54 ,  0.29 ,  15.38
27 ,  3 ,  1294535 ,  0 ,  195 ,  52.31 ,  0.29 ,  15.28
27 ,  3 ,  1294576 ,  0 ,  195 ,  52.20 ,  0.29 ,  15.28
27 ,  3 ,  1294618 ,  0 ,  195 ,  52.09 ,  0.28 ,  15.28
27 ,  3 ,  1294659 ,  0 ,  195 ,  51.98 ,  0.28 ,  15.18
27 ,  3 ,  1294701 ,  0 ,  195 ,  51.76 ,  0.28 ,  15.18
27 ,  3 ,  1294743 ,  0 ,  195 ,  51.76 ,  0.28 ,  15.08
27 ,  3 ,  1294784 ,  0 ,  195 ,  51.65 ,  0.28 ,  15.08
27 ,  3 ,  1294826 ,  0 ,  195 ,  51.54 ,  0.28 ,  14.98
27 ,  3 ,  1294867 ,  0 ,  195 ,  51.32 ,  0.28 ,  14.88
27 ,  3 ,  1294911 ,  0 ,  195 ,  51.21 ,  0.27 ,  14.88
27 ,  3 ,  1294952 ,  0 ,  195 ,  51.10 ,  0.27 ,  14.88
27 ,  3 ,  1294994 ,  0 ,  195 ,  50.99 ,  0.26 ,  14.78
27 ,  3 ,  1295035 ,  0 ,  195 ,  50.88 ,  0.27 ,  14.78
27 ,  3 ,  1295077 ,  0 ,  195 ,  50.77 ,  0.26 ,  14.68
27 ,  3 ,  1295118 ,  0 ,  195 ,  50.66 ,  0.26 ,  14.59
27 ,  3 ,  1295160 ,  0 ,  195 ,  50.44 ,  0.26 ,  14.59
27 ,  3 ,  1295202 ,  0 ,  195 ,  50.33 ,  0.26 ,  14.49
27 ,  3 ,  1295243 ,  0 ,  195 ,  50.33 ,  0.26 ,  14.49
27 ,  3 ,  1295287 ,  0 ,  195 ,  50.11 ,  0.25 ,  14.49
27 ,  3 ,  1295328 ,  0 ,  195 ,  50.00 ,  0.25 ,  14.49
27 ,  3 ,  1295370 ,  0 ,  195 ,  49.89 ,  0.25 ,  14.39
27 ,  3 ,  1295412 ,  0 ,  195 ,  49.78 ,  0.25 ,  14.39
27 ,  3 ,  1295454 ,  0 ,  195 ,  49.67 ,  0.24 ,  14.29
27 ,  3 ,  1295495 ,  0 ,  195 ,  49.56 ,  0.24 ,  14.29
27 ,  3 ,  1295537 ,  0 ,  195 ,  49.45 ,  0.24 ,  14.19
27 ,  3 ,  1295578 ,  0 ,  195 ,  49.23 ,  0.24 ,  14.19
27 ,  3 ,  1295622 ,  0 ,  195 ,  49.23 ,  0.24 ,  14.09
27 ,  3 ,  1295664 ,  0 ,  195 ,  49.01 ,  0.24 ,  14.09
27 ,  3 ,  1295705 ,  0 ,  195 ,  48.90 ,  0.23 ,  13.99
27 ,  3 ,  1295747 ,  0 ,  195 ,  48.90 ,  0.23 ,  13.99
27 ,  3 ,  1295788 ,  0 ,  195 ,  48.79 ,  0.23 ,  13.89
27 ,  3 ,  1295830 ,  0 ,  195 ,  48.57 ,  0.23 ,  13.89
27 ,  3 ,  1295870 ,  0 ,  195 ,  48.46 ,  0.23 ,  13.79
27 ,  3 ,  1295912 ,  0 ,  195 ,  48.35 ,  0.22 ,  13.79
27 ,  3 ,  1295953 ,  0 ,  195 ,  48.24 ,  0.22 ,  13.69
27 ,  3 ,  1295997 ,  0 ,  195 ,  48.13 ,  0.22 ,  13.59
27 ,  3 ,  1296039 ,  0 ,  195 ,  48.02 ,  0.22 ,  13.59
27 ,  3 ,  1296080 ,  0 ,  195 ,  47.91 ,  0.22 ,  13.59
27 ,  3 ,  1296122 ,  0 ,  195 ,  47.80 ,  0.22 ,  13.49
27 ,  3 ,  1296163 ,  0 ,  195 ,  47.69 ,  0.22 ,  13.49
27 ,  3 ,  1296205 ,  0 ,  195 ,  47.58 ,  0.22 ,  13.39
27 ,  3 ,  1296246 ,  0 ,  195 ,  47.47 ,  0.21 ,  13.39
27 ,  3 ,  1296288 ,  0 ,  195 ,  47.36 ,  0.21 ,  13.39
27 ,  3 ,  1296329 ,  0 ,  195 ,  47.25 ,  0.21 ,  13.30
27 ,  3 ,  1296373 ,  0 ,  195 ,  47.14 ,  0.21 ,  13.30
27 ,  3 ,  1296415 ,  0 ,  195 ,  46.92 ,  0.21 ,  13.20
27 ,  3 ,  1296456 ,  0 ,  195 ,  46.81 ,  0.21 ,  13.20
27 ,  3 ,  1296498 ,  0 ,  195 ,  46.81 ,  0.20 ,  13.10
27 ,  3 ,  1296539 ,  0 ,  195 ,  46.70 ,  0.20 ,  13.00
27 ,  3 ,  1296581 ,  0 ,  195 ,  46.59 ,  0.20 ,  13.00
27 ,  3 ,  1296622 ,  0 ,  195 ,  46.48 ,  0.20 ,  13.00
27 ,  3 ,  1296664 ,  0 ,  195 ,  46.37 ,  0.20 ,  13.00
27 ,  3 ,  1296706 ,  0 ,  195 ,  46.26 ,  0.19 ,  12.90
27 ,  3 ,  1296749 ,  0 ,  195 ,  46.15 ,  0.20 ,  12.90
27 ,  3 ,  1296791 ,  0 ,  195 ,  46.04 ,  0.19 ,  12.80
27 ,  3 ,  1296832 ,  0 ,  195 ,  45.93 ,  0.19 ,  12.70
27 ,  3 ,  1296874 ,  0 ,  195 ,  45.82 ,  0.19 ,  12.70
27 ,  3 ,  1296915 ,  0 ,  195 ,  45.71 ,  0.19 ,  12.60
27 ,  3 ,  1296957 ,  0 ,  195 ,  45.60 ,  0.18 ,  12.60
27 ,  3 ,  1296999 ,  0 ,  195 ,  45.49 ,  0.18 ,  12.60
27 ,  3 ,  1297040 ,  0 ,  195 ,  45.27 ,  0.18 ,  12.50
27 ,  3 ,  1297082 ,  0 ,  195 ,  45.27 ,  0.18 ,  12.50
27 ,  3 ,  1297125 ,  0 ,  195 ,  45.16 ,  0.18 ,  12.40
27 ,  3 ,  1297167 ,  0 ,  195 ,  45.05 ,  0.18 ,  12.40
27 ,  3 ,  1297208 ,  0 ,  195 ,  44.94 ,  0.17 ,  12.30
27 ,  3 ,  1297250 ,  0 ,  195 ,  44.83 ,  0.18 ,  12.30
27 ,  3 ,  1297292 ,  0 ,  195 ,  44.72 ,  0.17 ,  12.20
27 ,  3 ,  1297333 ,  0 ,  195 ,  44.61 ,  0.17 ,  12.20
27 ,  3 ,  1297375 ,  0 ,  195 ,  44.50 ,  0.17 ,  12.10
27 ,  3 ,  1297416 ,  0 ,  195 ,  44.39 ,  0.17 ,  12.10
27 ,  3 ,  1297458 ,  0 ,  195 ,  44.28 ,  0.17 ,  12.10
27 ,  3 ,  1297502 ,  0 ,  195 ,  44.17 ,  0.16 ,  12.01
27 ,  3 ,  1297543 ,  0 ,  195 ,  44.06 ,  0.16 ,  12.01
27 ,  3 ,  1297585 ,  0 ,  195 ,  43.95 ,  0.16 ,  11.91
27 ,  3 ,  1297626 ,  0 ,  195 ,  43.84 ,  0.16 ,  11.91
27 ,  3 ,  1297668 ,  0 ,  195 ,  43.72 ,  0.16 ,  11.81
27 ,  3 ,  1297709 ,  0 ,  195 ,  43.61 ,  0.16 ,  11.81
27 ,  3 ,  1297751 ,  0 ,  195 ,  43.50 ,  0.16 ,  11.71
27 ,  3 ,  1297792 ,  0 ,  195 ,  43.39 ,  0.15 ,  11.71
27 ,  3 ,  1297836 ,  0 ,  195 ,  43.28 ,  0.15 ,  11.71
27 ,  3 ,  1297878 ,  0 ,  195 ,  43.17 ,  0.15 ,  11.61
27 ,  3 ,  1297918 ,  0 ,  195 ,  43.17 ,  0.15 ,  11.61
27 ,  3 ,  1297960 ,  0 ,  195 ,  43.06 ,  0.15 ,  11.61
27 ,  3 ,  1298001 ,  0 ,  195 ,  42.95 ,  0.15 ,  11.51
27 ,  3 ,  1298043 ,  0 ,  195 ,  42.84 ,  0.14 ,  11.41
27 ,  3 ,  1298084 ,  0 ,  195 ,  42.62 ,  0.15 ,  11.41
27 ,  3 ,  1298126 ,  0 ,  195 ,  42.62 ,  0.15 ,  11.41
27 ,  3 ,  1298167 ,  0 ,  195 ,  42.51 ,  0.14 ,  11.31
27 ,  3 ,  1298211 ,  0 ,  195 ,  42.40 ,  0.14 ,  11.31
27 ,  3 ,  1298253 ,  0 ,  195 ,  42.29 ,  0.14 ,  11.21
27 ,  3 ,  1298294 ,  0 ,  195 ,  42.18 ,  0.14 ,  11.21
27 ,  3 ,  1298336 ,  0 ,  195 ,  42.07 ,  0.14 ,  11.11
27 ,  3 ,  1298378 ,  0 ,  195 ,  41.96 ,  0.13 ,  11.11
27 ,  3 ,  1298419 ,  0 ,  195 ,  41.85 ,  0.13 ,  11.11
27 ,  3 ,  1298461 ,  0 ,  195 ,  41.74 ,  0.13 ,  11.01
27 ,  3 ,  1298503 ,  0 ,  195 ,  41.63 ,  0.13 ,  11.01
27 ,  3 ,  1298544 ,  0 ,  195 ,  41.52 ,  0.13 ,  10.91
27 ,  3 ,  1298588 ,  0 ,  195 ,  41.41 ,  0.13 ,  10.91
27 ,  3 ,  1298630 ,  0 ,  195 ,  41.41 ,  0.13 ,  10.81
27 ,  3 ,  1298671 ,  0 ,  195 ,  41.30 ,  0.12 ,  10.81
27 ,  3 ,  1298713 ,  0 ,  195 ,  41.19 ,  0.12 ,  10.81
27 ,  3 ,  1298755 ,  0 ,  195 ,  41.08 ,  0.12 ,  10.72
27 ,  3 ,  1298796 ,  0 ,  195 ,  40.97 ,  0.12 ,  10.72
27 ,  3 ,  1298838 ,  0 ,  195 ,  40.86 ,  0.12 ,  10.62
27 ,  3 ,  1298880 ,  0 ,  195 ,  40.75 ,  0.12 ,  10.62
27 ,  3 ,  1298921 ,  0 ,  195 ,  40.64 ,  0.12 ,  10.52
27 ,  3 ,  1298965 ,  0 ,  195 ,  40.53 ,  0.12 ,  10.52
27 ,  3 ,  1299007 ,  0 ,  195 ,  40.42 ,  0.12 ,  10.42
27 ,  3 ,  1299049 ,  0 ,  195 ,  40.31 ,  0.12 ,  10.42
27 ,  3 ,  1299090 ,  0 ,  195 ,  40.20 ,  0.11 ,  10.42
27 ,  3 ,  1299132 ,  0 ,  195 ,  40.20 ,  0.11 ,  10.32
27 ,  3 ,  1299173 ,  0 ,  195 ,  39.98 ,  0.11 ,  10.32
27 ,  3 ,  1299216 ,  0 ,  195 ,  39.87 ,  0.11 ,  10.22
27 ,  3 ,  1299257 ,  0 ,  195 ,  39.76 ,  0.11 ,  10.22
27 ,  3 ,  1299299 ,  0 ,  195 ,  39.76 ,  0.11 ,  10.22
27 ,  3 ,  1299352 ,  0 ,  195 ,  39.65 ,  0.11 ,  10.12
27 ,  3 ,  1299405 ,  0 ,  195 ,  39.43 ,  0.10 ,  10.12
27 ,  3 ,  1299449 ,  0 ,  195 ,  39.43 ,  0.10 ,  10.02
27 ,  3 ,  1299493 ,  0 ,  195 ,  39.32 ,  0.10 ,  10.02
27 ,  3 ,  1299537 ,  0 ,  195 ,  39.10 ,  0.10 ,  9.92
27 ,  3 ,  1299580 ,  0 ,  195 ,  39.10 ,  0.10 ,  9.82
27 ,  3 ,  1299624 ,  0 ,  195 ,  38.99 ,  0.10 ,  9.82
27 ,  3 ,  1299668 ,  0 ,  195 ,  38.88 ,  0.10 ,  9.82
27 ,  3 ,  1299713 ,  0 ,  195 ,  38.77 ,  0.10 ,  9.72
27 ,  3 ,  1299759 ,  0 ,  195 ,  38.66 ,  0.11 ,  9.72
27 ,  3 ,  1299802 ,  0 ,  195 ,  38.55 ,  0.10 ,  9.72
27 ,  3 ,  1299846 ,  0 ,  195 ,  38.44 ,  0.10 ,  9.62
27 ,  3 ,  1299889 ,  0 ,  195 ,  38.33 ,  0.10 ,  9.62
27 ,  3 ,  1299933 ,  0 ,  195 ,  38.22 ,  0.09 ,  9.53
27 ,  3 ,  1299976 ,  0 ,  195 ,  38.11 ,  0.09 ,  9.53
27 ,  3 ,  1300020 ,  0 ,  195 ,  38.11 ,  0.09 ,  9.53
27 ,  3 ,  1300063 ,  0 ,  195 ,  38.00 ,  0.10 ,  9.43
27 ,  3 ,  1300107 ,  0 ,  195 ,  37.89 ,  0.09 ,  9.33
27 ,  3 ,  1300153 ,  0 ,  195 ,  37.78 ,  0.09 ,  9.33
27 ,  3 ,  1300196 ,  0 ,  195 ,  37.67 ,  0.10 ,  9.23
27 ,  3 ,  1300240 ,  0 ,  195 ,  37.56 ,  0.09 ,  9.23
27 ,  3 ,  1300283 ,  0 ,  195 ,  37.45 ,  0.09 ,  9.23
27 ,  3 ,  1300327 ,  0 ,  195 ,  37.34 ,  0.09 ,  9.23
27 ,  3 ,  1300370 ,  0 ,  195 ,  37.34 ,  0.09 ,  9.13
27 ,  3 ,  1300414 ,  0 ,  195 ,  37.23 ,  0.09 ,  9.13
27 ,  3 ,  1300457 ,  0 ,  195 ,  37.12 ,  0.09 ,  9.03
27 ,  3 ,  1300501 ,  0 ,  195 ,  37.01 ,  0.09 ,  9.03
27 ,  3 ,  1300547 ,  0 ,  195 ,  36.90 ,  0.09 ,  8.93
27 ,  3 ,  1300590 ,  0 ,  195 ,  36.79 ,  0.08 ,  8.93
27 ,  3 ,  1300634 ,  0 ,  195 ,  36.68 ,  0.08 ,  8.83
27 ,  3 ,  1300677 ,  0 ,  195 ,  36.57 ,  0.08 ,  8.83
27 ,  3 ,  1300721 ,  0 ,  195 ,  36.46 ,  0.08 ,  8.83
27 ,  3 ,  1300765 ,  0 ,  195 ,  36.35 ,  0.08 ,  8.73
27 ,  3 ,  1300808 ,  0 ,  195 ,  36.35 ,  0.08 ,  8.73
27 ,  3 ,  1300852 ,  0 ,  195 ,  36.13 ,  0.08 ,  8.63
27 ,  3 ,  1300895 ,  0 ,  195 ,  36.13 ,  0.08 ,  8.63
27 ,  3 ,  1300941 ,  0 ,  195 ,  36.02 ,  0.08 ,  8.63
27 ,  3 ,  1300984 ,  0 ,  195 ,  35.91 ,  0.08 ,  8.53
27 ,  3 ,  1301028 ,  0 ,  195 ,  35.80 ,  0.08 ,  8.53
27 ,  3 ,  1301072 ,  0 ,  195 ,  35.69 ,  0.07 ,  8.53
27 ,  3 ,  1301115 ,  0 ,  195 ,  35.58 ,  0.08 ,  8.43
27 ,  3 ,  1301159 ,  0 ,  195 ,  35.47 ,  0.08 ,  8.43
27 ,  3 ,  1301202 ,  0 ,  195 ,  35.36 ,  0.07 ,  8.43
27 ,  3 ,  1301246 ,  0 ,  195 ,  35.36 ,  0.07 ,  8.33
27 ,  3 ,  1301292 ,  0 ,  195 ,  35.25 ,  0.07 ,  8.33
27 ,  3 ,  1301336 ,  0 ,  195 ,  35.13 ,  0.07 ,  8.24
27 ,  3 ,  1301380 ,  0 ,  195 ,  35.02 ,  0.07 ,  8.24
27 ,  3 ,  1301423 ,  0 ,  195 ,  34.91 ,  0.07 ,  8.14
27 ,  3 ,  1301467 ,  0 ,  195 ,  34.80 ,  0.07 ,  8.14
27 ,  3 ,  1301510 ,  0 ,  195 ,  34.69 ,  0.07 ,  8.04
27 ,  3 ,  1301554 ,  0 ,  195 ,  34.58 ,  0.07 ,  8.14
27 ,  3 ,  1301597 ,  0 ,  195 ,  34.58 ,  0.07 ,  8.04
27 ,  3 ,  1301641 ,  0 ,  195 ,  34.47 ,  0.07 ,  8.04
27 ,  3 ,  1301687 ,  0 ,  195 ,  34.36 ,  0.07 ,  7.94
27 ,  3 ,  1301730 ,  0 ,  195 ,  34.25 ,  0.07 ,  7.94
27 ,  3 ,  1301774 ,  0 ,  195 ,  34.14 ,  0.07 ,  7.84
27 ,  3 ,  1301817 ,  0 ,  195 ,  34.03 ,  0.07 ,  7.84
27 ,  3 ,  1301861 ,  0 ,  195 ,  33.92 ,  0.07 ,  7.74
27 ,  3 ,  1301904 ,  0 ,  195 ,  33.92 ,  0.07 ,  7.84
27 ,  3 ,  1301948 ,  0 ,  195 ,  33.81 ,  0.07 ,  7.74
27 ,  3 ,  1301991 ,  0 ,  195 ,  33.70 ,  0.06 ,  7.74
27 ,  3 ,  1302035 ,  0 ,  195 ,  33.59 ,  0.07 ,  7.74
27 ,  3 ,  1302081 ,  0 ,  195 ,  33.48 ,  0.07 ,  7.64
27 ,  3 ,  1302124 ,  0 ,  195 ,  33.37 ,  0.07 ,  7.64
27 ,  3 ,  1302168 ,  0 ,  195 ,  33.37 ,  0.06 ,  7.64
27 ,  3 ,  1302211 ,  0 ,  195 ,  33.26 ,  0.06 ,  7.54
27 ,  3 ,  1302255 ,  0 ,  195 ,  33.15 ,  0.06 ,  7.54
27 ,  3 ,  1302298 ,  0 ,  195 ,  33.04 ,  0.06 ,  7.54
27 ,  3 ,  1302342 ,  0 ,  195 ,  32.93 ,  0.06 ,  7.44
27 ,  3 ,  1302385 ,  0 ,  195 ,  32.82 ,  0.06 ,  7.44
27 ,  3 ,  1302429 ,  0 ,  195 ,  32.82 ,  0.06 ,  7.44
27 ,  3 ,  1302475 ,  0 ,  195 ,  32.60 ,  0.06 ,  7.34
27 ,  3 ,  1302518 ,  0 ,  195 ,  32.60 ,  0.06 ,  7.34
27 ,  3 ,  1302562 ,  0 ,  195 ,  32.49 ,  0.06 ,  7.34
27 ,  3 ,  1302605 ,  0 ,  195 ,  32.38 ,  0.06 ,  7.24
27 ,  3 ,  1302649 ,  0 ,  195 ,  32.27 ,  0.06 ,  7.24
27 ,  3 ,  1302692 ,  0 ,  195 ,  32.27 ,  0.06 ,  7.24
27 ,  3 ,  1302736 ,  0 ,  195 ,  32.16 ,  0.06 ,  7.14
27 ,  3 ,  1302779 ,  0 ,  195 ,  32.05 ,  0.06 ,  7.14
27 ,  3 ,  1302823 ,  0 ,  195 ,  31.94 ,  0.06 ,  7.04
27 ,  3 ,  1302870 ,  0 ,  195 ,  31.83 ,  0.06 ,  7.04
27 ,  3 ,  1302913 ,  0 ,  195 ,  31.72 ,  0.06 ,  7.04
27 ,  3 ,  1302957 ,  0 ,  195 ,  31.72 ,  0.06 ,  6.95
27 ,  3 ,  1303000 ,  0 ,  195 ,  31.61 ,  0.05 ,  6.95
27 ,  3 ,  1303044 ,  0 ,  195 ,  31.50 ,  0.06 ,  6.95
27 ,  3 ,  1303087 ,  0 ,  195 ,  31.39 ,  0.06 ,  6.95
27 ,  3 ,  1303131 ,  0 ,  195 ,  31.28 ,  0.06 ,  6.85
27 ,  3 ,  1303174 ,  0 ,  195 ,  31.28 ,  0.05 ,  6.85
27 ,  3 ,  1303218 ,  0 ,  195 ,  31.17 ,  0.05 ,  6.85
27 ,  3 ,  1303264 ,  0 ,  195 ,  31.06 ,  0.06 ,  6.75
27 ,  3 ,  1303307 ,  0 ,  195 ,  30.95 ,  0.05 ,  6.75
27 ,  3 ,  1303351 ,  0 ,  195 ,  30.95 ,  0.06 ,  6.75
27 ,  3 ,  1303395 ,  0 ,  195 ,  30.73 ,  0.06 ,  6.65
27 ,  3 ,  1303438 ,  0 ,  195 ,  30.73 ,  0.05 ,  6.75
27 ,  3 ,  1303482 ,  0 ,  195 ,  30.62 ,  0.06 ,  6.65
27 ,  3 ,  1303526 ,  0 ,  195 ,  30.51 ,  0.05 ,  6.65
27 ,  3 ,  1303569 ,  0 ,  195 ,  30.51 ,  0.06 ,  6.55
27 ,  3 ,  1303613 ,  0 ,  195 ,  30.29 ,  0.06 ,  6.55
27 ,  3 ,  1303658 ,  0 ,  195 ,  30.29 ,  0.05 ,  6.45
27 ,  3 ,  1303702 ,  0 ,  195 ,  30.18 ,  0.06 ,  6.55
27 ,  3 ,  1303745 ,  0 ,  195 ,  30.07 ,  0.06 ,  6.45
27 ,  3 ,  1303789 ,  0 ,  195 ,  29.96 ,  0.05 ,  6.45
27 ,  3 ,  1303833 ,  0 ,  195 ,  29.96 ,  0.06 ,  6.45
27 ,  3 ,  1303876 ,  0 ,  195 ,  29.85 ,  0.05 ,  6.35
27 ,  3 ,  1303920 ,  0 ,  195 ,  29.74 ,  0.05 ,  6.35
27 ,  3 ,  1303963 ,  0 ,  195 ,  29.63 ,  0.05 ,  6.35
27 ,  3 ,  1304007 ,  0 ,  195 ,  29.52 ,  0.05 ,  6.25
27 ,  3 ,  1304053 ,  0 ,  195 ,  29.52 ,  0.05 ,  6.25
27 ,  3 ,  1304096 ,  0 ,  195 ,  29.41 ,  0.05 ,  6.25
27 ,  3 ,  1304140 ,  0 ,  195 ,  29.30 ,  0.05 ,  6.25
27 ,  3 ,  1304183 ,  0 ,  195 ,  29.19 ,  0.05 ,  6.15
27 ,  3 ,  1304227 ,  0 ,  195 ,  29.08 ,  0.05 ,  6.15
27 ,  3 ,  1304270 ,  0 ,  195 ,  28.97 ,  0.05 ,  6.15
27 ,  3 ,  1304314 ,  0 ,  195 ,  28.97 ,  0.05 ,  6.05
27 ,  3 ,  1304357 ,  0 ,  195 ,  28.86 ,  0.05 ,  6.05
27 ,  3 ,  1304401 ,  0 ,  195 ,  28.86 ,  0.05 ,  5.95
27 ,  3 ,  1304448 ,  0 ,  195 ,  28.75 ,  0.05 ,  6.05
27 ,  3 ,  1304491 ,  0 ,  195 ,  28.64 ,  0.05 ,  5.95
27 ,  3 ,  1304535 ,  0 ,  195 ,  28.53 ,  0.05 ,  5.95
27 ,  3 ,  1304578 ,  0 ,  195 ,  28.42 ,  0.05 ,  5.95
27 ,  3 ,  1304622 ,  0 ,  195 ,  28.31 ,  0.05 ,  5.95
27 ,  3 ,  1304665 ,  0 ,  195 ,  28.31 ,  0.05 ,  5.85
27 ,  3 ,  1304709 ,  0 ,  195 ,  28.20 ,  0.05 ,  5.85
27 ,  3 ,  1304752 ,  0 ,  195 ,  28.09 ,  0.05 ,  5.85
27 ,  3 ,  1304796 ,  0 ,  195 ,  27.98 ,  0.05 ,  5.75
27 ,  3 ,  1304842 ,  0 ,  195 ,  27.98 ,  0.05 ,  5.75
27 ,  3 ,  1304885 ,  0 ,  195 ,  27.87 ,  0.05 ,  5.75
27 ,  3 ,  1304929 ,  0 ,  195 ,  27.76 ,  0.05 ,  5.66
27 ,  3 ,  1304972 ,  0 ,  195 ,  27.65 ,  0.05 ,  5.66
27 ,  3 ,  1305016 ,  0 ,  195 ,  27.65 ,  0.05 ,  5.66
27 ,  3 ,  1305059 ,  0 ,  195 ,  27.43 ,  0.05 ,  5.66
27 ,  3 ,  1305103 ,  0 ,  195 ,  27.43 ,  0.05 ,  5.56
27 ,  3 ,  1305146 ,  0 ,  195 ,  27.32 ,  0.05 ,  5.56
27 ,  3 ,  1305190 ,  0 ,  195 ,  27.32 ,  0.05 ,  5.46
27 ,  3 ,  1305232 ,  0 ,  195 ,  27.21 ,  0.05 ,  5.56
27 ,  3 ,  1305275 ,  0 ,  195 ,  27.10 ,  0.05 ,  5.46
27 ,  3 ,  1305319 ,  0 ,  195 ,  27.10 ,  0.04 ,  5.46
27 ,  3 ,  1305362 ,  0 ,  195 ,  26.99 ,  0.05 ,  5.46
27 ,  3 ,  1305406 ,  0 ,  195 ,  26.88 ,  0.05 ,  5.46
27 ,  3 ,  1305449 ,  0 ,  195 ,  26.88 ,  0.05 ,  5.36
27 ,  3 ,  1305493 ,  0 ,  195 ,  26.66 ,  0.05 ,  5.36
27 ,  3 ,  1305536 ,  0 ,  195 ,  26.55 ,  0.05 ,  5.36
27 ,  3 ,  1305580 ,  0 ,  195 ,  26.55 ,  0.05 ,  5.36
27 ,  3 ,  1305626 ,  0 ,  195 ,  26.43 ,  0.05 ,  5.26
27 ,  3 ,  1305669 ,  0 ,  195 ,  26.43 ,  0.05 ,  5.26
27 ,  3 ,  1305713 ,  0 ,  195 ,  26.32 ,  0.05 ,  5.26
27 ,  3 ,  1305756 ,  0 ,  195 ,  26.21 ,  0.05 ,  5.26
27 ,  3 ,  1305800 ,  0 ,  195 ,  26.10 ,  0.05 ,  5.26
27 ,  3 ,  1305843 ,  0 ,  195 ,  26.10 ,  0.04 ,  5.16
27 ,  3 ,  1305887 ,  0 ,  195 ,  25.99 ,  0.04 ,  5.16
27 ,  3 ,  1305930 ,  0 ,  195 ,  25.88 ,  0.05 ,  5.16
27 ,  3 ,  1305974 ,  0 ,  195 ,  25.77 ,  0.05 ,  5.16
27 ,  3 ,  1306020 ,  0 ,  195 ,  25.77 ,  0.04 ,  5.06
27 ,  3 ,  1306063 ,  0 ,  195 ,  25.66 ,  0.05 ,  5.06
27 ,  3 ,  1306107 ,  0 ,  195 ,  25.55 ,  0.04 ,  5.06
27 ,  3 ,  1306150 ,  0 ,  195 ,  25.44 ,  0.05 ,  5.06
27 ,  3 ,  1306194 ,  0 ,  195 ,  25.44 ,  0.04 ,  4.96
27 ,  3 ,  1306237 ,  0 ,  195 ,  25.44 ,  0.04 ,  4.96
27 ,  3 ,  1306281 ,  0 ,  195 ,  25.33 ,  0.05 ,  4.96
27 ,  3 ,  1306324 ,  0 ,  195 ,  25.22 ,  0.04 ,  4.96
27 ,  3 ,  1306369 ,  0 ,  195 ,  25.22 ,  0.04 ,  4.96
27 ,  3 ,  1306415 ,  0 ,  195 ,  25.00 ,  0.04 ,  4.86
27 ,  3 ,  1306458 ,  0 ,  195 ,  25.00 ,  0.05 ,  4.86
27 ,  3 ,  1306502 ,  0 ,  195 ,  24.89 ,  0.05 ,  4.86
27 ,  3 ,  1306545 ,  0 ,  195 ,  24.89 ,  0.05 ,  4.76
27 ,  3 ,  1306589 ,  0 ,  195 ,  24.78 ,  0.04 ,  4.76
27 ,  3 ,  1306632 ,  0 ,  195 ,  24.67 ,  0.04 ,  4.76
27 ,  3 ,  1306676 ,  0 ,  195 ,  24.56 ,  0.04 ,  4.76
27 ,  3 ,  1306719 ,  0 ,  195 ,  24.56 ,  0.04 ,  4.76
27 ,  3 ,  1306763 ,  0 ,  195 ,  24.45 ,  0.04 ,  4.76
27 ,  3 ,  1306809 ,  0 ,  195 ,  24.34 ,  0.05 ,  4.66
27 ,  3 ,  1306852 ,  0 ,  195 ,  24.34 ,  0.04 ,  4.66
27 ,  3 ,  1306896 ,  0 ,  195 ,  24.23 ,  0.04 ,  4.66
27 ,  3 ,  1306939 ,  0 ,  195 ,  24.12 ,  0.04 ,  4.66
27 ,  3 ,  1306983 ,  0 ,  195 ,  24.12 ,  0.04 ,  4.56
27 ,  3 ,  1307026 ,  0 ,  195 ,  24.01 ,  0.04 ,  4.56
27 ,  3 ,  1307070 ,  0 ,  195 ,  24.01 ,  0.04 ,  4.56
27 ,  3 ,  1307113 ,  0 ,  195 ,  23.90 ,  0.04 ,  4.56
27 ,  3 ,  1307157 ,  0 ,  195 ,  23.79 ,  0.04 ,  4.56
27 ,  3 ,  1307203 ,  0 ,  195 ,  23.68 ,  0.04 ,  4.46
27 ,  3 ,  1307246 ,  0 ,  195 ,  23.68 ,  0.04 ,  4.46
27 ,  3 ,  1307290 ,  0 ,  195 ,  23.57 ,  0.04 ,  4.46
27 ,  3 ,  1307333 ,  0 ,  195 ,  23.57 ,  0.04 ,  4.46
27 ,  3 ,  1307377 ,  0 ,  195 ,  23.35 ,  0.04 ,  4.37
27 ,  3 ,  1307427 ,  0 ,  195 ,  23.35 ,  0.04 ,  4.46
27 ,  3 ,  1307470 ,  0 ,  195 ,  23.35 ,  0.04 ,  4.37
27 ,  3 ,  1307514 ,  0 ,  195 ,  23.24 ,  0.04 ,  4.37
27 ,  3 ,  1307557 ,  0 ,  195 ,  23.13 ,  0.04 ,  4.37
27 ,  3 ,  1307603 ,  0 ,  195 ,  23.02 ,  0.04 ,  4.37
27 ,  3 ,  1307648 ,  0 ,  195 ,  23.02 ,  0.04 ,  4.27
27 ,  3 ,  1307691 ,  0 ,  195 ,  22.91 ,  0.04 ,  4.27
27 ,  3 ,  1307735 ,  0 ,  195 ,  22.91 ,  0.04 ,  4.27
27 ,  3 ,  1307778 ,  0 ,  195 ,  22.80 ,  0.04 ,  4.27
27 ,  3 ,  1307822 ,  0 ,  195 ,  22.69 ,  0.04 ,  4.27
27 ,  3 ,  1307865 ,  0 ,  195 ,  22.69 ,  0.04 ,  4.17
27 ,  3 ,  1307909 ,  0 ,  195 ,  22.58 ,  0.04 ,  4.17
27 ,  3 ,  1307952 ,  0 ,  195 ,  22.47 ,  0.04 ,  4.17
27 ,  3 ,  1307998 ,  0 ,  195 ,  22.47 ,  0.04 ,  4.17
27 ,  3 ,  1308042 ,  0 ,  195 ,  22.36 ,  0.04 ,  4.17
27 ,  3 ,  1308085 ,  0 ,  195 ,  22.36 ,  0.04 ,  4.07
27 ,  3 ,  1308129 ,  0 ,  195 ,  22.25 ,  0.04 ,  4.07
27 ,  3 ,  1308172 ,  0 ,  195 ,  22.14 ,  0.04 ,  4.07
27 ,  3 ,  1308216 ,  0 ,  195 ,  22.14 ,  0.04 ,  4.07
27 ,  3 ,  1308259 ,  0 ,  195 ,  22.03 ,  0.04 ,  4.07
27 ,  3 ,  1308303 ,  0 ,  195 ,  22.03 ,  0.04 ,  4.07
27 ,  3 ,  1308346 ,  0 ,  195 ,  21.92 ,  0.04 ,  3.97
27 ,  3 ,  1308392 ,  0 ,  195 ,  21.81 ,  0.04 ,  3.97
27 ,  3 ,  1308436 ,  0 ,  195 ,  21.70 ,  0.04 ,  3.97
27 ,  3 ,  1308479 ,  0 ,  195 ,  21.70 ,  0.04 ,  3.97
27 ,  3 ,  1308523 ,  0 ,  195 ,  21.59 ,  0.04 ,  3.97
27 ,  3 ,  1308566 ,  0 ,  195 ,  21.48 ,  0.04 ,  3.97
27 ,  3 ,  1308610 ,  0 ,  195 ,  21.48 ,  0.04 ,  3.87
27 ,  3 ,  1308653 ,  0 ,  195 ,  21.37 ,  0.04 ,  3.87
27 ,  3 ,  1308697 ,  0 ,  195 ,  21.37 ,  0.04 ,  3.87
27 ,  3 ,  1308740 ,  0 ,  195 ,  21.26 ,  0.04 ,  3.87
27 ,  3 ,  1308786 ,  0 ,  195 ,  21.26 ,  0.04 ,  3.77
27 ,  3 ,  1308829 ,  0 ,  195 ,  21.15 ,  0.04 ,  3.87
27 ,  3 ,  1308873 ,  0 ,  195 ,  21.04 ,  0.04 ,  3.77
27 ,  3 ,  1308916 ,  0 ,  195 ,  21.04 ,  0.04 ,  3.77
27 ,  3 ,  1308960 ,  0 ,  195 ,  21.04 ,  0.04 ,  3.77
27 ,  3 ,  1309003 ,  0 ,  195 ,  20.93 ,  0.04 ,  3.77
27 ,  3 ,  1309047 ,  0 ,  195 ,  20.82 ,  0.04 ,  3.77
27 ,  3 ,  1309091 ,  0 ,  195 ,  20.82 ,  0.04 ,  3.77
27 ,  3 ,  1309134 ,  0 ,  195 ,  20.71 ,  0.04 ,  3.67
27 ,  3 ,  1309180 ,  0 ,  195 ,  20.60 ,  0.04 ,  3.67
27 ,  3 ,  1309223 ,  0 ,  195 ,  20.60 ,  0.04 ,  3.67
27 ,  3 ,  1309267 ,  0 ,  195 ,  20.49 ,  0.04 ,  3.67
27 ,  3 ,  1309310 ,  0 ,  195 ,  20.49 ,  0.04 ,  3.67
27 ,  3 ,  1309355 ,  0 ,  195 ,  20.38 ,  0.04 ,  3.57
27 ,  3 ,  1309398 ,  0 ,  195 ,  20.27 ,  0.04 ,  3.57
27 ,  3 ,  1309442 ,  0 ,  195 ,  20.27 ,  0.04 ,  3.57
27 ,  3 ,  1309485 ,  0 ,  195 ,  20.27 ,  0.04 ,  3.57
27 ,  3 ,  1309529 ,  0 ,  195 ,  20.16 ,  0.04 ,  3.57
27 ,  3 ,  1309575 ,  0 ,  195 ,  20.05 ,  0.04 ,  3.57
27 ,  3 ,  1309618 ,  0 ,  195 ,  20.05 ,  0.04 ,  3.57
27 ,  3 ,  1309662 ,  0 ,  195 ,  19.94 ,  0.04 ,  3.47
27 ,  3 ,  1309705 ,  0 ,  195 ,  19.94 ,  0.04 ,  3.47
27 ,  3 ,  1309749 ,  0 ,  195 ,  19.83 ,  0.04 ,  3.47
27 ,  3 ,  1309792 ,  0 ,  195 ,  19.72 ,  0.04 ,  3.47
27 ,  3 ,  1309836 ,  0 ,  195 ,  19.72 ,  0.05 ,  3.47
27 ,  3 ,  1309879 ,  0 ,  195 ,  19.61 ,  0.04 ,  3.47
27 ,  3 ,  1309923 ,  0 ,  195 ,  19.61 ,  0.04 ,  3.47
27 ,  3 ,  1309969 ,  0 ,  195 ,  19.50 ,  0.04 ,  3.37
27 ,  3 ,  1310012 ,  0 ,  195 ,  19.39 ,  0.04 ,  3.37
27 ,  3 ,  1310056 ,  0 ,  195 ,  19.39 ,  0.04 ,  3.37
27 ,  3 ,  1310099 ,  0 ,  195 ,  19.28 ,  0.04 ,  3.37
27 ,  3 ,  1310143 ,  0 ,  195 ,  19.28 ,  0.04 ,  3.37
27 ,  3 ,  1310186 ,  0 ,  195 ,  19.28 ,  0.04 ,  3.37
27 ,  3 ,  1310230 ,  0 ,  195 ,  19.17 ,  0.04 ,  3.37
27 ,  3 ,  1310273 ,  0 ,  195 ,  19.06 ,  0.04 ,  3.27
27 ,  3 ,  1310317 ,  0 ,  195 ,  19.06 ,  0.04 ,  3.27
27 ,  3 ,  1310363 ,  0 ,  195 ,  18.95 ,  0.04 ,  3.27
27 ,  3 ,  1310406 ,  0 ,  195 ,  18.95 ,  0.04 ,  3.27
27 ,  3 ,  1310450 ,  0 ,  195 ,  18.84 ,  0.04 ,  3.27
27 ,  3 ,  1310493 ,  0 ,  195 ,  18.73 ,  0.04 ,  3.17
27 ,  3 ,  1310537 ,  0 ,  195 ,  18.62 ,  0.04 ,  3.27
27 ,  3 ,  1310580 ,  0 ,  195 ,  18.73 ,  0.04 ,  3.17
27 ,  3 ,  1310624 ,  0 ,  195 ,  18.62 ,  0.04 ,  3.17
27 ,  3 ,  1310667 ,  0 ,  195 ,  18.62 ,  0.04 ,  3.17
27 ,  3 ,  1310711 ,  0 ,  195 ,  18.51 ,  0.04 ,  3.17
27 ,  3 ,  1310757 ,  0 ,  195 ,  18.51 ,  0.04 ,  3.17
27 ,  3 ,  1310800 ,  0 ,  195 ,  18.40 ,  0.04 ,  3.08
27 ,  3 ,  1310844 ,  0 ,  195 ,  18.29 ,  0.04 ,  3.08
27 ,  3 ,  1310887 ,  0 ,  195 ,  18.29 ,  0.04 ,  3.08
27 ,  3 ,  1310931 ,  0 ,  195 ,  18.18 ,  0.04 ,  3.08
27 ,  3 ,  1310976 ,  0 ,  195 ,  18.18 ,  0.04 ,  3.08
27 ,  3 ,  1311019 ,  0 ,  195 ,  18.07 ,  0.05 ,  3.08
27 ,  3 ,  1311063 ,  0 ,  195 ,  18.07 ,  0.04 ,  3.08
27 ,  3 ,  1311107 ,  0 ,  195 ,  17.96 ,  0.04 ,  3.08
27 ,  3 ,  1311152 ,  0 ,  195 ,  17.96 ,  0.04 ,  3.08
27 ,  3 ,  1311196 ,  0 ,  195 ,  17.96 ,  0.04 ,  2.98
27 ,  3 ,  1311240 ,  0 ,  195 ,  17.85 ,  0.04 ,  2.98
27 ,  3 ,  1311283 ,  0 ,  195 ,  17.73 ,  0.04 ,  2.98
27 ,  3 ,  1311327 ,  0 ,  195 ,  17.73 ,  0.04 ,  2.98
27 ,  3 ,  1311371 ,  0 ,  195 ,  17.62 ,  0.04 ,  2.98
27 ,  3 ,  1311415 ,  0 ,  195 ,  17.62 ,  0.04 ,  2.98
27 ,  3 ,  1311458 ,  0 ,  195 ,  17.51 ,  0.04 ,  2.88
27 ,  3 ,  1311502 ,  0 ,  195 ,  17.40 ,  0.04 ,  2.88
27 ,  3 ,  1311548 ,  0 ,  195 ,  17.40 ,  0.04 ,  2.88
27 ,  3 ,  1311592 ,  0 ,  195 ,  17.40 ,  0.04 ,  2.88
27 ,  3 ,  1311635 ,  0 ,  195 ,  17.40 ,  0.04 ,  2.88
27 ,  3 ,  1311679 ,  0 ,  195 ,  17.29 ,  0.04 ,  2.88
27 ,  3 ,  1311722 ,  0 ,  195 ,  17.18 ,  0.04 ,  2.88
27 ,  3 ,  1311766 ,  0 ,  195 ,  17.18 ,  0.04 ,  2.88
27 ,  3 ,  1311810 ,  0 ,  195 ,  17.18 ,  0.04 ,  2.88
27 ,  3 ,  1311853 ,  0 ,  195 ,  17.07 ,  0.03 ,  2.78
27 ,  3 ,  1311897 ,  0 ,  195 ,  16.96 ,  0.04 ,  2.78
27 ,  3 ,  1311950 ,  0 ,  195 ,  16.96 ,  0.04 ,  2.78
27 ,  3 ,  1311993 ,  0 ,  195 ,  16.85 ,  0.04 ,  2.78
27 ,  3 ,  1312037 ,  0 ,  195 ,  16.85 ,  0.04 ,  2.78
27 ,  3 ,  1312081 ,  0 ,  195 ,  16.74 ,  0.04 ,  2.78
27 ,  3 ,  1312125 ,  0 ,  195 ,  16.74 ,  0.04 ,  2.78
27 ,  3 ,  1312168 ,  0 ,  195 ,  16.63 ,  0.04 ,  2.68
27 ,  3 ,  1312212 ,  0 ,  195 ,  16.63 ,  0.04 ,  2.68
27 ,  3 ,  1312257 ,  0 ,  195 ,  16.52 ,  0.04 ,  2.68
27 ,  3 ,  1312301 ,  0 ,  195 ,  16.52 ,  0.04 ,  2.68
27 ,  3 ,  1312346 ,  0 ,  195 ,  16.52 ,  0.04 ,  2.68
27 ,  3 ,  1312390 ,  0 ,  195 ,  16.41 ,  0.04 ,  2.68
27 ,  3 ,  1312434 ,  0 ,  195 ,  16.41 ,  0.04 ,  2.68
27 ,  3 ,  1312477 ,  0 ,  195 ,  16.30 ,  0.04 ,  2.68
27 ,  3 ,  1312521 ,  0 ,  195 ,  16.30 ,  0.04 ,  2.68
27 ,  3 ,  1312564 ,  0 ,  195 ,  16.19 ,  0.04 ,  2.58
27 ,  3 ,  1312608 ,  0 ,  195 ,  16.19 ,  0.04 ,  2.58
27 ,  3 ,  1312651 ,  0 ,  195 ,  16.08 ,  0.04 ,  2.58
27 ,  3 ,  1312695 ,  0 ,  195 ,  16.19 ,  0.04 ,  2.58
27 ,  3 ,  1312740 ,  0 ,  195 ,  16.08 ,  0.04 ,  2.58
27 ,  3 ,  1312784 ,  0 ,  195 ,  15.97 ,  0.04 ,  2.58
27 ,  3 ,  1312828 ,  0 ,  195 ,  15.97 ,  0.04 ,  2.58
27 ,  3 ,  1312871 ,  0 ,  195 ,  15.86 ,  0.04 ,  2.58
27 ,  3 ,  1312915 ,  0 ,  195 ,  15.86 ,  0.04 ,  2.58
27 ,  3 ,  1312958 ,  0 ,  195 ,  15.75 ,  0.04 ,  2.48
27 ,  3 ,  1313002 ,  0 ,  195 ,  15.75 ,  0.04 ,  2.48
27 ,  3 ,  1313045 ,  0 ,  195 ,  15.64 ,  0.04 ,  2.48
27 ,  3 ,  1313089 ,  0 ,  195 ,  15.64 ,  0.04 ,  2.48
27 ,  3 ,  1313134 ,  0 ,  195 ,  15.64 ,  0.03 ,  2.48
27 ,  3 ,  1313178 ,  0 ,  195 ,  15.53 ,  0.04 ,  2.48
27 ,  3 ,  1313222 ,  0 ,  195 ,  15.53 ,  0.04 ,  2.48
27 ,  3 ,  1313265 ,  0 ,  195 ,  15.42 ,  0.03 ,  2.48
27 ,  3 ,  1313309 ,  0 ,  195 ,  15.42 ,  0.04 ,  2.38
27 ,  3 ,  1313352 ,  0 ,  195 ,  15.31 ,  0.04 ,  2.48
27 ,  3 ,  1313396 ,  0 ,  195 ,  15.31 ,  0.04 ,  2.48
27 ,  3 ,  1313439 ,  0 ,  195 ,  15.20 ,  0.04 ,  2.38
27 ,  3 ,  1313483 ,  0 ,  195 ,  15.20 ,  0.04 ,  2.38
27 ,  3 ,  1313529 ,  0 ,  195 ,  15.20 ,  0.04 ,  2.38
27 ,  3 ,  1313572 ,  0 ,  195 ,  15.09 ,  0.04 ,  2.38
27 ,  3 ,  1313616 ,  0 ,  195 ,  15.09 ,  0.04 ,  2.38
27 ,  3 ,  1313659 ,  0 ,  195 ,  14.98 ,  0.04 ,  2.38
27 ,  3 ,  1313703 ,  0 ,  195 ,  14.98 ,  0.03 ,  2.38
27 ,  3 ,  1313746 ,  0 ,  195 ,  14.98 ,  0.03 ,  2.38
27 ,  3 ,  1313790 ,  0 ,  195 ,  14.87 ,  0.03 ,  2.38
27 ,  3 ,  1313833 ,  0 ,  195 ,  14.87 ,  0.04 ,  2.28
27 ,  3 ,  1313878 ,  0 ,  195 ,  14.76 ,  0.04 ,  2.38
27 ,  3 ,  1313924 ,  0 ,  195 ,  14.76 ,  0.03 ,  2.28
27 ,  3 ,  1313967 ,  0 ,  195 ,  14.76 ,  0.04 ,  2.28
27 ,  3 ,  1314011 ,  0 ,  195 ,  14.76 ,  0.04 ,  2.28
27 ,  3 ,  1314054 ,  0 ,  195 ,  14.65 ,  0.03 ,  2.28
27 ,  3 ,  1314098 ,  0 ,  195 ,  14.65 ,  0.03 ,  2.28
27 ,  3 ,  1314141 ,  0 ,  195 ,  14.54 ,  0.03 ,  2.28
27 ,  3 ,  1314185 ,  0 ,  195 ,  14.54 ,  0.03 ,  2.28
27 ,  3 ,  1314228 ,  0 ,  195 ,  14.43 ,  0.03 ,  2.28
27 ,  3 ,  1314272 ,  0 ,  195 ,  14.43 ,  0.03 ,  2.28
27 ,  3 ,  1314318 ,  0 ,  195 ,  14.43 ,  0.04 ,  2.28
27 ,  3 ,  1314361 ,  0 ,  195 ,  14.32 ,  0.03 ,  2.18
27 ,  3 ,  1314405 ,  0 ,  195 ,  14.21 ,  0.03 ,  2.18
27 ,  3 ,  1314448 ,  0 ,  195 ,  14.21 ,  0.04 ,  2.18
27 ,  3 ,  1314492 ,  0 ,  195 ,  14.21 ,  0.03 ,  2.18
27 ,  3 ,  1314535 ,  0 ,  195 ,  14.10 ,  0.03 ,  2.18
27 ,  3 ,  1314579 ,  0 ,  195 ,  14.10 ,  0.03 ,  2.18
27 ,  3 ,  1314622 ,  0 ,  195 ,  14.10 ,  0.03 ,  2.18
27 ,  3 ,  1314666 ,  0 ,  195 ,  13.99 ,  0.03 ,  2.18
27 ,  3 ,  1314712 ,  0 ,  195 ,  13.88 ,  0.04 ,  2.18
27 ,  3 ,  1314755 ,  0 ,  195 ,  13.88 ,  0.03 ,  2.18
27 ,  3 ,  1314799 ,  0 ,  195 ,  13.88 ,  0.04 ,  2.18
27 ,  3 ,  1314842 ,  0 ,  195 ,  13.88 ,  0.04 ,  2.08
27 ,  3 ,  1314886 ,  0 ,  195 ,  13.88 ,  0.03 ,  2.08
27 ,  3 ,  1314930 ,  0 ,  195 ,  13.77 ,  0.03 ,  2.08
27 ,  3 ,  1314973 ,  0 ,  195 ,  13.66 ,  0.03 ,  2.08
27 ,  3 ,  1315017 ,  0 ,  195 ,  13.66 ,  0.03 ,  2.08
27 ,  3 ,  1315060 ,  0 ,  195 ,  13.66 ,  0.03 ,  2.08
27 ,  3 ,  1315106 ,  0 ,  195 ,  13.66 ,  0.03 ,  2.08
27 ,  3 ,  1315149 ,  0 ,  195 ,  13.55 ,  0.04 ,  2.08
27 ,  3 ,  1315193 ,  0 ,  195 ,  13.66 ,  0.03 ,  2.08
27 ,  3 ,  1315237 ,  0 ,  195 ,  13.44 ,  0.03 ,  2.08
27 ,  3 ,  1315280 ,  0 ,  195 ,  13.44 ,  0.04 ,  2.08
27 ,  3 ,  1315324 ,  0 ,  195 ,  13.44 ,  0.04 ,  2.08
27 ,  3 ,  1315368 ,  0 ,  195 ,  13.44 ,  0.04 ,  2.08
27 ,  3 ,  1315411 ,  0 ,  195 ,  13.33 ,  0.04 ,  2.08
27 ,  3 ,  1315456 ,  0 ,  195 ,  13.33 ,  0.04 ,  1.98
