MS, MPT, t (s), PWMi, PWMe, Pressure (Psi), LW (V), Displacement (mm)
27 ,  4 ,  1315555 ,  0 ,  195 ,  13.22 ,  0.04 ,  1.98
27 ,  4 ,  1315597 ,  255 ,  0 ,  13.22 ,  0.03 ,  1.98
27 ,  4 ,  1315639 ,  255 ,  0 ,  16.30 ,  0.04 ,  1.98
27 ,  4 ,  1315680 ,  255 ,  0 ,  31.83 ,  0.07 ,  4.07
27 ,  4 ,  1315722 ,  255 ,  0 ,  45.71 ,  0.13 ,  7.44
27 ,  4 ,  1315764 ,  255 ,  0 ,  55.18 ,  0.21 ,  10.81
27 ,  4 ,  1315805 ,  255 ,  0 ,  61.46 ,  0.29 ,  13.49
27 ,  4 ,  1315847 ,  255 ,  0 ,  66.08 ,  0.35 ,  15.28
27 ,  4 ,  1315891 ,  255 ,  0 ,  69.60 ,  0.40 ,  16.77
27 ,  4 ,  1315933 ,  255 ,  0 ,  72.25 ,  0.44 ,  17.76
27 ,  4 ,  1315974 ,  255 ,  0 ,  74.45 ,  0.47 ,  18.55
27 ,  4 ,  1316016 ,  255 ,  0 ,  76.43 ,  0.50 ,  19.25
27 ,  4 ,  1316057 ,  255 ,  0 ,  78.08 ,  0.52 ,  19.74
27 ,  4 ,  1316099 ,  255 ,  0 ,  79.52 ,  0.54 ,  20.24
27 ,  4 ,  1316141 ,  255 ,  0 ,  80.84 ,  0.55 ,  20.74
27 ,  4 ,  1316182 ,  255 ,  0 ,  82.05 ,  0.56 ,  21.03
27 ,  4 ,  1316224 ,  255 ,  0 ,  83.26 ,  0.56 ,  21.43
27 ,  4 ,  1316268 ,  255 ,  0 ,  84.47 ,  0.57 ,  21.73
27 ,  4 ,  1316308 ,  255 ,  0 ,  85.35 ,  0.58 ,  22.03
27 ,  4 ,  1316350 ,  255 ,  0 ,  86.34 ,  0.58 ,  22.22
27 ,  4 ,  1316391 ,  255 ,  0 ,  87.12 ,  0.58 ,  22.52
27 ,  4 ,  1316433 ,  255 ,  0 ,  87.89 ,  0.59 ,  22.72
27 ,  4 ,  1316475 ,  255 ,  0 ,  88.77 ,  0.59 ,  22.92
27 ,  4 ,  1316516 ,  255 ,  0 ,  89.43 ,  0.59 ,  23.02
27 ,  4 ,  1316558 ,  255 ,  0 ,  90.09 ,  0.60 ,  23.22
27 ,  4 ,  1316599 ,  255 ,  0 ,  90.64 ,  0.60 ,  23.42
27 ,  4 ,  1316643 ,  255 ,  0 ,  91.30 ,  0.60 ,  23.51
27 ,  4 ,  1316685 ,  255 ,  0 ,  91.85 ,  0.60 ,  23.61
27 ,  4 ,  1316726 ,  255 ,  0 ,  92.29 ,  0.60 ,  23.71
27 ,  4 ,  1316768 ,  255 ,  0 ,  92.73 ,  0.60 ,  23.81
27 ,  4 ,  1316809 ,  255 ,  0 ,  93.17 ,  0.60 ,  24.01
27 ,  4 ,  1316851 ,  255 ,  0 ,  93.61 ,  0.60 ,  24.11
27 ,  4 ,  1316893 ,  255 ,  0 ,  93.94 ,  0.60 ,  24.21
27 ,  4 ,  1316934 ,  255 ,  0 ,  94.27 ,  0.60 ,  24.31
27 ,  4 ,  1316978 ,  255 ,  0 ,  94.60 ,  0.60 ,  24.31
27 ,  4 ,  1317020 ,  255 ,  0 ,  94.93 ,  0.60 ,  24.41
27 ,  4 ,  1317061 ,  255 ,  0 ,  95.15 ,  0.61 ,  24.41
27 ,  4 ,  1317103 ,  255 ,  0 ,  95.37 ,  0.61 ,  24.51
27 ,  4 ,  1317144 ,  255 ,  0 ,  95.48 ,  0.61 ,  24.51
27 ,  4 ,  1317186 ,  255 ,  0 ,  95.70 ,  0.61 ,  24.61
27 ,  4 ,  1317228 ,  255 ,  0 ,  95.82 ,  0.61 ,  24.71
27 ,  4 ,  1317269 ,  255 ,  0 ,  95.93 ,  0.61 ,  24.71
27 ,  4 ,  1317311 ,  255 ,  0 ,  95.93 ,  0.61 ,  24.71
27 ,  4 ,  1317350 ,  255 ,  0 ,  96.04 ,  0.61 ,  24.71
27 ,  4 ,  1317392 ,  255 ,  0 ,  96.15 ,  0.61 ,  24.80
27 ,  4 ,  1317433 ,  255 ,  0 ,  96.15 ,  0.61 ,  24.80
27 ,  4 ,  1317475 ,  255 ,  0 ,  96.15 ,  0.61 ,  24.80
27 ,  4 ,  1317517 ,  255 ,  0 ,  96.15 ,  0.61 ,  24.80
27 ,  4 ,  1317558 ,  255 ,  0 ,  96.15 ,  0.61 ,  24.80
27 ,  4 ,  1317600 ,  255 ,  0 ,  96.15 ,  0.61 ,  24.90
27 ,  4 ,  1317641 ,  255 ,  0 ,  96.26 ,  0.61 ,  24.90
27 ,  4 ,  1317683 ,  255 ,  0 ,  96.26 ,  0.61 ,  24.90
27 ,  4 ,  1317727 ,  255 ,  0 ,  96.26 ,  0.61 ,  24.90
27 ,  4 ,  1317768 ,  255 ,  0 ,  96.26 ,  0.61 ,  24.90
27 ,  4 ,  1317810 ,  255 ,  0 ,  96.26 ,  0.61 ,  24.90
27 ,  4 ,  1317852 ,  255 ,  0 ,  96.26 ,  0.61 ,  24.90
27 ,  4 ,  1317893 ,  255 ,  0 ,  96.26 ,  0.61 ,  25.00
27 ,  4 ,  1317935 ,  255 ,  0 ,  96.26 ,  0.61 ,  25.00
27 ,  4 ,  1317976 ,  255 ,  0 ,  96.26 ,  0.61 ,  25.00
27 ,  4 ,  1318018 ,  255 ,  0 ,  96.26 ,  0.61 ,  25.00
27 ,  4 ,  1318059 ,  255 ,  0 ,  96.26 ,  0.61 ,  25.00
27 ,  4 ,  1318103 ,  255 ,  0 ,  96.26 ,  0.61 ,  25.00
27 ,  4 ,  1318145 ,  255 ,  0 ,  96.26 ,  0.61 ,  25.00
27 ,  4 ,  1318185 ,  255 ,  0 ,  96.26 ,  0.61 ,  25.00
27 ,  4 ,  1318227 ,  255 ,  0 ,  96.26 ,  0.61 ,  25.00
27 ,  4 ,  1318269 ,  255 ,  0 ,  96.26 ,  0.61 ,  25.00
27 ,  4 ,  1318310 ,  255 ,  0 ,  96.15 ,  0.61 ,  25.10
27 ,  4 ,  1318352 ,  255 ,  0 ,  96.26 ,  0.61 ,  25.10
27 ,  4 ,  1318393 ,  255 ,  0 ,  96.26 ,  0.61 ,  25.10
27 ,  4 ,  1318435 ,  255 ,  0 ,  96.26 ,  0.61 ,  25.10
27 ,  4 ,  1318479 ,  255 ,  0 ,  96.15 ,  0.61 ,  25.10
27 ,  4 ,  1318520 ,  0 ,  195 ,  96.26 ,  0.61 ,  25.10
27 ,  4 ,  1318562 ,  0 ,  195 ,  94.38 ,  0.61 ,  25.10
27 ,  4 ,  1318604 ,  0 ,  195 ,  89.87 ,  0.61 ,  24.71
27 ,  4 ,  1318645 ,  0 ,  195 ,  85.79 ,  0.60 ,  24.21
27 ,  4 ,  1318687 ,  0 ,  195 ,  82.49 ,  0.60 ,  23.71
27 ,  4 ,  1318728 ,  0 ,  195 ,  79.63 ,  0.59 ,  23.22
27 ,  4 ,  1318770 ,  0 ,  195 ,  77.31 ,  0.58 ,  22.72
27 ,  4 ,  1318811 ,  0 ,  195 ,  75.33 ,  0.58 ,  22.32
27 ,  4 ,  1318855 ,  0 ,  195 ,  73.57 ,  0.57 ,  21.93
27 ,  4 ,  1318897 ,  0 ,  195 ,  72.03 ,  0.56 ,  21.53
27 ,  4 ,  1318938 ,  0 ,  195 ,  70.82 ,  0.56 ,  21.23
27 ,  4 ,  1318980 ,  0 ,  195 ,  69.71 ,  0.55 ,  20.94
27 ,  4 ,  1319022 ,  0 ,  195 ,  68.72 ,  0.54 ,  20.74
27 ,  4 ,  1319063 ,  0 ,  195 ,  67.95 ,  0.53 ,  20.54
27 ,  4 ,  1319105 ,  0 ,  195 ,  67.18 ,  0.52 ,  20.34
27 ,  4 ,  1319146 ,  0 ,  195 ,  66.52 ,  0.52 ,  20.14
27 ,  4 ,  1319190 ,  0 ,  195 ,  65.97 ,  0.50 ,  19.94
27 ,  4 ,  1319232 ,  0 ,  195 ,  65.42 ,  0.50 ,  19.74
27 ,  4 ,  1319273 ,  0 ,  195 ,  64.87 ,  0.49 ,  19.65
27 ,  4 ,  1319315 ,  0 ,  195 ,  64.43 ,  0.48 ,  19.45
27 ,  4 ,  1319357 ,  0 ,  195 ,  64.10 ,  0.48 ,  19.35
27 ,  4 ,  1319399 ,  0 ,  195 ,  63.77 ,  0.47 ,  19.25
27 ,  4 ,  1319440 ,  0 ,  195 ,  63.44 ,  0.47 ,  19.15
27 ,  4 ,  1319482 ,  0 ,  195 ,  63.22 ,  0.46 ,  19.05
27 ,  4 ,  1319523 ,  0 ,  195 ,  62.89 ,  0.46 ,  18.95
27 ,  4 ,  1319567 ,  0 ,  195 ,  62.67 ,  0.45 ,  18.85
27 ,  4 ,  1319609 ,  0 ,  195 ,  62.34 ,  0.45 ,  18.75
27 ,  4 ,  1319650 ,  0 ,  195 ,  62.12 ,  0.44 ,  18.65
27 ,  4 ,  1319692 ,  0 ,  195 ,  61.90 ,  0.44 ,  18.65
27 ,  4 ,  1319734 ,  0 ,  195 ,  61.79 ,  0.44 ,  18.55
27 ,  4 ,  1319775 ,  0 ,  195 ,  61.57 ,  0.44 ,  18.45
27 ,  4 ,  1319817 ,  0 ,  195 ,  61.35 ,  0.43 ,  18.36
27 ,  4 ,  1319858 ,  0 ,  195 ,  61.13 ,  0.43 ,  18.26
27 ,  4 ,  1319900 ,  0 ,  195 ,  61.01 ,  0.43 ,  18.26
27 ,  4 ,  1319944 ,  0 ,  195 ,  60.79 ,  0.43 ,  18.16
27 ,  4 ,  1319985 ,  0 ,  195 ,  60.57 ,  0.43 ,  18.16
27 ,  4 ,  1320027 ,  0 ,  195 ,  60.46 ,  0.43 ,  18.16
27 ,  4 ,  1320068 ,  0 ,  195 ,  60.24 ,  0.42 ,  18.06
27 ,  4 ,  1320110 ,  0 ,  195 ,  60.13 ,  0.41 ,  17.96
27 ,  4 ,  1320152 ,  0 ,  195 ,  60.02 ,  0.41 ,  17.96
27 ,  4 ,  1320193 ,  0 ,  195 ,  59.80 ,  0.41 ,  17.96
27 ,  4 ,  1320235 ,  0 ,  195 ,  59.69 ,  0.41 ,  17.86
27 ,  4 ,  1320275 ,  0 ,  195 ,  59.47 ,  0.41 ,  17.86
27 ,  4 ,  1320320 ,  0 ,  195 ,  59.36 ,  0.40 ,  17.76
27 ,  4 ,  1320361 ,  0 ,  195 ,  59.25 ,  0.41 ,  17.66
27 ,  4 ,  1320402 ,  0 ,  195 ,  59.03 ,  0.40 ,  17.66
27 ,  4 ,  1320444 ,  0 ,  195 ,  58.92 ,  0.40 ,  17.66
27 ,  4 ,  1320485 ,  0 ,  195 ,  58.81 ,  0.39 ,  17.56
27 ,  4 ,  1320527 ,  0 ,  195 ,  58.70 ,  0.39 ,  17.56
27 ,  4 ,  1320569 ,  0 ,  195 ,  58.59 ,  0.39 ,  17.46
27 ,  4 ,  1320629 ,  0 ,  195 ,  58.37 ,  0.39 ,  17.46
27 ,  4 ,  1320670 ,  0 ,  195 ,  58.26 ,  0.38 ,  17.36
27 ,  4 ,  1320714 ,  0 ,  195 ,  58.15 ,  0.38 ,  17.36
27 ,  4 ,  1320756 ,  0 ,  195 ,  57.93 ,  0.38 ,  17.26
27 ,  4 ,  1320797 ,  0 ,  195 ,  57.82 ,  0.37 ,  17.26
27 ,  4 ,  1320839 ,  0 ,  195 ,  57.71 ,  0.38 ,  17.16
27 ,  4 ,  1320880 ,  0 ,  195 ,  57.60 ,  0.37 ,  17.16
27 ,  4 ,  1320922 ,  0 ,  195 ,  57.49 ,  0.37 ,  17.07
27 ,  4 ,  1320963 ,  0 ,  195 ,  57.27 ,  0.37 ,  17.07
27 ,  4 ,  1321005 ,  0 ,  195 ,  57.16 ,  0.37 ,  17.07
27 ,  4 ,  1321047 ,  0 ,  195 ,  57.05 ,  0.37 ,  16.97
27 ,  4 ,  1321090 ,  0 ,  195 ,  56.94 ,  0.36 ,  16.97
27 ,  4 ,  1321132 ,  0 ,  195 ,  56.83 ,  0.36 ,  16.87
27 ,  4 ,  1321174 ,  0 ,  195 ,  56.72 ,  0.36 ,  16.87
27 ,  4 ,  1321214 ,  0 ,  195 ,  56.50 ,  0.35 ,  16.77
27 ,  4 ,  1321256 ,  0 ,  195 ,  56.39 ,  0.36 ,  16.77
27 ,  4 ,  1321297 ,  0 ,  195 ,  56.28 ,  0.35 ,  16.67
27 ,  4 ,  1321339 ,  0 ,  195 ,  56.17 ,  0.35 ,  16.67
27 ,  4 ,  1321380 ,  0 ,  195 ,  56.06 ,  0.35 ,  16.57
27 ,  4 ,  1321424 ,  0 ,  195 ,  55.95 ,  0.35 ,  16.57
27 ,  4 ,  1321466 ,  0 ,  195 ,  55.73 ,  0.35 ,  16.57
27 ,  4 ,  1321507 ,  0 ,  195 ,  55.62 ,  0.34 ,  16.47
27 ,  4 ,  1321549 ,  0 ,  195 ,  55.51 ,  0.34 ,  16.47
27 ,  4 ,  1321591 ,  0 ,  195 ,  55.40 ,  0.34 ,  16.37
27 ,  4 ,  1321632 ,  0 ,  195 ,  55.18 ,  0.34 ,  16.37
27 ,  4 ,  1321674 ,  0 ,  195 ,  55.07 ,  0.33 ,  16.27
27 ,  4 ,  1321715 ,  0 ,  195 ,  54.96 ,  0.33 ,  16.27
27 ,  4 ,  1321757 ,  0 ,  195 ,  54.85 ,  0.33 ,  16.17
27 ,  4 ,  1321801 ,  0 ,  195 ,  54.63 ,  0.33 ,  16.17
27 ,  4 ,  1321842 ,  0 ,  195 ,  54.52 ,  0.33 ,  16.17
27 ,  4 ,  1321884 ,  0 ,  195 ,  54.52 ,  0.32 ,  16.07
27 ,  4 ,  1321925 ,  0 ,  195 ,  54.30 ,  0.32 ,  16.07
27 ,  4 ,  1321967 ,  0 ,  195 ,  54.19 ,  0.32 ,  15.97
27 ,  4 ,  1322008 ,  0 ,  195 ,  54.08 ,  0.32 ,  15.97
27 ,  4 ,  1322050 ,  0 ,  195 ,  53.86 ,  0.32 ,  15.88
27 ,  4 ,  1322092 ,  0 ,  195 ,  53.75 ,  0.32 ,  15.88
27 ,  4 ,  1322133 ,  0 ,  195 ,  53.64 ,  0.31 ,  15.78
27 ,  4 ,  1322177 ,  0 ,  195 ,  53.53 ,  0.31 ,  15.78
27 ,  4 ,  1322219 ,  0 ,  195 ,  53.42 ,  0.31 ,  15.68
27 ,  4 ,  1322260 ,  0 ,  195 ,  53.31 ,  0.30 ,  15.68
27 ,  4 ,  1322302 ,  0 ,  195 ,  53.09 ,  0.30 ,  15.68
27 ,  4 ,  1322343 ,  0 ,  195 ,  52.98 ,  0.30 ,  15.58
27 ,  4 ,  1322385 ,  0 ,  195 ,  52.87 ,  0.29 ,  15.58
27 ,  4 ,  1322426 ,  0 ,  195 ,  52.76 ,  0.30 ,  15.48
27 ,  4 ,  1322468 ,  0 ,  195 ,  52.65 ,  0.29 ,  15.38
27 ,  4 ,  1322510 ,  0 ,  195 ,  52.54 ,  0.30 ,  15.38
27 ,  4 ,  1322553 ,  0 ,  195 ,  52.31 ,  0.29 ,  15.38
27 ,  4 ,  1322595 ,  0 ,  195 ,  52.20 ,  0.29 ,  15.28
27 ,  4 ,  1322637 ,  0 ,  195 ,  52.09 ,  0.29 ,  15.28
27 ,  4 ,  1322678 ,  0 ,  195 ,  51.98 ,  0.29 ,  15.18
27 ,  4 ,  1322720 ,  0 ,  195 ,  51.87 ,  0.28 ,  15.18
27 ,  4 ,  1322761 ,  0 ,  195 ,  51.76 ,  0.29 ,  15.08
27 ,  4 ,  1322803 ,  0 ,  195 ,  51.65 ,  0.28 ,  15.08
27 ,  4 ,  1322844 ,  0 ,  195 ,  51.54 ,  0.28 ,  14.98
27 ,  4 ,  1322886 ,  0 ,  195 ,  51.43 ,  0.27 ,  14.98
27 ,  4 ,  1322930 ,  0 ,  195 ,  51.21 ,  0.27 ,  14.88
27 ,  4 ,  1322971 ,  0 ,  195 ,  51.10 ,  0.27 ,  14.88
27 ,  4 ,  1323013 ,  0 ,  195 ,  50.99 ,  0.27 ,  14.78
27 ,  4 ,  1323055 ,  0 ,  195 ,  50.88 ,  0.27 ,  14.68
27 ,  4 ,  1323096 ,  0 ,  195 ,  50.77 ,  0.27 ,  14.68
27 ,  4 ,  1323138 ,  0 ,  195 ,  50.66 ,  0.27 ,  14.68
27 ,  4 ,  1323179 ,  0 ,  195 ,  50.44 ,  0.26 ,  14.59
27 ,  4 ,  1323220 ,  0 ,  195 ,  50.44 ,  0.26 ,  14.59
27 ,  4 ,  1323261 ,  0 ,  195 ,  50.33 ,  0.26 ,  14.59
27 ,  4 ,  1323305 ,  0 ,  195 ,  50.22 ,  0.25 ,  14.49
27 ,  4 ,  1323347 ,  0 ,  195 ,  50.00 ,  0.25 ,  14.39
27 ,  4 ,  1323388 ,  0 ,  195 ,  49.89 ,  0.25 ,  14.39
27 ,  4 ,  1323430 ,  0 ,  195 ,  49.78 ,  0.25 ,  14.39
27 ,  4 ,  1323472 ,  0 ,  195 ,  49.67 ,  0.25 ,  14.29
27 ,  4 ,  1323513 ,  0 ,  195 ,  49.56 ,  0.25 ,  14.29
27 ,  4 ,  1323555 ,  0 ,  195 ,  49.45 ,  0.24 ,  14.19
27 ,  4 ,  1323596 ,  0 ,  195 ,  49.34 ,  0.24 ,  14.19
27 ,  4 ,  1323640 ,  0 ,  195 ,  49.23 ,  0.24 ,  14.09
27 ,  4 ,  1323682 ,  0 ,  195 ,  49.12 ,  0.24 ,  14.09
27 ,  4 ,  1323723 ,  0 ,  195 ,  49.01 ,  0.24 ,  13.99
27 ,  4 ,  1323765 ,  0 ,  195 ,  48.79 ,  0.23 ,  13.99
27 ,  4 ,  1323806 ,  0 ,  195 ,  48.68 ,  0.24 ,  13.89
27 ,  4 ,  1323848 ,  0 ,  195 ,  48.68 ,  0.23 ,  13.89
27 ,  4 ,  1323890 ,  0 ,  195 ,  48.46 ,  0.23 ,  13.79
27 ,  4 ,  1323931 ,  0 ,  195 ,  48.35 ,  0.23 ,  13.79
27 ,  4 ,  1323973 ,  0 ,  195 ,  48.24 ,  0.22 ,  13.79
27 ,  4 ,  1324016 ,  0 ,  195 ,  48.13 ,  0.23 ,  13.69
27 ,  4 ,  1324058 ,  0 ,  195 ,  48.02 ,  0.23 ,  13.69
27 ,  4 ,  1324100 ,  0 ,  195 ,  47.91 ,  0.22 ,  13.59
27 ,  4 ,  1324141 ,  0 ,  195 ,  47.80 ,  0.22 ,  13.59
27 ,  4 ,  1324183 ,  0 ,  195 ,  47.69 ,  0.22 ,  13.49
27 ,  4 ,  1324224 ,  0 ,  195 ,  47.58 ,  0.22 ,  13.49
27 ,  4 ,  1324266 ,  0 ,  195 ,  47.47 ,  0.22 ,  13.39
27 ,  4 ,  1324308 ,  0 ,  195 ,  47.36 ,  0.21 ,  13.39
27 ,  4 ,  1324349 ,  0 ,  195 ,  47.25 ,  0.22 ,  13.30
27 ,  4 ,  1324394 ,  0 ,  195 ,  47.14 ,  0.21 ,  13.30
27 ,  4 ,  1324435 ,  0 ,  195 ,  47.03 ,  0.21 ,  13.20
27 ,  4 ,  1324477 ,  0 ,  195 ,  46.92 ,  0.21 ,  13.20
27 ,  4 ,  1324518 ,  0 ,  195 ,  46.81 ,  0.20 ,  13.20
27 ,  4 ,  1324560 ,  0 ,  195 ,  46.70 ,  0.20 ,  13.10
27 ,  4 ,  1324602 ,  0 ,  195 ,  46.59 ,  0.20 ,  13.10
27 ,  4 ,  1324643 ,  0 ,  195 ,  46.48 ,  0.20 ,  13.00
27 ,  4 ,  1324685 ,  0 ,  195 ,  46.37 ,  0.20 ,  12.90
27 ,  4 ,  1324726 ,  0 ,  195 ,  46.26 ,  0.20 ,  12.90
27 ,  4 ,  1324770 ,  0 ,  195 ,  46.15 ,  0.20 ,  12.90
27 ,  4 ,  1324812 ,  0 ,  195 ,  46.04 ,  0.19 ,  12.80
27 ,  4 ,  1324853 ,  0 ,  195 ,  45.93 ,  0.19 ,  12.80
27 ,  4 ,  1324895 ,  0 ,  195 ,  45.82 ,  0.19 ,  12.70
27 ,  4 ,  1324936 ,  0 ,  195 ,  45.71 ,  0.19 ,  12.70
27 ,  4 ,  1324978 ,  0 ,  195 ,  45.60 ,  0.19 ,  12.60
27 ,  4 ,  1325020 ,  0 ,  195 ,  45.49 ,  0.19 ,  12.60
27 ,  4 ,  1325061 ,  0 ,  195 ,  45.38 ,  0.18 ,  12.50
27 ,  4 ,  1325103 ,  0 ,  195 ,  45.27 ,  0.18 ,  12.50
27 ,  4 ,  1325147 ,  0 ,  195 ,  45.16 ,  0.18 ,  12.40
27 ,  4 ,  1325188 ,  0 ,  195 ,  45.05 ,  0.18 ,  12.40
27 ,  4 ,  1325230 ,  0 ,  195 ,  44.94 ,  0.18 ,  12.30
27 ,  4 ,  1325272 ,  0 ,  195 ,  44.83 ,  0.17 ,  12.30
27 ,  4 ,  1325313 ,  0 ,  195 ,  44.72 ,  0.17 ,  12.20
27 ,  4 ,  1325355 ,  0 ,  195 ,  44.61 ,  0.18 ,  12.20
27 ,  4 ,  1325395 ,  0 ,  195 ,  44.50 ,  0.17 ,  12.20
27 ,  4 ,  1325437 ,  0 ,  195 ,  44.39 ,  0.17 ,  12.10
27 ,  4 ,  1325478 ,  0 ,  195 ,  44.28 ,  0.16 ,  12.10
27 ,  4 ,  1325522 ,  0 ,  195 ,  44.17 ,  0.17 ,  12.01
27 ,  4 ,  1325564 ,  0 ,  195 ,  44.06 ,  0.17 ,  12.01
27 ,  4 ,  1325605 ,  0 ,  195 ,  43.95 ,  0.16 ,  11.91
27 ,  4 ,  1325647 ,  0 ,  195 ,  43.84 ,  0.16 ,  11.91
27 ,  4 ,  1325689 ,  0 ,  195 ,  43.72 ,  0.16 ,  11.91
27 ,  4 ,  1325730 ,  0 ,  195 ,  43.61 ,  0.16 ,  11.81
27 ,  4 ,  1325772 ,  0 ,  195 ,  43.61 ,  0.15 ,  11.81
27 ,  4 ,  1325813 ,  0 ,  195 ,  43.39 ,  0.15 ,  11.71
27 ,  4 ,  1325857 ,  0 ,  195 ,  43.28 ,  0.15 ,  11.71
27 ,  4 ,  1325899 ,  0 ,  195 ,  43.17 ,  0.15 ,  11.61
27 ,  4 ,  1325941 ,  0 ,  195 ,  43.17 ,  0.15 ,  11.61
27 ,  4 ,  1325982 ,  0 ,  195 ,  42.95 ,  0.15 ,  11.51
27 ,  4 ,  1326024 ,  0 ,  195 ,  42.95 ,  0.15 ,  11.51
27 ,  4 ,  1326065 ,  0 ,  195 ,  42.84 ,  0.15 ,  11.51
27 ,  4 ,  1326107 ,  0 ,  195 ,  42.73 ,  0.15 ,  11.41
27 ,  4 ,  1326148 ,  0 ,  195 ,  42.62 ,  0.14 ,  11.41
27 ,  4 ,  1326190 ,  0 ,  195 ,  42.51 ,  0.14 ,  11.31
27 ,  4 ,  1326234 ,  0 ,  195 ,  42.40 ,  0.14 ,  11.21
27 ,  4 ,  1326276 ,  0 ,  195 ,  42.29 ,  0.15 ,  11.21
27 ,  4 ,  1326317 ,  0 ,  195 ,  42.18 ,  0.14 ,  11.21
27 ,  4 ,  1326359 ,  0 ,  195 ,  42.07 ,  0.13 ,  11.21
27 ,  4 ,  1326401 ,  0 ,  195 ,  41.96 ,  0.14 ,  11.11
27 ,  4 ,  1326442 ,  0 ,  195 ,  41.85 ,  0.13 ,  11.11
27 ,  4 ,  1326484 ,  0 ,  195 ,  41.74 ,  0.13 ,  11.01
27 ,  4 ,  1326526 ,  0 ,  195 ,  41.63 ,  0.13 ,  11.01
27 ,  4 ,  1326567 ,  0 ,  195 ,  41.52 ,  0.13 ,  10.91
27 ,  4 ,  1326611 ,  0 ,  195 ,  41.41 ,  0.13 ,  10.91
27 ,  4 ,  1326653 ,  0 ,  195 ,  41.30 ,  0.13 ,  10.91
27 ,  4 ,  1326695 ,  0 ,  195 ,  41.19 ,  0.13 ,  10.81
27 ,  4 ,  1326736 ,  0 ,  195 ,  41.19 ,  0.13 ,  10.81
27 ,  4 ,  1326778 ,  0 ,  195 ,  41.08 ,  0.12 ,  10.72
27 ,  4 ,  1326820 ,  0 ,  195 ,  40.97 ,  0.12 ,  10.72
27 ,  4 ,  1326861 ,  0 ,  195 ,  40.86 ,  0.12 ,  10.62
27 ,  4 ,  1326903 ,  0 ,  195 ,  40.75 ,  0.12 ,  10.62
27 ,  4 ,  1326945 ,  0 ,  195 ,  40.64 ,  0.12 ,  10.52
27 ,  4 ,  1326989 ,  0 ,  195 ,  40.53 ,  0.12 ,  10.52
27 ,  4 ,  1327030 ,  0 ,  195 ,  40.42 ,  0.12 ,  10.52
27 ,  4 ,  1327072 ,  0 ,  195 ,  40.31 ,  0.12 ,  10.42
27 ,  4 ,  1327114 ,  0 ,  195 ,  40.20 ,  0.12 ,  10.42
27 ,  4 ,  1327155 ,  0 ,  195 ,  40.09 ,  0.12 ,  10.42
27 ,  4 ,  1327197 ,  0 ,  195 ,  40.09 ,  0.12 ,  10.32
27 ,  4 ,  1327239 ,  0 ,  195 ,  39.98 ,  0.12 ,  10.32
27 ,  4 ,  1327280 ,  0 ,  195 ,  39.87 ,  0.12 ,  10.22
27 ,  4 ,  1327322 ,  0 ,  195 ,  39.76 ,  0.11 ,  10.22
27 ,  4 ,  1327375 ,  0 ,  195 ,  39.65 ,  0.11 ,  10.12
27 ,  4 ,  1327419 ,  0 ,  195 ,  39.54 ,  0.11 ,  10.12
27 ,  4 ,  1327462 ,  0 ,  195 ,  39.43 ,  0.11 ,  10.02
27 ,  4 ,  1327506 ,  0 ,  195 ,  39.32 ,  0.11 ,  10.02
27 ,  4 ,  1327550 ,  0 ,  195 ,  39.21 ,  0.11 ,  10.02
27 ,  4 ,  1327594 ,  0 ,  195 ,  39.10 ,  0.11 ,  9.92
27 ,  4 ,  1327638 ,  0 ,  195 ,  38.99 ,  0.11 ,  9.82
27 ,  4 ,  1327681 ,  0 ,  195 ,  38.88 ,  0.11 ,  9.82
27 ,  4 ,  1327725 ,  0 ,  195 ,  38.77 ,  0.10 ,  9.82
27 ,  4 ,  1327771 ,  0 ,  195 ,  38.66 ,  0.10 ,  9.72
27 ,  4 ,  1327815 ,  0 ,  195 ,  38.55 ,  0.10 ,  9.72
27 ,  4 ,  1327858 ,  0 ,  195 ,  38.55 ,  0.10 ,  9.72
27 ,  4 ,  1327902 ,  0 ,  195 ,  38.44 ,  0.10 ,  9.62
27 ,  4 ,  1327946 ,  0 ,  195 ,  38.33 ,  0.10 ,  9.62
27 ,  4 ,  1327989 ,  0 ,  195 ,  38.22 ,  0.10 ,  9.53
27 ,  4 ,  1328033 ,  0 ,  195 ,  38.11 ,  0.09 ,  9.43
27 ,  4 ,  1328077 ,  0 ,  195 ,  38.00 ,  0.09 ,  9.43
27 ,  4 ,  1328120 ,  0 ,  195 ,  37.89 ,  0.09 ,  9.43
27 ,  4 ,  1328166 ,  0 ,  195 ,  37.78 ,  0.10 ,  9.33
27 ,  4 ,  1328210 ,  0 ,  195 ,  37.78 ,  0.09 ,  9.33
27 ,  4 ,  1328254 ,  0 ,  195 ,  37.56 ,  0.09 ,  9.23
27 ,  4 ,  1328297 ,  0 ,  195 ,  37.45 ,  0.09 ,  9.23
27 ,  4 ,  1328342 ,  0 ,  195 ,  37.45 ,  0.09 ,  9.23
27 ,  4 ,  1328386 ,  0 ,  195 ,  37.34 ,  0.09 ,  9.13
27 ,  4 ,  1328439 ,  0 ,  195 ,  37.12 ,  0.08 ,  9.13
27 ,  4 ,  1328482 ,  0 ,  195 ,  37.12 ,  0.09 ,  9.03
27 ,  4 ,  1328526 ,  0 ,  195 ,  37.01 ,  0.09 ,  9.03
27 ,  4 ,  1328572 ,  0 ,  195 ,  36.90 ,  0.08 ,  8.93
27 ,  4 ,  1328615 ,  0 ,  195 ,  36.79 ,  0.09 ,  8.93
27 ,  4 ,  1328659 ,  0 ,  195 ,  36.68 ,  0.09 ,  8.93
27 ,  4 ,  1328703 ,  0 ,  195 ,  36.57 ,  0.08 ,  8.83
27 ,  4 ,  1328746 ,  0 ,  195 ,  36.46 ,  0.08 ,  8.83
27 ,  4 ,  1328790 ,  0 ,  195 ,  36.35 ,  0.09 ,  8.73
27 ,  4 ,  1328833 ,  0 ,  195 ,  36.24 ,  0.08 ,  8.73
27 ,  4 ,  1328877 ,  0 ,  195 ,  36.13 ,  0.08 ,  8.73
27 ,  4 ,  1328923 ,  0 ,  195 ,  36.13 ,  0.08 ,  8.63
27 ,  4 ,  1328966 ,  0 ,  195 ,  36.02 ,  0.08 ,  8.63
27 ,  4 ,  1329010 ,  0 ,  195 ,  35.91 ,  0.08 ,  8.63
27 ,  4 ,  1329054 ,  0 ,  195 ,  35.91 ,  0.08 ,  8.53
27 ,  4 ,  1329097 ,  0 ,  195 ,  35.69 ,  0.08 ,  8.53
27 ,  4 ,  1329141 ,  0 ,  195 ,  35.58 ,  0.08 ,  8.43
27 ,  4 ,  1329184 ,  0 ,  195 ,  35.58 ,  0.08 ,  8.43
27 ,  4 ,  1329228 ,  0 ,  195 ,  35.36 ,  0.08 ,  8.43
27 ,  4 ,  1329271 ,  0 ,  195 ,  35.36 ,  0.08 ,  8.33
27 ,  4 ,  1329317 ,  0 ,  195 ,  35.25 ,  0.07 ,  8.33
27 ,  4 ,  1329361 ,  0 ,  195 ,  35.13 ,  0.07 ,  8.24
27 ,  4 ,  1329404 ,  0 ,  195 ,  35.13 ,  0.07 ,  8.24
27 ,  4 ,  1329448 ,  0 ,  195 ,  34.91 ,  0.07 ,  8.24
27 ,  4 ,  1329492 ,  0 ,  195 ,  34.80 ,  0.07 ,  8.14
27 ,  4 ,  1329536 ,  0 ,  195 ,  34.69 ,  0.07 ,  8.14
27 ,  4 ,  1329580 ,  0 ,  195 ,  34.69 ,  0.07 ,  8.14
27 ,  4 ,  1329623 ,  0 ,  195 ,  34.47 ,  0.07 ,  8.04
27 ,  4 ,  1329667 ,  0 ,  195 ,  34.47 ,  0.07 ,  8.04
27 ,  4 ,  1329713 ,  0 ,  195 ,  34.36 ,  0.07 ,  7.94
27 ,  4 ,  1329756 ,  0 ,  195 ,  34.25 ,  0.07 ,  7.94
27 ,  4 ,  1329800 ,  0 ,  195 ,  34.25 ,  0.07 ,  7.94
27 ,  4 ,  1329843 ,  0 ,  195 ,  34.14 ,  0.07 ,  7.84
27 ,  4 ,  1329887 ,  0 ,  195 ,  33.92 ,  0.07 ,  7.84
27 ,  4 ,  1329931 ,  0 ,  195 ,  33.92 ,  0.07 ,  7.84
27 ,  4 ,  1329974 ,  0 ,  195 ,  33.81 ,  0.07 ,  7.74
27 ,  4 ,  1330018 ,  0 ,  195 ,  33.70 ,  0.07 ,  7.74
27 ,  4 ,  1330061 ,  0 ,  195 ,  33.59 ,  0.07 ,  7.74
27 ,  4 ,  1330107 ,  0 ,  195 ,  33.48 ,  0.07 ,  7.64
27 ,  4 ,  1330151 ,  0 ,  195 ,  33.37 ,  0.07 ,  7.64
27 ,  4 ,  1330194 ,  0 ,  195 ,  33.37 ,  0.07 ,  7.64
27 ,  4 ,  1330238 ,  0 ,  195 ,  33.26 ,  0.07 ,  7.54
27 ,  4 ,  1330281 ,  0 ,  195 ,  33.15 ,  0.07 ,  7.54
27 ,  4 ,  1330325 ,  0 ,  195 ,  33.04 ,  0.07 ,  7.54
27 ,  4 ,  1330369 ,  0 ,  195 ,  32.93 ,  0.07 ,  7.44
27 ,  4 ,  1330412 ,  0 ,  195 ,  32.82 ,  0.07 ,  7.44
27 ,  4 ,  1330456 ,  0 ,  195 ,  32.71 ,  0.07 ,  7.34
27 ,  4 ,  1330501 ,  0 ,  195 ,  32.71 ,  0.07 ,  7.34
27 ,  4 ,  1330545 ,  0 ,  195 ,  32.60 ,  0.07 ,  7.34
27 ,  4 ,  1330589 ,  0 ,  195 ,  32.49 ,  0.07 ,  7.34
27 ,  4 ,  1330632 ,  0 ,  195 ,  32.38 ,  0.06 ,  7.24
27 ,  4 ,  1330676 ,  0 ,  195 ,  32.27 ,  0.07 ,  7.24
27 ,  4 ,  1330719 ,  0 ,  195 ,  32.27 ,  0.06 ,  7.14
27 ,  4 ,  1330763 ,  0 ,  195 ,  32.16 ,  0.06 ,  7.14
27 ,  4 ,  1330806 ,  0 ,  195 ,  32.05 ,  0.06 ,  7.14
27 ,  4 ,  1330850 ,  0 ,  195 ,  31.94 ,  0.06 ,  7.04
27 ,  4 ,  1330896 ,  0 ,  195 ,  31.94 ,  0.06 ,  7.04
27 ,  4 ,  1330939 ,  0 ,  195 ,  31.72 ,  0.06 ,  7.04
27 ,  4 ,  1330983 ,  0 ,  195 ,  31.72 ,  0.06 ,  6.95
27 ,  4 ,  1331027 ,  0 ,  195 ,  31.61 ,  0.06 ,  6.95
27 ,  4 ,  1331070 ,  0 ,  195 ,  31.50 ,  0.06 ,  6.95
27 ,  4 ,  1331115 ,  0 ,  195 ,  31.39 ,  0.06 ,  6.95
27 ,  4 ,  1331158 ,  0 ,  195 ,  31.28 ,  0.06 ,  6.95
27 ,  4 ,  1331202 ,  0 ,  195 ,  31.17 ,  0.06 ,  6.85
27 ,  4 ,  1331245 ,  0 ,  195 ,  31.17 ,  0.06 ,  6.85
27 ,  4 ,  1331291 ,  0 ,  195 ,  31.06 ,  0.06 ,  6.75
27 ,  4 ,  1331335 ,  0 ,  195 ,  30.95 ,  0.06 ,  6.75
27 ,  4 ,  1331379 ,  0 ,  195 ,  30.84 ,  0.05 ,  6.75
27 ,  4 ,  1331422 ,  0 ,  195 ,  30.73 ,  0.06 ,  6.75
27 ,  4 ,  1331466 ,  0 ,  195 ,  30.73 ,  0.06 ,  6.65
27 ,  4 ,  1331509 ,  0 ,  195 ,  30.62 ,  0.06 ,  6.65
27 ,  4 ,  1331553 ,  0 ,  195 ,  30.62 ,  0.06 ,  6.65
27 ,  4 ,  1331596 ,  0 ,  195 ,  30.51 ,  0.06 ,  6.55
27 ,  4 ,  1331640 ,  0 ,  195 ,  30.40 ,  0.06 ,  6.55
27 ,  4 ,  1331686 ,  0 ,  195 ,  30.18 ,  0.05 ,  6.45
27 ,  4 ,  1331729 ,  0 ,  195 ,  30.18 ,  0.06 ,  6.55
27 ,  4 ,  1331773 ,  0 ,  195 ,  30.07 ,  0.06 ,  6.45
27 ,  4 ,  1331817 ,  0 ,  195 ,  29.96 ,  0.06 ,  6.35
27 ,  4 ,  1331860 ,  0 ,  195 ,  29.85 ,  0.06 ,  6.45
27 ,  4 ,  1331904 ,  0 ,  195 ,  29.85 ,  0.05 ,  6.35
27 ,  4 ,  1331947 ,  0 ,  195 ,  29.74 ,  0.06 ,  6.35
27 ,  4 ,  1331991 ,  0 ,  195 ,  29.63 ,  0.06 ,  6.35
27 ,  4 ,  1332034 ,  0 ,  195 ,  29.52 ,  0.05 ,  6.35
27 ,  4 ,  1332080 ,  0 ,  195 ,  29.52 ,  0.05 ,  6.25
27 ,  4 ,  1332124 ,  0 ,  195 ,  29.41 ,  0.05 ,  6.25
27 ,  4 ,  1332167 ,  0 ,  195 ,  29.30 ,  0.06 ,  6.25
27 ,  4 ,  1332211 ,  0 ,  195 ,  29.19 ,  0.05 ,  6.15
27 ,  4 ,  1332255 ,  0 ,  195 ,  29.08 ,  0.05 ,  6.15
27 ,  4 ,  1332298 ,  0 ,  195 ,  29.08 ,  0.05 ,  6.05
27 ,  4 ,  1332342 ,  0 ,  195 ,  28.97 ,  0.05 ,  6.05
27 ,  4 ,  1332385 ,  0 ,  195 ,  28.86 ,  0.06 ,  6.05
27 ,  4 ,  1332429 ,  0 ,  195 ,  28.75 ,  0.05 ,  6.05
27 ,  4 ,  1332475 ,  0 ,  195 ,  28.75 ,  0.05 ,  6.05
27 ,  4 ,  1332519 ,  0 ,  195 ,  28.64 ,  0.05 ,  5.95
27 ,  4 ,  1332562 ,  0 ,  195 ,  28.53 ,  0.05 ,  5.95
27 ,  4 ,  1332606 ,  0 ,  195 ,  28.42 ,  0.05 ,  5.95
27 ,  4 ,  1332651 ,  0 ,  195 ,  28.31 ,  0.05 ,  5.95
27 ,  4 ,  1332694 ,  0 ,  195 ,  28.31 ,  0.05 ,  5.85
27 ,  4 ,  1332738 ,  0 ,  195 ,  28.20 ,  0.05 ,  5.85
27 ,  4 ,  1332781 ,  0 ,  195 ,  28.09 ,  0.05 ,  5.85
27 ,  4 ,  1332825 ,  0 ,  195 ,  27.98 ,  0.05 ,  5.75
27 ,  4 ,  1332867 ,  0 ,  195 ,  27.98 ,  0.05 ,  5.75
27 ,  4 ,  1332910 ,  0 ,  195 ,  27.87 ,  0.05 ,  5.75
27 ,  4 ,  1332954 ,  0 ,  195 ,  27.76 ,  0.05 ,  5.75
27 ,  4 ,  1332997 ,  0 ,  195 ,  27.65 ,  0.05 ,  5.66
27 ,  4 ,  1333041 ,  0 ,  195 ,  27.54 ,  0.05 ,  5.66
27 ,  4 ,  1333084 ,  0 ,  195 ,  27.54 ,  0.05 ,  5.66
27 ,  4 ,  1333128 ,  0 ,  195 ,  27.43 ,  0.05 ,  5.66
27 ,  4 ,  1333172 ,  0 ,  195 ,  27.32 ,  0.05 ,  5.56
27 ,  4 ,  1333215 ,  0 ,  195 ,  27.32 ,  0.05 ,  5.56
27 ,  4 ,  1333261 ,  0 ,  195 ,  27.21 ,  0.05 ,  5.56
27 ,  4 ,  1333305 ,  0 ,  195 ,  27.21 ,  0.05 ,  5.46
27 ,  4 ,  1333348 ,  0 ,  195 ,  27.10 ,  0.05 ,  5.46
27 ,  4 ,  1333392 ,  0 ,  195 ,  26.99 ,  0.05 ,  5.46
27 ,  4 ,  1333435 ,  0 ,  195 ,  26.88 ,  0.05 ,  5.46
27 ,  4 ,  1333479 ,  0 ,  195 ,  26.77 ,  0.05 ,  5.36
27 ,  4 ,  1333523 ,  0 ,  195 ,  26.77 ,  0.05 ,  5.36
27 ,  4 ,  1333566 ,  0 ,  195 ,  26.66 ,  0.05 ,  5.36
27 ,  4 ,  1333610 ,  0 ,  195 ,  26.55 ,  0.05 ,  5.36
27 ,  4 ,  1333656 ,  0 ,  195 ,  26.43 ,  0.05 ,  5.36
27 ,  4 ,  1333699 ,  0 ,  195 ,  26.32 ,  0.05 ,  5.26
27 ,  4 ,  1333743 ,  0 ,  195 ,  26.32 ,  0.05 ,  5.26
27 ,  4 ,  1333786 ,  0 ,  195 ,  26.21 ,  0.05 ,  5.26
27 ,  4 ,  1333830 ,  0 ,  195 ,  26.10 ,  0.05 ,  5.26
27 ,  4 ,  1333873 ,  0 ,  195 ,  25.99 ,  0.05 ,  5.16
27 ,  4 ,  1333917 ,  0 ,  195 ,  25.99 ,  0.05 ,  5.16
27 ,  4 ,  1333961 ,  0 ,  195 ,  25.99 ,  0.05 ,  5.16
27 ,  4 ,  1334004 ,  0 ,  195 ,  25.88 ,  0.04 ,  5.06
27 ,  4 ,  1334050 ,  0 ,  195 ,  25.77 ,  0.05 ,  5.16
27 ,  4 ,  1334094 ,  0 ,  195 ,  25.66 ,  0.05 ,  5.06
27 ,  4 ,  1334137 ,  0 ,  195 ,  25.55 ,  0.05 ,  5.06
27 ,  4 ,  1334181 ,  0 ,  195 ,  25.55 ,  0.04 ,  5.06
27 ,  4 ,  1334224 ,  0 ,  195 ,  25.44 ,  0.05 ,  4.96
27 ,  4 ,  1334268 ,  0 ,  195 ,  25.33 ,  0.05 ,  4.96
27 ,  4 ,  1334311 ,  0 ,  195 ,  25.33 ,  0.05 ,  4.96
27 ,  4 ,  1334355 ,  0 ,  195 ,  25.22 ,  0.05 ,  4.96
27 ,  4 ,  1334400 ,  0 ,  195 ,  25.11 ,  0.04 ,  4.96
27 ,  4 ,  1334445 ,  0 ,  195 ,  25.11 ,  0.04 ,  4.86
27 ,  4 ,  1334489 ,  0 ,  195 ,  25.00 ,  0.04 ,  4.86
27 ,  4 ,  1334532 ,  0 ,  195 ,  25.00 ,  0.04 ,  4.86
27 ,  4 ,  1334576 ,  0 ,  195 ,  24.78 ,  0.04 ,  4.86
27 ,  4 ,  1334620 ,  0 ,  195 ,  24.78 ,  0.05 ,  4.76
27 ,  4 ,  1334663 ,  0 ,  195 ,  24.67 ,  0.05 ,  4.76
27 ,  4 ,  1334707 ,  0 ,  195 ,  24.56 ,  0.04 ,  4.76
27 ,  4 ,  1334750 ,  0 ,  195 ,  24.56 ,  0.05 ,  4.76
27 ,  4 ,  1334794 ,  0 ,  195 ,  24.45 ,  0.05 ,  4.66
27 ,  4 ,  1334840 ,  0 ,  195 ,  24.34 ,  0.04 ,  4.66
27 ,  4 ,  1334883 ,  0 ,  195 ,  24.34 ,  0.05 ,  4.66
27 ,  4 ,  1334927 ,  0 ,  195 ,  24.23 ,  0.05 ,  4.66
27 ,  4 ,  1334970 ,  0 ,  195 ,  24.23 ,  0.04 ,  4.66
27 ,  4 ,  1335014 ,  0 ,  195 ,  24.12 ,  0.05 ,  4.56
27 ,  4 ,  1335058 ,  0 ,  195 ,  24.01 ,  0.04 ,  4.56
27 ,  4 ,  1335101 ,  0 ,  195 ,  24.01 ,  0.04 ,  4.56
27 ,  4 ,  1335145 ,  0 ,  195 ,  23.90 ,  0.04 ,  4.56
27 ,  4 ,  1335188 ,  0 ,  195 ,  23.79 ,  0.05 ,  4.56
27 ,  4 ,  1335234 ,  0 ,  195 ,  23.79 ,  0.04 ,  4.56
27 ,  4 ,  1335278 ,  0 ,  195 ,  23.68 ,  0.04 ,  4.46
27 ,  4 ,  1335321 ,  0 ,  195 ,  23.57 ,  0.05 ,  4.46
27 ,  4 ,  1335365 ,  0 ,  195 ,  23.46 ,  0.04 ,  4.46
27 ,  4 ,  1335408 ,  0 ,  195 ,  23.46 ,  0.05 ,  4.46
27 ,  4 ,  1335452 ,  0 ,  195 ,  23.35 ,  0.04 ,  4.37
27 ,  4 ,  1335495 ,  0 ,  195 ,  23.35 ,  0.04 ,  4.37
27 ,  4 ,  1335539 ,  0 ,  195 ,  23.24 ,  0.04 ,  4.37
27 ,  4 ,  1335583 ,  0 ,  195 ,  23.24 ,  0.04 ,  4.37
27 ,  4 ,  1335628 ,  0 ,  195 ,  23.13 ,  0.04 ,  4.37
27 ,  4 ,  1335672 ,  0 ,  195 ,  23.02 ,  0.05 ,  4.37
27 ,  4 ,  1335716 ,  0 ,  195 ,  22.91 ,  0.04 ,  4.27
27 ,  4 ,  1335759 ,  0 ,  195 ,  22.80 ,  0.04 ,  4.27
27 ,  4 ,  1335803 ,  0 ,  195 ,  22.80 ,  0.04 ,  4.27
27 ,  4 ,  1335846 ,  0 ,  195 ,  22.69 ,  0.04 ,  4.27
27 ,  4 ,  1335890 ,  0 ,  195 ,  22.69 ,  0.04 ,  4.27
27 ,  4 ,  1335933 ,  0 ,  195 ,  22.58 ,  0.04 ,  4.17
27 ,  4 ,  1335977 ,  0 ,  195 ,  22.58 ,  0.04 ,  4.17
27 ,  4 ,  1336024 ,  0 ,  195 ,  22.47 ,  0.04 ,  4.17
27 ,  4 ,  1336067 ,  0 ,  195 ,  22.36 ,  0.04 ,  4.17
27 ,  4 ,  1336111 ,  0 ,  195 ,  22.25 ,  0.04 ,  4.17
27 ,  4 ,  1336154 ,  0 ,  195 ,  22.25 ,  0.04 ,  4.07
27 ,  4 ,  1336198 ,  0 ,  195 ,  22.25 ,  0.05 ,  4.07
27 ,  4 ,  1336242 ,  0 ,  195 ,  22.14 ,  0.04 ,  4.07
27 ,  4 ,  1336285 ,  0 ,  195 ,  22.03 ,  0.04 ,  4.07
27 ,  4 ,  1336329 ,  0 ,  195 ,  22.03 ,  0.04 ,  3.97
27 ,  4 ,  1336372 ,  0 ,  195 ,  21.92 ,  0.04 ,  3.97
27 ,  4 ,  1336425 ,  0 ,  195 ,  21.81 ,  0.04 ,  3.97
27 ,  4 ,  1336468 ,  0 ,  195 ,  21.81 ,  0.04 ,  3.97
27 ,  4 ,  1336512 ,  0 ,  195 ,  21.70 ,  0.04 ,  3.97
27 ,  4 ,  1336555 ,  0 ,  195 ,  21.59 ,  0.04 ,  3.97
27 ,  4 ,  1336599 ,  0 ,  195 ,  21.59 ,  0.04 ,  3.87
27 ,  4 ,  1336642 ,  0 ,  195 ,  21.48 ,  0.04 ,  3.87
27 ,  4 ,  1336686 ,  0 ,  195 ,  21.37 ,  0.04 ,  3.87
27 ,  4 ,  1336730 ,  0 ,  195 ,  21.37 ,  0.04 ,  3.87
27 ,  4 ,  1336773 ,  0 ,  195 ,  21.26 ,  0.04 ,  3.87
27 ,  4 ,  1336819 ,  0 ,  195 ,  21.26 ,  0.04 ,  3.87
27 ,  4 ,  1336862 ,  0 ,  195 ,  21.15 ,  0.04 ,  3.77
27 ,  4 ,  1336906 ,  0 ,  195 ,  21.15 ,  0.04 ,  3.77
27 ,  4 ,  1336950 ,  0 ,  195 ,  21.04 ,  0.04 ,  3.77
27 ,  4 ,  1336993 ,  0 ,  195 ,  20.93 ,  0.05 ,  3.77
27 ,  4 ,  1337037 ,  0 ,  195 ,  20.93 ,  0.04 ,  3.77
27 ,  4 ,  1337080 ,  0 ,  195 ,  20.82 ,  0.04 ,  3.67
27 ,  4 ,  1337124 ,  0 ,  195 ,  20.82 ,  0.04 ,  3.67
27 ,  4 ,  1337167 ,  0 ,  195 ,  20.71 ,  0.04 ,  3.67
27 ,  4 ,  1337213 ,  0 ,  195 ,  20.60 ,  0.04 ,  3.67
27 ,  4 ,  1337257 ,  0 ,  195 ,  20.60 ,  0.04 ,  3.67
27 ,  4 ,  1337300 ,  0 ,  195 ,  20.49 ,  0.04 ,  3.67
27 ,  4 ,  1337345 ,  0 ,  195 ,  20.38 ,  0.04 ,  3.67
27 ,  4 ,  1337388 ,  0 ,  195 ,  20.38 ,  0.04 ,  3.67
27 ,  4 ,  1337432 ,  0 ,  195 ,  20.27 ,  0.04 ,  3.67
27 ,  4 ,  1337475 ,  0 ,  195 ,  20.27 ,  0.04 ,  3.57
27 ,  4 ,  1337519 ,  0 ,  195 ,  20.16 ,  0.04 ,  3.57
27 ,  4 ,  1337563 ,  0 ,  195 ,  20.16 ,  0.03 ,  3.57
27 ,  4 ,  1337608 ,  0 ,  195 ,  20.05 ,  0.04 ,  3.57
27 ,  4 ,  1337652 ,  0 ,  195 ,  19.94 ,  0.04 ,  3.57
27 ,  4 ,  1337695 ,  0 ,  195 ,  19.94 ,  0.04 ,  3.47
27 ,  4 ,  1337739 ,  0 ,  195 ,  19.94 ,  0.04 ,  3.47
27 ,  4 ,  1337783 ,  0 ,  195 ,  19.72 ,  0.04 ,  3.47
27 ,  4 ,  1337826 ,  0 ,  195 ,  19.72 ,  0.04 ,  3.47
27 ,  4 ,  1337870 ,  0 ,  195 ,  19.72 ,  0.03 ,  3.47
27 ,  4 ,  1337913 ,  0 ,  195 ,  19.61 ,  0.04 ,  3.47
27 ,  4 ,  1337957 ,  0 ,  195 ,  19.61 ,  0.04 ,  3.47
27 ,  4 ,  1338003 ,  0 ,  195 ,  19.50 ,  0.04 ,  3.37
27 ,  4 ,  1338046 ,  0 ,  195 ,  19.39 ,  0.04 ,  3.37
27 ,  4 ,  1338090 ,  0 ,  195 ,  19.39 ,  0.04 ,  3.37
27 ,  4 ,  1338133 ,  0 ,  195 ,  19.28 ,  0.04 ,  3.37
27 ,  4 ,  1338177 ,  0 ,  195 ,  19.28 ,  0.04 ,  3.37
27 ,  4 ,  1338220 ,  0 ,  195 ,  19.17 ,  0.04 ,  3.37
27 ,  4 ,  1338264 ,  0 ,  195 ,  19.17 ,  0.04 ,  3.37
27 ,  4 ,  1338308 ,  0 ,  195 ,  19.06 ,  0.03 ,  3.27
27 ,  4 ,  1338351 ,  0 ,  195 ,  19.06 ,  0.04 ,  3.27
27 ,  4 ,  1338397 ,  0 ,  195 ,  18.95 ,  0.04 ,  3.27
27 ,  4 ,  1338440 ,  0 ,  195 ,  18.84 ,  0.03 ,  3.27
27 ,  4 ,  1338484 ,  0 ,  195 ,  18.84 ,  0.04 ,  3.27
27 ,  4 ,  1338528 ,  0 ,  195 ,  18.84 ,  0.04 ,  3.27
27 ,  4 ,  1338571 ,  0 ,  195 ,  18.73 ,  0.04 ,  3.27
27 ,  4 ,  1338615 ,  0 ,  195 ,  18.73 ,  0.03 ,  3.17
27 ,  4 ,  1338658 ,  0 ,  195 ,  18.62 ,  0.04 ,  3.17
27 ,  4 ,  1338702 ,  0 ,  195 ,  18.51 ,  0.03 ,  3.17
27 ,  4 ,  1338745 ,  0 ,  195 ,  18.51 ,  0.04 ,  3.17
27 ,  4 ,  1338791 ,  0 ,  195 ,  18.40 ,  0.03 ,  3.17
27 ,  4 ,  1338835 ,  0 ,  195 ,  18.29 ,  0.04 ,  3.17
27 ,  4 ,  1338880 ,  0 ,  195 ,  18.29 ,  0.04 ,  3.17
27 ,  4 ,  1338923 ,  0 ,  195 ,  18.29 ,  0.03 ,  3.08
27 ,  4 ,  1338967 ,  0 ,  195 ,  18.18 ,  0.04 ,  3.08
27 ,  4 ,  1339011 ,  0 ,  195 ,  18.18 ,  0.04 ,  3.08
27 ,  4 ,  1339054 ,  0 ,  195 ,  18.07 ,  0.04 ,  3.08
27 ,  4 ,  1339098 ,  0 ,  195 ,  18.07 ,  0.04 ,  3.08
27 ,  4 ,  1339142 ,  0 ,  195 ,  17.96 ,  0.03 ,  3.08
27 ,  4 ,  1339187 ,  0 ,  195 ,  17.96 ,  0.04 ,  2.98
27 ,  4 ,  1339231 ,  0 ,  195 ,  17.96 ,  0.03 ,  2.98
27 ,  4 ,  1339275 ,  0 ,  195 ,  17.85 ,  0.03 ,  2.98
27 ,  4 ,  1339318 ,  0 ,  195 ,  17.73 ,  0.03 ,  2.98
27 ,  4 ,  1339362 ,  0 ,  195 ,  17.73 ,  0.04 ,  2.98
27 ,  4 ,  1339406 ,  0 ,  195 ,  17.62 ,  0.04 ,  2.98
27 ,  4 ,  1339449 ,  0 ,  195 ,  17.62 ,  0.04 ,  2.98
27 ,  4 ,  1339493 ,  0 ,  195 ,  17.51 ,  0.03 ,  2.98
27 ,  4 ,  1339537 ,  0 ,  195 ,  17.51 ,  0.03 ,  2.98
27 ,  4 ,  1339583 ,  0 ,  195 ,  17.40 ,  0.03 ,  2.88
27 ,  4 ,  1339626 ,  0 ,  195 ,  17.40 ,  0.03 ,  2.88
27 ,  4 ,  1339670 ,  0 ,  195 ,  17.29 ,  0.04 ,  2.88
27 ,  4 ,  1339714 ,  0 ,  195 ,  17.29 ,  0.04 ,  2.88
27 ,  4 ,  1339757 ,  0 ,  195 ,  17.18 ,  0.04 ,  2.88
27 ,  4 ,  1339801 ,  0 ,  195 ,  17.18 ,  0.04 ,  2.88
27 ,  4 ,  1339845 ,  0 ,  195 ,  17.07 ,  0.03 ,  2.88
27 ,  4 ,  1339888 ,  0 ,  195 ,  17.07 ,  0.03 ,  2.78
27 ,  4 ,  1339932 ,  0 ,  195 ,  16.96 ,  0.04 ,  2.78
27 ,  4 ,  1339985 ,  0 ,  195 ,  16.96 ,  0.04 ,  2.78
27 ,  4 ,  1340029 ,  0 ,  195 ,  16.85 ,  0.04 ,  2.78
27 ,  4 ,  1340072 ,  0 ,  195 ,  16.85 ,  0.04 ,  2.78
27 ,  4 ,  1340116 ,  0 ,  195 ,  16.74 ,  0.04 ,  2.78
27 ,  4 ,  1340161 ,  0 ,  195 ,  16.74 ,  0.04 ,  2.78
27 ,  4 ,  1340205 ,  0 ,  195 ,  16.63 ,  0.04 ,  2.68
27 ,  4 ,  1340248 ,  0 ,  195 ,  16.63 ,  0.03 ,  2.68
27 ,  4 ,  1340292 ,  0 ,  195 ,  16.63 ,  0.04 ,  2.68
27 ,  4 ,  1340336 ,  0 ,  195 ,  16.52 ,  0.04 ,  2.68
27 ,  4 ,  1340383 ,  0 ,  195 ,  16.41 ,  0.03 ,  2.68
27 ,  4 ,  1340426 ,  0 ,  195 ,  16.41 ,  0.04 ,  2.68
27 ,  4 ,  1340470 ,  0 ,  195 ,  16.41 ,  0.04 ,  2.58
27 ,  4 ,  1340513 ,  0 ,  195 ,  16.30 ,  0.04 ,  2.68
27 ,  4 ,  1340557 ,  0 ,  195 ,  16.30 ,  0.04 ,  2.68
27 ,  4 ,  1340600 ,  0 ,  195 ,  16.30 ,  0.04 ,  2.68
27 ,  4 ,  1340644 ,  0 ,  195 ,  16.19 ,  0.04 ,  2.58
27 ,  4 ,  1340688 ,  0 ,  195 ,  16.08 ,  0.03 ,  2.58
27 ,  4 ,  1340731 ,  0 ,  195 ,  16.08 ,  0.04 ,  2.58
27 ,  4 ,  1340777 ,  0 ,  195 ,  16.08 ,  0.04 ,  2.58
27 ,  4 ,  1340821 ,  0 ,  195 ,  15.97 ,  0.03 ,  2.58
27 ,  4 ,  1340864 ,  0 ,  195 ,  15.97 ,  0.04 ,  2.58
27 ,  4 ,  1340908 ,  0 ,  195 ,  15.86 ,  0.03 ,  2.58
27 ,  4 ,  1340951 ,  0 ,  195 ,  15.86 ,  0.04 ,  2.48
27 ,  4 ,  1340995 ,  0 ,  195 ,  15.75 ,  0.03 ,  2.58
27 ,  4 ,  1341038 ,  0 ,  195 ,  15.75 ,  0.04 ,  2.48
27 ,  4 ,  1341082 ,  0 ,  195 ,  15.64 ,  0.03 ,  2.48
27 ,  4 ,  1341126 ,  0 ,  195 ,  15.64 ,  0.03 ,  2.48
27 ,  4 ,  1341171 ,  0 ,  195 ,  15.64 ,  0.03 ,  2.48
27 ,  4 ,  1341215 ,  0 ,  195 ,  15.53 ,  0.04 ,  2.48
27 ,  4 ,  1341259 ,  0 ,  195 ,  15.53 ,  0.04 ,  2.48
27 ,  4 ,  1341302 ,  0 ,  195 ,  15.42 ,  0.03 ,  2.48
27 ,  4 ,  1341346 ,  0 ,  195 ,  15.42 ,  0.03 ,  2.48
27 ,  4 ,  1341389 ,  0 ,  195 ,  15.31 ,  0.03 ,  2.48
27 ,  4 ,  1341433 ,  0 ,  195 ,  15.31 ,  0.03 ,  2.38
27 ,  4 ,  1341476 ,  0 ,  195 ,  15.20 ,  0.03 ,  2.38
27 ,  4 ,  1341520 ,  0 ,  195 ,  15.20 ,  0.04 ,  2.38
27 ,  4 ,  1341566 ,  0 ,  195 ,  15.20 ,  0.03 ,  2.38
27 ,  4 ,  1341609 ,  0 ,  195 ,  15.09 ,  0.03 ,  2.38
27 ,  4 ,  1341654 ,  0 ,  195 ,  15.09 ,  0.03 ,  2.38
27 ,  4 ,  1341698 ,  0 ,  195 ,  14.98 ,  0.03 ,  2.38
27 ,  4 ,  1341741 ,  0 ,  195 ,  14.98 ,  0.03 ,  2.38
27 ,  4 ,  1341785 ,  0 ,  195 ,  14.98 ,  0.04 ,  2.38
27 ,  4 ,  1341828 ,  0 ,  195 ,  14.87 ,  0.03 ,  2.38
27 ,  4 ,  1341872 ,  0 ,  195 ,  14.87 ,  0.03 ,  2.28
27 ,  4 ,  1341916 ,  0 ,  195 ,  14.76 ,  0.03 ,  2.38
27 ,  4 ,  1341961 ,  0 ,  195 ,  14.76 ,  0.03 ,  2.28
27 ,  4 ,  1342005 ,  0 ,  195 ,  14.76 ,  0.03 ,  2.28
27 ,  4 ,  1342049 ,  0 ,  195 ,  14.65 ,  0.03 ,  2.28
27 ,  4 ,  1342092 ,  0 ,  195 ,  14.65 ,  0.03 ,  2.28
27 ,  4 ,  1342136 ,  0 ,  195 ,  14.54 ,  0.03 ,  2.28
27 ,  4 ,  1342179 ,  0 ,  195 ,  14.54 ,  0.03 ,  2.28
27 ,  4 ,  1342223 ,  0 ,  195 ,  14.54 ,  0.03 ,  2.28
27 ,  4 ,  1342266 ,  0 ,  195 ,  14.43 ,  0.03 ,  2.28
27 ,  4 ,  1342310 ,  0 ,  195 ,  14.43 ,  0.04 ,  2.28
27 ,  4 ,  1342356 ,  0 ,  195 ,  14.43 ,  0.03 ,  2.28
27 ,  4 ,  1342399 ,  0 ,  195 ,  14.32 ,  0.04 ,  2.18
27 ,  4 ,  1342443 ,  0 ,  195 ,  14.32 ,  0.03 ,  2.18
27 ,  4 ,  1342487 ,  0 ,  195 ,  14.21 ,  0.03 ,  2.18
27 ,  4 ,  1342530 ,  0 ,  195 ,  14.21 ,  0.03 ,  2.18
27 ,  4 ,  1342574 ,  0 ,  195 ,  14.10 ,  0.03 ,  2.18
27 ,  4 ,  1342617 ,  0 ,  195 ,  14.21 ,  0.03 ,  2.18
27 ,  4 ,  1342661 ,  0 ,  195 ,  13.99 ,  0.03 ,  2.18
27 ,  4 ,  1342705 ,  0 ,  195 ,  13.99 ,  0.03 ,  2.18
27 ,  4 ,  1342750 ,  0 ,  195 ,  13.99 ,  0.04 ,  2.08
27 ,  4 ,  1342794 ,  0 ,  195 ,  13.88 ,  0.03 ,  2.18
27 ,  4 ,  1342838 ,  0 ,  195 ,  13.88 ,  0.03 ,  2.18
27 ,  4 ,  1342881 ,  0 ,  195 ,  13.88 ,  0.03 ,  2.18
27 ,  4 ,  1342925 ,  0 ,  195 ,  13.77 ,  0.03 ,  2.08
27 ,  4 ,  1342968 ,  0 ,  195 ,  13.77 ,  0.03 ,  2.18
27 ,  4 ,  1343012 ,  0 ,  195 ,  13.77 ,  0.03 ,  2.08
27 ,  4 ,  1343055 ,  0 ,  195 ,  13.66 ,  0.03 ,  2.08
27 ,  4 ,  1343099 ,  0 ,  195 ,  13.66 ,  0.03 ,  2.08
27 ,  4 ,  1343145 ,  0 ,  195 ,  13.66 ,  0.03 ,  2.08
27 ,  4 ,  1343188 ,  0 ,  195 ,  13.55 ,  0.03 ,  2.08
27 ,  4 ,  1343233 ,  0 ,  195 ,  13.55 ,  0.03 ,  2.08
27 ,  4 ,  1343277 ,  0 ,  195 ,  13.44 ,  0.03 ,  2.08
27 ,  4 ,  1343320 ,  0 ,  195 ,  13.44 ,  0.03 ,  2.08
27 ,  4 ,  1343364 ,  0 ,  195 ,  13.44 ,  0.03 ,  2.08
27 ,  4 ,  1343407 ,  0 ,  195 ,  13.33 ,  0.03 ,  2.08
27 ,  4 ,  1343451 ,  0 ,  195 ,  13.33 ,  0.03 ,  1.98
