MS, MPT, t (s), PWMi, PWMe, Pressure (Psi), LW (V), Displacement (mm)
28 ,  3 ,  1429464 ,  0 ,  190 ,  13.22 ,  0.03 ,  1.98
28 ,  3 ,  1429506 ,  255 ,  0 ,  13.11 ,  0.03 ,  1.98
28 ,  3 ,  1429548 ,  255 ,  0 ,  16.41 ,  0.03 ,  1.98
28 ,  3 ,  1429590 ,  255 ,  0 ,  32.16 ,  0.06 ,  4.07
28 ,  3 ,  1429630 ,  255 ,  0 ,  46.26 ,  0.12 ,  7.64
28 ,  3 ,  1429672 ,  255 ,  0 ,  55.73 ,  0.21 ,  11.11
28 ,  3 ,  1429714 ,  255 ,  0 ,  62.23 ,  0.29 ,  13.79
28 ,  3 ,  1429756 ,  255 ,  0 ,  66.74 ,  0.35 ,  15.58
28 ,  3 ,  1429800 ,  255 ,  0 ,  70.38 ,  0.41 ,  17.07
28 ,  3 ,  1429842 ,  255 ,  0 ,  73.02 ,  0.44 ,  18.06
28 ,  3 ,  1429884 ,  255 ,  0 ,  75.22 ,  0.48 ,  18.85
28 ,  3 ,  1429926 ,  255 ,  0 ,  77.20 ,  0.50 ,  19.55
28 ,  3 ,  1429967 ,  255 ,  0 ,  78.75 ,  0.52 ,  20.04
28 ,  3 ,  1430009 ,  255 ,  0 ,  80.29 ,  0.54 ,  20.54
28 ,  3 ,  1430051 ,  255 ,  0 ,  81.72 ,  0.55 ,  20.94
28 ,  3 ,  1430093 ,  255 ,  0 ,  82.93 ,  0.56 ,  21.23
28 ,  3 ,  1430134 ,  255 ,  0 ,  84.14 ,  0.56 ,  21.63
28 ,  3 ,  1430178 ,  255 ,  0 ,  85.24 ,  0.57 ,  21.93
28 ,  3 ,  1430220 ,  255 ,  0 ,  86.23 ,  0.58 ,  22.22
28 ,  3 ,  1430262 ,  255 ,  0 ,  87.23 ,  0.58 ,  22.42
28 ,  3 ,  1430304 ,  255 ,  0 ,  88.00 ,  0.58 ,  22.62
28 ,  3 ,  1430345 ,  255 ,  0 ,  88.88 ,  0.59 ,  22.92
28 ,  3 ,  1430387 ,  255 ,  0 ,  89.65 ,  0.59 ,  23.02
28 ,  3 ,  1430429 ,  255 ,  0 ,  90.31 ,  0.59 ,  23.32
28 ,  3 ,  1430471 ,  255 ,  0 ,  90.97 ,  0.59 ,  23.42
28 ,  3 ,  1430512 ,  255 ,  0 ,  91.63 ,  0.60 ,  23.51
28 ,  3 ,  1430556 ,  255 ,  0 ,  92.29 ,  0.60 ,  23.71
28 ,  3 ,  1430598 ,  255 ,  0 ,  92.84 ,  0.60 ,  23.81
28 ,  3 ,  1430640 ,  255 ,  0 ,  93.39 ,  0.60 ,  24.01
28 ,  3 ,  1430682 ,  255 ,  0 ,  93.83 ,  0.60 ,  24.11
28 ,  3 ,  1430723 ,  255 ,  0 ,  94.27 ,  0.60 ,  24.21
28 ,  3 ,  1430765 ,  255 ,  0 ,  94.60 ,  0.60 ,  24.31
28 ,  3 ,  1430807 ,  255 ,  0 ,  94.93 ,  0.60 ,  24.31
28 ,  3 ,  1430849 ,  255 ,  0 ,  95.26 ,  0.60 ,  24.41
28 ,  3 ,  1430893 ,  255 ,  0 ,  95.48 ,  0.61 ,  24.51
28 ,  3 ,  1430934 ,  255 ,  0 ,  95.70 ,  0.60 ,  24.51
28 ,  3 ,  1430976 ,  255 ,  0 ,  95.82 ,  0.60 ,  24.61
28 ,  3 ,  1431018 ,  255 ,  0 ,  95.93 ,  0.61 ,  24.61
28 ,  3 ,  1431060 ,  255 ,  0 ,  96.04 ,  0.61 ,  24.71
28 ,  3 ,  1431101 ,  255 ,  0 ,  96.15 ,  0.61 ,  24.71
28 ,  3 ,  1431143 ,  255 ,  0 ,  96.26 ,  0.61 ,  24.71
28 ,  3 ,  1431185 ,  255 ,  0 ,  96.26 ,  0.61 ,  24.80
28 ,  3 ,  1431227 ,  255 ,  0 ,  96.26 ,  0.61 ,  24.80
28 ,  3 ,  1431266 ,  255 ,  0 ,  96.37 ,  0.61 ,  24.80
28 ,  3 ,  1431308 ,  255 ,  0 ,  96.37 ,  0.61 ,  24.90
28 ,  3 ,  1431350 ,  255 ,  0 ,  96.37 ,  0.61 ,  24.90
28 ,  3 ,  1431392 ,  255 ,  0 ,  96.37 ,  0.61 ,  24.90
28 ,  3 ,  1431433 ,  255 ,  0 ,  96.37 ,  0.61 ,  24.90
28 ,  3 ,  1431475 ,  255 ,  0 ,  96.37 ,  0.61 ,  24.90
28 ,  3 ,  1431517 ,  255 ,  0 ,  96.37 ,  0.61 ,  24.90
28 ,  3 ,  1431559 ,  255 ,  0 ,  96.37 ,  0.61 ,  24.90
28 ,  3 ,  1431601 ,  255 ,  0 ,  96.37 ,  0.61 ,  24.90
28 ,  3 ,  1431645 ,  255 ,  0 ,  96.37 ,  0.60 ,  25.00
28 ,  3 ,  1431687 ,  255 ,  0 ,  96.37 ,  0.61 ,  25.00
28 ,  3 ,  1431729 ,  255 ,  0 ,  96.37 ,  0.61 ,  25.00
28 ,  3 ,  1431780 ,  255 ,  0 ,  96.37 ,  0.61 ,  25.00
28 ,  3 ,  1431822 ,  255 ,  0 ,  96.37 ,  0.61 ,  25.00
28 ,  3 ,  1431863 ,  255 ,  0 ,  96.37 ,  0.61 ,  25.00
28 ,  3 ,  1431905 ,  255 ,  0 ,  96.37 ,  0.61 ,  25.00
28 ,  3 ,  1431947 ,  255 ,  0 ,  96.37 ,  0.61 ,  25.00
28 ,  3 ,  1431989 ,  255 ,  0 ,  96.37 ,  0.61 ,  25.00
28 ,  3 ,  1432033 ,  255 ,  0 ,  96.37 ,  0.61 ,  25.10
28 ,  3 ,  1432074 ,  255 ,  0 ,  96.37 ,  0.61 ,  25.10
28 ,  3 ,  1432116 ,  255 ,  0 ,  96.37 ,  0.61 ,  25.10
28 ,  3 ,  1432158 ,  255 ,  0 ,  96.37 ,  0.61 ,  25.10
28 ,  3 ,  1432200 ,  255 ,  0 ,  96.37 ,  0.61 ,  25.10
28 ,  3 ,  1432241 ,  255 ,  0 ,  96.37 ,  0.61 ,  25.10
28 ,  3 ,  1432283 ,  255 ,  0 ,  96.37 ,  0.61 ,  25.10
28 ,  3 ,  1432325 ,  255 ,  0 ,  96.26 ,  0.61 ,  25.10
28 ,  3 ,  1432367 ,  255 ,  0 ,  96.26 ,  0.61 ,  25.10
28 ,  3 ,  1432411 ,  255 ,  0 ,  96.26 ,  0.61 ,  25.10
28 ,  3 ,  1432452 ,  0 ,  190 ,  96.37 ,  0.61 ,  25.10
28 ,  3 ,  1432494 ,  0 ,  190 ,  94.38 ,  0.61 ,  25.20
28 ,  3 ,  1432536 ,  0 ,  190 ,  90.64 ,  0.61 ,  24.80
28 ,  3 ,  1432578 ,  0 ,  190 ,  87.00 ,  0.60 ,  24.41
28 ,  3 ,  1432619 ,  0 ,  190 ,  83.92 ,  0.60 ,  23.91
28 ,  3 ,  1432660 ,  0 ,  190 ,  81.39 ,  0.59 ,  23.51
28 ,  3 ,  1432702 ,  0 ,  190 ,  79.19 ,  0.59 ,  23.12
28 ,  3 ,  1432743 ,  0 ,  190 ,  77.31 ,  0.58 ,  22.72
28 ,  3 ,  1432787 ,  0 ,  190 ,  75.77 ,  0.58 ,  22.32
28 ,  3 ,  1432829 ,  0 ,  190 ,  74.34 ,  0.57 ,  22.13
28 ,  3 ,  1432871 ,  0 ,  190 ,  73.24 ,  0.56 ,  21.83
28 ,  3 ,  1432913 ,  0 ,  190 ,  72.25 ,  0.56 ,  21.63
28 ,  3 ,  1432954 ,  0 ,  190 ,  71.37 ,  0.55 ,  21.33
28 ,  3 ,  1432996 ,  0 ,  190 ,  70.60 ,  0.55 ,  21.13
28 ,  3 ,  1433038 ,  0 ,  190 ,  69.83 ,  0.54 ,  21.03
28 ,  3 ,  1433080 ,  0 ,  190 ,  69.16 ,  0.54 ,  20.84
28 ,  3 ,  1433124 ,  0 ,  190 ,  68.72 ,  0.53 ,  20.74
28 ,  3 ,  1433165 ,  0 ,  190 ,  68.17 ,  0.53 ,  20.54
28 ,  3 ,  1433207 ,  0 ,  190 ,  67.73 ,  0.52 ,  20.44
28 ,  3 ,  1433249 ,  0 ,  190 ,  67.29 ,  0.52 ,  20.34
28 ,  3 ,  1433291 ,  0 ,  190 ,  66.96 ,  0.51 ,  20.24
28 ,  3 ,  1433332 ,  0 ,  190 ,  66.63 ,  0.51 ,  20.14
28 ,  3 ,  1433374 ,  0 ,  190 ,  66.30 ,  0.50 ,  20.04
28 ,  3 ,  1433416 ,  0 ,  190 ,  66.08 ,  0.50 ,  19.94
28 ,  3 ,  1433457 ,  0 ,  190 ,  65.75 ,  0.49 ,  19.84
28 ,  3 ,  1433501 ,  0 ,  190 ,  65.53 ,  0.49 ,  19.74
28 ,  3 ,  1433543 ,  0 ,  190 ,  65.31 ,  0.49 ,  19.74
28 ,  3 ,  1433585 ,  0 ,  190 ,  65.09 ,  0.48 ,  19.65
28 ,  3 ,  1433627 ,  0 ,  190 ,  64.87 ,  0.48 ,  19.55
28 ,  3 ,  1433668 ,  0 ,  190 ,  64.65 ,  0.47 ,  19.55
28 ,  3 ,  1433710 ,  0 ,  190 ,  64.43 ,  0.47 ,  19.45
28 ,  3 ,  1433752 ,  0 ,  190 ,  64.21 ,  0.47 ,  19.35
28 ,  3 ,  1433794 ,  0 ,  190 ,  64.10 ,  0.46 ,  19.35
28 ,  3 ,  1433835 ,  0 ,  190 ,  63.88 ,  0.46 ,  19.25
28 ,  3 ,  1433879 ,  0 ,  190 ,  63.77 ,  0.47 ,  19.25
28 ,  3 ,  1433921 ,  0 ,  190 ,  63.55 ,  0.46 ,  19.15
28 ,  3 ,  1433963 ,  0 ,  190 ,  63.44 ,  0.45 ,  19.15
28 ,  3 ,  1434004 ,  0 ,  190 ,  63.22 ,  0.45 ,  19.05
28 ,  3 ,  1434046 ,  0 ,  190 ,  63.00 ,  0.45 ,  18.95
28 ,  3 ,  1434088 ,  0 ,  190 ,  62.89 ,  0.45 ,  18.95
28 ,  3 ,  1434130 ,  0 ,  190 ,  62.78 ,  0.45 ,  18.85
28 ,  3 ,  1434171 ,  0 ,  190 ,  62.56 ,  0.45 ,  18.85
28 ,  3 ,  1434213 ,  0 ,  190 ,  62.45 ,  0.44 ,  18.85
28 ,  3 ,  1434257 ,  0 ,  190 ,  62.34 ,  0.44 ,  18.75
28 ,  3 ,  1434299 ,  0 ,  190 ,  62.23 ,  0.44 ,  18.75
28 ,  3 ,  1434341 ,  0 ,  190 ,  62.01 ,  0.43 ,  18.65
28 ,  3 ,  1434382 ,  0 ,  190 ,  61.79 ,  0.43 ,  18.65
28 ,  3 ,  1434424 ,  0 ,  190 ,  61.68 ,  0.43 ,  18.55
28 ,  3 ,  1434466 ,  0 ,  190 ,  61.57 ,  0.43 ,  18.55
28 ,  3 ,  1434507 ,  0 ,  190 ,  61.46 ,  0.43 ,  18.45
28 ,  3 ,  1434549 ,  0 ,  190 ,  61.24 ,  0.43 ,  18.45
28 ,  3 ,  1434591 ,  0 ,  190 ,  61.13 ,  0.42 ,  18.36
28 ,  3 ,  1434635 ,  0 ,  190 ,  61.01 ,  0.43 ,  18.36
28 ,  3 ,  1434677 ,  0 ,  190 ,  60.90 ,  0.42 ,  18.36
28 ,  3 ,  1434718 ,  0 ,  190 ,  60.68 ,  0.42 ,  18.26
28 ,  3 ,  1434760 ,  0 ,  190 ,  60.57 ,  0.42 ,  18.26
28 ,  3 ,  1434802 ,  0 ,  190 ,  60.46 ,  0.41 ,  18.16
28 ,  3 ,  1434844 ,  0 ,  190 ,  60.24 ,  0.42 ,  18.16
28 ,  3 ,  1434885 ,  0 ,  190 ,  60.13 ,  0.41 ,  18.06
28 ,  3 ,  1434927 ,  0 ,  190 ,  60.02 ,  0.41 ,  18.06
28 ,  3 ,  1434969 ,  0 ,  190 ,  59.91 ,  0.41 ,  18.06
28 ,  3 ,  1435013 ,  0 ,  190 ,  59.80 ,  0.40 ,  17.96
28 ,  3 ,  1435055 ,  0 ,  190 ,  59.58 ,  0.40 ,  17.86
28 ,  3 ,  1435096 ,  0 ,  190 ,  59.47 ,  0.40 ,  17.86
28 ,  3 ,  1435138 ,  0 ,  190 ,  59.25 ,  0.40 ,  17.86
28 ,  3 ,  1435180 ,  0 ,  190 ,  59.14 ,  0.40 ,  17.76
28 ,  3 ,  1435222 ,  0 ,  190 ,  59.03 ,  0.39 ,  17.76
28 ,  3 ,  1435262 ,  0 ,  190 ,  58.92 ,  0.39 ,  17.66
28 ,  3 ,  1435304 ,  0 ,  190 ,  58.81 ,  0.39 ,  17.66
28 ,  3 ,  1435348 ,  0 ,  190 ,  58.59 ,  0.39 ,  17.66
28 ,  3 ,  1435390 ,  0 ,  190 ,  58.48 ,  0.38 ,  17.56
28 ,  3 ,  1435431 ,  0 ,  190 ,  58.37 ,  0.38 ,  17.56
28 ,  3 ,  1435473 ,  0 ,  190 ,  58.15 ,  0.38 ,  17.46
28 ,  3 ,  1435515 ,  0 ,  190 ,  58.04 ,  0.38 ,  17.46
28 ,  3 ,  1435557 ,  0 ,  190 ,  57.93 ,  0.37 ,  17.36
28 ,  3 ,  1435599 ,  0 ,  190 ,  57.71 ,  0.37 ,  17.36
28 ,  3 ,  1435641 ,  0 ,  190 ,  57.60 ,  0.37 ,  17.26
28 ,  3 ,  1435682 ,  0 ,  190 ,  57.49 ,  0.37 ,  17.26
28 ,  3 ,  1435726 ,  0 ,  190 ,  57.38 ,  0.37 ,  17.16
28 ,  3 ,  1435768 ,  0 ,  190 ,  57.16 ,  0.36 ,  17.16
28 ,  3 ,  1435810 ,  0 ,  190 ,  57.05 ,  0.37 ,  17.07
28 ,  3 ,  1435852 ,  0 ,  190 ,  56.94 ,  0.36 ,  17.07
28 ,  3 ,  1435893 ,  0 ,  190 ,  56.83 ,  0.36 ,  17.07
28 ,  3 ,  1435935 ,  0 ,  190 ,  56.61 ,  0.36 ,  16.97
28 ,  3 ,  1435977 ,  0 ,  190 ,  56.61 ,  0.35 ,  16.97
28 ,  3 ,  1436019 ,  0 ,  190 ,  56.39 ,  0.35 ,  16.87
28 ,  3 ,  1436060 ,  0 ,  190 ,  56.28 ,  0.35 ,  16.87
28 ,  3 ,  1436104 ,  0 ,  190 ,  56.06 ,  0.35 ,  16.77
28 ,  3 ,  1436146 ,  0 ,  190 ,  55.95 ,  0.34 ,  16.77
28 ,  3 ,  1436188 ,  0 ,  190 ,  55.84 ,  0.34 ,  16.67
28 ,  3 ,  1436230 ,  0 ,  190 ,  55.73 ,  0.34 ,  16.67
28 ,  3 ,  1436271 ,  0 ,  190 ,  55.51 ,  0.34 ,  16.57
28 ,  3 ,  1436313 ,  0 ,  190 ,  55.40 ,  0.34 ,  16.57
28 ,  3 ,  1436355 ,  0 ,  190 ,  55.29 ,  0.33 ,  16.47
28 ,  3 ,  1436397 ,  0 ,  190 ,  55.18 ,  0.33 ,  16.47
28 ,  3 ,  1436438 ,  0 ,  190 ,  54.96 ,  0.33 ,  16.47
28 ,  3 ,  1436482 ,  0 ,  190 ,  54.85 ,  0.33 ,  16.37
28 ,  3 ,  1436524 ,  0 ,  190 ,  54.74 ,  0.32 ,  16.37
28 ,  3 ,  1436566 ,  0 ,  190 ,  54.63 ,  0.33 ,  16.27
28 ,  3 ,  1436607 ,  0 ,  190 ,  54.52 ,  0.32 ,  16.17
28 ,  3 ,  1436649 ,  0 ,  190 ,  54.41 ,  0.32 ,  16.17
28 ,  3 ,  1436691 ,  0 ,  190 ,  54.19 ,  0.32 ,  16.17
28 ,  3 ,  1436733 ,  0 ,  190 ,  54.08 ,  0.32 ,  16.07
28 ,  3 ,  1436774 ,  0 ,  190 ,  53.97 ,  0.31 ,  16.07
28 ,  3 ,  1436816 ,  0 ,  190 ,  53.75 ,  0.31 ,  15.97
28 ,  3 ,  1436877 ,  0 ,  190 ,  53.64 ,  0.31 ,  15.88
28 ,  3 ,  1436919 ,  0 ,  190 ,  53.53 ,  0.31 ,  15.88
28 ,  3 ,  1436961 ,  0 ,  190 ,  53.31 ,  0.30 ,  15.88
28 ,  3 ,  1437003 ,  0 ,  190 ,  53.20 ,  0.30 ,  15.78
28 ,  3 ,  1437044 ,  0 ,  190 ,  53.09 ,  0.30 ,  15.68
28 ,  3 ,  1437086 ,  0 ,  190 ,  52.98 ,  0.30 ,  15.68
28 ,  3 ,  1437128 ,  0 ,  190 ,  52.87 ,  0.29 ,  15.58
28 ,  3 ,  1437169 ,  0 ,  190 ,  52.76 ,  0.30 ,  15.58
28 ,  3 ,  1437211 ,  0 ,  190 ,  52.65 ,  0.30 ,  15.58
28 ,  3 ,  1437255 ,  0 ,  190 ,  52.42 ,  0.29 ,  15.48
28 ,  3 ,  1437297 ,  0 ,  190 ,  52.42 ,  0.29 ,  15.48
28 ,  3 ,  1437339 ,  0 ,  190 ,  52.09 ,  0.29 ,  15.38
28 ,  3 ,  1437380 ,  0 ,  190 ,  52.09 ,  0.29 ,  15.38
28 ,  3 ,  1437422 ,  0 ,  190 ,  51.98 ,  0.29 ,  15.28
28 ,  3 ,  1437464 ,  0 ,  190 ,  51.76 ,  0.28 ,  15.28
28 ,  3 ,  1437506 ,  0 ,  190 ,  51.65 ,  0.28 ,  15.18
28 ,  3 ,  1437547 ,  0 ,  190 ,  51.65 ,  0.28 ,  15.18
28 ,  3 ,  1437591 ,  0 ,  190 ,  51.43 ,  0.28 ,  15.08
28 ,  3 ,  1437633 ,  0 ,  190 ,  51.43 ,  0.27 ,  14.98
28 ,  3 ,  1437675 ,  0 ,  190 ,  51.21 ,  0.27 ,  14.98
28 ,  3 ,  1437716 ,  0 ,  190 ,  51.10 ,  0.27 ,  14.98
28 ,  3 ,  1437758 ,  0 ,  190 ,  50.99 ,  0.26 ,  14.98
28 ,  3 ,  1437800 ,  0 ,  190 ,  50.88 ,  0.26 ,  14.88
28 ,  3 ,  1437842 ,  0 ,  190 ,  50.66 ,  0.26 ,  14.78
28 ,  3 ,  1437883 ,  0 ,  190 ,  50.66 ,  0.26 ,  14.78
28 ,  3 ,  1437925 ,  0 ,  190 ,  50.55 ,  0.26 ,  14.68
28 ,  3 ,  1437969 ,  0 ,  190 ,  50.33 ,  0.26 ,  14.68
28 ,  3 ,  1438011 ,  0 ,  190 ,  50.22 ,  0.25 ,  14.59
28 ,  3 ,  1438053 ,  0 ,  190 ,  50.11 ,  0.25 ,  14.59
28 ,  3 ,  1438094 ,  0 ,  190 ,  50.00 ,  0.25 ,  14.59
28 ,  3 ,  1438136 ,  0 ,  190 ,  49.89 ,  0.25 ,  14.49
28 ,  3 ,  1438178 ,  0 ,  190 ,  49.67 ,  0.25 ,  14.49
28 ,  3 ,  1438220 ,  0 ,  190 ,  49.67 ,  0.25 ,  14.39
28 ,  3 ,  1438261 ,  0 ,  190 ,  49.56 ,  0.24 ,  14.39
28 ,  3 ,  1438303 ,  0 ,  190 ,  49.45 ,  0.24 ,  14.29
28 ,  3 ,  1438347 ,  0 ,  190 ,  49.23 ,  0.24 ,  14.19
28 ,  3 ,  1438389 ,  0 ,  190 ,  49.12 ,  0.24 ,  14.19
28 ,  3 ,  1438430 ,  0 ,  190 ,  49.01 ,  0.24 ,  14.19
28 ,  3 ,  1438472 ,  0 ,  190 ,  49.01 ,  0.23 ,  14.09
28 ,  3 ,  1438514 ,  0 ,  190 ,  48.79 ,  0.23 ,  14.09
28 ,  3 ,  1438556 ,  0 ,  190 ,  48.68 ,  0.23 ,  13.99
28 ,  3 ,  1438597 ,  0 ,  190 ,  48.57 ,  0.23 ,  13.99
28 ,  3 ,  1438639 ,  0 ,  190 ,  48.46 ,  0.22 ,  13.89
28 ,  3 ,  1438681 ,  0 ,  190 ,  48.35 ,  0.22 ,  13.89
28 ,  3 ,  1438725 ,  0 ,  190 ,  48.24 ,  0.22 ,  13.79
28 ,  3 ,  1438767 ,  0 ,  190 ,  48.13 ,  0.22 ,  13.79
28 ,  3 ,  1438808 ,  0 ,  190 ,  48.02 ,  0.22 ,  13.69
28 ,  3 ,  1438850 ,  0 ,  190 ,  47.80 ,  0.22 ,  13.69
28 ,  3 ,  1438892 ,  0 ,  190 ,  47.69 ,  0.22 ,  13.69
28 ,  3 ,  1438932 ,  0 ,  190 ,  47.58 ,  0.22 ,  13.59
28 ,  3 ,  1438974 ,  0 ,  190 ,  47.58 ,  0.21 ,  13.59
28 ,  3 ,  1439016 ,  0 ,  190 ,  47.47 ,  0.21 ,  13.49
28 ,  3 ,  1439058 ,  0 ,  190 ,  47.36 ,  0.21 ,  13.49
28 ,  3 ,  1439102 ,  0 ,  190 ,  47.14 ,  0.21 ,  13.39
28 ,  3 ,  1439143 ,  0 ,  190 ,  47.14 ,  0.21 ,  13.39
28 ,  3 ,  1439185 ,  0 ,  190 ,  47.03 ,  0.20 ,  13.30
28 ,  3 ,  1439227 ,  0 ,  190 ,  46.81 ,  0.21 ,  13.30
28 ,  3 ,  1439269 ,  0 ,  190 ,  46.70 ,  0.20 ,  13.30
28 ,  3 ,  1439310 ,  0 ,  190 ,  46.59 ,  0.20 ,  13.20
28 ,  3 ,  1439352 ,  0 ,  190 ,  46.59 ,  0.20 ,  13.10
28 ,  3 ,  1439394 ,  0 ,  190 ,  46.37 ,  0.19 ,  13.10
28 ,  3 ,  1439436 ,  0 ,  190 ,  46.26 ,  0.20 ,  13.00
28 ,  3 ,  1439480 ,  0 ,  190 ,  46.15 ,  0.19 ,  13.00
28 ,  3 ,  1439521 ,  0 ,  190 ,  46.04 ,  0.19 ,  12.90
28 ,  3 ,  1439563 ,  0 ,  190 ,  46.04 ,  0.19 ,  12.90
28 ,  3 ,  1439605 ,  0 ,  190 ,  45.82 ,  0.19 ,  12.90
28 ,  3 ,  1439646 ,  0 ,  190 ,  45.71 ,  0.19 ,  12.80
28 ,  3 ,  1439688 ,  0 ,  190 ,  45.60 ,  0.18 ,  12.80
28 ,  3 ,  1439730 ,  0 ,  190 ,  45.49 ,  0.18 ,  12.70
28 ,  3 ,  1439772 ,  0 ,  190 ,  45.49 ,  0.18 ,  12.60
28 ,  3 ,  1439816 ,  0 ,  190 ,  45.38 ,  0.18 ,  12.60
28 ,  3 ,  1439857 ,  0 ,  190 ,  45.16 ,  0.18 ,  12.50
28 ,  3 ,  1439899 ,  0 ,  190 ,  45.05 ,  0.18 ,  12.50
28 ,  3 ,  1439941 ,  0 ,  190 ,  45.05 ,  0.18 ,  12.50
28 ,  3 ,  1439983 ,  0 ,  190 ,  44.83 ,  0.17 ,  12.40
28 ,  3 ,  1440024 ,  0 ,  190 ,  44.83 ,  0.17 ,  12.40
28 ,  3 ,  1440066 ,  0 ,  190 ,  44.72 ,  0.17 ,  12.30
28 ,  3 ,  1440108 ,  0 ,  190 ,  44.61 ,  0.17 ,  12.30
28 ,  3 ,  1440150 ,  0 ,  190 ,  44.50 ,  0.17 ,  12.20
28 ,  3 ,  1440194 ,  0 ,  190 ,  44.39 ,  0.17 ,  12.20
28 ,  3 ,  1440235 ,  0 ,  190 ,  44.28 ,  0.16 ,  12.20
28 ,  3 ,  1440277 ,  0 ,  190 ,  44.17 ,  0.16 ,  12.10
28 ,  3 ,  1440319 ,  0 ,  190 ,  44.06 ,  0.16 ,  12.10
28 ,  3 ,  1440361 ,  0 ,  190 ,  43.95 ,  0.16 ,  12.01
28 ,  3 ,  1440403 ,  0 ,  190 ,  43.84 ,  0.16 ,  12.01
28 ,  3 ,  1440445 ,  0 ,  190 ,  43.72 ,  0.15 ,  11.91
28 ,  3 ,  1440486 ,  0 ,  190 ,  43.61 ,  0.16 ,  11.91
28 ,  3 ,  1440528 ,  0 ,  190 ,  43.50 ,  0.15 ,  11.81
28 ,  3 ,  1440572 ,  0 ,  190 ,  43.39 ,  0.15 ,  11.81
28 ,  3 ,  1440614 ,  0 ,  190 ,  43.17 ,  0.15 ,  11.71
28 ,  3 ,  1440656 ,  0 ,  190 ,  43.17 ,  0.15 ,  11.71
28 ,  3 ,  1440698 ,  0 ,  190 ,  43.06 ,  0.15 ,  11.71
28 ,  3 ,  1440740 ,  0 ,  190 ,  42.95 ,  0.15 ,  11.61
28 ,  3 ,  1440782 ,  0 ,  190 ,  42.84 ,  0.14 ,  11.61
28 ,  3 ,  1440824 ,  0 ,  190 ,  42.73 ,  0.14 ,  11.51
28 ,  3 ,  1440866 ,  0 ,  190 ,  42.62 ,  0.14 ,  11.51
28 ,  3 ,  1440908 ,  0 ,  190 ,  42.51 ,  0.14 ,  11.41
28 ,  3 ,  1440952 ,  0 ,  190 ,  42.40 ,  0.14 ,  11.41
28 ,  3 ,  1440994 ,  0 ,  190 ,  42.29 ,  0.14 ,  11.31
28 ,  3 ,  1441035 ,  0 ,  190 ,  42.18 ,  0.14 ,  11.31
28 ,  3 ,  1441077 ,  0 ,  190 ,  42.18 ,  0.13 ,  11.31
28 ,  3 ,  1441119 ,  0 ,  190 ,  41.96 ,  0.13 ,  11.21
28 ,  3 ,  1441161 ,  0 ,  190 ,  41.96 ,  0.13 ,  11.21
28 ,  3 ,  1441203 ,  0 ,  190 ,  41.85 ,  0.13 ,  11.11
28 ,  3 ,  1441245 ,  0 ,  190 ,  41.74 ,  0.13 ,  11.11
28 ,  3 ,  1441287 ,  0 ,  190 ,  41.63 ,  0.13 ,  11.11
28 ,  3 ,  1441340 ,  0 ,  190 ,  41.41 ,  0.13 ,  11.01
28 ,  3 ,  1441384 ,  0 ,  190 ,  41.41 ,  0.13 ,  10.91
28 ,  3 ,  1441428 ,  0 ,  190 ,  41.30 ,  0.12 ,  10.91
28 ,  3 ,  1441472 ,  0 ,  190 ,  41.19 ,  0.13 ,  10.91
28 ,  3 ,  1441516 ,  0 ,  190 ,  41.08 ,  0.12 ,  10.81
28 ,  3 ,  1441560 ,  0 ,  190 ,  40.97 ,  0.12 ,  10.81
28 ,  3 ,  1441604 ,  0 ,  190 ,  40.86 ,  0.12 ,  10.72
28 ,  3 ,  1441648 ,  0 ,  190 ,  40.75 ,  0.12 ,  10.72
28 ,  3 ,  1441694 ,  0 ,  190 ,  40.64 ,  0.11 ,  10.62
28 ,  3 ,  1441738 ,  0 ,  190 ,  40.53 ,  0.11 ,  10.62
28 ,  3 ,  1441782 ,  0 ,  190 ,  40.42 ,  0.11 ,  10.52
28 ,  3 ,  1441825 ,  0 ,  190 ,  40.31 ,  0.11 ,  10.52
28 ,  3 ,  1441869 ,  0 ,  190 ,  40.20 ,  0.11 ,  10.42
28 ,  3 ,  1441913 ,  0 ,  190 ,  40.09 ,  0.11 ,  10.42
28 ,  3 ,  1441957 ,  0 ,  190 ,  39.98 ,  0.11 ,  10.42
28 ,  3 ,  1442001 ,  0 ,  190 ,  39.87 ,  0.11 ,  10.32
28 ,  3 ,  1442044 ,  0 ,  190 ,  39.76 ,  0.11 ,  10.32
28 ,  3 ,  1442086 ,  0 ,  190 ,  39.65 ,  0.11 ,  10.22
28 ,  3 ,  1442130 ,  0 ,  190 ,  39.54 ,  0.11 ,  10.22
28 ,  3 ,  1442174 ,  0 ,  190 ,  39.54 ,  0.10 ,  10.12
28 ,  3 ,  1442219 ,  0 ,  190 ,  39.43 ,  0.10 ,  10.12
28 ,  3 ,  1442262 ,  0 ,  190 ,  39.32 ,  0.10 ,  10.12
28 ,  3 ,  1442306 ,  0 ,  190 ,  39.21 ,  0.10 ,  10.02
28 ,  3 ,  1442350 ,  0 ,  190 ,  39.10 ,  0.10 ,  10.02
28 ,  3 ,  1442394 ,  0 ,  190 ,  38.99 ,  0.10 ,  9.92
28 ,  3 ,  1442437 ,  0 ,  190 ,  38.88 ,  0.10 ,  9.82
28 ,  3 ,  1442484 ,  0 ,  190 ,  38.77 ,  0.10 ,  9.92
28 ,  3 ,  1442527 ,  0 ,  190 ,  38.66 ,  0.10 ,  9.82
28 ,  3 ,  1442571 ,  0 ,  190 ,  38.55 ,  0.09 ,  9.72
28 ,  3 ,  1442615 ,  0 ,  190 ,  38.44 ,  0.09 ,  9.72
28 ,  3 ,  1442659 ,  0 ,  190 ,  38.33 ,  0.09 ,  9.72
28 ,  3 ,  1442702 ,  0 ,  190 ,  38.33 ,  0.09 ,  9.62
28 ,  3 ,  1442746 ,  0 ,  190 ,  38.11 ,  0.09 ,  9.62
28 ,  3 ,  1442790 ,  0 ,  190 ,  38.11 ,  0.09 ,  9.53
28 ,  3 ,  1442834 ,  0 ,  190 ,  37.89 ,  0.09 ,  9.53
28 ,  3 ,  1442880 ,  0 ,  190 ,  37.89 ,  0.09 ,  9.53
28 ,  3 ,  1442923 ,  0 ,  190 ,  37.78 ,  0.09 ,  9.43
28 ,  3 ,  1442967 ,  0 ,  190 ,  37.56 ,  0.09 ,  9.43
28 ,  3 ,  1443011 ,  0 ,  190 ,  37.56 ,  0.08 ,  9.33
28 ,  3 ,  1443055 ,  0 ,  190 ,  37.45 ,  0.08 ,  9.33
28 ,  3 ,  1443098 ,  0 ,  190 ,  37.34 ,  0.08 ,  9.23
28 ,  3 ,  1443142 ,  0 ,  190 ,  37.23 ,  0.08 ,  9.23
28 ,  3 ,  1443186 ,  0 ,  190 ,  37.23 ,  0.08 ,  9.13
28 ,  3 ,  1443230 ,  0 ,  190 ,  37.12 ,  0.09 ,  9.13
28 ,  3 ,  1443276 ,  0 ,  190 ,  37.01 ,  0.08 ,  9.13
28 ,  3 ,  1443319 ,  0 ,  190 ,  36.79 ,  0.08 ,  9.03
28 ,  3 ,  1443363 ,  0 ,  190 ,  36.68 ,  0.08 ,  9.03
28 ,  3 ,  1443407 ,  0 ,  190 ,  36.68 ,  0.08 ,  8.93
28 ,  3 ,  1443451 ,  0 ,  190 ,  36.57 ,  0.08 ,  8.93
28 ,  3 ,  1443494 ,  0 ,  190 ,  36.46 ,  0.08 ,  8.83
28 ,  3 ,  1443538 ,  0 ,  190 ,  36.35 ,  0.08 ,  8.83
28 ,  3 ,  1443582 ,  0 ,  190 ,  36.24 ,  0.08 ,  8.83
28 ,  3 ,  1443627 ,  0 ,  190 ,  36.13 ,  0.08 ,  8.73
28 ,  3 ,  1443672 ,  0 ,  190 ,  36.13 ,  0.08 ,  8.73
28 ,  3 ,  1443716 ,  0 ,  190 ,  36.02 ,  0.07 ,  8.63
28 ,  3 ,  1443760 ,  0 ,  190 ,  35.80 ,  0.07 ,  8.63
28 ,  3 ,  1443804 ,  0 ,  190 ,  35.80 ,  0.07 ,  8.63
28 ,  3 ,  1443847 ,  0 ,  190 ,  35.69 ,  0.07 ,  8.53
28 ,  3 ,  1443891 ,  0 ,  190 ,  35.58 ,  0.07 ,  8.53
28 ,  3 ,  1443935 ,  0 ,  190 ,  35.47 ,  0.07 ,  8.43
28 ,  3 ,  1443979 ,  0 ,  190 ,  35.36 ,  0.07 ,  8.43
28 ,  3 ,  1444022 ,  0 ,  190 ,  35.36 ,  0.07 ,  8.43
28 ,  3 ,  1444068 ,  0 ,  190 ,  35.25 ,  0.07 ,  8.33
28 ,  3 ,  1444112 ,  0 ,  190 ,  35.13 ,  0.07 ,  8.33
28 ,  3 ,  1444156 ,  0 ,  190 ,  35.02 ,  0.07 ,  8.24
28 ,  3 ,  1444200 ,  0 ,  190 ,  34.91 ,  0.07 ,  8.24
28 ,  3 ,  1444243 ,  0 ,  190 ,  34.80 ,  0.07 ,  8.24
28 ,  3 ,  1444287 ,  0 ,  190 ,  34.69 ,  0.06 ,  8.24
28 ,  3 ,  1444331 ,  0 ,  190 ,  34.58 ,  0.07 ,  8.14
28 ,  3 ,  1444375 ,  0 ,  190 ,  34.47 ,  0.07 ,  8.14
28 ,  3 ,  1444419 ,  0 ,  190 ,  34.36 ,  0.07 ,  8.04
28 ,  3 ,  1444465 ,  0 ,  190 ,  34.36 ,  0.07 ,  8.04
28 ,  3 ,  1444508 ,  0 ,  190 ,  34.25 ,  0.07 ,  8.04
28 ,  3 ,  1444552 ,  0 ,  190 ,  34.14 ,  0.06 ,  7.94
28 ,  3 ,  1444596 ,  0 ,  190 ,  34.03 ,  0.07 ,  7.94
28 ,  3 ,  1444640 ,  0 ,  190 ,  33.92 ,  0.06 ,  7.94
28 ,  3 ,  1444684 ,  0 ,  190 ,  33.81 ,  0.06 ,  7.84
28 ,  3 ,  1444728 ,  0 ,  190 ,  33.81 ,  0.06 ,  7.84
28 ,  3 ,  1444771 ,  0 ,  190 ,  33.70 ,  0.06 ,  7.74
28 ,  3 ,  1444815 ,  0 ,  190 ,  33.59 ,  0.06 ,  7.74
28 ,  3 ,  1444872 ,  0 ,  190 ,  33.48 ,  0.06 ,  7.74
28 ,  3 ,  1444916 ,  0 ,  190 ,  33.37 ,  0.06 ,  7.64
28 ,  3 ,  1444959 ,  0 ,  190 ,  33.26 ,  0.06 ,  7.64
28 ,  3 ,  1445003 ,  0 ,  190 ,  33.15 ,  0.06 ,  7.64
28 ,  3 ,  1445047 ,  0 ,  190 ,  33.04 ,  0.06 ,  7.54
28 ,  3 ,  1445091 ,  0 ,  190 ,  33.04 ,  0.06 ,  7.54
28 ,  3 ,  1445134 ,  0 ,  190 ,  32.93 ,  0.06 ,  7.54
28 ,  3 ,  1445178 ,  0 ,  190 ,  32.82 ,  0.06 ,  7.44
28 ,  3 ,  1445222 ,  0 ,  190 ,  32.71 ,  0.06 ,  7.44
28 ,  3 ,  1445268 ,  0 ,  190 ,  32.60 ,  0.06 ,  7.44
28 ,  3 ,  1445312 ,  0 ,  190 ,  32.60 ,  0.06 ,  7.34
28 ,  3 ,  1445355 ,  0 ,  190 ,  32.38 ,  0.06 ,  7.34
28 ,  3 ,  1445399 ,  0 ,  190 ,  32.38 ,  0.06 ,  7.24
28 ,  3 ,  1445443 ,  0 ,  190 ,  32.27 ,  0.06 ,  7.24
28 ,  3 ,  1445487 ,  0 ,  190 ,  32.16 ,  0.05 ,  7.24
28 ,  3 ,  1445530 ,  0 ,  190 ,  32.05 ,  0.05 ,  7.24
28 ,  3 ,  1445574 ,  0 ,  190 ,  32.05 ,  0.05 ,  7.14
28 ,  3 ,  1445618 ,  0 ,  190 ,  31.94 ,  0.06 ,  7.14
28 ,  3 ,  1445664 ,  0 ,  190 ,  31.83 ,  0.05 ,  7.14
28 ,  3 ,  1445708 ,  0 ,  190 ,  31.72 ,  0.05 ,  7.04
28 ,  3 ,  1445751 ,  0 ,  190 ,  31.61 ,  0.05 ,  7.04
28 ,  3 ,  1445795 ,  0 ,  190 ,  31.50 ,  0.06 ,  7.04
28 ,  3 ,  1445839 ,  0 ,  190 ,  31.39 ,  0.05 ,  6.95
28 ,  3 ,  1445883 ,  0 ,  190 ,  31.39 ,  0.05 ,  6.95
28 ,  3 ,  1445926 ,  0 ,  190 ,  31.28 ,  0.06 ,  6.85
28 ,  3 ,  1445970 ,  0 ,  190 ,  31.17 ,  0.05 ,  6.85
28 ,  3 ,  1446014 ,  0 ,  190 ,  31.06 ,  0.05 ,  6.85
28 ,  3 ,  1446061 ,  0 ,  190 ,  30.95 ,  0.05 ,  6.85
28 ,  3 ,  1446104 ,  0 ,  190 ,  30.95 ,  0.05 ,  6.85
28 ,  3 ,  1446148 ,  0 ,  190 ,  30.84 ,  0.05 ,  6.75
28 ,  3 ,  1446192 ,  0 ,  190 ,  30.73 ,  0.05 ,  6.75
28 ,  3 ,  1446236 ,  0 ,  190 ,  30.62 ,  0.05 ,  6.75
28 ,  3 ,  1446279 ,  0 ,  190 ,  30.51 ,  0.05 ,  6.65
28 ,  3 ,  1446323 ,  0 ,  190 ,  30.51 ,  0.05 ,  6.65
28 ,  3 ,  1446367 ,  0 ,  190 ,  30.40 ,  0.05 ,  6.65
28 ,  3 ,  1446411 ,  0 ,  190 ,  30.29 ,  0.05 ,  6.55
28 ,  3 ,  1446457 ,  0 ,  190 ,  30.18 ,  0.05 ,  6.55
28 ,  3 ,  1446500 ,  0 ,  190 ,  30.07 ,  0.05 ,  6.55
28 ,  3 ,  1446544 ,  0 ,  190 ,  30.07 ,  0.05 ,  6.55
28 ,  3 ,  1446588 ,  0 ,  190 ,  29.96 ,  0.05 ,  6.45
28 ,  3 ,  1446631 ,  0 ,  190 ,  29.85 ,  0.05 ,  6.45
28 ,  3 ,  1446675 ,  0 ,  190 ,  29.74 ,  0.05 ,  6.45
28 ,  3 ,  1446719 ,  0 ,  190 ,  29.63 ,  0.05 ,  6.35
28 ,  3 ,  1446763 ,  0 ,  190 ,  29.63 ,  0.05 ,  6.35
28 ,  3 ,  1446806 ,  0 ,  190 ,  29.52 ,  0.05 ,  6.35
28 ,  3 ,  1446852 ,  0 ,  190 ,  29.41 ,  0.05 ,  6.35
28 ,  3 ,  1446896 ,  0 ,  190 ,  29.30 ,  0.05 ,  6.25
28 ,  3 ,  1446940 ,  0 ,  190 ,  29.30 ,  0.05 ,  6.25
28 ,  3 ,  1446984 ,  0 ,  190 ,  29.19 ,  0.05 ,  6.25
28 ,  3 ,  1447027 ,  0 ,  190 ,  29.08 ,  0.05 ,  6.25
28 ,  3 ,  1447071 ,  0 ,  190 ,  28.97 ,  0.05 ,  6.15
28 ,  3 ,  1447115 ,  0 ,  190 ,  28.86 ,  0.05 ,  6.15
28 ,  3 ,  1447159 ,  0 ,  190 ,  28.86 ,  0.05 ,  6.15
28 ,  3 ,  1447202 ,  0 ,  190 ,  28.75 ,  0.04 ,  6.05
28 ,  3 ,  1447248 ,  0 ,  190 ,  28.75 ,  0.05 ,  6.05
28 ,  3 ,  1447292 ,  0 ,  190 ,  28.64 ,  0.05 ,  5.95
28 ,  3 ,  1447336 ,  0 ,  190 ,  28.42 ,  0.05 ,  5.95
28 ,  3 ,  1447379 ,  0 ,  190 ,  28.42 ,  0.04 ,  5.95
28 ,  3 ,  1447424 ,  0 ,  190 ,  28.31 ,  0.05 ,  5.95
28 ,  3 ,  1447468 ,  0 ,  190 ,  28.20 ,  0.04 ,  5.85
28 ,  3 ,  1447512 ,  0 ,  190 ,  28.20 ,  0.05 ,  5.85
28 ,  3 ,  1447555 ,  0 ,  190 ,  28.09 ,  0.05 ,  5.85
28 ,  3 ,  1447599 ,  0 ,  190 ,  27.98 ,  0.05 ,  5.85
28 ,  3 ,  1447645 ,  0 ,  190 ,  27.87 ,  0.05 ,  5.75
28 ,  3 ,  1447689 ,  0 ,  190 ,  27.87 ,  0.04 ,  5.75
28 ,  3 ,  1447733 ,  0 ,  190 ,  27.76 ,  0.05 ,  5.75
28 ,  3 ,  1447776 ,  0 ,  190 ,  27.65 ,  0.05 ,  5.75
28 ,  3 ,  1447820 ,  0 ,  190 ,  27.54 ,  0.04 ,  5.66
28 ,  3 ,  1447864 ,  0 ,  190 ,  27.43 ,  0.04 ,  5.66
28 ,  3 ,  1447908 ,  0 ,  190 ,  27.43 ,  0.04 ,  5.66
28 ,  3 ,  1447951 ,  0 ,  190 ,  27.32 ,  0.05 ,  5.56
28 ,  3 ,  1447995 ,  0 ,  190 ,  27.21 ,  0.05 ,  5.56
28 ,  3 ,  1448041 ,  0 ,  190 ,  27.10 ,  0.04 ,  5.56
28 ,  3 ,  1448085 ,  0 ,  190 ,  27.10 ,  0.04 ,  5.56
28 ,  3 ,  1448129 ,  0 ,  190 ,  26.99 ,  0.04 ,  5.46
28 ,  3 ,  1448172 ,  0 ,  190 ,  26.88 ,  0.04 ,  5.46
28 ,  3 ,  1448216 ,  0 ,  190 ,  26.77 ,  0.04 ,  5.46
28 ,  3 ,  1448260 ,  0 ,  190 ,  26.77 ,  0.04 ,  5.46
28 ,  3 ,  1448303 ,  0 ,  190 ,  26.66 ,  0.04 ,  5.46
28 ,  3 ,  1448347 ,  0 ,  190 ,  26.55 ,  0.04 ,  5.36
28 ,  3 ,  1448391 ,  0 ,  190 ,  26.43 ,  0.04 ,  5.36
28 ,  3 ,  1448437 ,  0 ,  190 ,  26.43 ,  0.04 ,  5.36
28 ,  3 ,  1448481 ,  0 ,  190 ,  26.32 ,  0.04 ,  5.36
28 ,  3 ,  1448524 ,  0 ,  190 ,  26.21 ,  0.04 ,  5.26
28 ,  3 ,  1448568 ,  0 ,  190 ,  26.21 ,  0.04 ,  5.26
28 ,  3 ,  1448612 ,  0 ,  190 ,  26.10 ,  0.04 ,  5.26
28 ,  3 ,  1448656 ,  0 ,  190 ,  25.99 ,  0.04 ,  5.26
28 ,  3 ,  1448699 ,  0 ,  190 ,  25.99 ,  0.04 ,  5.16
28 ,  3 ,  1448743 ,  0 ,  190 ,  25.88 ,  0.04 ,  5.16
28 ,  3 ,  1448787 ,  0 ,  190 ,  25.77 ,  0.04 ,  5.16
28 ,  3 ,  1448834 ,  0 ,  190 ,  25.66 ,  0.05 ,  5.16
28 ,  3 ,  1448878 ,  0 ,  190 ,  25.66 ,  0.04 ,  5.06
28 ,  3 ,  1448922 ,  0 ,  190 ,  25.55 ,  0.04 ,  5.06
28 ,  3 ,  1448966 ,  0 ,  190 ,  25.44 ,  0.04 ,  5.06
28 ,  3 ,  1449009 ,  0 ,  190 ,  25.33 ,  0.04 ,  5.06
28 ,  3 ,  1449053 ,  0 ,  190 ,  25.33 ,  0.04 ,  4.96
28 ,  3 ,  1449097 ,  0 ,  190 ,  25.22 ,  0.04 ,  4.96
28 ,  3 ,  1449141 ,  0 ,  190 ,  25.11 ,  0.04 ,  4.96
28 ,  3 ,  1449184 ,  0 ,  190 ,  25.11 ,  0.04 ,  4.96
28 ,  3 ,  1449230 ,  0 ,  190 ,  25.00 ,  0.04 ,  4.96
28 ,  3 ,  1449274 ,  0 ,  190 ,  24.89 ,  0.04 ,  4.86
28 ,  3 ,  1449318 ,  0 ,  190 ,  24.89 ,  0.04 ,  4.86
28 ,  3 ,  1449362 ,  0 ,  190 ,  24.78 ,  0.04 ,  4.86
28 ,  3 ,  1449405 ,  0 ,  190 ,  24.67 ,  0.04 ,  4.86
28 ,  3 ,  1449449 ,  0 ,  190 ,  24.67 ,  0.04 ,  4.86
28 ,  3 ,  1449493 ,  0 ,  190 ,  24.56 ,  0.04 ,  4.76
28 ,  3 ,  1449537 ,  0 ,  190 ,  24.45 ,  0.04 ,  4.76
28 ,  3 ,  1449580 ,  0 ,  190 ,  24.45 ,  0.04 ,  4.76
28 ,  3 ,  1449626 ,  0 ,  190 ,  24.34 ,  0.04 ,  4.76
28 ,  3 ,  1449670 ,  0 ,  190 ,  24.34 ,  0.04 ,  4.66
28 ,  3 ,  1449714 ,  0 ,  190 ,  24.23 ,  0.04 ,  4.66
28 ,  3 ,  1449758 ,  0 ,  190 ,  24.12 ,  0.04 ,  4.56
28 ,  3 ,  1449801 ,  0 ,  190 ,  24.01 ,  0.04 ,  4.66
28 ,  3 ,  1449845 ,  0 ,  190 ,  24.01 ,  0.04 ,  4.66
28 ,  3 ,  1449889 ,  0 ,  190 ,  23.90 ,  0.04 ,  4.56
28 ,  3 ,  1449932 ,  0 ,  190 ,  23.79 ,  0.04 ,  4.56
28 ,  3 ,  1449976 ,  0 ,  190 ,  23.79 ,  0.04 ,  4.56
28 ,  3 ,  1450022 ,  0 ,  190 ,  23.68 ,  0.04 ,  4.56
28 ,  3 ,  1450066 ,  0 ,  190 ,  23.57 ,  0.04 ,  4.46
28 ,  3 ,  1450110 ,  0 ,  190 ,  23.57 ,  0.04 ,  4.46
28 ,  3 ,  1450153 ,  0 ,  190 ,  23.46 ,  0.04 ,  4.46
28 ,  3 ,  1450198 ,  0 ,  190 ,  23.35 ,  0.04 ,  4.46
28 ,  3 ,  1450242 ,  0 ,  190 ,  23.24 ,  0.04 ,  4.46
28 ,  3 ,  1450286 ,  0 ,  190 ,  23.24 ,  0.04 ,  4.37
28 ,  3 ,  1450329 ,  0 ,  190 ,  23.13 ,  0.04 ,  4.37
28 ,  3 ,  1450373 ,  0 ,  190 ,  23.13 ,  0.04 ,  4.37
28 ,  3 ,  1450419 ,  0 ,  190 ,  23.02 ,  0.04 ,  4.37
28 ,  3 ,  1450463 ,  0 ,  190 ,  22.91 ,  0.04 ,  4.37
28 ,  3 ,  1450506 ,  0 ,  190 ,  22.91 ,  0.04 ,  4.27
28 ,  3 ,  1450550 ,  0 ,  190 ,  22.80 ,  0.04 ,  4.27
28 ,  3 ,  1450594 ,  0 ,  190 ,  22.69 ,  0.04 ,  4.27
28 ,  3 ,  1450638 ,  0 ,  190 ,  22.69 ,  0.04 ,  4.27
28 ,  3 ,  1450681 ,  0 ,  190 ,  22.58 ,  0.04 ,  4.17
28 ,  3 ,  1450725 ,  0 ,  190 ,  22.58 ,  0.03 ,  4.27
28 ,  3 ,  1450769 ,  0 ,  190 ,  22.47 ,  0.04 ,  4.17
28 ,  3 ,  1450815 ,  0 ,  190 ,  22.36 ,  0.03 ,  4.17
28 ,  3 ,  1450859 ,  0 ,  190 ,  22.25 ,  0.03 ,  4.17
28 ,  3 ,  1450902 ,  0 ,  190 ,  22.25 ,  0.04 ,  4.17
28 ,  3 ,  1450946 ,  0 ,  190 ,  22.14 ,  0.04 ,  4.17
28 ,  3 ,  1450990 ,  0 ,  190 ,  22.14 ,  0.04 ,  4.07
28 ,  3 ,  1451033 ,  0 ,  190 ,  22.03 ,  0.04 ,  4.07
28 ,  3 ,  1451077 ,  0 ,  190 ,  22.03 ,  0.04 ,  4.07
28 ,  3 ,  1451121 ,  0 ,  190 ,  21.92 ,  0.04 ,  4.07
28 ,  3 ,  1451165 ,  0 ,  190 ,  21.81 ,  0.04 ,  4.07
28 ,  3 ,  1451211 ,  0 ,  190 ,  21.81 ,  0.04 ,  3.97
28 ,  3 ,  1451254 ,  0 ,  190 ,  21.70 ,  0.04 ,  3.97
28 ,  3 ,  1451298 ,  0 ,  190 ,  21.59 ,  0.03 ,  3.97
28 ,  3 ,  1451342 ,  0 ,  190 ,  21.59 ,  0.03 ,  3.97
28 ,  3 ,  1451385 ,  0 ,  190 ,  21.48 ,  0.04 ,  3.97
28 ,  3 ,  1451429 ,  0 ,  190 ,  21.48 ,  0.04 ,  3.87
28 ,  3 ,  1451473 ,  0 ,  190 ,  21.37 ,  0.04 ,  3.87
28 ,  3 ,  1451517 ,  0 ,  190 ,  21.26 ,  0.03 ,  3.87
28 ,  3 ,  1451560 ,  0 ,  190 ,  21.26 ,  0.04 ,  3.87
28 ,  3 ,  1451607 ,  0 ,  190 ,  21.15 ,  0.04 ,  3.87
28 ,  3 ,  1451651 ,  0 ,  190 ,  21.04 ,  0.03 ,  3.87
28 ,  3 ,  1451695 ,  0 ,  190 ,  21.04 ,  0.04 ,  3.87
28 ,  3 ,  1451739 ,  0 ,  190 ,  20.93 ,  0.04 ,  3.77
28 ,  3 ,  1451782 ,  0 ,  190 ,  20.93 ,  0.04 ,  3.77
28 ,  3 ,  1451826 ,  0 ,  190 ,  20.82 ,  0.04 ,  3.77
28 ,  3 ,  1451870 ,  0 ,  190 ,  20.82 ,  0.04 ,  3.77
28 ,  3 ,  1451913 ,  0 ,  190 ,  20.71 ,  0.04 ,  3.77
28 ,  3 ,  1451957 ,  0 ,  190 ,  20.71 ,  0.04 ,  3.77
28 ,  3 ,  1452003 ,  0 ,  190 ,  20.60 ,  0.03 ,  3.67
28 ,  3 ,  1452047 ,  0 ,  190 ,  20.60 ,  0.04 ,  3.67
28 ,  3 ,  1452091 ,  0 ,  190 ,  20.38 ,  0.03 ,  3.67
28 ,  3 ,  1452134 ,  0 ,  190 ,  20.38 ,  0.04 ,  3.67
28 ,  3 ,  1452178 ,  0 ,  190 ,  20.38 ,  0.04 ,  3.67
28 ,  3 ,  1452222 ,  0 ,  190 ,  20.27 ,  0.04 ,  3.67
28 ,  3 ,  1452265 ,  0 ,  190 ,  20.27 ,  0.03 ,  3.57
28 ,  3 ,  1452309 ,  0 ,  190 ,  20.16 ,  0.04 ,  3.57
28 ,  3 ,  1452353 ,  0 ,  190 ,  20.05 ,  0.04 ,  3.57
28 ,  3 ,  1452399 ,  0 ,  190 ,  20.05 ,  0.03 ,  3.57
28 ,  3 ,  1452443 ,  0 ,  190 ,  19.94 ,  0.03 ,  3.57
28 ,  3 ,  1452486 ,  0 ,  190 ,  19.83 ,  0.03 ,  3.57
28 ,  3 ,  1452530 ,  0 ,  190 ,  19.83 ,  0.04 ,  3.57
28 ,  3 ,  1452574 ,  0 ,  190 ,  19.72 ,  0.03 ,  3.47
28 ,  3 ,  1452618 ,  0 ,  190 ,  19.72 ,  0.03 ,  3.47
28 ,  3 ,  1452661 ,  0 ,  190 ,  19.61 ,  0.03 ,  3.47
28 ,  3 ,  1452705 ,  0 ,  190 ,  19.61 ,  0.03 ,  3.47
28 ,  3 ,  1452749 ,  0 ,  190 ,  19.50 ,  0.03 ,  3.37
28 ,  3 ,  1452795 ,  0 ,  190 ,  19.50 ,  0.03 ,  3.47
28 ,  3 ,  1452839 ,  0 ,  190 ,  19.39 ,  0.03 ,  3.47
28 ,  3 ,  1452890 ,  0 ,  190 ,  19.28 ,  0.03 ,  3.37
28 ,  3 ,  1452934 ,  0 ,  190 ,  19.28 ,  0.03 ,  3.37
28 ,  3 ,  1452977 ,  0 ,  190 ,  19.17 ,  0.03 ,  3.37
28 ,  3 ,  1453021 ,  0 ,  190 ,  19.17 ,  0.03 ,  3.37
28 ,  3 ,  1453065 ,  0 ,  190 ,  19.06 ,  0.03 ,  3.37
28 ,  3 ,  1453109 ,  0 ,  190 ,  18.95 ,  0.03 ,  3.37
28 ,  3 ,  1453153 ,  0 ,  190 ,  18.95 ,  0.03 ,  3.27
28 ,  3 ,  1453199 ,  0 ,  190 ,  18.84 ,  0.03 ,  3.27
28 ,  3 ,  1453242 ,  0 ,  190 ,  18.84 ,  0.03 ,  3.27
28 ,  3 ,  1453286 ,  0 ,  190 ,  18.73 ,  0.03 ,  3.27
28 ,  3 ,  1453330 ,  0 ,  190 ,  18.73 ,  0.03 ,  3.27
28 ,  3 ,  1453374 ,  0 ,  190 ,  18.62 ,  0.03 ,  3.27
28 ,  3 ,  1453418 ,  0 ,  190 ,  18.51 ,  0.03 ,  3.17
28 ,  3 ,  1453462 ,  0 ,  190 ,  18.51 ,  0.03 ,  3.17
28 ,  3 ,  1453505 ,  0 ,  190 ,  18.51 ,  0.03 ,  3.17
28 ,  3 ,  1453549 ,  0 ,  190 ,  18.40 ,  0.03 ,  3.17
28 ,  3 ,  1453595 ,  0 ,  190 ,  18.29 ,  0.03 ,  3.17
28 ,  3 ,  1453639 ,  0 ,  190 ,  18.29 ,  0.03 ,  3.17
28 ,  3 ,  1453683 ,  0 ,  190 ,  18.29 ,  0.03 ,  3.17
28 ,  3 ,  1453727 ,  0 ,  190 ,  18.18 ,  0.03 ,  3.08
28 ,  3 ,  1453771 ,  0 ,  190 ,  18.18 ,  0.03 ,  3.08
28 ,  3 ,  1453814 ,  0 ,  190 ,  18.07 ,  0.03 ,  3.08
28 ,  3 ,  1453858 ,  0 ,  190 ,  18.07 ,  0.03 ,  3.08
28 ,  3 ,  1453902 ,  0 ,  190 ,  18.07 ,  0.03 ,  3.08
28 ,  3 ,  1453946 ,  0 ,  190 ,  17.96 ,  0.03 ,  3.08
28 ,  3 ,  1454000 ,  0 ,  190 ,  17.85 ,  0.03 ,  3.08
28 ,  3 ,  1454044 ,  0 ,  190 ,  17.85 ,  0.03 ,  3.08
28 ,  3 ,  1454088 ,  0 ,  190 ,  17.73 ,  0.03 ,  2.98
28 ,  3 ,  1454132 ,  0 ,  190 ,  17.73 ,  0.03 ,  2.98
28 ,  3 ,  1454175 ,  0 ,  190 ,  17.62 ,  0.04 ,  2.98
28 ,  3 ,  1454219 ,  0 ,  190 ,  17.62 ,  0.03 ,  2.98
28 ,  3 ,  1454263 ,  0 ,  190 ,  17.51 ,  0.04 ,  2.98
28 ,  3 ,  1454307 ,  0 ,  190 ,  17.40 ,  0.04 ,  2.98
28 ,  3 ,  1454351 ,  0 ,  190 ,  17.40 ,  0.03 ,  2.98
28 ,  3 ,  1454397 ,  0 ,  190 ,  17.40 ,  0.03 ,  2.88
28 ,  3 ,  1454441 ,  0 ,  190 ,  17.29 ,  0.03 ,  2.98
28 ,  3 ,  1454485 ,  0 ,  190 ,  17.18 ,  0.04 ,  2.88
28 ,  3 ,  1454528 ,  0 ,  190 ,  17.18 ,  0.03 ,  2.88
28 ,  3 ,  1454572 ,  0 ,  190 ,  17.18 ,  0.03 ,  2.88
28 ,  3 ,  1454616 ,  0 ,  190 ,  17.07 ,  0.03 ,  2.88
28 ,  3 ,  1454660 ,  0 ,  190 ,  16.96 ,  0.03 ,  2.88
28 ,  3 ,  1454703 ,  0 ,  190 ,  16.96 ,  0.03 ,  2.88
28 ,  3 ,  1454747 ,  0 ,  190 ,  16.96 ,  0.03 ,  2.78
28 ,  3 ,  1454793 ,  0 ,  190 ,  16.85 ,  0.03 ,  2.78
28 ,  3 ,  1454837 ,  0 ,  190 ,  16.85 ,  0.03 ,  2.78
28 ,  3 ,  1454881 ,  0 ,  190 ,  16.85 ,  0.03 ,  2.78
28 ,  3 ,  1454924 ,  0 ,  190 ,  16.74 ,  0.03 ,  2.78
28 ,  3 ,  1454968 ,  0 ,  190 ,  16.63 ,  0.03 ,  2.78
28 ,  3 ,  1455012 ,  0 ,  190 ,  16.63 ,  0.03 ,  2.78
28 ,  3 ,  1455056 ,  0 ,  190 ,  16.63 ,  0.03 ,  2.78
28 ,  3 ,  1455099 ,  0 ,  190 ,  16.52 ,  0.02 ,  2.78
28 ,  3 ,  1455143 ,  0 ,  190 ,  16.41 ,  0.03 ,  2.78
28 ,  3 ,  1455190 ,  0 ,  190 ,  16.41 ,  0.03 ,  2.68
28 ,  3 ,  1455234 ,  0 ,  190 ,  16.41 ,  0.03 ,  2.68
28 ,  3 ,  1455278 ,  0 ,  190 ,  16.30 ,  0.03 ,  2.68
28 ,  3 ,  1455321 ,  0 ,  190 ,  16.30 ,  0.03 ,  2.68
28 ,  3 ,  1455365 ,  0 ,  190 ,  16.19 ,  0.04 ,  2.68
28 ,  3 ,  1455409 ,  0 ,  190 ,  16.19 ,  0.03 ,  2.58
28 ,  3 ,  1455453 ,  0 ,  190 ,  16.08 ,  0.03 ,  2.68
28 ,  3 ,  1455496 ,  0 ,  190 ,  16.08 ,  0.03 ,  2.58
28 ,  3 ,  1455540 ,  0 ,  190 ,  16.08 ,  0.03 ,  2.58
28 ,  3 ,  1455586 ,  0 ,  190 ,  15.97 ,  0.03 ,  2.58
28 ,  3 ,  1455630 ,  0 ,  190 ,  15.86 ,  0.03 ,  2.58
28 ,  3 ,  1455673 ,  0 ,  190 ,  15.86 ,  0.03 ,  2.58
28 ,  3 ,  1455717 ,  0 ,  190 ,  15.75 ,  0.03 ,  2.58
28 ,  3 ,  1455761 ,  0 ,  190 ,  15.75 ,  0.03 ,  2.58
28 ,  3 ,  1455805 ,  0 ,  190 ,  15.75 ,  0.03 ,  2.58
28 ,  3 ,  1455848 ,  0 ,  190 ,  15.64 ,  0.04 ,  2.48
28 ,  3 ,  1455892 ,  0 ,  190 ,  15.53 ,  0.03 ,  2.58
28 ,  3 ,  1455936 ,  0 ,  190 ,  15.53 ,  0.04 ,  2.48
28 ,  3 ,  1455982 ,  0 ,  190 ,  15.53 ,  0.03 ,  2.48
28 ,  3 ,  1456026 ,  0 ,  190 ,  15.53 ,  0.03 ,  2.48
28 ,  3 ,  1456069 ,  0 ,  190 ,  15.42 ,  0.03 ,  2.48
28 ,  3 ,  1456113 ,  0 ,  190 ,  15.42 ,  0.03 ,  2.48
28 ,  3 ,  1456157 ,  0 ,  190 ,  15.31 ,  0.03 ,  2.48
28 ,  3 ,  1456201 ,  0 ,  190 ,  15.31 ,  0.03 ,  2.48
28 ,  3 ,  1456244 ,  0 ,  190 ,  15.31 ,  0.03 ,  2.48
28 ,  3 ,  1456288 ,  0 ,  190 ,  15.20 ,  0.03 ,  2.48
28 ,  3 ,  1456332 ,  0 ,  190 ,  15.09 ,  0.03 ,  2.38
28 ,  3 ,  1456378 ,  0 ,  190 ,  15.09 ,  0.03 ,  2.38
28 ,  3 ,  1456422 ,  0 ,  190 ,  14.98 ,  0.03 ,  2.38
28 ,  3 ,  1456465 ,  0 ,  190 ,  14.98 ,  0.03 ,  2.38
28 ,  3 ,  1456509 ,  0 ,  190 ,  14.87 ,  0.03 ,  2.38
28 ,  3 ,  1456553 ,  0 ,  190 ,  14.98 ,  0.03 ,  2.38
28 ,  3 ,  1456598 ,  0 ,  190 ,  14.87 ,  0.03 ,  2.38
28 ,  3 ,  1456641 ,  0 ,  190 ,  14.87 ,  0.03 ,  2.38
28 ,  3 ,  1456685 ,  0 ,  190 ,  14.76 ,  0.03 ,  2.38
28 ,  3 ,  1456729 ,  0 ,  190 ,  14.76 ,  0.03 ,  2.38
28 ,  3 ,  1456775 ,  0 ,  190 ,  14.65 ,  0.03 ,  2.38
28 ,  3 ,  1456819 ,  0 ,  190 ,  14.65 ,  0.03 ,  2.28
28 ,  3 ,  1456863 ,  0 ,  190 ,  14.65 ,  0.03 ,  2.28
28 ,  3 ,  1456907 ,  0 ,  190 ,  14.54 ,  0.03 ,  2.28
28 ,  3 ,  1456951 ,  0 ,  190 ,  14.54 ,  0.03 ,  2.28
28 ,  3 ,  1456994 ,  0 ,  190 ,  14.43 ,  0.03 ,  2.28
28 ,  3 ,  1457038 ,  0 ,  190 ,  14.43 ,  0.03 ,  2.28
28 ,  3 ,  1457082 ,  0 ,  190 ,  14.43 ,  0.03 ,  2.28
28 ,  3 ,  1457125 ,  0 ,  190 ,  14.32 ,  0.03 ,  2.28
28 ,  3 ,  1457171 ,  0 ,  190 ,  14.21 ,  0.03 ,  2.28
28 ,  3 ,  1457215 ,  0 ,  190 ,  14.21 ,  0.03 ,  2.18
28 ,  3 ,  1457259 ,  0 ,  190 ,  14.21 ,  0.03 ,  2.18
28 ,  3 ,  1457303 ,  0 ,  190 ,  14.10 ,  0.03 ,  2.18
28 ,  3 ,  1457346 ,  0 ,  190 ,  14.10 ,  0.03 ,  2.18
28 ,  3 ,  1457390 ,  0 ,  190 ,  14.10 ,  0.03 ,  2.18
28 ,  3 ,  1457434 ,  0 ,  190 ,  13.99 ,  0.03 ,  2.18
28 ,  3 ,  1457478 ,  0 ,  190 ,  13.99 ,  0.03 ,  2.18
28 ,  3 ,  1457521 ,  0 ,  190 ,  13.99 ,  0.03 ,  2.18
28 ,  3 ,  1457567 ,  0 ,  190 ,  13.88 ,  0.03 ,  2.08
28 ,  3 ,  1457611 ,  0 ,  190 ,  13.88 ,  0.03 ,  2.18
28 ,  3 ,  1457655 ,  0 ,  190 ,  13.77 ,  0.03 ,  2.18
28 ,  3 ,  1457699 ,  0 ,  190 ,  13.77 ,  0.03 ,  2.18
28 ,  3 ,  1457742 ,  0 ,  190 ,  13.77 ,  0.03 ,  2.08
28 ,  3 ,  1457786 ,  0 ,  190 ,  13.77 ,  0.03 ,  2.08
28 ,  3 ,  1457830 ,  0 ,  190 ,  13.66 ,  0.03 ,  2.18
28 ,  3 ,  1457874 ,  0 ,  190 ,  13.66 ,  0.03 ,  2.08
28 ,  3 ,  1457921 ,  0 ,  190 ,  13.66 ,  0.03 ,  2.08
28 ,  3 ,  1457964 ,  0 ,  190 ,  13.55 ,  0.03 ,  2.08
28 ,  3 ,  1458008 ,  0 ,  190 ,  13.55 ,  0.03 ,  2.08
28 ,  3 ,  1458052 ,  0 ,  190 ,  13.44 ,  0.03 ,  2.08
28 ,  3 ,  1458096 ,  0 ,  190 ,  13.44 ,  0.03 ,  2.08
28 ,  3 ,  1458139 ,  0 ,  190 ,  13.33 ,  0.03 ,  2.08
28 ,  3 ,  1458183 ,  0 ,  190 ,  13.33 ,  0.02 ,  2.08
28 ,  3 ,  1458227 ,  0 ,  190 ,  13.33 ,  0.03 ,  2.08
28 ,  3 ,  1458271 ,  0 ,  190 ,  13.33 ,  0.03 ,  2.08
28 ,  3 ,  1458317 ,  0 ,  190 ,  13.33 ,  0.03 ,  2.08
28 ,  3 ,  1458360 ,  0 ,  190 ,  13.22 ,  0.03 ,  1.98
