MS, MPT, t (s), PWMi, PWMe, Pressure (Psi), LW (V), Displacement (mm)
28 ,  4 ,  1458453 ,  0 ,  190 ,  13.11 ,  0.03 ,  1.98
28 ,  4 ,  1458497 ,  255 ,  0 ,  13.11 ,  0.03 ,  1.98
28 ,  4 ,  1458540 ,  255 ,  0 ,  16.85 ,  0.03 ,  2.08
28 ,  4 ,  1458584 ,  255 ,  0 ,  33.81 ,  0.06 ,  4.46
28 ,  4 ,  1458628 ,  255 ,  0 ,  47.91 ,  0.14 ,  8.24
28 ,  4 ,  1458672 ,  255 ,  0 ,  57.16 ,  0.22 ,  11.71
28 ,  4 ,  1458716 ,  255 ,  0 ,  63.44 ,  0.30 ,  14.29
28 ,  4 ,  1458760 ,  255 ,  0 ,  67.84 ,  0.37 ,  16.07
28 ,  4 ,  1458807 ,  255 ,  0 ,  71.37 ,  0.42 ,  17.46
28 ,  4 ,  1458850 ,  255 ,  0 ,  74.01 ,  0.45 ,  18.45
28 ,  4 ,  1458894 ,  255 ,  0 ,  76.10 ,  0.48 ,  19.15
28 ,  4 ,  1458938 ,  255 ,  0 ,  78.08 ,  0.51 ,  19.84
28 ,  4 ,  1458982 ,  255 ,  0 ,  79.63 ,  0.53 ,  20.34
28 ,  4 ,  1459026 ,  255 ,  0 ,  81.17 ,  0.54 ,  20.84
28 ,  4 ,  1459070 ,  255 ,  0 ,  82.49 ,  0.56 ,  21.13
28 ,  4 ,  1459113 ,  255 ,  0 ,  83.81 ,  0.56 ,  21.53
28 ,  4 ,  1459158 ,  255 ,  0 ,  84.91 ,  0.57 ,  21.83
28 ,  4 ,  1459204 ,  255 ,  0 ,  86.12 ,  0.58 ,  22.22
28 ,  4 ,  1459248 ,  255 ,  0 ,  87.12 ,  0.58 ,  22.42
28 ,  4 ,  1459292 ,  255 ,  0 ,  88.00 ,  0.58 ,  22.72
28 ,  4 ,  1459336 ,  255 ,  0 ,  88.88 ,  0.59 ,  22.92
28 ,  4 ,  1459380 ,  255 ,  0 ,  89.76 ,  0.59 ,  23.12
28 ,  4 ,  1459423 ,  255 ,  0 ,  90.53 ,  0.59 ,  23.32
28 ,  4 ,  1459467 ,  255 ,  0 ,  91.19 ,  0.59 ,  23.51
28 ,  4 ,  1459511 ,  255 ,  0 ,  91.85 ,  0.59 ,  23.61
28 ,  4 ,  1459555 ,  255 ,  0 ,  92.40 ,  0.60 ,  23.71
28 ,  4 ,  1459601 ,  255 ,  0 ,  92.95 ,  0.60 ,  23.91
28 ,  4 ,  1459645 ,  255 ,  0 ,  93.50 ,  0.60 ,  24.01
28 ,  4 ,  1459689 ,  255 ,  0 ,  94.05 ,  0.60 ,  24.11
28 ,  4 ,  1459732 ,  255 ,  0 ,  94.38 ,  0.60 ,  24.21
28 ,  4 ,  1459776 ,  255 ,  0 ,  94.82 ,  0.60 ,  24.31
28 ,  4 ,  1459820 ,  255 ,  0 ,  95.15 ,  0.60 ,  24.41
28 ,  4 ,  1459864 ,  255 ,  0 ,  95.48 ,  0.60 ,  24.51
28 ,  4 ,  1459908 ,  255 ,  0 ,  95.70 ,  0.60 ,  24.51
28 ,  4 ,  1459954 ,  255 ,  0 ,  95.82 ,  0.61 ,  24.61
28 ,  4 ,  1459997 ,  255 ,  0 ,  95.93 ,  0.60 ,  24.61
28 ,  4 ,  1460041 ,  255 ,  0 ,  96.04 ,  0.61 ,  24.71
28 ,  4 ,  1460085 ,  255 ,  0 ,  96.15 ,  0.61 ,  24.71
28 ,  4 ,  1460129 ,  255 ,  0 ,  96.26 ,  0.61 ,  24.80
28 ,  4 ,  1460173 ,  255 ,  0 ,  96.26 ,  0.60 ,  24.80
28 ,  4 ,  1460217 ,  255 ,  0 ,  96.26 ,  0.61 ,  24.80
28 ,  4 ,  1460260 ,  255 ,  0 ,  96.37 ,  0.60 ,  24.80
28 ,  4 ,  1460304 ,  255 ,  0 ,  96.37 ,  0.61 ,  24.90
28 ,  4 ,  1460346 ,  255 ,  0 ,  96.37 ,  0.60 ,  24.90
28 ,  4 ,  1460390 ,  255 ,  0 ,  96.37 ,  0.60 ,  24.90
28 ,  4 ,  1460434 ,  255 ,  0 ,  96.37 ,  0.61 ,  24.90
28 ,  4 ,  1460477 ,  255 ,  0 ,  96.37 ,  0.61 ,  24.90
28 ,  4 ,  1460521 ,  255 ,  0 ,  96.37 ,  0.60 ,  24.90
28 ,  4 ,  1460566 ,  255 ,  0 ,  96.37 ,  0.61 ,  24.90
28 ,  4 ,  1460610 ,  255 ,  0 ,  96.37 ,  0.61 ,  25.00
28 ,  4 ,  1460654 ,  255 ,  0 ,  96.37 ,  0.61 ,  25.00
28 ,  4 ,  1460697 ,  255 ,  0 ,  96.37 ,  0.61 ,  25.00
28 ,  4 ,  1460744 ,  255 ,  0 ,  96.37 ,  0.61 ,  25.00
28 ,  4 ,  1460787 ,  255 ,  0 ,  96.37 ,  0.61 ,  25.00
28 ,  4 ,  1460832 ,  255 ,  0 ,  96.37 ,  0.61 ,  25.00
28 ,  4 ,  1460876 ,  255 ,  0 ,  96.37 ,  0.61 ,  25.10
28 ,  4 ,  1460919 ,  255 ,  0 ,  96.37 ,  0.61 ,  25.00
28 ,  4 ,  1460963 ,  255 ,  0 ,  96.37 ,  0.61 ,  25.00
28 ,  4 ,  1461007 ,  255 ,  0 ,  96.37 ,  0.61 ,  25.10
28 ,  4 ,  1461060 ,  255 ,  0 ,  96.37 ,  0.61 ,  25.10
28 ,  4 ,  1461104 ,  255 ,  0 ,  96.37 ,  0.61 ,  25.10
28 ,  4 ,  1461150 ,  255 ,  0 ,  96.37 ,  0.61 ,  25.10
28 ,  4 ,  1461194 ,  255 ,  0 ,  96.37 ,  0.61 ,  25.10
28 ,  4 ,  1461238 ,  255 ,  0 ,  96.26 ,  0.61 ,  25.10
28 ,  4 ,  1461282 ,  255 ,  0 ,  96.37 ,  0.61 ,  25.10
28 ,  4 ,  1461326 ,  255 ,  0 ,  96.37 ,  0.61 ,  25.10
28 ,  4 ,  1461369 ,  255 ,  0 ,  96.37 ,  0.61 ,  25.10
28 ,  4 ,  1461413 ,  0 ,  190 ,  96.37 ,  0.61 ,  25.10
28 ,  4 ,  1461457 ,  0 ,  190 ,  94.60 ,  0.61 ,  25.10
28 ,  4 ,  1461501 ,  0 ,  190 ,  90.20 ,  0.60 ,  24.80
28 ,  4 ,  1461548 ,  0 ,  190 ,  86.34 ,  0.60 ,  24.31
28 ,  4 ,  1461592 ,  0 ,  190 ,  83.26 ,  0.59 ,  23.81
28 ,  4 ,  1461636 ,  0 ,  190 ,  80.62 ,  0.59 ,  23.42
28 ,  4 ,  1461679 ,  0 ,  190 ,  78.53 ,  0.58 ,  23.02
28 ,  4 ,  1461723 ,  0 ,  190 ,  76.65 ,  0.58 ,  22.62
28 ,  4 ,  1461767 ,  0 ,  190 ,  75.11 ,  0.57 ,  22.32
28 ,  4 ,  1461811 ,  0 ,  190 ,  73.79 ,  0.57 ,  21.93
28 ,  4 ,  1461855 ,  0 ,  190 ,  72.69 ,  0.56 ,  21.73
28 ,  4 ,  1461898 ,  0 ,  190 ,  71.70 ,  0.55 ,  21.43
28 ,  4 ,  1461944 ,  0 ,  190 ,  70.82 ,  0.55 ,  21.23
28 ,  4 ,  1461988 ,  0 ,  190 ,  70.05 ,  0.54 ,  21.03
28 ,  4 ,  1462032 ,  0 ,  190 ,  69.38 ,  0.53 ,  20.94
28 ,  4 ,  1462076 ,  0 ,  190 ,  68.83 ,  0.53 ,  20.74
28 ,  4 ,  1462120 ,  0 ,  190 ,  68.28 ,  0.52 ,  20.54
28 ,  4 ,  1462163 ,  0 ,  190 ,  67.73 ,  0.52 ,  20.44
28 ,  4 ,  1462207 ,  0 ,  190 ,  67.29 ,  0.51 ,  20.34
28 ,  4 ,  1462251 ,  0 ,  190 ,  66.96 ,  0.51 ,  20.24
28 ,  4 ,  1462297 ,  0 ,  190 ,  66.63 ,  0.50 ,  20.14
28 ,  4 ,  1462341 ,  0 ,  190 ,  66.30 ,  0.50 ,  19.94
28 ,  4 ,  1462385 ,  0 ,  190 ,  65.97 ,  0.50 ,  19.94
28 ,  4 ,  1462428 ,  0 ,  190 ,  65.75 ,  0.49 ,  19.84
28 ,  4 ,  1462472 ,  0 ,  190 ,  65.53 ,  0.48 ,  19.84
28 ,  4 ,  1462516 ,  0 ,  190 ,  65.20 ,  0.48 ,  19.74
28 ,  4 ,  1462560 ,  0 ,  190 ,  64.98 ,  0.48 ,  19.65
28 ,  4 ,  1462604 ,  0 ,  190 ,  64.76 ,  0.47 ,  19.55
28 ,  4 ,  1462647 ,  0 ,  190 ,  64.54 ,  0.47 ,  19.45
28 ,  4 ,  1462693 ,  0 ,  190 ,  64.32 ,  0.47 ,  19.45
28 ,  4 ,  1462737 ,  0 ,  190 ,  64.21 ,  0.47 ,  19.35
28 ,  4 ,  1462781 ,  0 ,  190 ,  63.99 ,  0.46 ,  19.35
28 ,  4 ,  1462825 ,  0 ,  190 ,  63.77 ,  0.46 ,  19.25
28 ,  4 ,  1462870 ,  0 ,  190 ,  63.55 ,  0.46 ,  19.25
28 ,  4 ,  1462913 ,  0 ,  190 ,  63.44 ,  0.46 ,  19.15
28 ,  4 ,  1462957 ,  0 ,  190 ,  63.33 ,  0.45 ,  19.05
28 ,  4 ,  1463001 ,  0 ,  190 ,  63.11 ,  0.45 ,  19.05
28 ,  4 ,  1463045 ,  0 ,  190 ,  62.89 ,  0.45 ,  18.95
28 ,  4 ,  1463091 ,  0 ,  190 ,  62.78 ,  0.44 ,  18.85
28 ,  4 ,  1463135 ,  0 ,  190 ,  62.67 ,  0.44 ,  18.85
28 ,  4 ,  1463179 ,  0 ,  190 ,  62.45 ,  0.44 ,  18.85
28 ,  4 ,  1463222 ,  0 ,  190 ,  62.34 ,  0.44 ,  18.75
28 ,  4 ,  1463266 ,  0 ,  190 ,  62.12 ,  0.44 ,  18.75
28 ,  4 ,  1463310 ,  0 ,  190 ,  62.01 ,  0.43 ,  18.65
28 ,  4 ,  1463354 ,  0 ,  190 ,  61.90 ,  0.43 ,  18.55
28 ,  4 ,  1463398 ,  0 ,  190 ,  61.68 ,  0.43 ,  18.55
28 ,  4 ,  1463441 ,  0 ,  190 ,  61.46 ,  0.43 ,  18.55
28 ,  4 ,  1463487 ,  0 ,  190 ,  61.35 ,  0.43 ,  18.45
28 ,  4 ,  1463531 ,  0 ,  190 ,  61.24 ,  0.42 ,  18.36
28 ,  4 ,  1463575 ,  0 ,  190 ,  61.13 ,  0.42 ,  18.36
28 ,  4 ,  1463619 ,  0 ,  190 ,  61.01 ,  0.42 ,  18.26
28 ,  4 ,  1463663 ,  0 ,  190 ,  60.79 ,  0.42 ,  18.26
28 ,  4 ,  1463706 ,  0 ,  190 ,  60.68 ,  0.41 ,  18.26
28 ,  4 ,  1463750 ,  0 ,  190 ,  60.57 ,  0.41 ,  18.16
28 ,  4 ,  1463794 ,  0 ,  190 ,  60.35 ,  0.41 ,  18.16
28 ,  4 ,  1463838 ,  0 ,  190 ,  60.24 ,  0.41 ,  18.16
28 ,  4 ,  1463884 ,  0 ,  190 ,  60.02 ,  0.41 ,  18.06
28 ,  4 ,  1463928 ,  0 ,  190 ,  59.91 ,  0.41 ,  17.96
28 ,  4 ,  1463972 ,  0 ,  190 ,  59.80 ,  0.40 ,  17.96
28 ,  4 ,  1464015 ,  0 ,  190 ,  59.58 ,  0.41 ,  17.96
28 ,  4 ,  1464059 ,  0 ,  190 ,  59.47 ,  0.40 ,  17.86
28 ,  4 ,  1464103 ,  0 ,  190 ,  59.25 ,  0.40 ,  17.86
28 ,  4 ,  1464147 ,  0 ,  190 ,  59.14 ,  0.40 ,  17.76
28 ,  4 ,  1464192 ,  0 ,  190 ,  59.03 ,  0.39 ,  17.66
28 ,  4 ,  1464235 ,  0 ,  190 ,  58.81 ,  0.39 ,  17.66
28 ,  4 ,  1464281 ,  0 ,  190 ,  58.70 ,  0.39 ,  17.66
28 ,  4 ,  1464325 ,  0 ,  190 ,  58.59 ,  0.39 ,  17.56
28 ,  4 ,  1464369 ,  0 ,  190 ,  58.37 ,  0.38 ,  17.56
28 ,  4 ,  1464413 ,  0 ,  190 ,  58.26 ,  0.38 ,  17.46
28 ,  4 ,  1464457 ,  0 ,  190 ,  58.15 ,  0.38 ,  17.46
28 ,  4 ,  1464500 ,  0 ,  190 ,  57.93 ,  0.38 ,  17.46
28 ,  4 ,  1464544 ,  0 ,  190 ,  57.82 ,  0.37 ,  17.36
28 ,  4 ,  1464588 ,  0 ,  190 ,  57.71 ,  0.37 ,  17.36
28 ,  4 ,  1464634 ,  0 ,  190 ,  57.49 ,  0.37 ,  17.26
28 ,  4 ,  1464678 ,  0 ,  190 ,  57.38 ,  0.36 ,  17.26
28 ,  4 ,  1464722 ,  0 ,  190 ,  57.27 ,  0.37 ,  17.16
28 ,  4 ,  1464766 ,  0 ,  190 ,  57.16 ,  0.37 ,  17.07
28 ,  4 ,  1464809 ,  0 ,  190 ,  56.94 ,  0.36 ,  17.07
28 ,  4 ,  1464853 ,  0 ,  190 ,  56.83 ,  0.36 ,  17.07
28 ,  4 ,  1464897 ,  0 ,  190 ,  56.72 ,  0.36 ,  16.97
28 ,  4 ,  1464941 ,  0 ,  190 ,  56.61 ,  0.35 ,  16.97
28 ,  4 ,  1464985 ,  0 ,  190 ,  56.39 ,  0.35 ,  16.87
28 ,  4 ,  1465031 ,  0 ,  190 ,  56.28 ,  0.35 ,  16.87
28 ,  4 ,  1465075 ,  0 ,  190 ,  56.06 ,  0.35 ,  16.77
28 ,  4 ,  1465119 ,  0 ,  190 ,  55.95 ,  0.35 ,  16.77
28 ,  4 ,  1465163 ,  0 ,  190 ,  55.73 ,  0.34 ,  16.67
28 ,  4 ,  1465207 ,  0 ,  190 ,  55.62 ,  0.34 ,  16.67
28 ,  4 ,  1465250 ,  0 ,  190 ,  55.51 ,  0.34 ,  16.57
28 ,  4 ,  1465294 ,  0 ,  190 ,  55.40 ,  0.34 ,  16.57
28 ,  4 ,  1465338 ,  0 ,  190 ,  55.18 ,  0.34 ,  16.47
28 ,  4 ,  1465382 ,  0 ,  190 ,  55.07 ,  0.33 ,  16.47
28 ,  4 ,  1465428 ,  0 ,  190 ,  54.96 ,  0.33 ,  16.37
28 ,  4 ,  1465473 ,  0 ,  190 ,  54.74 ,  0.33 ,  16.37
28 ,  4 ,  1465516 ,  0 ,  190 ,  54.63 ,  0.33 ,  16.27
28 ,  4 ,  1465560 ,  0 ,  190 ,  54.52 ,  0.33 ,  16.27
28 ,  4 ,  1465604 ,  0 ,  190 ,  54.41 ,  0.32 ,  16.17
28 ,  4 ,  1465648 ,  0 ,  190 ,  54.19 ,  0.32 ,  16.17
28 ,  4 ,  1465692 ,  0 ,  190 ,  54.08 ,  0.31 ,  16.07
28 ,  4 ,  1465735 ,  0 ,  190 ,  53.97 ,  0.32 ,  15.97
28 ,  4 ,  1465779 ,  0 ,  190 ,  53.75 ,  0.31 ,  15.97
28 ,  4 ,  1465825 ,  0 ,  190 ,  53.64 ,  0.31 ,  15.97
28 ,  4 ,  1465869 ,  0 ,  190 ,  53.53 ,  0.31 ,  15.88
28 ,  4 ,  1465913 ,  0 ,  190 ,  53.42 ,  0.30 ,  15.88
28 ,  4 ,  1465957 ,  0 ,  190 ,  53.31 ,  0.30 ,  15.78
28 ,  4 ,  1466001 ,  0 ,  190 ,  53.09 ,  0.30 ,  15.78
28 ,  4 ,  1466044 ,  0 ,  190 ,  52.98 ,  0.30 ,  15.68
28 ,  4 ,  1466088 ,  0 ,  190 ,  52.87 ,  0.30 ,  15.68
28 ,  4 ,  1466132 ,  0 ,  190 ,  52.76 ,  0.29 ,  15.58
28 ,  4 ,  1466176 ,  0 ,  190 ,  52.65 ,  0.29 ,  15.58
28 ,  4 ,  1466222 ,  0 ,  190 ,  52.42 ,  0.29 ,  15.48
28 ,  4 ,  1466266 ,  0 ,  190 ,  52.31 ,  0.28 ,  15.48
28 ,  4 ,  1466310 ,  0 ,  190 ,  52.20 ,  0.29 ,  15.38
28 ,  4 ,  1466353 ,  0 ,  190 ,  51.98 ,  0.28 ,  15.38
28 ,  4 ,  1466427 ,  0 ,  190 ,  51.87 ,  0.28 ,  15.28
28 ,  4 ,  1466471 ,  0 ,  190 ,  51.65 ,  0.28 ,  15.18
28 ,  4 ,  1466515 ,  0 ,  190 ,  51.54 ,  0.28 ,  15.18
28 ,  4 ,  1466559 ,  0 ,  190 ,  51.43 ,  0.28 ,  15.08
28 ,  4 ,  1466602 ,  0 ,  190 ,  51.32 ,  0.27 ,  15.08
28 ,  4 ,  1466648 ,  0 ,  190 ,  51.21 ,  0.27 ,  14.98
28 ,  4 ,  1466692 ,  0 ,  190 ,  51.10 ,  0.27 ,  14.98
28 ,  4 ,  1466736 ,  0 ,  190 ,  50.88 ,  0.27 ,  14.88
28 ,  4 ,  1466780 ,  0 ,  190 ,  50.77 ,  0.26 ,  14.88
28 ,  4 ,  1466824 ,  0 ,  190 ,  50.66 ,  0.27 ,  14.78
28 ,  4 ,  1466867 ,  0 ,  190 ,  50.55 ,  0.26 ,  14.78
28 ,  4 ,  1466911 ,  0 ,  190 ,  50.44 ,  0.26 ,  14.68
28 ,  4 ,  1466955 ,  0 ,  190 ,  50.22 ,  0.25 ,  14.68
28 ,  4 ,  1467001 ,  0 ,  190 ,  50.11 ,  0.25 ,  14.59
28 ,  4 ,  1467045 ,  0 ,  190 ,  50.00 ,  0.25 ,  14.59
28 ,  4 ,  1467089 ,  0 ,  190 ,  49.89 ,  0.25 ,  14.49
28 ,  4 ,  1467132 ,  0 ,  190 ,  49.78 ,  0.25 ,  14.49
28 ,  4 ,  1467176 ,  0 ,  190 ,  49.67 ,  0.24 ,  14.39
28 ,  4 ,  1467220 ,  0 ,  190 ,  49.56 ,  0.24 ,  14.39
28 ,  4 ,  1467265 ,  0 ,  190 ,  49.45 ,  0.24 ,  14.29
28 ,  4 ,  1467309 ,  0 ,  190 ,  49.23 ,  0.24 ,  14.29
28 ,  4 ,  1467352 ,  0 ,  190 ,  49.12 ,  0.24 ,  14.29
28 ,  4 ,  1467398 ,  0 ,  190 ,  49.01 ,  0.23 ,  14.19
28 ,  4 ,  1467442 ,  0 ,  190 ,  48.90 ,  0.23 ,  14.09
28 ,  4 ,  1467486 ,  0 ,  190 ,  48.79 ,  0.23 ,  14.09
28 ,  4 ,  1467530 ,  0 ,  190 ,  48.57 ,  0.23 ,  13.99
28 ,  4 ,  1467574 ,  0 ,  190 ,  48.57 ,  0.22 ,  13.99
28 ,  4 ,  1467617 ,  0 ,  190 ,  48.46 ,  0.22 ,  13.89
28 ,  4 ,  1467661 ,  0 ,  190 ,  48.35 ,  0.22 ,  13.89
28 ,  4 ,  1467705 ,  0 ,  190 ,  48.13 ,  0.22 ,  13.79
28 ,  4 ,  1467749 ,  0 ,  190 ,  48.02 ,  0.22 ,  13.79
28 ,  4 ,  1467795 ,  0 ,  190 ,  47.91 ,  0.22 ,  13.69
28 ,  4 ,  1467839 ,  0 ,  190 ,  47.80 ,  0.22 ,  13.59
28 ,  4 ,  1467882 ,  0 ,  190 ,  47.69 ,  0.22 ,  13.59
28 ,  4 ,  1467926 ,  0 ,  190 ,  47.58 ,  0.22 ,  13.59
28 ,  4 ,  1467970 ,  0 ,  190 ,  47.47 ,  0.21 ,  13.49
28 ,  4 ,  1468014 ,  0 ,  190 ,  47.36 ,  0.21 ,  13.49
28 ,  4 ,  1468058 ,  0 ,  190 ,  47.25 ,  0.21 ,  13.39
28 ,  4 ,  1468101 ,  0 ,  190 ,  47.14 ,  0.21 ,  13.39
28 ,  4 ,  1468145 ,  0 ,  190 ,  47.03 ,  0.21 ,  13.30
28 ,  4 ,  1468191 ,  0 ,  190 ,  46.81 ,  0.20 ,  13.30
28 ,  4 ,  1468235 ,  0 ,  190 ,  46.70 ,  0.20 ,  13.20
28 ,  4 ,  1468279 ,  0 ,  190 ,  46.59 ,  0.20 ,  13.20
28 ,  4 ,  1468323 ,  0 ,  190 ,  46.48 ,  0.20 ,  13.10
28 ,  4 ,  1468367 ,  0 ,  190 ,  46.37 ,  0.20 ,  13.10
28 ,  4 ,  1468410 ,  0 ,  190 ,  46.26 ,  0.19 ,  13.00
28 ,  4 ,  1468454 ,  0 ,  190 ,  46.15 ,  0.19 ,  13.00
28 ,  4 ,  1468498 ,  0 ,  190 ,  46.04 ,  0.19 ,  12.90
28 ,  4 ,  1468542 ,  0 ,  190 ,  45.93 ,  0.19 ,  12.90
28 ,  4 ,  1468589 ,  0 ,  190 ,  45.82 ,  0.19 ,  12.80
28 ,  4 ,  1468632 ,  0 ,  190 ,  45.71 ,  0.19 ,  12.80
28 ,  4 ,  1468676 ,  0 ,  190 ,  45.60 ,  0.18 ,  12.70
28 ,  4 ,  1468720 ,  0 ,  190 ,  45.49 ,  0.18 ,  12.70
28 ,  4 ,  1468764 ,  0 ,  190 ,  45.38 ,  0.18 ,  12.70
28 ,  4 ,  1468808 ,  0 ,  190 ,  45.27 ,  0.18 ,  12.60
28 ,  4 ,  1468851 ,  0 ,  190 ,  45.05 ,  0.18 ,  12.50
28 ,  4 ,  1468895 ,  0 ,  190 ,  45.05 ,  0.17 ,  12.50
28 ,  4 ,  1468939 ,  0 ,  190 ,  44.94 ,  0.18 ,  12.40
28 ,  4 ,  1468985 ,  0 ,  190 ,  44.72 ,  0.17 ,  12.40
28 ,  4 ,  1469029 ,  0 ,  190 ,  44.72 ,  0.17 ,  12.30
28 ,  4 ,  1469073 ,  0 ,  190 ,  44.50 ,  0.17 ,  12.30
28 ,  4 ,  1469117 ,  0 ,  190 ,  44.50 ,  0.17 ,  12.20
28 ,  4 ,  1469160 ,  0 ,  190 ,  44.28 ,  0.16 ,  12.20
28 ,  4 ,  1469204 ,  0 ,  190 ,  44.17 ,  0.16 ,  12.10
28 ,  4 ,  1469248 ,  0 ,  190 ,  44.06 ,  0.17 ,  12.01
28 ,  4 ,  1469292 ,  0 ,  190 ,  43.95 ,  0.16 ,  12.01
28 ,  4 ,  1469338 ,  0 ,  190 ,  43.84 ,  0.16 ,  12.01
28 ,  4 ,  1469382 ,  0 ,  190 ,  43.72 ,  0.16 ,  11.91
28 ,  4 ,  1469425 ,  0 ,  190 ,  43.61 ,  0.16 ,  11.91
28 ,  4 ,  1469469 ,  0 ,  190 ,  43.50 ,  0.16 ,  11.81
28 ,  4 ,  1469513 ,  0 ,  190 ,  43.39 ,  0.15 ,  11.81
28 ,  4 ,  1469557 ,  0 ,  190 ,  43.39 ,  0.16 ,  11.81
28 ,  4 ,  1469601 ,  0 ,  190 ,  43.17 ,  0.15 ,  11.71
28 ,  4 ,  1469644 ,  0 ,  190 ,  43.06 ,  0.15 ,  11.71
28 ,  4 ,  1469688 ,  0 ,  190 ,  42.95 ,  0.15 ,  11.71
28 ,  4 ,  1469734 ,  0 ,  190 ,  42.84 ,  0.14 ,  11.61
28 ,  4 ,  1469778 ,  0 ,  190 ,  42.73 ,  0.14 ,  11.51
28 ,  4 ,  1469822 ,  0 ,  190 ,  42.62 ,  0.14 ,  11.51
28 ,  4 ,  1469867 ,  0 ,  190 ,  42.51 ,  0.14 ,  11.51
28 ,  4 ,  1469911 ,  0 ,  190 ,  42.40 ,  0.14 ,  11.41
28 ,  4 ,  1469955 ,  0 ,  190 ,  42.29 ,  0.14 ,  11.41
28 ,  4 ,  1469999 ,  0 ,  190 ,  42.18 ,  0.14 ,  11.31
28 ,  4 ,  1470043 ,  0 ,  190 ,  42.18 ,  0.13 ,  11.21
28 ,  4 ,  1470086 ,  0 ,  190 ,  41.96 ,  0.14 ,  11.21
28 ,  4 ,  1470133 ,  0 ,  190 ,  41.85 ,  0.13 ,  11.21
28 ,  4 ,  1470177 ,  0 ,  190 ,  41.74 ,  0.13 ,  11.11
28 ,  4 ,  1470220 ,  0 ,  190 ,  41.63 ,  0.13 ,  11.11
28 ,  4 ,  1470264 ,  0 ,  190 ,  41.52 ,  0.13 ,  11.01
28 ,  4 ,  1470308 ,  0 ,  190 ,  41.41 ,  0.12 ,  11.01
28 ,  4 ,  1470352 ,  0 ,  190 ,  41.30 ,  0.12 ,  10.91
28 ,  4 ,  1470396 ,  0 ,  190 ,  41.30 ,  0.13 ,  10.91
28 ,  4 ,  1470441 ,  0 ,  190 ,  41.08 ,  0.12 ,  10.91
28 ,  4 ,  1470484 ,  0 ,  190 ,  41.08 ,  0.12 ,  10.81
28 ,  4 ,  1470531 ,  0 ,  190 ,  40.97 ,  0.12 ,  10.81
28 ,  4 ,  1470574 ,  0 ,  190 ,  40.86 ,  0.12 ,  10.72
28 ,  4 ,  1470618 ,  0 ,  190 ,  40.75 ,  0.12 ,  10.72
28 ,  4 ,  1470662 ,  0 ,  190 ,  40.64 ,  0.11 ,  10.62
28 ,  4 ,  1470706 ,  0 ,  190 ,  40.53 ,  0.11 ,  10.62
28 ,  4 ,  1470750 ,  0 ,  190 ,  40.42 ,  0.12 ,  10.52
28 ,  4 ,  1470794 ,  0 ,  190 ,  40.31 ,  0.11 ,  10.52
28 ,  4 ,  1470838 ,  0 ,  190 ,  40.20 ,  0.11 ,  10.52
28 ,  4 ,  1470882 ,  0 ,  190 ,  40.09 ,  0.11 ,  10.42
28 ,  4 ,  1470938 ,  0 ,  190 ,  39.98 ,  0.11 ,  10.32
28 ,  4 ,  1470984 ,  0 ,  190 ,  39.87 ,  0.11 ,  10.32
28 ,  4 ,  1471030 ,  0 ,  190 ,  39.76 ,  0.11 ,  10.32
28 ,  4 ,  1471076 ,  0 ,  190 ,  39.65 ,  0.11 ,  10.22
28 ,  4 ,  1471122 ,  0 ,  190 ,  39.54 ,  0.11 ,  10.22
28 ,  4 ,  1471168 ,  0 ,  190 ,  39.43 ,  0.10 ,  10.12
28 ,  4 ,  1471214 ,  0 ,  190 ,  39.32 ,  0.10 ,  10.12
28 ,  4 ,  1471260 ,  0 ,  190 ,  39.21 ,  0.10 ,  10.02
28 ,  4 ,  1471309 ,  0 ,  190 ,  39.10 ,  0.10 ,  10.02
28 ,  4 ,  1471355 ,  0 ,  190 ,  38.99 ,  0.10 ,  9.92
28 ,  4 ,  1471401 ,  0 ,  190 ,  38.88 ,  0.10 ,  9.92
28 ,  4 ,  1471447 ,  0 ,  190 ,  38.77 ,  0.10 ,  9.82
28 ,  4 ,  1471493 ,  0 ,  190 ,  38.66 ,  0.10 ,  9.82
28 ,  4 ,  1471539 ,  0 ,  190 ,  38.55 ,  0.09 ,  9.82
28 ,  4 ,  1471585 ,  0 ,  190 ,  38.44 ,  0.10 ,  9.72
28 ,  4 ,  1471631 ,  0 ,  190 ,  38.33 ,  0.09 ,  9.72
28 ,  4 ,  1471676 ,  0 ,  190 ,  38.22 ,  0.09 ,  9.62
28 ,  4 ,  1471725 ,  0 ,  190 ,  38.11 ,  0.09 ,  9.62
28 ,  4 ,  1471770 ,  0 ,  190 ,  38.00 ,  0.09 ,  9.53
28 ,  4 ,  1471816 ,  0 ,  190 ,  37.89 ,  0.09 ,  9.53
28 ,  4 ,  1471862 ,  0 ,  190 ,  37.78 ,  0.09 ,  9.43
28 ,  4 ,  1471908 ,  0 ,  190 ,  37.67 ,  0.09 ,  9.43
28 ,  4 ,  1471954 ,  0 ,  190 ,  37.56 ,  0.08 ,  9.33
28 ,  4 ,  1472001 ,  0 ,  190 ,  37.56 ,  0.08 ,  9.33
28 ,  4 ,  1472046 ,  0 ,  190 ,  37.34 ,  0.08 ,  9.23
28 ,  4 ,  1472092 ,  0 ,  190 ,  37.34 ,  0.08 ,  9.23
28 ,  4 ,  1472140 ,  0 ,  190 ,  37.12 ,  0.08 ,  9.13
28 ,  4 ,  1472186 ,  0 ,  190 ,  37.12 ,  0.08 ,  9.13
28 ,  4 ,  1472232 ,  0 ,  190 ,  37.01 ,  0.08 ,  9.13
28 ,  4 ,  1472278 ,  0 ,  190 ,  36.79 ,  0.08 ,  9.03
28 ,  4 ,  1472323 ,  0 ,  190 ,  36.79 ,  0.08 ,  9.03
28 ,  4 ,  1472369 ,  0 ,  190 ,  36.68 ,  0.08 ,  8.93
28 ,  4 ,  1472415 ,  0 ,  190 ,  36.57 ,  0.08 ,  8.93
28 ,  4 ,  1472461 ,  0 ,  190 ,  36.35 ,  0.08 ,  8.93
28 ,  4 ,  1472507 ,  0 ,  190 ,  36.35 ,  0.08 ,  8.73
28 ,  4 ,  1472556 ,  0 ,  190 ,  36.24 ,  0.08 ,  8.83
28 ,  4 ,  1472602 ,  0 ,  190 ,  36.13 ,  0.07 ,  8.73
28 ,  4 ,  1472647 ,  0 ,  190 ,  36.02 ,  0.08 ,  8.63
28 ,  4 ,  1472693 ,  0 ,  190 ,  35.91 ,  0.08 ,  8.63
28 ,  4 ,  1472739 ,  0 ,  190 ,  35.80 ,  0.07 ,  8.63
28 ,  4 ,  1472785 ,  0 ,  190 ,  35.80 ,  0.07 ,  8.63
28 ,  4 ,  1472831 ,  0 ,  190 ,  35.58 ,  0.07 ,  8.53
28 ,  4 ,  1472877 ,  0 ,  190 ,  35.58 ,  0.07 ,  8.53
28 ,  4 ,  1472922 ,  0 ,  190 ,  35.47 ,  0.07 ,  8.43
28 ,  4 ,  1472970 ,  0 ,  190 ,  35.25 ,  0.07 ,  8.43
28 ,  4 ,  1473016 ,  0 ,  190 ,  35.25 ,  0.07 ,  8.43
28 ,  4 ,  1473062 ,  0 ,  190 ,  35.13 ,  0.07 ,  8.33
28 ,  4 ,  1473108 ,  0 ,  190 ,  35.02 ,  0.07 ,  8.33
28 ,  4 ,  1473155 ,  0 ,  190 ,  34.91 ,  0.07 ,  8.24
28 ,  4 ,  1473200 ,  0 ,  190 ,  34.80 ,  0.07 ,  8.24
28 ,  4 ,  1473246 ,  0 ,  190 ,  34.69 ,  0.07 ,  8.24
28 ,  4 ,  1473292 ,  0 ,  190 ,  34.69 ,  0.07 ,  8.14
28 ,  4 ,  1473338 ,  0 ,  190 ,  34.47 ,  0.07 ,  8.14
28 ,  4 ,  1473386 ,  0 ,  190 ,  34.36 ,  0.06 ,  8.14
28 ,  4 ,  1473432 ,  0 ,  190 ,  34.25 ,  0.07 ,  8.04
28 ,  4 ,  1473478 ,  0 ,  190 ,  34.14 ,  0.07 ,  8.04
28 ,  4 ,  1473523 ,  0 ,  190 ,  34.14 ,  0.07 ,  7.94
28 ,  4 ,  1473569 ,  0 ,  190 ,  34.03 ,  0.06 ,  7.94
28 ,  4 ,  1473615 ,  0 ,  190 ,  33.92 ,  0.06 ,  7.94
28 ,  4 ,  1473661 ,  0 ,  190 ,  33.81 ,  0.07 ,  7.84
28 ,  4 ,  1473708 ,  0 ,  190 ,  33.70 ,  0.06 ,  7.84
28 ,  4 ,  1473753 ,  0 ,  190 ,  33.70 ,  0.06 ,  7.74
28 ,  4 ,  1473801 ,  0 ,  190 ,  33.48 ,  0.06 ,  7.74
28 ,  4 ,  1473847 ,  0 ,  190 ,  33.37 ,  0.06 ,  7.74
28 ,  4 ,  1473893 ,  0 ,  190 ,  33.26 ,  0.06 ,  7.64
28 ,  4 ,  1473939 ,  0 ,  190 ,  33.15 ,  0.06 ,  7.64
28 ,  4 ,  1473985 ,  0 ,  190 ,  33.15 ,  0.06 ,  7.64
28 ,  4 ,  1474031 ,  0 ,  190 ,  33.04 ,  0.06 ,  7.54
28 ,  4 ,  1474076 ,  0 ,  190 ,  32.93 ,  0.06 ,  7.54
28 ,  4 ,  1474122 ,  0 ,  190 ,  32.93 ,  0.06 ,  7.54
28 ,  4 ,  1474168 ,  0 ,  190 ,  32.71 ,  0.06 ,  7.44
28 ,  4 ,  1474216 ,  0 ,  190 ,  32.71 ,  0.06 ,  7.44
28 ,  4 ,  1474263 ,  0 ,  190 ,  32.49 ,  0.06 ,  7.44
28 ,  4 ,  1474309 ,  0 ,  190 ,  32.49 ,  0.06 ,  7.34
28 ,  4 ,  1474355 ,  0 ,  190 ,  32.38 ,  0.06 ,  7.34
28 ,  4 ,  1474400 ,  0 ,  190 ,  32.27 ,  0.06 ,  7.24
28 ,  4 ,  1474446 ,  0 ,  190 ,  32.16 ,  0.06 ,  7.24
28 ,  4 ,  1474492 ,  0 ,  190 ,  32.05 ,  0.06 ,  7.24
28 ,  4 ,  1474538 ,  0 ,  190 ,  31.94 ,  0.06 ,  7.14
28 ,  4 ,  1474584 ,  0 ,  190 ,  31.83 ,  0.06 ,  7.14
28 ,  4 ,  1474632 ,  0 ,  190 ,  31.83 ,  0.06 ,  7.14
28 ,  4 ,  1474678 ,  0 ,  190 ,  31.72 ,  0.06 ,  7.04
28 ,  4 ,  1474724 ,  0 ,  190 ,  31.61 ,  0.06 ,  7.04
28 ,  4 ,  1474770 ,  0 ,  190 ,  31.50 ,  0.05 ,  7.04
28 ,  4 ,  1474826 ,  0 ,  190 ,  31.39 ,  0.05 ,  6.95
28 ,  4 ,  1474872 ,  0 ,  190 ,  31.39 ,  0.05 ,  6.95
28 ,  4 ,  1474918 ,  0 ,  190 ,  31.17 ,  0.05 ,  6.85
28 ,  4 ,  1474964 ,  0 ,  190 ,  31.17 ,  0.06 ,  6.85
28 ,  4 ,  1475009 ,  0 ,  190 ,  31.06 ,  0.06 ,  6.85
28 ,  4 ,  1475053 ,  0 ,  190 ,  30.95 ,  0.06 ,  6.85
28 ,  4 ,  1475099 ,  0 ,  190 ,  30.84 ,  0.05 ,  6.75
28 ,  4 ,  1475145 ,  0 ,  190 ,  30.73 ,  0.05 ,  6.75
28 ,  4 ,  1475191 ,  0 ,  190 ,  30.73 ,  0.05 ,  6.75
28 ,  4 ,  1475237 ,  0 ,  190 ,  30.51 ,  0.05 ,  6.65
28 ,  4 ,  1475282 ,  0 ,  190 ,  30.51 ,  0.05 ,  6.65
28 ,  4 ,  1475329 ,  0 ,  190 ,  30.40 ,  0.05 ,  6.65
28 ,  4 ,  1475375 ,  0 ,  190 ,  30.29 ,  0.05 ,  6.65
28 ,  4 ,  1475421 ,  0 ,  190 ,  30.18 ,  0.05 ,  6.55
28 ,  4 ,  1475469 ,  0 ,  190 ,  30.07 ,  0.05 ,  6.55
28 ,  4 ,  1475515 ,  0 ,  190 ,  29.96 ,  0.05 ,  6.55
28 ,  4 ,  1475560 ,  0 ,  190 ,  29.96 ,  0.05 ,  6.45
28 ,  4 ,  1475606 ,  0 ,  190 ,  29.85 ,  0.05 ,  6.45
28 ,  4 ,  1475652 ,  0 ,  190 ,  29.74 ,  0.05 ,  6.45
28 ,  4 ,  1475698 ,  0 ,  190 ,  29.63 ,  0.05 ,  6.35
28 ,  4 ,  1475744 ,  0 ,  190 ,  29.52 ,  0.05 ,  6.35
28 ,  4 ,  1475789 ,  0 ,  190 ,  29.52 ,  0.05 ,  6.35
28 ,  4 ,  1475835 ,  0 ,  190 ,  29.41 ,  0.04 ,  6.25
28 ,  4 ,  1475884 ,  0 ,  190 ,  29.30 ,  0.05 ,  6.25
28 ,  4 ,  1475930 ,  0 ,  190 ,  29.19 ,  0.04 ,  6.25
28 ,  4 ,  1475976 ,  0 ,  190 ,  29.08 ,  0.05 ,  6.15
28 ,  4 ,  1476022 ,  0 ,  190 ,  28.97 ,  0.05 ,  6.15
28 ,  4 ,  1476068 ,  0 ,  190 ,  28.97 ,  0.05 ,  6.15
28 ,  4 ,  1476113 ,  0 ,  190 ,  28.86 ,  0.05 ,  6.15
28 ,  4 ,  1476159 ,  0 ,  190 ,  28.75 ,  0.05 ,  6.05
28 ,  4 ,  1476205 ,  0 ,  190 ,  28.64 ,  0.05 ,  6.05
28 ,  4 ,  1476251 ,  0 ,  190 ,  28.53 ,  0.05 ,  6.05
28 ,  4 ,  1476299 ,  0 ,  190 ,  28.53 ,  0.05 ,  5.95
28 ,  4 ,  1476345 ,  0 ,  190 ,  28.42 ,  0.05 ,  5.95
28 ,  4 ,  1476390 ,  0 ,  190 ,  28.31 ,  0.05 ,  5.95
28 ,  4 ,  1476436 ,  0 ,  190 ,  28.20 ,  0.04 ,  5.95
28 ,  4 ,  1476483 ,  0 ,  190 ,  28.09 ,  0.05 ,  5.85
28 ,  4 ,  1476529 ,  0 ,  190 ,  27.98 ,  0.05 ,  5.85
28 ,  4 ,  1476575 ,  0 ,  190 ,  27.98 ,  0.05 ,  5.85
28 ,  4 ,  1476620 ,  0 ,  190 ,  27.87 ,  0.05 ,  5.75
28 ,  4 ,  1476666 ,  0 ,  190 ,  27.76 ,  0.05 ,  5.75
28 ,  4 ,  1476714 ,  0 ,  190 ,  27.65 ,  0.05 ,  5.75
28 ,  4 ,  1476760 ,  0 ,  190 ,  27.54 ,  0.05 ,  5.66
28 ,  4 ,  1476806 ,  0 ,  190 ,  27.54 ,  0.04 ,  5.66
28 ,  4 ,  1476852 ,  0 ,  190 ,  27.43 ,  0.04 ,  5.66
28 ,  4 ,  1476897 ,  0 ,  190 ,  27.32 ,  0.05 ,  5.66
28 ,  4 ,  1476943 ,  0 ,  190 ,  27.21 ,  0.04 ,  5.56
28 ,  4 ,  1476989 ,  0 ,  190 ,  27.21 ,  0.05 ,  5.56
28 ,  4 ,  1477036 ,  0 ,  190 ,  27.10 ,  0.05 ,  5.56
28 ,  4 ,  1477082 ,  0 ,  190 ,  26.99 ,  0.04 ,  5.46
28 ,  4 ,  1477130 ,  0 ,  190 ,  26.99 ,  0.04 ,  5.46
28 ,  4 ,  1477175 ,  0 ,  190 ,  26.88 ,  0.04 ,  5.46
28 ,  4 ,  1477221 ,  0 ,  190 ,  26.77 ,  0.04 ,  5.46
28 ,  4 ,  1477267 ,  0 ,  190 ,  26.66 ,  0.05 ,  5.46
28 ,  4 ,  1477313 ,  0 ,  190 ,  26.55 ,  0.04 ,  5.36
28 ,  4 ,  1477359 ,  0 ,  190 ,  26.55 ,  0.04 ,  5.36
28 ,  4 ,  1477404 ,  0 ,  190 ,  26.43 ,  0.04 ,  5.36
28 ,  4 ,  1477450 ,  0 ,  190 ,  26.32 ,  0.05 ,  5.36
28 ,  4 ,  1477496 ,  0 ,  190 ,  26.21 ,  0.04 ,  5.26
28 ,  4 ,  1477544 ,  0 ,  190 ,  26.21 ,  0.04 ,  5.26
28 ,  4 ,  1477591 ,  0 ,  190 ,  25.99 ,  0.04 ,  5.26
28 ,  4 ,  1477637 ,  0 ,  190 ,  25.99 ,  0.04 ,  5.26
28 ,  4 ,  1477682 ,  0 ,  190 ,  25.88 ,  0.04 ,  5.26
28 ,  4 ,  1477728 ,  0 ,  190 ,  25.88 ,  0.04 ,  5.16
28 ,  4 ,  1477774 ,  0 ,  190 ,  25.77 ,  0.04 ,  5.16
28 ,  4 ,  1477820 ,  0 ,  190 ,  25.66 ,  0.04 ,  5.16
28 ,  4 ,  1477866 ,  0 ,  190 ,  25.55 ,  0.04 ,  5.06
28 ,  4 ,  1477911 ,  0 ,  190 ,  25.44 ,  0.04 ,  5.06
28 ,  4 ,  1477960 ,  0 ,  190 ,  25.44 ,  0.04 ,  5.06
28 ,  4 ,  1478005 ,  0 ,  190 ,  25.33 ,  0.04 ,  5.06
28 ,  4 ,  1478051 ,  0 ,  190 ,  25.22 ,  0.04 ,  4.96
28 ,  4 ,  1478097 ,  0 ,  190 ,  25.22 ,  0.04 ,  4.96
28 ,  4 ,  1478144 ,  0 ,  190 ,  25.11 ,  0.04 ,  4.96
28 ,  4 ,  1478190 ,  0 ,  190 ,  25.00 ,  0.04 ,  4.96
28 ,  4 ,  1478235 ,  0 ,  190 ,  25.00 ,  0.04 ,  4.86
28 ,  4 ,  1478281 ,  0 ,  190 ,  24.89 ,  0.04 ,  4.86
28 ,  4 ,  1478327 ,  0 ,  190 ,  24.78 ,  0.04 ,  4.86
28 ,  4 ,  1478375 ,  0 ,  190 ,  24.67 ,  0.04 ,  4.86
28 ,  4 ,  1478421 ,  0 ,  190 ,  24.56 ,  0.04 ,  4.76
28 ,  4 ,  1478466 ,  0 ,  190 ,  24.56 ,  0.04 ,  4.76
28 ,  4 ,  1478512 ,  0 ,  190 ,  24.45 ,  0.04 ,  4.76
28 ,  4 ,  1478558 ,  0 ,  190 ,  24.34 ,  0.04 ,  4.66
28 ,  4 ,  1478604 ,  0 ,  190 ,  24.34 ,  0.04 ,  4.76
28 ,  4 ,  1478650 ,  0 ,  190 ,  24.23 ,  0.04 ,  4.66
28 ,  4 ,  1478695 ,  0 ,  190 ,  24.12 ,  0.04 ,  4.66
28 ,  4 ,  1478742 ,  0 ,  190 ,  24.12 ,  0.04 ,  4.66
28 ,  4 ,  1478790 ,  0 ,  190 ,  24.01 ,  0.04 ,  4.66
28 ,  4 ,  1478836 ,  0 ,  190 ,  23.90 ,  0.04 ,  4.56
28 ,  4 ,  1478882 ,  0 ,  190 ,  23.79 ,  0.04 ,  4.56
28 ,  4 ,  1478928 ,  0 ,  190 ,  23.79 ,  0.04 ,  4.56
28 ,  4 ,  1478974 ,  0 ,  190 ,  23.68 ,  0.04 ,  4.56
28 ,  4 ,  1479020 ,  0 ,  190 ,  23.57 ,  0.04 ,  4.46
28 ,  4 ,  1479066 ,  0 ,  190 ,  23.46 ,  0.04 ,  4.46
28 ,  4 ,  1479111 ,  0 ,  190 ,  23.46 ,  0.04 ,  4.46
28 ,  4 ,  1479157 ,  0 ,  190 ,  23.35 ,  0.04 ,  4.46
28 ,  4 ,  1479205 ,  0 ,  190 ,  23.24 ,  0.04 ,  4.46
28 ,  4 ,  1479251 ,  0 ,  190 ,  23.24 ,  0.04 ,  4.37
28 ,  4 ,  1479298 ,  0 ,  190 ,  23.13 ,  0.04 ,  4.37
28 ,  4 ,  1479344 ,  0 ,  190 ,  23.02 ,  0.04 ,  4.37
28 ,  4 ,  1479389 ,  0 ,  190 ,  23.02 ,  0.04 ,  4.37
28 ,  4 ,  1479435 ,  0 ,  190 ,  22.91 ,  0.04 ,  4.37
28 ,  4 ,  1479481 ,  0 ,  190 ,  22.80 ,  0.04 ,  4.27
28 ,  4 ,  1479527 ,  0 ,  190 ,  22.80 ,  0.04 ,  4.27
28 ,  4 ,  1479573 ,  0 ,  190 ,  22.69 ,  0.04 ,  4.27
28 ,  4 ,  1479621 ,  0 ,  190 ,  22.58 ,  0.04 ,  4.27
28 ,  4 ,  1479667 ,  0 ,  190 ,  22.58 ,  0.03 ,  4.27
28 ,  4 ,  1479712 ,  0 ,  190 ,  22.47 ,  0.04 ,  4.17
28 ,  4 ,  1479758 ,  0 ,  190 ,  22.36 ,  0.04 ,  4.17
28 ,  4 ,  1479804 ,  0 ,  190 ,  22.36 ,  0.04 ,  4.17
28 ,  4 ,  1479851 ,  0 ,  190 ,  22.25 ,  0.04 ,  4.17
28 ,  4 ,  1479897 ,  0 ,  190 ,  22.25 ,  0.04 ,  4.17
28 ,  4 ,  1479942 ,  0 ,  190 ,  22.14 ,  0.04 ,  4.07
28 ,  4 ,  1479988 ,  0 ,  190 ,  22.03 ,  0.04 ,  4.07
28 ,  4 ,  1480036 ,  0 ,  190 ,  22.03 ,  0.03 ,  4.07
28 ,  4 ,  1480082 ,  0 ,  190 ,  21.92 ,  0.04 ,  4.07
28 ,  4 ,  1480128 ,  0 ,  190 ,  21.92 ,  0.04 ,  4.07
28 ,  4 ,  1480174 ,  0 ,  190 ,  21.81 ,  0.04 ,  3.97
28 ,  4 ,  1480219 ,  0 ,  190 ,  21.59 ,  0.04 ,  3.97
28 ,  4 ,  1480265 ,  0 ,  190 ,  21.59 ,  0.04 ,  3.97
28 ,  4 ,  1480311 ,  0 ,  190 ,  21.59 ,  0.04 ,  3.97
28 ,  4 ,  1480357 ,  0 ,  190 ,  21.48 ,  0.03 ,  3.87
28 ,  4 ,  1480403 ,  0 ,  190 ,  21.37 ,  0.04 ,  3.97
28 ,  4 ,  1480452 ,  0 ,  190 ,  21.37 ,  0.04 ,  3.87
28 ,  4 ,  1480497 ,  0 ,  190 ,  21.26 ,  0.04 ,  3.87
28 ,  4 ,  1480543 ,  0 ,  190 ,  21.26 ,  0.04 ,  3.87
28 ,  4 ,  1480589 ,  0 ,  190 ,  21.15 ,  0.04 ,  3.87
28 ,  4 ,  1480635 ,  0 ,  190 ,  21.04 ,  0.03 ,  3.87
28 ,  4 ,  1480681 ,  0 ,  190 ,  20.93 ,  0.04 ,  3.77
28 ,  4 ,  1480726 ,  0 ,  190 ,  20.93 ,  0.04 ,  3.77
28 ,  4 ,  1480772 ,  0 ,  190 ,  20.82 ,  0.04 ,  3.77
28 ,  4 ,  1480818 ,  0 ,  190 ,  20.71 ,  0.03 ,  3.77
28 ,  4 ,  1480866 ,  0 ,  190 ,  20.71 ,  0.04 ,  3.77
28 ,  4 ,  1480912 ,  0 ,  190 ,  20.60 ,  0.04 ,  3.77
28 ,  4 ,  1480958 ,  0 ,  190 ,  20.60 ,  0.03 ,  3.67
28 ,  4 ,  1481004 ,  0 ,  190 ,  20.49 ,  0.04 ,  3.67
28 ,  4 ,  1481050 ,  0 ,  190 ,  20.49 ,  0.04 ,  3.67
28 ,  4 ,  1481096 ,  0 ,  190 ,  20.38 ,  0.03 ,  3.67
28 ,  4 ,  1481142 ,  0 ,  190 ,  20.27 ,  0.03 ,  3.67
28 ,  4 ,  1481187 ,  0 ,  190 ,  20.27 ,  0.04 ,  3.67
28 ,  4 ,  1481233 ,  0 ,  190 ,  20.16 ,  0.04 ,  3.67
28 ,  4 ,  1481281 ,  0 ,  190 ,  20.16 ,  0.03 ,  3.57
28 ,  4 ,  1481327 ,  0 ,  190 ,  20.05 ,  0.04 ,  3.57
28 ,  4 ,  1481373 ,  0 ,  190 ,  20.05 ,  0.04 ,  3.57
28 ,  4 ,  1481419 ,  0 ,  190 ,  19.94 ,  0.04 ,  3.57
28 ,  4 ,  1481464 ,  0 ,  190 ,  19.83 ,  0.03 ,  3.57
28 ,  4 ,  1481510 ,  0 ,  190 ,  19.72 ,  0.04 ,  3.57
28 ,  4 ,  1481556 ,  0 ,  190 ,  19.72 ,  0.04 ,  3.47
28 ,  4 ,  1481603 ,  0 ,  190 ,  19.61 ,  0.04 ,  3.47
28 ,  4 ,  1481649 ,  0 ,  190 ,  19.61 ,  0.04 ,  3.47
28 ,  4 ,  1481697 ,  0 ,  190 ,  19.50 ,  0.04 ,  3.47
28 ,  4 ,  1481743 ,  0 ,  190 ,  19.50 ,  0.03 ,  3.47
28 ,  4 ,  1481788 ,  0 ,  190 ,  19.39 ,  0.04 ,  3.37
28 ,  4 ,  1481834 ,  0 ,  190 ,  19.28 ,  0.04 ,  3.37
28 ,  4 ,  1481880 ,  0 ,  190 ,  19.28 ,  0.04 ,  3.37
28 ,  4 ,  1481926 ,  0 ,  190 ,  19.17 ,  0.04 ,  3.37
28 ,  4 ,  1481971 ,  0 ,  190 ,  19.17 ,  0.04 ,  3.37
28 ,  4 ,  1482017 ,  0 ,  190 ,  19.06 ,  0.04 ,  3.37
28 ,  4 ,  1482063 ,  0 ,  190 ,  19.06 ,  0.04 ,  3.27
28 ,  4 ,  1482112 ,  0 ,  190 ,  18.95 ,  0.04 ,  3.27
28 ,  4 ,  1482158 ,  0 ,  190 ,  18.95 ,  0.04 ,  3.27
28 ,  4 ,  1482204 ,  0 ,  190 ,  18.84 ,  0.04 ,  3.27
28 ,  4 ,  1482249 ,  0 ,  190 ,  18.73 ,  0.03 ,  3.27
28 ,  4 ,  1482295 ,  0 ,  190 ,  18.73 ,  0.04 ,  3.27
28 ,  4 ,  1482341 ,  0 ,  190 ,  18.62 ,  0.04 ,  3.27
28 ,  4 ,  1482387 ,  0 ,  190 ,  18.51 ,  0.04 ,  3.17
28 ,  4 ,  1482433 ,  0 ,  190 ,  18.51 ,  0.03 ,  3.17
28 ,  4 ,  1482478 ,  0 ,  190 ,  18.51 ,  0.04 ,  3.17
28 ,  4 ,  1482526 ,  0 ,  190 ,  18.40 ,  0.04 ,  3.17
28 ,  4 ,  1482572 ,  0 ,  190 ,  18.40 ,  0.04 ,  3.17
28 ,  4 ,  1482618 ,  0 ,  190 ,  18.29 ,  0.04 ,  3.17
28 ,  4 ,  1482664 ,  0 ,  190 ,  18.29 ,  0.03 ,  3.17
28 ,  4 ,  1482711 ,  0 ,  190 ,  18.18 ,  0.04 ,  3.08
28 ,  4 ,  1482756 ,  0 ,  190 ,  18.18 ,  0.04 ,  3.08
28 ,  4 ,  1482802 ,  0 ,  190 ,  18.07 ,  0.04 ,  3.08
28 ,  4 ,  1482848 ,  0 ,  190 ,  17.96 ,  0.04 ,  3.08
28 ,  4 ,  1482894 ,  0 ,  190 ,  17.96 ,  0.04 ,  3.08
28 ,  4 ,  1482942 ,  0 ,  190 ,  17.85 ,  0.03 ,  3.08
28 ,  4 ,  1482988 ,  0 ,  190 ,  17.85 ,  0.03 ,  3.08
28 ,  4 ,  1483034 ,  0 ,  190 ,  17.73 ,  0.03 ,  2.98
28 ,  4 ,  1483080 ,  0 ,  190 ,  17.73 ,  0.03 ,  2.98
28 ,  4 ,  1483125 ,  0 ,  190 ,  17.62 ,  0.03 ,  2.98
28 ,  4 ,  1483171 ,  0 ,  190 ,  17.62 ,  0.03 ,  2.98
28 ,  4 ,  1483225 ,  0 ,  190 ,  17.51 ,  0.03 ,  2.98
28 ,  4 ,  1483270 ,  0 ,  190 ,  17.40 ,  0.03 ,  2.98
28 ,  4 ,  1483316 ,  0 ,  190 ,  17.40 ,  0.03 ,  2.98
28 ,  4 ,  1483364 ,  0 ,  190 ,  17.29 ,  0.03 ,  2.98
28 ,  4 ,  1483410 ,  0 ,  190 ,  17.29 ,  0.03 ,  2.88
28 ,  4 ,  1483456 ,  0 ,  190 ,  17.18 ,  0.04 ,  2.88
28 ,  4 ,  1483502 ,  0 ,  190 ,  17.18 ,  0.03 ,  2.88
28 ,  4 ,  1483548 ,  0 ,  190 ,  17.07 ,  0.04 ,  2.88
28 ,  4 ,  1483594 ,  0 ,  190 ,  17.07 ,  0.03 ,  2.88
28 ,  4 ,  1483640 ,  0 ,  190 ,  16.96 ,  0.04 ,  2.88
28 ,  4 ,  1483686 ,  0 ,  190 ,  16.96 ,  0.03 ,  2.88
28 ,  4 ,  1483731 ,  0 ,  190 ,  16.85 ,  0.03 ,  2.78
28 ,  4 ,  1483781 ,  0 ,  190 ,  16.85 ,  0.03 ,  2.78
28 ,  4 ,  1483826 ,  0 ,  190 ,  16.74 ,  0.03 ,  2.78
28 ,  4 ,  1483872 ,  0 ,  190 ,  16.74 ,  0.03 ,  2.78
28 ,  4 ,  1483918 ,  0 ,  190 ,  16.63 ,  0.03 ,  2.78
28 ,  4 ,  1483964 ,  0 ,  190 ,  16.63 ,  0.03 ,  2.78
28 ,  4 ,  1484010 ,  0 ,  190 ,  16.63 ,  0.03 ,  2.78
28 ,  4 ,  1484056 ,  0 ,  190 ,  16.63 ,  0.03 ,  2.68
28 ,  4 ,  1484102 ,  0 ,  190 ,  16.41 ,  0.04 ,  2.68
28 ,  4 ,  1484147 ,  0 ,  190 ,  16.41 ,  0.03 ,  2.68
28 ,  4 ,  1484204 ,  0 ,  190 ,  16.41 ,  0.03 ,  2.68
28 ,  4 ,  1484250 ,  0 ,  190 ,  16.30 ,  0.03 ,  2.68
28 ,  4 ,  1484296 ,  0 ,  190 ,  16.19 ,  0.04 ,  2.68
28 ,  4 ,  1484342 ,  0 ,  190 ,  16.19 ,  0.04 ,  2.68
28 ,  4 ,  1484387 ,  0 ,  190 ,  16.08 ,  0.04 ,  2.68
28 ,  4 ,  1484433 ,  0 ,  190 ,  16.08 ,  0.04 ,  2.68
28 ,  4 ,  1484479 ,  0 ,  190 ,  15.97 ,  0.04 ,  2.68
28 ,  4 ,  1484525 ,  0 ,  190 ,  15.97 ,  0.04 ,  2.58
28 ,  4 ,  1484571 ,  0 ,  190 ,  15.97 ,  0.04 ,  2.58
28 ,  4 ,  1484620 ,  0 ,  190 ,  15.86 ,  0.04 ,  2.58
28 ,  4 ,  1484666 ,  0 ,  190 ,  15.86 ,  0.04 ,  2.58
28 ,  4 ,  1484711 ,  0 ,  190 ,  15.75 ,  0.04 ,  2.58
28 ,  4 ,  1484758 ,  0 ,  190 ,  15.75 ,  0.03 ,  2.58
28 ,  4 ,  1484804 ,  0 ,  190 ,  15.64 ,  0.03 ,  2.58
28 ,  4 ,  1484850 ,  0 ,  190 ,  15.64 ,  0.03 ,  2.58
28 ,  4 ,  1484896 ,  0 ,  190 ,  15.53 ,  0.04 ,  2.48
28 ,  4 ,  1484941 ,  0 ,  190 ,  15.53 ,  0.03 ,  2.48
28 ,  4 ,  1484987 ,  0 ,  190 ,  15.53 ,  0.03 ,  2.48
28 ,  4 ,  1485035 ,  0 ,  190 ,  15.42 ,  0.03 ,  2.48
28 ,  4 ,  1485081 ,  0 ,  190 ,  15.42 ,  0.03 ,  2.48
28 ,  4 ,  1485127 ,  0 ,  190 ,  15.31 ,  0.03 ,  2.48
28 ,  4 ,  1485173 ,  0 ,  190 ,  15.20 ,  0.03 ,  2.48
28 ,  4 ,  1485218 ,  0 ,  190 ,  15.20 ,  0.03 ,  2.48
28 ,  4 ,  1485264 ,  0 ,  190 ,  15.20 ,  0.04 ,  2.38
28 ,  4 ,  1485310 ,  0 ,  190 ,  15.09 ,  0.04 ,  2.38
28 ,  4 ,  1485357 ,  0 ,  190 ,  15.09 ,  0.04 ,  2.38
28 ,  4 ,  1485403 ,  0 ,  190 ,  15.09 ,  0.03 ,  2.38
28 ,  4 ,  1485451 ,  0 ,  190 ,  14.98 ,  0.04 ,  2.38
28 ,  4 ,  1485496 ,  0 ,  190 ,  14.87 ,  0.04 ,  2.38
28 ,  4 ,  1485542 ,  0 ,  190 ,  14.87 ,  0.03 ,  2.38
28 ,  4 ,  1485588 ,  0 ,  190 ,  14.87 ,  0.03 ,  2.38
28 ,  4 ,  1485634 ,  0 ,  190 ,  14.76 ,  0.03 ,  2.38
28 ,  4 ,  1485680 ,  0 ,  190 ,  14.76 ,  0.04 ,  2.38
28 ,  4 ,  1485725 ,  0 ,  190 ,  14.65 ,  0.03 ,  2.38
28 ,  4 ,  1485771 ,  0 ,  190 ,  14.65 ,  0.03 ,  2.28
28 ,  4 ,  1485817 ,  0 ,  190 ,  14.65 ,  0.03 ,  2.28
28 ,  4 ,  1485865 ,  0 ,  190 ,  14.54 ,  0.03 ,  2.28
28 ,  4 ,  1485912 ,  0 ,  190 ,  14.43 ,  0.03 ,  2.28
28 ,  4 ,  1485958 ,  0 ,  190 ,  14.43 ,  0.04 ,  2.28
28 ,  4 ,  1486004 ,  0 ,  190 ,  14.43 ,  0.03 ,  2.28
28 ,  4 ,  1486049 ,  0 ,  190 ,  14.43 ,  0.03 ,  2.28
28 ,  4 ,  1486095 ,  0 ,  190 ,  14.32 ,  0.03 ,  2.28
28 ,  4 ,  1486141 ,  0 ,  190 ,  14.32 ,  0.03 ,  2.28
28 ,  4 ,  1486187 ,  0 ,  190 ,  14.21 ,  0.03 ,  2.18
28 ,  4 ,  1486233 ,  0 ,  190 ,  14.21 ,  0.03 ,  2.18
28 ,  4 ,  1486281 ,  0 ,  190 ,  14.10 ,  0.04 ,  2.18
28 ,  4 ,  1486326 ,  0 ,  190 ,  14.10 ,  0.03 ,  2.18
28 ,  4 ,  1486372 ,  0 ,  190 ,  14.10 ,  0.03 ,  2.18
28 ,  4 ,  1486418 ,  0 ,  190 ,  13.99 ,  0.03 ,  2.18
28 ,  4 ,  1486465 ,  0 ,  190 ,  13.99 ,  0.03 ,  2.18
28 ,  4 ,  1486511 ,  0 ,  190 ,  13.88 ,  0.03 ,  2.18
28 ,  4 ,  1486556 ,  0 ,  190 ,  13.88 ,  0.03 ,  2.18
28 ,  4 ,  1486602 ,  0 ,  190 ,  13.88 ,  0.03 ,  2.18
28 ,  4 ,  1486648 ,  0 ,  190 ,  13.77 ,  0.03 ,  2.18
28 ,  4 ,  1486696 ,  0 ,  190 ,  13.77 ,  0.03 ,  2.08
28 ,  4 ,  1486742 ,  0 ,  190 ,  13.77 ,  0.03 ,  2.18
28 ,  4 ,  1486788 ,  0 ,  190 ,  13.66 ,  0.03 ,  2.08
28 ,  4 ,  1486834 ,  0 ,  190 ,  13.66 ,  0.03 ,  2.08
28 ,  4 ,  1486879 ,  0 ,  190 ,  13.55 ,  0.03 ,  2.08
28 ,  4 ,  1486925 ,  0 ,  190 ,  13.55 ,  0.03 ,  2.08
28 ,  4 ,  1486971 ,  0 ,  190 ,  13.55 ,  0.03 ,  2.08
28 ,  4 ,  1487017 ,  0 ,  190 ,  13.55 ,  0.04 ,  2.08
28 ,  4 ,  1487064 ,  0 ,  190 ,  13.44 ,  0.04 ,  2.08
28 ,  4 ,  1487112 ,  0 ,  190 ,  13.44 ,  0.03 ,  2.08
28 ,  4 ,  1487157 ,  0 ,  190 ,  13.33 ,  0.03 ,  2.08
28 ,  4 ,  1487203 ,  0 ,  190 ,  13.22 ,  0.03 ,  2.08
28 ,  4 ,  1487249 ,  0 ,  190 ,  13.22 ,  0.03 ,  2.08
28 ,  4 ,  1487295 ,  0 ,  190 ,  13.22 ,  0.03 ,  2.08
28 ,  4 ,  1487341 ,  0 ,  190 ,  13.22 ,  0.03 ,  1.98
