MS, MPT, t (s), PWMi, PWMe, Pressure (Psi), LW (V), Displacement (mm)
28 ,  1 ,  1371618 ,  0 ,  195 ,  13.22 ,  0.03 ,  1.98
28 ,  1 ,  1371660 ,  255 ,  0 ,  13.22 ,  0.03 ,  1.98
28 ,  1 ,  1371702 ,  255 ,  0 ,  16.30 ,  0.03 ,  1.98
28 ,  1 ,  1371744 ,  255 ,  0 ,  32.05 ,  0.06 ,  4.07
28 ,  1 ,  1371786 ,  255 ,  0 ,  46.15 ,  0.12 ,  7.64
28 ,  1 ,  1371827 ,  255 ,  0 ,  55.62 ,  0.21 ,  11.01
28 ,  1 ,  1371869 ,  255 ,  0 ,  62.01 ,  0.28 ,  13.69
28 ,  1 ,  1371911 ,  255 ,  0 ,  66.52 ,  0.35 ,  15.58
28 ,  1 ,  1371955 ,  255 ,  0 ,  70.16 ,  0.41 ,  16.97
28 ,  1 ,  1371997 ,  255 ,  0 ,  72.91 ,  0.44 ,  17.96
28 ,  1 ,  1372039 ,  255 ,  0 ,  75.11 ,  0.47 ,  18.75
28 ,  1 ,  1372080 ,  255 ,  0 ,  76.98 ,  0.50 ,  19.45
28 ,  1 ,  1372122 ,  255 ,  0 ,  78.64 ,  0.52 ,  20.04
28 ,  1 ,  1372164 ,  255 ,  0 ,  80.18 ,  0.54 ,  20.44
28 ,  1 ,  1372205 ,  255 ,  0 ,  81.50 ,  0.55 ,  20.84
28 ,  1 ,  1372247 ,  255 ,  0 ,  82.82 ,  0.56 ,  21.23
28 ,  1 ,  1372289 ,  255 ,  0 ,  83.92 ,  0.57 ,  21.53
28 ,  1 ,  1372332 ,  255 ,  0 ,  85.13 ,  0.57 ,  21.93
28 ,  1 ,  1372374 ,  255 ,  0 ,  86.01 ,  0.58 ,  22.13
28 ,  1 ,  1372416 ,  255 ,  0 ,  87.12 ,  0.58 ,  22.42
28 ,  1 ,  1372456 ,  255 ,  0 ,  87.89 ,  0.58 ,  22.62
28 ,  1 ,  1372498 ,  255 ,  0 ,  88.77 ,  0.59 ,  22.92
28 ,  1 ,  1372540 ,  255 ,  0 ,  89.43 ,  0.59 ,  23.02
28 ,  1 ,  1372581 ,  255 ,  0 ,  90.20 ,  0.59 ,  23.22
28 ,  1 ,  1372623 ,  255 ,  0 ,  90.86 ,  0.59 ,  23.42
28 ,  1 ,  1372665 ,  255 ,  0 ,  91.52 ,  0.59 ,  23.51
28 ,  1 ,  1372709 ,  255 ,  0 ,  92.18 ,  0.60 ,  23.71
28 ,  1 ,  1372750 ,  255 ,  0 ,  92.62 ,  0.60 ,  23.81
28 ,  1 ,  1372792 ,  255 ,  0 ,  93.17 ,  0.60 ,  23.91
28 ,  1 ,  1372834 ,  255 ,  0 ,  93.61 ,  0.60 ,  24.01
28 ,  1 ,  1372875 ,  255 ,  0 ,  94.05 ,  0.60 ,  24.11
28 ,  1 ,  1372917 ,  255 ,  0 ,  94.38 ,  0.60 ,  24.21
28 ,  1 ,  1372959 ,  255 ,  0 ,  94.71 ,  0.60 ,  24.31
28 ,  1 ,  1373000 ,  255 ,  0 ,  95.15 ,  0.60 ,  24.41
28 ,  1 ,  1373044 ,  255 ,  0 ,  95.26 ,  0.60 ,  24.41
28 ,  1 ,  1373086 ,  255 ,  0 ,  95.48 ,  0.60 ,  24.51
28 ,  1 ,  1373128 ,  255 ,  0 ,  95.70 ,  0.60 ,  24.61
28 ,  1 ,  1373169 ,  255 ,  0 ,  95.82 ,  0.61 ,  24.61
28 ,  1 ,  1373211 ,  255 ,  0 ,  96.04 ,  0.60 ,  24.71
28 ,  1 ,  1373253 ,  255 ,  0 ,  96.04 ,  0.61 ,  24.71
28 ,  1 ,  1373294 ,  255 ,  0 ,  96.15 ,  0.61 ,  24.71
28 ,  1 ,  1373337 ,  255 ,  0 ,  96.26 ,  0.61 ,  24.80
28 ,  1 ,  1373378 ,  255 ,  0 ,  96.15 ,  0.61 ,  24.80
28 ,  1 ,  1373418 ,  255 ,  0 ,  96.26 ,  0.61 ,  24.80
28 ,  1 ,  1373459 ,  255 ,  0 ,  96.26 ,  0.61 ,  24.80
28 ,  1 ,  1373501 ,  255 ,  0 ,  96.37 ,  0.61 ,  24.80
28 ,  1 ,  1373552 ,  255 ,  0 ,  96.26 ,  0.61 ,  24.90
28 ,  1 ,  1373594 ,  255 ,  0 ,  96.37 ,  0.61 ,  24.90
28 ,  1 ,  1373636 ,  255 ,  0 ,  96.37 ,  0.61 ,  24.90
28 ,  1 ,  1373677 ,  255 ,  0 ,  96.37 ,  0.61 ,  24.90
28 ,  1 ,  1373719 ,  255 ,  0 ,  96.37 ,  0.61 ,  24.90
28 ,  1 ,  1373761 ,  255 ,  0 ,  96.37 ,  0.61 ,  24.90
28 ,  1 ,  1373805 ,  255 ,  0 ,  96.37 ,  0.61 ,  25.00
28 ,  1 ,  1373846 ,  255 ,  0 ,  96.37 ,  0.61 ,  25.00
28 ,  1 ,  1373888 ,  255 ,  0 ,  96.37 ,  0.61 ,  25.00
28 ,  1 ,  1373930 ,  255 ,  0 ,  96.37 ,  0.61 ,  25.00
28 ,  1 ,  1373971 ,  255 ,  0 ,  96.37 ,  0.61 ,  25.00
28 ,  1 ,  1374013 ,  255 ,  0 ,  96.37 ,  0.61 ,  25.00
28 ,  1 ,  1374055 ,  255 ,  0 ,  96.37 ,  0.61 ,  25.00
28 ,  1 ,  1374096 ,  255 ,  0 ,  96.37 ,  0.61 ,  25.00
28 ,  1 ,  1374138 ,  255 ,  0 ,  96.37 ,  0.61 ,  25.10
28 ,  1 ,  1374182 ,  255 ,  0 ,  96.37 ,  0.61 ,  25.10
28 ,  1 ,  1374223 ,  255 ,  0 ,  96.26 ,  0.61 ,  25.10
28 ,  1 ,  1374265 ,  255 ,  0 ,  96.37 ,  0.61 ,  25.10
28 ,  1 ,  1374307 ,  255 ,  0 ,  96.37 ,  0.61 ,  25.10
28 ,  1 ,  1374348 ,  255 ,  0 ,  96.26 ,  0.61 ,  25.00
28 ,  1 ,  1374390 ,  255 ,  0 ,  96.37 ,  0.61 ,  25.10
28 ,  1 ,  1374432 ,  255 ,  0 ,  96.37 ,  0.61 ,  25.10
28 ,  1 ,  1374473 ,  255 ,  0 ,  96.37 ,  0.61 ,  25.10
28 ,  1 ,  1374515 ,  255 ,  0 ,  96.26 ,  0.61 ,  25.10
28 ,  1 ,  1374559 ,  255 ,  0 ,  96.26 ,  0.61 ,  25.10
28 ,  1 ,  1374601 ,  0 ,  190 ,  96.37 ,  0.61 ,  25.10
28 ,  1 ,  1374642 ,  0 ,  190 ,  94.49 ,  0.61 ,  25.10
28 ,  1 ,  1374684 ,  0 ,  190 ,  90.75 ,  0.60 ,  24.80
28 ,  1 ,  1374726 ,  0 ,  190 ,  87.12 ,  0.60 ,  24.41
28 ,  1 ,  1374767 ,  0 ,  190 ,  84.03 ,  0.60 ,  23.91
28 ,  1 ,  1374809 ,  0 ,  190 ,  81.50 ,  0.59 ,  23.51
28 ,  1 ,  1374851 ,  0 ,  190 ,  79.30 ,  0.59 ,  23.12
28 ,  1 ,  1374892 ,  0 ,  190 ,  77.42 ,  0.58 ,  22.72
28 ,  1 ,  1374936 ,  0 ,  190 ,  75.88 ,  0.58 ,  22.42
28 ,  1 ,  1374978 ,  0 ,  190 ,  74.45 ,  0.57 ,  22.13
28 ,  1 ,  1375019 ,  0 ,  190 ,  73.24 ,  0.57 ,  21.83
28 ,  1 ,  1375060 ,  0 ,  190 ,  72.36 ,  0.56 ,  21.53
28 ,  1 ,  1375102 ,  0 ,  190 ,  71.48 ,  0.56 ,  21.33
28 ,  1 ,  1375143 ,  0 ,  190 ,  70.71 ,  0.55 ,  21.13
28 ,  1 ,  1375185 ,  0 ,  190 ,  69.94 ,  0.54 ,  21.03
28 ,  1 ,  1375227 ,  0 ,  190 ,  69.27 ,  0.54 ,  20.84
28 ,  1 ,  1375271 ,  0 ,  190 ,  68.83 ,  0.53 ,  20.74
28 ,  1 ,  1375312 ,  0 ,  190 ,  68.28 ,  0.53 ,  20.54
28 ,  1 ,  1375354 ,  0 ,  190 ,  67.84 ,  0.52 ,  20.44
28 ,  1 ,  1375395 ,  0 ,  190 ,  67.40 ,  0.51 ,  20.34
28 ,  1 ,  1375437 ,  0 ,  190 ,  67.07 ,  0.51 ,  20.24
28 ,  1 ,  1375479 ,  0 ,  190 ,  66.74 ,  0.51 ,  20.14
28 ,  1 ,  1375520 ,  0 ,  190 ,  66.52 ,  0.50 ,  20.04
28 ,  1 ,  1375562 ,  0 ,  190 ,  66.19 ,  0.50 ,  19.94
28 ,  1 ,  1375604 ,  0 ,  190 ,  65.97 ,  0.50 ,  19.84
28 ,  1 ,  1375648 ,  0 ,  190 ,  65.64 ,  0.49 ,  19.74
28 ,  1 ,  1375689 ,  0 ,  190 ,  65.42 ,  0.49 ,  19.74
28 ,  1 ,  1375731 ,  0 ,  190 ,  65.20 ,  0.48 ,  19.65
28 ,  1 ,  1375773 ,  0 ,  190 ,  64.98 ,  0.48 ,  19.65
28 ,  1 ,  1375814 ,  0 ,  190 ,  64.76 ,  0.48 ,  19.45
28 ,  1 ,  1375856 ,  0 ,  190 ,  64.54 ,  0.48 ,  19.45
28 ,  1 ,  1375897 ,  0 ,  190 ,  64.43 ,  0.47 ,  19.35
28 ,  1 ,  1375939 ,  0 ,  190 ,  64.21 ,  0.47 ,  19.35
28 ,  1 ,  1375981 ,  0 ,  190 ,  63.99 ,  0.46 ,  19.25
28 ,  1 ,  1376025 ,  0 ,  190 ,  63.77 ,  0.46 ,  19.25
28 ,  1 ,  1376066 ,  0 ,  190 ,  63.66 ,  0.46 ,  19.15
28 ,  1 ,  1376108 ,  0 ,  190 ,  63.44 ,  0.45 ,  19.15
28 ,  1 ,  1376150 ,  0 ,  190 ,  63.33 ,  0.45 ,  19.05
28 ,  1 ,  1376191 ,  0 ,  190 ,  63.22 ,  0.45 ,  19.05
28 ,  1 ,  1376233 ,  0 ,  190 ,  63.00 ,  0.45 ,  18.95
28 ,  1 ,  1376275 ,  0 ,  190 ,  62.89 ,  0.45 ,  18.95
28 ,  1 ,  1376316 ,  0 ,  190 ,  62.67 ,  0.45 ,  18.85
28 ,  1 ,  1376358 ,  0 ,  190 ,  62.56 ,  0.44 ,  18.85
28 ,  1 ,  1376402 ,  0 ,  190 ,  62.34 ,  0.44 ,  18.75
28 ,  1 ,  1376443 ,  0 ,  190 ,  62.23 ,  0.44 ,  18.75
28 ,  1 ,  1376485 ,  0 ,  190 ,  62.12 ,  0.43 ,  18.65
28 ,  1 ,  1376527 ,  0 ,  190 ,  62.01 ,  0.43 ,  18.65
28 ,  1 ,  1376568 ,  0 ,  190 ,  61.90 ,  0.43 ,  18.55
28 ,  1 ,  1376610 ,  0 ,  190 ,  61.68 ,  0.43 ,  18.55
28 ,  1 ,  1376652 ,  0 ,  190 ,  61.57 ,  0.43 ,  18.45
28 ,  1 ,  1376693 ,  0 ,  190 ,  61.46 ,  0.43 ,  18.45
28 ,  1 ,  1376735 ,  0 ,  190 ,  61.24 ,  0.43 ,  18.45
28 ,  1 ,  1376779 ,  0 ,  190 ,  61.13 ,  0.43 ,  18.36
28 ,  1 ,  1376821 ,  0 ,  190 ,  61.01 ,  0.42 ,  18.26
28 ,  1 ,  1376862 ,  0 ,  190 ,  60.79 ,  0.42 ,  18.36
28 ,  1 ,  1376904 ,  0 ,  190 ,  60.68 ,  0.42 ,  18.16
28 ,  1 ,  1376946 ,  0 ,  190 ,  60.57 ,  0.42 ,  18.16
28 ,  1 ,  1376987 ,  0 ,  190 ,  60.46 ,  0.41 ,  18.16
28 ,  1 ,  1377029 ,  0 ,  190 ,  60.24 ,  0.41 ,  18.16
28 ,  1 ,  1377071 ,  0 ,  190 ,  60.13 ,  0.41 ,  18.06
28 ,  1 ,  1377112 ,  0 ,  190 ,  60.02 ,  0.41 ,  18.06
28 ,  1 ,  1377156 ,  0 ,  190 ,  59.80 ,  0.41 ,  17.96
28 ,  1 ,  1377198 ,  0 ,  190 ,  59.69 ,  0.40 ,  17.96
28 ,  1 ,  1377239 ,  0 ,  190 ,  59.58 ,  0.40 ,  17.86
28 ,  1 ,  1377281 ,  0 ,  190 ,  59.47 ,  0.40 ,  17.86
28 ,  1 ,  1377323 ,  0 ,  190 ,  59.25 ,  0.40 ,  17.76
28 ,  1 ,  1377364 ,  0 ,  190 ,  59.14 ,  0.40 ,  17.76
28 ,  1 ,  1377406 ,  0 ,  190 ,  59.03 ,  0.40 ,  17.66
28 ,  1 ,  1377447 ,  0 ,  190 ,  58.81 ,  0.39 ,  17.66
28 ,  1 ,  1377491 ,  0 ,  190 ,  58.70 ,  0.39 ,  17.56
28 ,  1 ,  1377533 ,  0 ,  190 ,  58.59 ,  0.39 ,  17.56
28 ,  1 ,  1377574 ,  0 ,  190 ,  58.48 ,  0.39 ,  17.56
28 ,  1 ,  1377616 ,  0 ,  190 ,  58.26 ,  0.38 ,  17.46
28 ,  1 ,  1377658 ,  0 ,  190 ,  58.15 ,  0.38 ,  17.46
28 ,  1 ,  1377699 ,  0 ,  190 ,  58.04 ,  0.38 ,  17.36
28 ,  1 ,  1377741 ,  0 ,  190 ,  57.82 ,  0.37 ,  17.36
28 ,  1 ,  1377783 ,  0 ,  190 ,  57.71 ,  0.37 ,  17.36
28 ,  1 ,  1377824 ,  0 ,  190 ,  57.60 ,  0.37 ,  17.26
28 ,  1 ,  1377868 ,  0 ,  190 ,  57.49 ,  0.37 ,  17.26
28 ,  1 ,  1377910 ,  0 ,  190 ,  57.38 ,  0.37 ,  17.16
28 ,  1 ,  1377951 ,  0 ,  190 ,  57.16 ,  0.37 ,  17.16
28 ,  1 ,  1377993 ,  0 ,  190 ,  57.05 ,  0.37 ,  17.07
28 ,  1 ,  1378035 ,  0 ,  190 ,  56.94 ,  0.36 ,  17.07
28 ,  1 ,  1378076 ,  0 ,  190 ,  56.72 ,  0.36 ,  16.97
28 ,  1 ,  1378118 ,  0 ,  190 ,  56.61 ,  0.36 ,  16.97
28 ,  1 ,  1378160 ,  0 ,  190 ,  56.50 ,  0.35 ,  16.87
28 ,  1 ,  1378201 ,  0 ,  190 ,  56.39 ,  0.35 ,  16.87
28 ,  1 ,  1378245 ,  0 ,  190 ,  56.17 ,  0.35 ,  16.77
28 ,  1 ,  1378287 ,  0 ,  190 ,  56.06 ,  0.35 ,  16.77
28 ,  1 ,  1378329 ,  0 ,  190 ,  55.95 ,  0.35 ,  16.67
28 ,  1 ,  1378370 ,  0 ,  190 ,  55.73 ,  0.34 ,  16.67
28 ,  1 ,  1378412 ,  0 ,  190 ,  55.73 ,  0.35 ,  16.67
28 ,  1 ,  1378454 ,  0 ,  190 ,  55.51 ,  0.34 ,  16.57
28 ,  1 ,  1378495 ,  0 ,  190 ,  55.40 ,  0.34 ,  16.57
28 ,  1 ,  1378537 ,  0 ,  190 ,  55.29 ,  0.34 ,  16.47
28 ,  1 ,  1378579 ,  0 ,  190 ,  55.18 ,  0.33 ,  16.47
28 ,  1 ,  1378639 ,  0 ,  190 ,  54.96 ,  0.33 ,  16.37
28 ,  1 ,  1378681 ,  0 ,  190 ,  54.74 ,  0.33 ,  16.27
28 ,  1 ,  1378723 ,  0 ,  190 ,  54.74 ,  0.33 ,  16.27
28 ,  1 ,  1378764 ,  0 ,  190 ,  54.52 ,  0.32 ,  16.27
28 ,  1 ,  1378806 ,  0 ,  190 ,  54.41 ,  0.32 ,  16.17
28 ,  1 ,  1378848 ,  0 ,  190 ,  54.19 ,  0.32 ,  16.07
28 ,  1 ,  1378889 ,  0 ,  190 ,  54.19 ,  0.32 ,  16.07
28 ,  1 ,  1378931 ,  0 ,  190 ,  53.97 ,  0.32 ,  16.07
28 ,  1 ,  1378973 ,  0 ,  190 ,  53.86 ,  0.31 ,  15.97
28 ,  1 ,  1379017 ,  0 ,  190 ,  53.75 ,  0.31 ,  15.97
28 ,  1 ,  1379058 ,  0 ,  190 ,  53.64 ,  0.31 ,  15.88
28 ,  1 ,  1379100 ,  0 ,  190 ,  53.42 ,  0.31 ,  15.78
28 ,  1 ,  1379142 ,  0 ,  190 ,  53.31 ,  0.31 ,  15.78
28 ,  1 ,  1379183 ,  0 ,  190 ,  53.20 ,  0.31 ,  15.78
28 ,  1 ,  1379225 ,  0 ,  190 ,  53.09 ,  0.31 ,  15.68
28 ,  1 ,  1379267 ,  0 ,  190 ,  52.98 ,  0.30 ,  15.68
28 ,  1 ,  1379308 ,  0 ,  190 ,  52.87 ,  0.30 ,  15.58
28 ,  1 ,  1379350 ,  0 ,  190 ,  52.76 ,  0.29 ,  15.58
28 ,  1 ,  1379394 ,  0 ,  190 ,  52.65 ,  0.29 ,  15.48
28 ,  1 ,  1379435 ,  0 ,  190 ,  52.42 ,  0.29 ,  15.48
28 ,  1 ,  1379477 ,  0 ,  190 ,  52.31 ,  0.29 ,  15.38
28 ,  1 ,  1379519 ,  0 ,  190 ,  52.20 ,  0.29 ,  15.38
28 ,  1 ,  1379560 ,  0 ,  190 ,  52.09 ,  0.29 ,  15.28
28 ,  1 ,  1379602 ,  0 ,  190 ,  51.98 ,  0.29 ,  15.28
28 ,  1 ,  1379644 ,  0 ,  190 ,  51.76 ,  0.28 ,  15.18
28 ,  1 ,  1379685 ,  0 ,  190 ,  51.65 ,  0.28 ,  15.18
28 ,  1 ,  1379729 ,  0 ,  190 ,  51.54 ,  0.28 ,  15.08
28 ,  1 ,  1379771 ,  0 ,  190 ,  51.43 ,  0.28 ,  15.08
28 ,  1 ,  1379812 ,  0 ,  190 ,  51.32 ,  0.28 ,  14.98
28 ,  1 ,  1379854 ,  0 ,  190 ,  51.21 ,  0.27 ,  14.98
28 ,  1 ,  1379896 ,  0 ,  190 ,  51.10 ,  0.27 ,  14.88
28 ,  1 ,  1379937 ,  0 ,  190 ,  50.88 ,  0.27 ,  14.88
28 ,  1 ,  1379979 ,  0 ,  190 ,  50.88 ,  0.26 ,  14.88
28 ,  1 ,  1380021 ,  0 ,  190 ,  50.66 ,  0.26 ,  14.78
28 ,  1 ,  1380062 ,  0 ,  190 ,  50.55 ,  0.26 ,  14.78
28 ,  1 ,  1380106 ,  0 ,  190 ,  50.44 ,  0.26 ,  14.68
28 ,  1 ,  1380148 ,  0 ,  190 ,  50.33 ,  0.26 ,  14.68
28 ,  1 ,  1380190 ,  0 ,  190 ,  50.22 ,  0.25 ,  14.59
28 ,  1 ,  1380231 ,  0 ,  190 ,  50.11 ,  0.25 ,  14.59
28 ,  1 ,  1380273 ,  0 ,  190 ,  50.00 ,  0.25 ,  14.49
28 ,  1 ,  1380314 ,  0 ,  190 ,  49.89 ,  0.25 ,  14.49
28 ,  1 ,  1380356 ,  0 ,  190 ,  49.78 ,  0.24 ,  14.39
28 ,  1 ,  1380398 ,  0 ,  190 ,  49.67 ,  0.25 ,  14.29
28 ,  1 ,  1380439 ,  0 ,  190 ,  49.56 ,  0.24 ,  14.39
28 ,  1 ,  1380483 ,  0 ,  190 ,  49.34 ,  0.25 ,  14.29
28 ,  1 ,  1380525 ,  0 ,  190 ,  49.23 ,  0.24 ,  14.29
28 ,  1 ,  1380567 ,  0 ,  190 ,  49.12 ,  0.24 ,  14.09
28 ,  1 ,  1380608 ,  0 ,  190 ,  49.01 ,  0.24 ,  14.19
28 ,  1 ,  1380649 ,  0 ,  190 ,  48.90 ,  0.24 ,  14.09
28 ,  1 ,  1380691 ,  0 ,  190 ,  48.79 ,  0.23 ,  14.09
28 ,  1 ,  1380732 ,  0 ,  190 ,  48.68 ,  0.23 ,  13.99
28 ,  1 ,  1380774 ,  0 ,  190 ,  48.57 ,  0.23 ,  13.99
28 ,  1 ,  1380815 ,  0 ,  190 ,  48.46 ,  0.23 ,  13.89
28 ,  1 ,  1380859 ,  0 ,  190 ,  48.35 ,  0.22 ,  13.89
28 ,  1 ,  1380901 ,  0 ,  190 ,  48.24 ,  0.22 ,  13.79
28 ,  1 ,  1380943 ,  0 ,  190 ,  48.13 ,  0.22 ,  13.79
28 ,  1 ,  1380984 ,  0 ,  190 ,  48.02 ,  0.22 ,  13.69
28 ,  1 ,  1381026 ,  0 ,  190 ,  47.91 ,  0.22 ,  13.69
28 ,  1 ,  1381068 ,  0 ,  190 ,  47.80 ,  0.22 ,  13.59
28 ,  1 ,  1381109 ,  0 ,  190 ,  47.58 ,  0.22 ,  13.59
28 ,  1 ,  1381151 ,  0 ,  190 ,  47.47 ,  0.21 ,  13.49
28 ,  1 ,  1381193 ,  0 ,  190 ,  47.36 ,  0.21 ,  13.49
28 ,  1 ,  1381236 ,  0 ,  190 ,  47.36 ,  0.21 ,  13.39
28 ,  1 ,  1381278 ,  0 ,  190 ,  47.25 ,  0.21 ,  13.39
28 ,  1 ,  1381320 ,  0 ,  190 ,  47.03 ,  0.21 ,  13.30
28 ,  1 ,  1381361 ,  0 ,  190 ,  47.03 ,  0.21 ,  13.30
28 ,  1 ,  1381403 ,  0 ,  190 ,  46.81 ,  0.21 ,  13.20
28 ,  1 ,  1381445 ,  0 ,  190 ,  46.81 ,  0.21 ,  13.20
28 ,  1 ,  1381486 ,  0 ,  190 ,  46.59 ,  0.20 ,  13.20
28 ,  1 ,  1381528 ,  0 ,  190 ,  46.48 ,  0.20 ,  13.10
28 ,  1 ,  1381570 ,  0 ,  190 ,  46.48 ,  0.20 ,  13.10
28 ,  1 ,  1381614 ,  0 ,  190 ,  46.37 ,  0.20 ,  13.00
28 ,  1 ,  1381655 ,  0 ,  190 ,  46.26 ,  0.20 ,  13.00
28 ,  1 ,  1381697 ,  0 ,  190 ,  46.04 ,  0.19 ,  12.90
28 ,  1 ,  1381738 ,  0 ,  190 ,  45.93 ,  0.19 ,  12.90
28 ,  1 ,  1381780 ,  0 ,  190 ,  45.82 ,  0.19 ,  12.80
28 ,  1 ,  1381822 ,  0 ,  190 ,  45.82 ,  0.19 ,  12.80
28 ,  1 ,  1381863 ,  0 ,  190 ,  45.60 ,  0.18 ,  12.70
28 ,  1 ,  1381905 ,  0 ,  190 ,  45.49 ,  0.19 ,  12.70
28 ,  1 ,  1381949 ,  0 ,  190 ,  45.38 ,  0.18 ,  12.60
28 ,  1 ,  1381991 ,  0 ,  190 ,  45.27 ,  0.18 ,  12.60
28 ,  1 ,  1382032 ,  0 ,  190 ,  45.27 ,  0.18 ,  12.50
28 ,  1 ,  1382074 ,  0 ,  190 ,  45.16 ,  0.18 ,  12.50
28 ,  1 ,  1382116 ,  0 ,  190 ,  44.94 ,  0.18 ,  12.50
28 ,  1 ,  1382157 ,  0 ,  190 ,  44.94 ,  0.17 ,  12.40
28 ,  1 ,  1382199 ,  0 ,  190 ,  44.72 ,  0.17 ,  12.40
28 ,  1 ,  1382241 ,  0 ,  190 ,  44.72 ,  0.17 ,  12.30
28 ,  1 ,  1382282 ,  0 ,  190 ,  44.61 ,  0.17 ,  12.30
28 ,  1 ,  1382326 ,  0 ,  190 ,  44.50 ,  0.17 ,  12.20
28 ,  1 ,  1382368 ,  0 ,  190 ,  44.39 ,  0.17 ,  12.20
28 ,  1 ,  1382410 ,  0 ,  190 ,  44.28 ,  0.17 ,  12.10
28 ,  1 ,  1382452 ,  0 ,  190 ,  44.17 ,  0.17 ,  12.10
28 ,  1 ,  1382494 ,  0 ,  190 ,  44.06 ,  0.16 ,  12.01
28 ,  1 ,  1382535 ,  0 ,  190 ,  43.95 ,  0.16 ,  12.01
28 ,  1 ,  1382577 ,  0 ,  190 ,  43.84 ,  0.16 ,  11.91
28 ,  1 ,  1382619 ,  0 ,  190 ,  43.72 ,  0.16 ,  11.91
28 ,  1 ,  1382661 ,  0 ,  190 ,  43.61 ,  0.15 ,  11.91
28 ,  1 ,  1382705 ,  0 ,  190 ,  43.50 ,  0.15 ,  11.81
28 ,  1 ,  1382747 ,  0 ,  190 ,  43.39 ,  0.15 ,  11.81
28 ,  1 ,  1382788 ,  0 ,  190 ,  43.28 ,  0.15 ,  11.71
28 ,  1 ,  1382830 ,  0 ,  190 ,  43.17 ,  0.15 ,  11.71
28 ,  1 ,  1382872 ,  0 ,  190 ,  43.06 ,  0.15 ,  11.61
28 ,  1 ,  1382914 ,  0 ,  190 ,  42.95 ,  0.15 ,  11.61
28 ,  1 ,  1382955 ,  0 ,  190 ,  42.84 ,  0.14 ,  11.51
28 ,  1 ,  1382996 ,  0 ,  190 ,  42.73 ,  0.14 ,  11.51
28 ,  1 ,  1383038 ,  0 ,  190 ,  42.62 ,  0.14 ,  11.41
28 ,  1 ,  1383083 ,  0 ,  190 ,  42.51 ,  0.14 ,  11.41
28 ,  1 ,  1383124 ,  0 ,  190 ,  42.40 ,  0.14 ,  11.41
28 ,  1 ,  1383165 ,  0 ,  190 ,  42.29 ,  0.14 ,  11.31
28 ,  1 ,  1383207 ,  0 ,  190 ,  42.18 ,  0.14 ,  11.31
28 ,  1 ,  1383249 ,  0 ,  190 ,  42.07 ,  0.13 ,  11.31
28 ,  1 ,  1383291 ,  0 ,  190 ,  41.96 ,  0.13 ,  11.21
28 ,  1 ,  1383332 ,  0 ,  190 ,  41.96 ,  0.13 ,  11.21
28 ,  1 ,  1383374 ,  0 ,  190 ,  41.74 ,  0.13 ,  11.11
28 ,  1 ,  1383416 ,  0 ,  190 ,  41.74 ,  0.13 ,  11.11
28 ,  1 ,  1383470 ,  0 ,  190 ,  41.63 ,  0.13 ,  11.01
28 ,  1 ,  1383514 ,  0 ,  190 ,  41.52 ,  0.12 ,  11.01
28 ,  1 ,  1383558 ,  0 ,  190 ,  41.41 ,  0.12 ,  10.91
28 ,  1 ,  1383602 ,  0 ,  190 ,  41.30 ,  0.12 ,  10.91
28 ,  1 ,  1383645 ,  0 ,  190 ,  41.19 ,  0.12 ,  10.81
28 ,  1 ,  1383689 ,  0 ,  190 ,  41.08 ,  0.12 ,  10.81
28 ,  1 ,  1383733 ,  0 ,  190 ,  40.97 ,  0.12 ,  10.72
28 ,  1 ,  1383777 ,  0 ,  190 ,  40.86 ,  0.12 ,  10.72
28 ,  1 ,  1383824 ,  0 ,  190 ,  40.75 ,  0.12 ,  10.72
28 ,  1 ,  1383867 ,  0 ,  190 ,  40.64 ,  0.12 ,  10.62
28 ,  1 ,  1383911 ,  0 ,  190 ,  40.53 ,  0.12 ,  10.52
28 ,  1 ,  1383955 ,  0 ,  190 ,  40.42 ,  0.11 ,  10.52
28 ,  1 ,  1383998 ,  0 ,  190 ,  40.31 ,  0.11 ,  10.52
28 ,  1 ,  1384042 ,  0 ,  190 ,  40.20 ,  0.11 ,  10.42
28 ,  1 ,  1384086 ,  0 ,  190 ,  40.09 ,  0.11 ,  10.32
28 ,  1 ,  1384129 ,  0 ,  190 ,  39.98 ,  0.11 ,  10.32
28 ,  1 ,  1384173 ,  0 ,  190 ,  39.87 ,  0.11 ,  10.32
28 ,  1 ,  1384215 ,  0 ,  190 ,  39.76 ,  0.11 ,  10.32
28 ,  1 ,  1384259 ,  0 ,  190 ,  39.76 ,  0.10 ,  10.22
28 ,  1 ,  1384302 ,  0 ,  190 ,  39.65 ,  0.11 ,  10.22
28 ,  1 ,  1384346 ,  0 ,  190 ,  39.43 ,  0.10 ,  10.12
28 ,  1 ,  1384390 ,  0 ,  190 ,  39.43 ,  0.10 ,  10.12
28 ,  1 ,  1384433 ,  0 ,  190 ,  39.32 ,  0.10 ,  10.02
28 ,  1 ,  1384477 ,  0 ,  190 ,  39.21 ,  0.10 ,  10.02
28 ,  1 ,  1384521 ,  0 ,  190 ,  39.10 ,  0.10 ,  9.92
28 ,  1 ,  1384565 ,  0 ,  190 ,  38.99 ,  0.10 ,  9.92
28 ,  1 ,  1384610 ,  0 ,  190 ,  38.88 ,  0.10 ,  9.92
28 ,  1 ,  1384654 ,  0 ,  190 ,  38.77 ,  0.10 ,  9.82
28 ,  1 ,  1384698 ,  0 ,  190 ,  38.66 ,  0.10 ,  9.82
28 ,  1 ,  1384741 ,  0 ,  190 ,  38.55 ,  0.10 ,  9.72
28 ,  1 ,  1384785 ,  0 ,  190 ,  38.44 ,  0.09 ,  9.72
28 ,  1 ,  1384829 ,  0 ,  190 ,  38.33 ,  0.10 ,  9.62
28 ,  1 ,  1384872 ,  0 ,  190 ,  38.33 ,  0.09 ,  9.62
28 ,  1 ,  1384916 ,  0 ,  190 ,  38.11 ,  0.09 ,  9.53
28 ,  1 ,  1384961 ,  0 ,  190 ,  38.00 ,  0.09 ,  9.53
28 ,  1 ,  1385007 ,  0 ,  190 ,  38.00 ,  0.09 ,  9.43
28 ,  1 ,  1385050 ,  0 ,  190 ,  37.78 ,  0.09 ,  9.43
28 ,  1 ,  1385094 ,  0 ,  190 ,  37.78 ,  0.09 ,  9.43
28 ,  1 ,  1385138 ,  0 ,  190 ,  37.67 ,  0.09 ,  9.33
28 ,  1 ,  1385181 ,  0 ,  190 ,  37.56 ,  0.09 ,  9.33
28 ,  1 ,  1385225 ,  0 ,  190 ,  37.45 ,  0.08 ,  9.23
28 ,  1 ,  1385269 ,  0 ,  190 ,  37.34 ,  0.09 ,  9.23
28 ,  1 ,  1385312 ,  0 ,  190 ,  37.23 ,  0.09 ,  9.23
28 ,  1 ,  1385356 ,  0 ,  190 ,  37.12 ,  0.08 ,  9.13
28 ,  1 ,  1385402 ,  0 ,  190 ,  37.01 ,  0.08 ,  9.13
28 ,  1 ,  1385445 ,  0 ,  190 ,  37.01 ,  0.09 ,  9.03
28 ,  1 ,  1385489 ,  0 ,  190 ,  36.90 ,  0.08 ,  9.03
28 ,  1 ,  1385533 ,  0 ,  190 ,  36.79 ,  0.08 ,  9.03
28 ,  1 ,  1385576 ,  0 ,  190 ,  36.68 ,  0.08 ,  8.93
28 ,  1 ,  1385620 ,  0 ,  190 ,  36.57 ,  0.08 ,  8.93
28 ,  1 ,  1385664 ,  0 ,  190 ,  36.46 ,  0.08 ,  8.83
28 ,  1 ,  1385707 ,  0 ,  190 ,  36.35 ,  0.08 ,  8.83
28 ,  1 ,  1385751 ,  0 ,  190 ,  36.24 ,  0.08 ,  8.73
28 ,  1 ,  1385797 ,  0 ,  190 ,  36.13 ,  0.08 ,  8.73
28 ,  1 ,  1385841 ,  0 ,  190 ,  36.02 ,  0.08 ,  8.73
28 ,  1 ,  1385884 ,  0 ,  190 ,  36.02 ,  0.08 ,  8.63
28 ,  1 ,  1385928 ,  0 ,  190 ,  35.91 ,  0.08 ,  8.63
28 ,  1 ,  1385972 ,  0 ,  190 ,  35.80 ,  0.08 ,  8.53
28 ,  1 ,  1386015 ,  0 ,  190 ,  35.69 ,  0.07 ,  8.53
28 ,  1 ,  1386059 ,  0 ,  190 ,  35.58 ,  0.08 ,  8.53
28 ,  1 ,  1386103 ,  0 ,  190 ,  35.47 ,  0.08 ,  8.43
28 ,  1 ,  1386146 ,  0 ,  190 ,  35.36 ,  0.08 ,  8.43
28 ,  1 ,  1386192 ,  0 ,  190 ,  35.36 ,  0.07 ,  8.33
28 ,  1 ,  1386236 ,  0 ,  190 ,  35.25 ,  0.07 ,  8.33
28 ,  1 ,  1386280 ,  0 ,  190 ,  35.13 ,  0.07 ,  8.33
28 ,  1 ,  1386323 ,  0 ,  190 ,  35.02 ,  0.07 ,  8.24
28 ,  1 ,  1386369 ,  0 ,  190 ,  34.91 ,  0.07 ,  8.24
28 ,  1 ,  1386412 ,  0 ,  190 ,  34.80 ,  0.07 ,  8.24
28 ,  1 ,  1386456 ,  0 ,  190 ,  34.69 ,  0.07 ,  8.14
28 ,  1 ,  1386500 ,  0 ,  190 ,  34.58 ,  0.07 ,  8.14
28 ,  1 ,  1386543 ,  0 ,  190 ,  34.47 ,  0.07 ,  8.14
28 ,  1 ,  1386599 ,  0 ,  190 ,  34.36 ,  0.07 ,  8.04
28 ,  1 ,  1386643 ,  0 ,  190 ,  34.36 ,  0.07 ,  8.04
28 ,  1 ,  1386686 ,  0 ,  190 ,  34.25 ,  0.07 ,  7.94
28 ,  1 ,  1386730 ,  0 ,  190 ,  34.14 ,  0.07 ,  7.94
28 ,  1 ,  1386774 ,  0 ,  190 ,  34.03 ,  0.07 ,  7.84
28 ,  1 ,  1386817 ,  0 ,  190 ,  33.92 ,  0.07 ,  7.84
28 ,  1 ,  1386861 ,  0 ,  190 ,  33.81 ,  0.06 ,  7.84
28 ,  1 ,  1386905 ,  0 ,  190 ,  33.81 ,  0.06 ,  7.84
28 ,  1 ,  1386948 ,  0 ,  190 ,  33.59 ,  0.07 ,  7.74
28 ,  1 ,  1386994 ,  0 ,  190 ,  33.59 ,  0.06 ,  7.74
28 ,  1 ,  1387038 ,  0 ,  190 ,  33.48 ,  0.06 ,  7.74
28 ,  1 ,  1387081 ,  0 ,  190 ,  33.37 ,  0.06 ,  7.64
28 ,  1 ,  1387125 ,  0 ,  190 ,  33.26 ,  0.06 ,  7.64
28 ,  1 ,  1387169 ,  0 ,  190 ,  33.26 ,  0.06 ,  7.54
28 ,  1 ,  1387212 ,  0 ,  190 ,  33.15 ,  0.07 ,  7.54
28 ,  1 ,  1387256 ,  0 ,  190 ,  32.93 ,  0.06 ,  7.54
28 ,  1 ,  1387300 ,  0 ,  190 ,  32.93 ,  0.06 ,  7.54
28 ,  1 ,  1387343 ,  0 ,  190 ,  32.82 ,  0.06 ,  7.44
28 ,  1 ,  1387389 ,  0 ,  190 ,  32.82 ,  0.06 ,  7.44
28 ,  1 ,  1387433 ,  0 ,  190 ,  32.71 ,  0.06 ,  7.34
28 ,  1 ,  1387478 ,  0 ,  190 ,  32.49 ,  0.06 ,  7.34
28 ,  1 ,  1387521 ,  0 ,  190 ,  32.49 ,  0.06 ,  7.34
28 ,  1 ,  1387565 ,  0 ,  190 ,  32.38 ,  0.06 ,  7.34
28 ,  1 ,  1387609 ,  0 ,  190 ,  32.27 ,  0.06 ,  7.24
28 ,  1 ,  1387652 ,  0 ,  190 ,  32.16 ,  0.06 ,  7.24
28 ,  1 ,  1387696 ,  0 ,  190 ,  32.16 ,  0.06 ,  7.14
28 ,  1 ,  1387740 ,  0 ,  190 ,  31.94 ,  0.06 ,  7.14
28 ,  1 ,  1387785 ,  0 ,  190 ,  31.94 ,  0.06 ,  7.14
28 ,  1 ,  1387829 ,  0 ,  190 ,  31.83 ,  0.05 ,  7.14
28 ,  1 ,  1387873 ,  0 ,  190 ,  31.83 ,  0.06 ,  7.04
28 ,  1 ,  1387916 ,  0 ,  190 ,  31.61 ,  0.06 ,  7.04
28 ,  1 ,  1387960 ,  0 ,  190 ,  31.50 ,  0.05 ,  7.04
28 ,  1 ,  1388004 ,  0 ,  190 ,  31.50 ,  0.06 ,  6.95
28 ,  1 ,  1388047 ,  0 ,  190 ,  31.39 ,  0.06 ,  6.95
28 ,  1 ,  1388091 ,  0 ,  190 ,  31.28 ,  0.06 ,  6.95
28 ,  1 ,  1388135 ,  0 ,  190 ,  31.17 ,  0.05 ,  6.85
28 ,  1 ,  1388181 ,  0 ,  190 ,  31.17 ,  0.06 ,  6.85
28 ,  1 ,  1388224 ,  0 ,  190 ,  30.95 ,  0.06 ,  6.75
28 ,  1 ,  1388268 ,  0 ,  190 ,  30.84 ,  0.05 ,  6.75
28 ,  1 ,  1388311 ,  0 ,  190 ,  30.84 ,  0.05 ,  6.75
28 ,  1 ,  1388355 ,  0 ,  190 ,  30.73 ,  0.05 ,  6.75
28 ,  1 ,  1388399 ,  0 ,  190 ,  30.73 ,  0.05 ,  6.65
28 ,  1 ,  1388442 ,  0 ,  190 ,  30.62 ,  0.05 ,  6.65
28 ,  1 ,  1388486 ,  0 ,  190 ,  30.51 ,  0.05 ,  6.65
28 ,  1 ,  1388530 ,  0 ,  190 ,  30.40 ,  0.05 ,  6.65
28 ,  1 ,  1388576 ,  0 ,  190 ,  30.29 ,  0.05 ,  6.55
28 ,  1 ,  1388619 ,  0 ,  190 ,  30.18 ,  0.05 ,  6.55
28 ,  1 ,  1388663 ,  0 ,  190 ,  30.07 ,  0.05 ,  6.55
28 ,  1 ,  1388707 ,  0 ,  190 ,  30.07 ,  0.05 ,  6.45
28 ,  1 ,  1388750 ,  0 ,  190 ,  29.96 ,  0.06 ,  6.45
28 ,  1 ,  1388794 ,  0 ,  190 ,  29.85 ,  0.06 ,  6.45
28 ,  1 ,  1388837 ,  0 ,  190 ,  29.85 ,  0.06 ,  6.45
28 ,  1 ,  1388881 ,  0 ,  190 ,  29.74 ,  0.05 ,  6.35
28 ,  1 ,  1388925 ,  0 ,  190 ,  29.63 ,  0.05 ,  6.35
28 ,  1 ,  1388972 ,  0 ,  190 ,  29.52 ,  0.05 ,  6.35
28 ,  1 ,  1389015 ,  0 ,  190 ,  29.52 ,  0.05 ,  6.25
28 ,  1 ,  1389059 ,  0 ,  190 ,  29.41 ,  0.05 ,  6.25
28 ,  1 ,  1389103 ,  0 ,  190 ,  29.30 ,  0.05 ,  6.25
28 ,  1 ,  1389146 ,  0 ,  190 ,  29.19 ,  0.05 ,  6.25
28 ,  1 ,  1389190 ,  0 ,  190 ,  29.08 ,  0.05 ,  6.15
28 ,  1 ,  1389234 ,  0 ,  190 ,  29.08 ,  0.05 ,  6.15
28 ,  1 ,  1389277 ,  0 ,  190 ,  28.97 ,  0.05 ,  6.15
28 ,  1 ,  1389321 ,  0 ,  190 ,  28.86 ,  0.05 ,  6.05
28 ,  1 ,  1389367 ,  0 ,  190 ,  28.75 ,  0.05 ,  6.05
28 ,  1 ,  1389410 ,  0 ,  190 ,  28.64 ,  0.05 ,  6.05
28 ,  1 ,  1389454 ,  0 ,  190 ,  28.64 ,  0.05 ,  6.05
28 ,  1 ,  1389498 ,  0 ,  190 ,  28.53 ,  0.04 ,  5.95
28 ,  1 ,  1389541 ,  0 ,  190 ,  28.42 ,  0.05 ,  5.95
28 ,  1 ,  1389585 ,  0 ,  190 ,  28.31 ,  0.04 ,  5.95
28 ,  1 ,  1389629 ,  0 ,  190 ,  28.31 ,  0.05 ,  5.85
28 ,  1 ,  1389672 ,  0 ,  190 ,  28.20 ,  0.05 ,  5.85
28 ,  1 ,  1389716 ,  0 ,  190 ,  28.09 ,  0.04 ,  5.85
28 ,  1 ,  1389762 ,  0 ,  190 ,  27.98 ,  0.04 ,  5.85
28 ,  1 ,  1389806 ,  0 ,  190 ,  27.87 ,  0.05 ,  5.75
28 ,  1 ,  1389849 ,  0 ,  190 ,  27.87 ,  0.04 ,  5.75
28 ,  1 ,  1389893 ,  0 ,  190 ,  27.76 ,  0.04 ,  5.75
28 ,  1 ,  1389937 ,  0 ,  190 ,  27.65 ,  0.04 ,  5.75
28 ,  1 ,  1389980 ,  0 ,  190 ,  27.54 ,  0.05 ,  5.66
28 ,  1 ,  1390024 ,  0 ,  190 ,  27.54 ,  0.05 ,  5.66
28 ,  1 ,  1390067 ,  0 ,  190 ,  27.43 ,  0.04 ,  5.66
28 ,  1 ,  1390111 ,  0 ,  190 ,  27.32 ,  0.04 ,  5.66
28 ,  1 ,  1390157 ,  0 ,  190 ,  27.21 ,  0.05 ,  5.56
28 ,  1 ,  1390201 ,  0 ,  190 ,  27.21 ,  0.04 ,  5.56
28 ,  1 ,  1390244 ,  0 ,  190 ,  27.10 ,  0.04 ,  5.56
28 ,  1 ,  1390288 ,  0 ,  190 ,  27.10 ,  0.04 ,  5.46
28 ,  1 ,  1390332 ,  0 ,  190 ,  26.88 ,  0.04 ,  5.46
28 ,  1 ,  1390375 ,  0 ,  190 ,  26.88 ,  0.04 ,  5.46
28 ,  1 ,  1390419 ,  0 ,  190 ,  26.77 ,  0.04 ,  5.46
28 ,  1 ,  1390464 ,  0 ,  190 ,  26.77 ,  0.04 ,  5.36
28 ,  1 ,  1390507 ,  0 ,  190 ,  26.66 ,  0.04 ,  5.36
28 ,  1 ,  1390553 ,  0 ,  190 ,  26.55 ,  0.04 ,  5.36
28 ,  1 ,  1390597 ,  0 ,  190 ,  26.43 ,  0.05 ,  5.26
28 ,  1 ,  1390641 ,  0 ,  190 ,  26.32 ,  0.04 ,  5.26
28 ,  1 ,  1390685 ,  0 ,  190 ,  26.32 ,  0.04 ,  5.26
28 ,  1 ,  1390728 ,  0 ,  190 ,  26.21 ,  0.04 ,  5.26
28 ,  1 ,  1390772 ,  0 ,  190 ,  26.10 ,  0.04 ,  5.26
28 ,  1 ,  1390816 ,  0 ,  190 ,  25.99 ,  0.04 ,  5.26
28 ,  1 ,  1390859 ,  0 ,  190 ,  25.88 ,  0.04 ,  5.16
28 ,  1 ,  1390903 ,  0 ,  190 ,  25.88 ,  0.04 ,  5.16
28 ,  1 ,  1390949 ,  0 ,  190 ,  25.88 ,  0.04 ,  5.16
28 ,  1 ,  1390993 ,  0 ,  190 ,  25.77 ,  0.04 ,  5.06
28 ,  1 ,  1391036 ,  0 ,  190 ,  25.66 ,  0.04 ,  5.06
28 ,  1 ,  1391080 ,  0 ,  190 ,  25.55 ,  0.04 ,  5.06
28 ,  1 ,  1391124 ,  0 ,  190 ,  25.44 ,  0.04 ,  5.06
28 ,  1 ,  1391167 ,  0 ,  190 ,  25.44 ,  0.04 ,  5.06
28 ,  1 ,  1391211 ,  0 ,  190 ,  25.33 ,  0.04 ,  4.96
28 ,  1 ,  1391255 ,  0 ,  190 ,  25.22 ,  0.04 ,  4.96
28 ,  1 ,  1391298 ,  0 ,  190 ,  25.11 ,  0.04 ,  4.96
28 ,  1 ,  1391344 ,  0 ,  190 ,  25.11 ,  0.04 ,  4.96
28 ,  1 ,  1391388 ,  0 ,  190 ,  25.00 ,  0.04 ,  4.86
28 ,  1 ,  1391431 ,  0 ,  190 ,  25.00 ,  0.04 ,  4.86
28 ,  1 ,  1391475 ,  0 ,  190 ,  24.89 ,  0.04 ,  4.86
28 ,  1 ,  1391519 ,  0 ,  190 ,  24.78 ,  0.04 ,  4.86
28 ,  1 ,  1391562 ,  0 ,  190 ,  24.78 ,  0.04 ,  4.86
28 ,  1 ,  1391606 ,  0 ,  190 ,  24.67 ,  0.04 ,  4.76
28 ,  1 ,  1391650 ,  0 ,  190 ,  24.56 ,  0.04 ,  4.76
28 ,  1 ,  1391693 ,  0 ,  190 ,  24.45 ,  0.04 ,  4.76
28 ,  1 ,  1391739 ,  0 ,  190 ,  24.34 ,  0.04 ,  4.76
28 ,  1 ,  1391783 ,  0 ,  190 ,  24.34 ,  0.04 ,  4.66
28 ,  1 ,  1391827 ,  0 ,  190 ,  24.34 ,  0.04 ,  4.66
28 ,  1 ,  1391870 ,  0 ,  190 ,  24.23 ,  0.04 ,  4.66
28 ,  1 ,  1391915 ,  0 ,  190 ,  24.12 ,  0.04 ,  4.66
28 ,  1 ,  1391959 ,  0 ,  190 ,  24.01 ,  0.04 ,  4.66
28 ,  1 ,  1392002 ,  0 ,  190 ,  24.01 ,  0.04 ,  4.56
28 ,  1 ,  1392046 ,  0 ,  190 ,  23.90 ,  0.04 ,  4.56
28 ,  1 ,  1392089 ,  0 ,  190 ,  23.79 ,  0.04 ,  4.56
28 ,  1 ,  1392135 ,  0 ,  190 ,  23.79 ,  0.04 ,  4.56
28 ,  1 ,  1392179 ,  0 ,  190 ,  23.68 ,  0.04 ,  4.56
28 ,  1 ,  1392223 ,  0 ,  190 ,  23.57 ,  0.04 ,  4.46
28 ,  1 ,  1392266 ,  0 ,  190 ,  23.57 ,  0.04 ,  4.46
28 ,  1 ,  1392310 ,  0 ,  190 ,  23.57 ,  0.04 ,  4.46
28 ,  1 ,  1392354 ,  0 ,  190 ,  23.46 ,  0.04 ,  4.46
28 ,  1 ,  1392397 ,  0 ,  190 ,  23.24 ,  0.04 ,  4.46
28 ,  1 ,  1392441 ,  0 ,  190 ,  23.24 ,  0.04 ,  4.37
28 ,  1 ,  1392484 ,  0 ,  190 ,  23.24 ,  0.04 ,  4.37
28 ,  1 ,  1392530 ,  0 ,  190 ,  23.13 ,  0.04 ,  4.27
28 ,  1 ,  1392574 ,  0 ,  190 ,  23.02 ,  0.04 ,  4.37
28 ,  1 ,  1392618 ,  0 ,  190 ,  23.02 ,  0.04 ,  4.37
28 ,  1 ,  1392661 ,  0 ,  190 ,  22.91 ,  0.04 ,  4.27
28 ,  1 ,  1392705 ,  0 ,  190 ,  22.80 ,  0.04 ,  4.27
28 ,  1 ,  1392749 ,  0 ,  190 ,  22.69 ,  0.04 ,  4.27
28 ,  1 ,  1392792 ,  0 ,  190 ,  22.69 ,  0.04 ,  4.27
28 ,  1 ,  1392836 ,  0 ,  190 ,  22.58 ,  0.04 ,  4.27
28 ,  1 ,  1392880 ,  0 ,  190 ,  22.58 ,  0.04 ,  4.17
28 ,  1 ,  1392925 ,  0 ,  190 ,  22.47 ,  0.04 ,  4.17
28 ,  1 ,  1392969 ,  0 ,  190 ,  22.36 ,  0.03 ,  4.17
28 ,  1 ,  1393013 ,  0 ,  190 ,  22.36 ,  0.04 ,  4.17
28 ,  1 ,  1393056 ,  0 ,  190 ,  22.25 ,  0.04 ,  4.17
28 ,  1 ,  1393100 ,  0 ,  190 ,  22.14 ,  0.04 ,  4.07
28 ,  1 ,  1393144 ,  0 ,  190 ,  22.14 ,  0.04 ,  4.07
28 ,  1 ,  1393187 ,  0 ,  190 ,  22.03 ,  0.03 ,  4.07
28 ,  1 ,  1393231 ,  0 ,  190 ,  22.03 ,  0.04 ,  4.07
28 ,  1 ,  1393275 ,  0 ,  190 ,  21.92 ,  0.04 ,  4.07
28 ,  1 ,  1393320 ,  0 ,  190 ,  21.81 ,  0.03 ,  4.07
28 ,  1 ,  1393364 ,  0 ,  190 ,  21.81 ,  0.03 ,  4.07
28 ,  1 ,  1393409 ,  0 ,  190 ,  21.70 ,  0.04 ,  3.97
28 ,  1 ,  1393452 ,  0 ,  190 ,  21.70 ,  0.04 ,  3.97
28 ,  1 ,  1393496 ,  0 ,  190 ,  21.70 ,  0.04 ,  3.97
28 ,  1 ,  1393540 ,  0 ,  190 ,  21.48 ,  0.04 ,  3.97
28 ,  1 ,  1393583 ,  0 ,  190 ,  21.48 ,  0.04 ,  3.87
28 ,  1 ,  1393627 ,  0 ,  190 ,  21.37 ,  0.03 ,  3.87
28 ,  1 ,  1393671 ,  0 ,  190 ,  21.26 ,  0.04 ,  3.87
28 ,  1 ,  1393716 ,  0 ,  190 ,  21.26 ,  0.04 ,  3.87
28 ,  1 ,  1393760 ,  0 ,  190 ,  21.26 ,  0.04 ,  3.87
28 ,  1 ,  1393804 ,  0 ,  190 ,  21.04 ,  0.04 ,  3.87
28 ,  1 ,  1393847 ,  0 ,  190 ,  21.04 ,  0.04 ,  3.77
28 ,  1 ,  1393891 ,  0 ,  190 ,  20.93 ,  0.04 ,  3.77
28 ,  1 ,  1393935 ,  0 ,  190 ,  20.93 ,  0.04 ,  3.77
28 ,  1 ,  1393978 ,  0 ,  190 ,  20.82 ,  0.03 ,  3.77
28 ,  1 ,  1394022 ,  0 ,  190 ,  20.82 ,  0.04 ,  3.77
28 ,  1 ,  1394066 ,  0 ,  190 ,  20.71 ,  0.03 ,  3.77
28 ,  1 ,  1394111 ,  0 ,  190 ,  20.60 ,  0.04 ,  3.77
28 ,  1 ,  1394155 ,  0 ,  190 ,  20.60 ,  0.04 ,  3.67
28 ,  1 ,  1394199 ,  0 ,  190 ,  20.60 ,  0.03 ,  3.67
28 ,  1 ,  1394242 ,  0 ,  190 ,  20.49 ,  0.04 ,  3.67
28 ,  1 ,  1394286 ,  0 ,  190 ,  20.38 ,  0.04 ,  3.67
28 ,  1 ,  1394330 ,  0 ,  190 ,  20.38 ,  0.03 ,  3.67
28 ,  1 ,  1394373 ,  0 ,  190 ,  20.38 ,  0.03 ,  3.67
28 ,  1 ,  1394417 ,  0 ,  190 ,  20.16 ,  0.03 ,  3.67
28 ,  1 ,  1394461 ,  0 ,  190 ,  20.16 ,  0.04 ,  3.57
28 ,  1 ,  1394506 ,  0 ,  190 ,  20.16 ,  0.03 ,  3.57
28 ,  1 ,  1394550 ,  0 ,  190 ,  20.05 ,  0.04 ,  3.57
28 ,  1 ,  1394600 ,  0 ,  190 ,  19.94 ,  0.04 ,  3.57
28 ,  1 ,  1394644 ,  0 ,  190 ,  19.83 ,  0.04 ,  3.57
28 ,  1 ,  1394689 ,  0 ,  190 ,  19.83 ,  0.04 ,  3.47
28 ,  1 ,  1394732 ,  0 ,  190 ,  19.83 ,  0.04 ,  3.47
28 ,  1 ,  1394776 ,  0 ,  190 ,  19.72 ,  0.03 ,  3.47
28 ,  1 ,  1394819 ,  0 ,  190 ,  19.72 ,  0.03 ,  3.47
28 ,  1 ,  1394863 ,  0 ,  190 ,  19.61 ,  0.03 ,  3.47
28 ,  1 ,  1394909 ,  0 ,  190 ,  19.61 ,  0.03 ,  3.47
28 ,  1 ,  1394953 ,  0 ,  190 ,  19.50 ,  0.03 ,  3.37
28 ,  1 ,  1394996 ,  0 ,  190 ,  19.28 ,  0.04 ,  3.37
28 ,  1 ,  1395040 ,  0 ,  190 ,  19.28 ,  0.04 ,  3.37
28 ,  1 ,  1395084 ,  0 ,  190 ,  19.28 ,  0.04 ,  3.37
28 ,  1 ,  1395128 ,  0 ,  190 ,  19.17 ,  0.04 ,  3.37
28 ,  1 ,  1395171 ,  0 ,  190 ,  19.17 ,  0.04 ,  3.37
28 ,  1 ,  1395215 ,  0 ,  190 ,  19.06 ,  0.03 ,  3.37
28 ,  1 ,  1395259 ,  0 ,  190 ,  19.06 ,  0.04 ,  3.27
28 ,  1 ,  1395305 ,  0 ,  190 ,  18.95 ,  0.03 ,  3.27
28 ,  1 ,  1395348 ,  0 ,  190 ,  18.84 ,  0.03 ,  3.27
28 ,  1 ,  1395392 ,  0 ,  190 ,  18.84 ,  0.03 ,  3.27
28 ,  1 ,  1395436 ,  0 ,  190 ,  18.84 ,  0.03 ,  3.27
28 ,  1 ,  1395480 ,  0 ,  190 ,  18.73 ,  0.03 ,  3.27
28 ,  1 ,  1395523 ,  0 ,  190 ,  18.73 ,  0.03 ,  3.17
28 ,  1 ,  1395567 ,  0 ,  190 ,  18.62 ,  0.03 ,  3.17
28 ,  1 ,  1395611 ,  0 ,  190 ,  18.51 ,  0.04 ,  3.17
28 ,  1 ,  1395655 ,  0 ,  190 ,  18.51 ,  0.03 ,  3.17
28 ,  1 ,  1395701 ,  0 ,  190 ,  18.40 ,  0.03 ,  3.17
28 ,  1 ,  1395744 ,  0 ,  190 ,  18.40 ,  0.03 ,  3.17
28 ,  1 ,  1395788 ,  0 ,  190 ,  18.29 ,  0.03 ,  3.17
28 ,  1 ,  1395832 ,  0 ,  190 ,  18.29 ,  0.04 ,  3.08
28 ,  1 ,  1395875 ,  0 ,  190 ,  18.18 ,  0.03 ,  3.08
28 ,  1 ,  1395919 ,  0 ,  190 ,  18.18 ,  0.03 ,  3.08
28 ,  1 ,  1395963 ,  0 ,  190 ,  18.18 ,  0.03 ,  3.08
28 ,  1 ,  1396007 ,  0 ,  190 ,  18.07 ,  0.03 ,  3.08
28 ,  1 ,  1396050 ,  0 ,  190 ,  17.96 ,  0.03 ,  3.08
28 ,  1 ,  1396104 ,  0 ,  190 ,  17.96 ,  0.04 ,  3.08
28 ,  1 ,  1396148 ,  0 ,  190 ,  17.85 ,  0.03 ,  2.98
28 ,  1 ,  1396192 ,  0 ,  190 ,  17.85 ,  0.04 ,  2.98
28 ,  1 ,  1396236 ,  0 ,  190 ,  17.73 ,  0.03 ,  2.98
28 ,  1 ,  1396280 ,  0 ,  190 ,  17.73 ,  0.03 ,  2.98
28 ,  1 ,  1396323 ,  0 ,  190 ,  17.62 ,  0.04 ,  2.98
28 ,  1 ,  1396367 ,  0 ,  190 ,  17.62 ,  0.03 ,  2.98
28 ,  1 ,  1396411 ,  0 ,  190 ,  17.51 ,  0.03 ,  2.98
28 ,  1 ,  1396455 ,  0 ,  190 ,  17.51 ,  0.03 ,  2.98
28 ,  1 ,  1396501 ,  0 ,  190 ,  17.40 ,  0.03 ,  2.88
28 ,  1 ,  1396545 ,  0 ,  190 ,  17.40 ,  0.03 ,  2.88
28 ,  1 ,  1396588 ,  0 ,  190 ,  17.40 ,  0.04 ,  2.88
28 ,  1 ,  1396632 ,  0 ,  190 ,  17.29 ,  0.04 ,  2.88
28 ,  1 ,  1396676 ,  0 ,  190 ,  17.29 ,  0.04 ,  2.88
28 ,  1 ,  1396719 ,  0 ,  190 ,  17.18 ,  0.04 ,  2.88
28 ,  1 ,  1396763 ,  0 ,  190 ,  17.18 ,  0.04 ,  2.88
28 ,  1 ,  1396807 ,  0 ,  190 ,  17.07 ,  0.04 ,  2.88
28 ,  1 ,  1396850 ,  0 ,  190 ,  17.07 ,  0.03 ,  2.88
28 ,  1 ,  1396896 ,  0 ,  190 ,  16.96 ,  0.03 ,  2.78
28 ,  1 ,  1396940 ,  0 ,  190 ,  16.85 ,  0.03 ,  2.78
28 ,  1 ,  1396983 ,  0 ,  190 ,  16.85 ,  0.04 ,  2.78
28 ,  1 ,  1397027 ,  0 ,  190 ,  16.85 ,  0.03 ,  2.78
28 ,  1 ,  1397071 ,  0 ,  190 ,  16.74 ,  0.04 ,  2.68
28 ,  1 ,  1397114 ,  0 ,  190 ,  16.63 ,  0.03 ,  2.78
28 ,  1 ,  1397158 ,  0 ,  190 ,  16.63 ,  0.03 ,  2.78
28 ,  1 ,  1397202 ,  0 ,  190 ,  16.52 ,  0.03 ,  2.78
28 ,  1 ,  1397245 ,  0 ,  190 ,  16.63 ,  0.03 ,  2.78
28 ,  1 ,  1397292 ,  0 ,  190 ,  16.52 ,  0.04 ,  2.68
28 ,  1 ,  1397336 ,  0 ,  190 ,  16.41 ,  0.03 ,  2.68
28 ,  1 ,  1397380 ,  0 ,  190 ,  16.41 ,  0.04 ,  2.68
28 ,  1 ,  1397423 ,  0 ,  190 ,  16.30 ,  0.03 ,  2.68
28 ,  1 ,  1397467 ,  0 ,  190 ,  16.19 ,  0.04 ,  2.68
28 ,  1 ,  1397511 ,  0 ,  190 ,  16.19 ,  0.04 ,  2.68
28 ,  1 ,  1397554 ,  0 ,  190 ,  16.19 ,  0.03 ,  2.68
28 ,  1 ,  1397598 ,  0 ,  190 ,  16.19 ,  0.04 ,  2.58
28 ,  1 ,  1397642 ,  0 ,  190 ,  16.08 ,  0.03 ,  2.58
28 ,  1 ,  1397687 ,  0 ,  190 ,  15.97 ,  0.03 ,  2.58
28 ,  1 ,  1397731 ,  0 ,  190 ,  15.97 ,  0.03 ,  2.58
28 ,  1 ,  1397775 ,  0 ,  190 ,  15.97 ,  0.03 ,  2.58
28 ,  1 ,  1397818 ,  0 ,  190 ,  15.86 ,  0.03 ,  2.58
28 ,  1 ,  1397862 ,  0 ,  190 ,  15.86 ,  0.03 ,  2.58
28 ,  1 ,  1397906 ,  0 ,  190 ,  15.86 ,  0.03 ,  2.48
28 ,  1 ,  1397949 ,  0 ,  190 ,  15.75 ,  0.04 ,  2.58
28 ,  1 ,  1397993 ,  0 ,  190 ,  15.64 ,  0.03 ,  2.48
28 ,  1 ,  1398037 ,  0 ,  190 ,  15.64 ,  0.03 ,  2.48
28 ,  1 ,  1398083 ,  0 ,  190 ,  15.53 ,  0.03 ,  2.48
28 ,  1 ,  1398126 ,  0 ,  190 ,  15.53 ,  0.03 ,  2.48
28 ,  1 ,  1398170 ,  0 ,  190 ,  15.53 ,  0.03 ,  2.48
28 ,  1 ,  1398214 ,  0 ,  190 ,  15.42 ,  0.03 ,  2.48
28 ,  1 ,  1398257 ,  0 ,  190 ,  15.42 ,  0.03 ,  2.48
28 ,  1 ,  1398301 ,  0 ,  190 ,  15.42 ,  0.03 ,  2.48
28 ,  1 ,  1398345 ,  0 ,  190 ,  15.31 ,  0.03 ,  2.48
28 ,  1 ,  1398388 ,  0 ,  190 ,  15.31 ,  0.03 ,  2.48
28 ,  1 ,  1398432 ,  0 ,  190 ,  15.20 ,  0.03 ,  2.38
28 ,  1 ,  1398478 ,  0 ,  190 ,  15.20 ,  0.03 ,  2.38
28 ,  1 ,  1398521 ,  0 ,  190 ,  15.09 ,  0.03 ,  2.38
28 ,  1 ,  1398566 ,  0 ,  190 ,  15.09 ,  0.03 ,  2.38
28 ,  1 ,  1398609 ,  0 ,  190 ,  14.98 ,  0.03 ,  2.38
28 ,  1 ,  1398653 ,  0 ,  190 ,  14.98 ,  0.03 ,  2.38
28 ,  1 ,  1398697 ,  0 ,  190 ,  14.98 ,  0.03 ,  2.38
28 ,  1 ,  1398740 ,  0 ,  190 ,  14.87 ,  0.03 ,  2.38
28 ,  1 ,  1398785 ,  0 ,  190 ,  14.76 ,  0.04 ,  2.38
28 ,  1 ,  1398829 ,  0 ,  190 ,  14.76 ,  0.03 ,  2.38
28 ,  1 ,  1398875 ,  0 ,  190 ,  14.76 ,  0.03 ,  2.38
28 ,  1 ,  1398918 ,  0 ,  190 ,  14.76 ,  0.03 ,  2.28
28 ,  1 ,  1398962 ,  0 ,  190 ,  14.76 ,  0.03 ,  2.28
28 ,  1 ,  1399006 ,  0 ,  190 ,  14.65 ,  0.03 ,  2.28
28 ,  1 ,  1399049 ,  0 ,  190 ,  14.54 ,  0.03 ,  2.28
28 ,  1 ,  1399093 ,  0 ,  190 ,  14.54 ,  0.03 ,  2.28
28 ,  1 ,  1399137 ,  0 ,  190 ,  14.54 ,  0.03 ,  2.28
28 ,  1 ,  1399180 ,  0 ,  190 ,  14.43 ,  0.03 ,  2.28
28 ,  1 ,  1399224 ,  0 ,  190 ,  14.43 ,  0.03 ,  2.28
28 ,  1 ,  1399270 ,  0 ,  190 ,  14.43 ,  0.03 ,  2.18
28 ,  1 ,  1399314 ,  0 ,  190 ,  14.32 ,  0.03 ,  2.18
28 ,  1 ,  1399357 ,  0 ,  190 ,  14.21 ,  0.03 ,  2.28
28 ,  1 ,  1399401 ,  0 ,  190 ,  14.21 ,  0.03 ,  2.28
28 ,  1 ,  1399445 ,  0 ,  190 ,  14.21 ,  0.03 ,  2.18
28 ,  1 ,  1399488 ,  0 ,  190 ,  14.21 ,  0.03 ,  2.18
28 ,  1 ,  1399532 ,  0 ,  190 ,  14.10 ,  0.03 ,  2.18
28 ,  1 ,  1399575 ,  0 ,  190 ,  14.10 ,  0.03 ,  2.18
28 ,  1 ,  1399619 ,  0 ,  190 ,  13.99 ,  0.03 ,  2.18
28 ,  1 ,  1399665 ,  0 ,  190 ,  13.99 ,  0.03 ,  2.18
28 ,  1 ,  1399709 ,  0 ,  190 ,  13.88 ,  0.03 ,  2.18
28 ,  1 ,  1399752 ,  0 ,  190 ,  13.88 ,  0.03 ,  2.18
28 ,  1 ,  1399796 ,  0 ,  190 ,  13.88 ,  0.03 ,  2.18
28 ,  1 ,  1399840 ,  0 ,  190 ,  13.88 ,  0.03 ,  2.18
28 ,  1 ,  1399883 ,  0 ,  190 ,  13.77 ,  0.03 ,  2.08
28 ,  1 ,  1399927 ,  0 ,  190 ,  13.77 ,  0.03 ,  2.08
28 ,  1 ,  1399971 ,  0 ,  190 ,  13.77 ,  0.03 ,  2.08
28 ,  1 ,  1400017 ,  0 ,  190 ,  13.66 ,  0.03 ,  2.08
28 ,  1 ,  1400060 ,  0 ,  190 ,  13.66 ,  0.03 ,  2.08
28 ,  1 ,  1400104 ,  0 ,  190 ,  13.66 ,  0.03 ,  2.08
28 ,  1 ,  1400148 ,  0 ,  190 ,  13.55 ,  0.03 ,  2.08
28 ,  1 ,  1400192 ,  0 ,  190 ,  13.44 ,  0.03 ,  2.08
28 ,  1 ,  1400236 ,  0 ,  190 ,  13.44 ,  0.03 ,  2.08
28 ,  1 ,  1400280 ,  0 ,  190 ,  13.44 ,  0.03 ,  2.08
28 ,  1 ,  1400323 ,  0 ,  190 ,  13.44 ,  0.03 ,  2.08
28 ,  1 ,  1400367 ,  0 ,  190 ,  13.33 ,  0.03 ,  2.08
28 ,  1 ,  1400413 ,  0 ,  190 ,  13.33 ,  0.03 ,  2.08
28 ,  1 ,  1400456 ,  0 ,  190 ,  13.33 ,  0.03 ,  2.08
28 ,  1 ,  1400500 ,  0 ,  190 ,  13.33 ,  0.03 ,  1.98
