MS, MPT, t (s), PWMi, PWMe, Pressure (Psi), LW (V), Displacement (mm)
1 ,  5 ,  48715 ,  0 ,  255 ,  6.39 ,  0.02 ,  0.40
1 ,  5 ,  48735 ,  255 ,  0 ,  6.28 ,  0.02 ,  0.40
1 ,  5 ,  48754 ,  255 ,  0 ,  6.28 ,  0.03 ,  0.40
1 ,  5 ,  48774 ,  255 ,  0 ,  10.36 ,  0.03 ,  0.40
1 ,  5 ,  48793 ,  255 ,  0 ,  18.18 ,  0.03 ,  0.99
1 ,  5 ,  48813 ,  255 ,  0 ,  27.21 ,  0.04 ,  1.98
1 ,  5 ,  48832 ,  255 ,  0 ,  36.02 ,  0.07 ,  3.47
1 ,  5 ,  48850 ,  255 ,  0 ,  43.50 ,  0.09 ,  5.06
1 ,  5 ,  48870 ,  0 ,  255 ,  49.78 ,  0.13 ,  6.75
1 ,  5 ,  48892 ,  0 ,  255 ,  49.34 ,  0.15 ,  7.44
1 ,  5 ,  48911 ,  0 ,  255 ,  48.46 ,  0.14 ,  7.44
1 ,  5 ,  48930 ,  0 ,  255 ,  46.26 ,  0.14 ,  7.34
1 ,  5 ,  48950 ,  0 ,  255 ,  44.06 ,  0.13 ,  7.04
1 ,  5 ,  48969 ,  0 ,  255 ,  41.96 ,  0.11 ,  6.75
1 ,  5 ,  48989 ,  0 ,  255 ,  39.87 ,  0.10 ,  6.25
1 ,  5 ,  49007 ,  0 ,  255 ,  37.89 ,  0.09 ,  5.95
1 ,  5 ,  49027 ,  0 ,  255 ,  36.02 ,  0.08 ,  5.56
1 ,  5 ,  49046 ,  0 ,  255 ,  34.36 ,  0.07 ,  5.16
1 ,  5 ,  49068 ,  0 ,  255 ,  32.71 ,  0.06 ,  4.86
1 ,  5 ,  49087 ,  0 ,  255 ,  31.17 ,  0.06 ,  4.56
1 ,  5 ,  49105 ,  0 ,  255 ,  29.85 ,  0.05 ,  4.27
1 ,  5 ,  49125 ,  0 ,  255 ,  28.64 ,  0.05 ,  4.07
1 ,  5 ,  49144 ,  0 ,  255 ,  27.43 ,  0.05 ,  3.77
1 ,  5 ,  49164 ,  0 ,  255 ,  26.32 ,  0.04 ,  3.57
1 ,  5 ,  49182 ,  0 ,  255 ,  25.33 ,  0.04 ,  3.37
1 ,  5 ,  49202 ,  0 ,  255 ,  24.23 ,  0.04 ,  3.18
1 ,  5 ,  49221 ,  0 ,  255 ,  23.35 ,  0.04 ,  3.08
1 ,  5 ,  49241 ,  0 ,  255 ,  22.47 ,  0.03 ,  2.98
1 ,  5 ,  49262 ,  0 ,  255 ,  21.59 ,  0.03 ,  2.78
1 ,  5 ,  49281 ,  0 ,  255 ,  20.93 ,  0.03 ,  2.58
1 ,  5 ,  49300 ,  0 ,  255 ,  20.16 ,  0.03 ,  2.48
1 ,  5 ,  49319 ,  0 ,  255 ,  19.50 ,  0.03 ,  2.38
1 ,  5 ,  49339 ,  0 ,  255 ,  18.84 ,  0.03 ,  2.28
1 ,  5 ,  49357 ,  0 ,  255 ,  18.29 ,  0.03 ,  2.18
1 ,  5 ,  49377 ,  0 ,  255 ,  17.73 ,  0.03 ,  2.08
1 ,  5 ,  49396 ,  0 ,  255 ,  17.18 ,  0.03 ,  1.98
1 ,  5 ,  49416 ,  255 ,  0 ,  16.74 ,  0.02 ,  1.89
1 ,  5 ,  49437 ,  255 ,  0 ,  16.85 ,  0.03 ,  1.89
1 ,  5 ,  49456 ,  255 ,  0 ,  19.72 ,  0.03 ,  1.89
1 ,  5 ,  49475 ,  255 ,  0 ,  26.32 ,  0.04 ,  2.38
1 ,  5 ,  49495 ,  255 ,  0 ,  33.92 ,  0.05 ,  3.57
1 ,  5 ,  49514 ,  255 ,  0 ,  41.19 ,  0.08 ,  4.96
1 ,  5 ,  49532 ,  255 ,  0 ,  47.58 ,  0.12 ,  6.45
1 ,  5 ,  49552 ,  0 ,  255 ,  52.98 ,  0.15 ,  7.94
1 ,  5 ,  49571 ,  0 ,  255 ,  52.31 ,  0.17 ,  8.53
1 ,  5 ,  49591 ,  0 ,  255 ,  51.10 ,  0.17 ,  8.53
1 ,  5 ,  49612 ,  0 ,  255 ,  49.45 ,  0.16 ,  8.33
1 ,  5 ,  49632 ,  0 ,  255 ,  46.81 ,  0.15 ,  8.04
1 ,  5 ,  49650 ,  0 ,  255 ,  44.50 ,  0.13 ,  7.64
1 ,  5 ,  49670 ,  0 ,  255 ,  42.29 ,  0.11 ,  7.14
1 ,  5 ,  49689 ,  0 ,  255 ,  40.20 ,  0.10 ,  6.65
1 ,  5 ,  49709 ,  0 ,  255 ,  38.11 ,  0.09 ,  6.25
1 ,  5 ,  49728 ,  0 ,  255 ,  36.35 ,  0.08 ,  5.85
1 ,  5 ,  49746 ,  0 ,  255 ,  34.58 ,  0.07 ,  5.46
1 ,  5 ,  49766 ,  0 ,  255 ,  33.04 ,  0.06 ,  5.16
1 ,  5 ,  49785 ,  0 ,  255 ,  31.50 ,  0.06 ,  4.76
1 ,  5 ,  49807 ,  0 ,  255 ,  29.96 ,  0.05 ,  4.46
1 ,  5 ,  49826 ,  0 ,  255 ,  28.75 ,  0.04 ,  4.17
1 ,  5 ,  49845 ,  0 ,  255 ,  27.54 ,  0.04 ,  3.97
1 ,  5 ,  49864 ,  0 ,  255 ,  26.32 ,  0.04 ,  3.77
1 ,  5 ,  49884 ,  0 ,  255 ,  25.22 ,  0.04 ,  3.47
1 ,  5 ,  49903 ,  0 ,  255 ,  24.34 ,  0.04 ,  3.37
1 ,  5 ,  49923 ,  0 ,  255 ,  23.35 ,  0.04 ,  3.18
1 ,  5 ,  49941 ,  0 ,  255 ,  22.47 ,  0.03 ,  2.98
1 ,  5 ,  49960 ,  0 ,  255 ,  21.59 ,  0.03 ,  2.88
1 ,  5 ,  49982 ,  0 ,  255 ,  20.93 ,  0.03 ,  2.68
1 ,  5 ,  50001 ,  0 ,  255 ,  20.05 ,  0.03 ,  2.58
1 ,  5 ,  50021 ,  0 ,  255 ,  19.39 ,  0.03 ,  2.48
1 ,  5 ,  50039 ,  0 ,  255 ,  18.73 ,  0.03 ,  2.28
1 ,  5 ,  50059 ,  0 ,  255 ,  18.07 ,  0.03 ,  2.18
1 ,  5 ,  50078 ,  0 ,  255 ,  17.51 ,  0.03 ,  2.18
1 ,  5 ,  50098 ,  0 ,  255 ,  16.96 ,  0.03 ,  1.98
1 ,  5 ,  50116 ,  0 ,  255 ,  16.41 ,  0.03 ,  1.98
1 ,  5 ,  50136 ,  0 ,  255 ,  15.97 ,  0.03 ,  1.89
1 ,  5 ,  50155 ,  0 ,  255 ,  15.53 ,  0.03 ,  1.79
1 ,  5 ,  50177 ,  0 ,  255 ,  14.98 ,  0.03 ,  1.69
1 ,  5 ,  50196 ,  0 ,  255 ,  14.65 ,  0.03 ,  1.69
1 ,  5 ,  50215 ,  0 ,  255 ,  14.21 ,  0.02 ,  1.59
1 ,  5 ,  50234 ,  0 ,  255 ,  13.88 ,  0.03 ,  1.59
1 ,  5 ,  50253 ,  255 ,  0 ,  13.55 ,  0.03 ,  1.49
1 ,  5 ,  50273 ,  255 ,  0 ,  13.55 ,  0.03 ,  1.49
1 ,  5 ,  50292 ,  255 ,  0 ,  16.52 ,  0.03 ,  1.49
1 ,  5 ,  50311 ,  255 ,  0 ,  23.24 ,  0.04 ,  1.89
1 ,  5 ,  50330 ,  255 ,  0 ,  31.06 ,  0.05 ,  3.08
1 ,  5 ,  50352 ,  255 ,  0 ,  38.99 ,  0.08 ,  4.46
1 ,  5 ,  50371 ,  255 ,  0 ,  46.59 ,  0.11 ,  6.15
1 ,  5 ,  50391 ,  0 ,  255 ,  52.09 ,  0.15 ,  7.74
1 ,  5 ,  50410 ,  0 ,  255 ,  51.54 ,  0.16 ,  8.33
1 ,  5 ,  50428 ,  0 ,  255 ,  51.10 ,  0.16 ,  8.33
1 ,  5 ,  50449 ,  0 ,  255 ,  48.68 ,  0.15 ,  8.14
1 ,  5 ,  50468 ,  0 ,  255 ,  46.37 ,  0.14 ,  7.94
1 ,  5 ,  50487 ,  0 ,  255 ,  44.06 ,  0.12 ,  7.44
1 ,  5 ,  50506 ,  0 ,  255 ,  41.85 ,  0.11 ,  7.04
1 ,  5 ,  50526 ,  0 ,  255 ,  39.76 ,  0.10 ,  6.55
1 ,  5 ,  50563 ,  0 ,  255 ,  36.13 ,  0.07 ,  5.75
1 ,  5 ,  50582 ,  0 ,  255 ,  34.47 ,  0.07 ,  5.36
1 ,  5 ,  50601 ,  0 ,  255 ,  32.93 ,  0.06 ,  5.06
1 ,  5 ,  50620 ,  0 ,  255 ,  31.39 ,  0.06 ,  4.76
1 ,  5 ,  50639 ,  0 ,  255 ,  30.07 ,  0.06 ,  4.46
1 ,  5 ,  50659 ,  0 ,  255 ,  28.75 ,  0.05 ,  4.27
1 ,  5 ,  50678 ,  0 ,  255 ,  27.54 ,  0.05 ,  3.97
1 ,  5 ,  50698 ,  0 ,  255 ,  26.43 ,  0.04 ,  3.77
1 ,  5 ,  50716 ,  0 ,  255 ,  25.33 ,  0.04 ,  3.57
1 ,  5 ,  50738 ,  0 ,  255 ,  24.34 ,  0.04 ,  3.37
1 ,  5 ,  50757 ,  0 ,  255 ,  23.35 ,  0.04 ,  3.18
1 ,  5 ,  50777 ,  0 ,  255 ,  22.36 ,  0.03 ,  2.98
1 ,  5 ,  50796 ,  0 ,  255 ,  21.59 ,  0.04 ,  2.88
1 ,  5 ,  50814 ,  0 ,  255 ,  20.82 ,  0.03 ,  2.68
1 ,  5 ,  50834 ,  0 ,  255 ,  20.16 ,  0.03 ,  2.58
1 ,  5 ,  50853 ,  0 ,  255 ,  19.50 ,  0.03 ,  2.38
1 ,  5 ,  50873 ,  0 ,  255 ,  18.84 ,  0.03 ,  2.38
1 ,  5 ,  50891 ,  0 ,  255 ,  18.18 ,  0.03 ,  2.28
1 ,  5 ,  50911 ,  0 ,  255 ,  17.62 ,  0.03 ,  2.18
1 ,  5 ,  50932 ,  0 ,  255 ,  16.96 ,  0.03 ,  1.98
1 ,  5 ,  50952 ,  255 ,  0 ,  16.52 ,  0.03 ,  1.98
1 ,  5 ,  50971 ,  255 ,  0 ,  16.63 ,  0.03 ,  1.98
1 ,  5 ,  50990 ,  255 ,  0 ,  19.28 ,  0.03 ,  1.89
1 ,  5 ,  51009 ,  255 ,  0 ,  25.44 ,  0.03 ,  2.38
1 ,  5 ,  51028 ,  255 ,  0 ,  32.93 ,  0.05 ,  3.47
1 ,  5 ,  51048 ,  255 ,  0 ,  40.42 ,  0.08 ,  4.86
1 ,  5 ,  51067 ,  255 ,  0 ,  46.81 ,  0.12 ,  6.35
1 ,  5 ,  51086 ,  0 ,  255 ,  52.31 ,  0.15 ,  7.94
1 ,  5 ,  51103 ,  0 ,  255 ,  51.87 ,  0.16 ,  8.43
1 ,  5 ,  51123 ,  0 ,  255 ,  51.32 ,  0.16 ,  8.43
1 ,  5 ,  51142 ,  0 ,  255 ,  49.12 ,  0.16 ,  8.33
1 ,  5 ,  51161 ,  0 ,  255 ,  46.81 ,  0.14 ,  8.04
1 ,  5 ,  51180 ,  0 ,  255 ,  44.72 ,  0.13 ,  7.64
1 ,  5 ,  51200 ,  0 ,  255 ,  42.40 ,  0.11 ,  7.14
1 ,  5 ,  51219 ,  0 ,  255 ,  40.20 ,  0.10 ,  6.75
1 ,  5 ,  51238 ,  0 ,  255 ,  38.33 ,  0.09 ,  6.35
1 ,  5 ,  51257 ,  0 ,  255 ,  36.46 ,  0.08 ,  5.85
1 ,  5 ,  51276 ,  0 ,  255 ,  34.80 ,  0.07 ,  5.56
1 ,  5 ,  51298 ,  0 ,  255 ,  33.04 ,  0.06 ,  5.16
1 ,  5 ,  51317 ,  0 ,  255 ,  31.50 ,  0.05 ,  4.86
1 ,  5 ,  51337 ,  0 ,  255 ,  30.18 ,  0.05 ,  4.56
1 ,  5 ,  51356 ,  0 ,  255 ,  28.86 ,  0.05 ,  4.27
1 ,  5 ,  51375 ,  0 ,  255 ,  27.65 ,  0.05 ,  3.97
1 ,  5 ,  51394 ,  0 ,  255 ,  26.55 ,  0.04 ,  3.77
1 ,  5 ,  51414 ,  0 ,  255 ,  25.44 ,  0.04 ,  3.57
1 ,  5 ,  51433 ,  0 ,  255 ,  24.45 ,  0.04 ,  3.47
1 ,  5 ,  51451 ,  0 ,  255 ,  23.46 ,  0.03 ,  3.27
1 ,  5 ,  51473 ,  0 ,  255 ,  22.58 ,  0.03 ,  3.08
1 ,  5 ,  51492 ,  0 ,  255 ,  21.70 ,  0.03 ,  2.88
1 ,  5 ,  51512 ,  0 ,  255 ,  20.93 ,  0.03 ,  2.78
1 ,  5 ,  51531 ,  0 ,  255 ,  20.16 ,  0.03 ,  2.68
1 ,  5 ,  51550 ,  0 ,  255 ,  19.50 ,  0.03 ,  2.48
1 ,  5 ,  51569 ,  0 ,  255 ,  18.84 ,  0.03 ,  2.38
1 ,  5 ,  51589 ,  0 ,  255 ,  18.29 ,  0.03 ,  2.28
1 ,  5 ,  51608 ,  0 ,  255 ,  17.73 ,  0.03 ,  2.18
1 ,  5 ,  51627 ,  0 ,  255 ,  17.07 ,  0.03 ,  2.08
1 ,  5 ,  51646 ,  0 ,  255 ,  16.63 ,  0.02 ,  1.98
1 ,  5 ,  51667 ,  0 ,  255 ,  16.08 ,  0.03 ,  1.89
1 ,  5 ,  51687 ,  0 ,  255 ,  15.64 ,  0.03 ,  1.89
1 ,  5 ,  51706 ,  0 ,  255 ,  15.20 ,  0.03 ,  1.79
1 ,  5 ,  51726 ,  0 ,  255 ,  14.76 ,  0.03 ,  1.69
1 ,  5 ,  51744 ,  0 ,  255 ,  14.32 ,  0.02 ,  1.69
1 ,  5 ,  51764 ,  255 ,  0 ,  13.99 ,  0.03 ,  1.59
1 ,  5 ,  51783 ,  255 ,  0 ,  13.99 ,  0.03 ,  1.59
1 ,  5 ,  51803 ,  255 ,  0 ,  16.96 ,  0.03 ,  1.59
1 ,  5 ,  51821 ,  255 ,  0 ,  23.57 ,  0.04 ,  1.98
1 ,  5 ,  51843 ,  255 ,  0 ,  32.38 ,  0.05 ,  3.27
1 ,  5 ,  51862 ,  255 ,  0 ,  40.09 ,  0.08 ,  4.76
1 ,  5 ,  51881 ,  255 ,  0 ,  46.70 ,  0.11 ,  6.25
1 ,  5 ,  51901 ,  0 ,  255 ,  52.20 ,  0.15 ,  7.84
1 ,  5 ,  51920 ,  0 ,  255 ,  51.65 ,  0.16 ,  8.43
1 ,  5 ,  51939 ,  0 ,  255 ,  51.21 ,  0.16 ,  8.43
1 ,  5 ,  51958 ,  0 ,  255 ,  48.90 ,  0.16 ,  8.24
1 ,  5 ,  51978 ,  0 ,  255 ,  46.59 ,  0.14 ,  7.94
1 ,  5 ,  51997 ,  0 ,  255 ,  44.28 ,  0.13 ,  7.54
1 ,  5 ,  52016 ,  0 ,  255 ,  42.07 ,  0.11 ,  7.04
1 ,  5 ,  52037 ,  0 ,  255 ,  39.65 ,  0.10 ,  6.55
1 ,  5 ,  52057 ,  0 ,  255 ,  37.78 ,  0.09 ,  6.15
1 ,  5 ,  52076 ,  0 ,  255 ,  36.02 ,  0.08 ,  5.75
1 ,  5 ,  52096 ,  0 ,  255 ,  34.25 ,  0.07 ,  5.36
1 ,  5 ,  52115 ,  0 ,  255 ,  32.71 ,  0.07 ,  5.06
1 ,  5 ,  52133 ,  0 ,  255 ,  31.28 ,  0.06 ,  4.76
1 ,  5 ,  52153 ,  0 ,  255 ,  29.96 ,  0.06 ,  4.56
1 ,  5 ,  52172 ,  0 ,  255 ,  28.75 ,  0.05 ,  4.27
1 ,  5 ,  52192 ,  0 ,  255 ,  27.43 ,  0.04 ,  3.97
1 ,  5 ,  52213 ,  0 ,  255 ,  26.21 ,  0.04 ,  3.77
1 ,  5 ,  52232 ,  0 ,  255 ,  25.22 ,  0.04 ,  3.57
1 ,  5 ,  52251 ,  0 ,  255 ,  24.12 ,  0.04 ,  3.37
1 ,  5 ,  52271 ,  0 ,  255 ,  23.35 ,  0.04 ,  3.18
1 ,  5 ,  52290 ,  0 ,  255 ,  22.47 ,  0.03 ,  3.08
1 ,  5 ,  52308 ,  0 ,  255 ,  21.59 ,  0.03 ,  2.88
1 ,  5 ,  52328 ,  0 ,  255 ,  20.82 ,  0.03 ,  2.78
1 ,  5 ,  52348 ,  0 ,  255 ,  20.05 ,  0.03 ,  2.58
1 ,  5 ,  52367 ,  0 ,  255 ,  19.39 ,  0.03 ,  2.48
1 ,  5 ,  52386 ,  0 ,  255 ,  18.73 ,  0.03 ,  2.38
1 ,  5 ,  52408 ,  0 ,  255 ,  18.18 ,  0.03 ,  2.28
1 ,  5 ,  52427 ,  0 ,  255 ,  17.51 ,  0.03 ,  2.18
1 ,  5 ,  52447 ,  0 ,  255 ,  16.96 ,  0.02 ,  2.08
1 ,  5 ,  52465 ,  0 ,  255 ,  16.41 ,  0.03 ,  1.98
1 ,  5 ,  52485 ,  255 ,  0 ,  16.08 ,  0.03 ,  1.89
1 ,  5 ,  52504 ,  255 ,  0 ,  16.08 ,  0.03 ,  1.89
1 ,  5 ,  52524 ,  255 ,  0 ,  18.73 ,  0.03 ,  1.89
1 ,  5 ,  52542 ,  255 ,  0 ,  25.00 ,  0.04 ,  2.28
1 ,  5 ,  52561 ,  255 ,  0 ,  32.60 ,  0.05 ,  3.47
1 ,  5 ,  52583 ,  255 ,  0 ,  41.08 ,  0.08 ,  4.96
1 ,  5 ,  52602 ,  255 ,  0 ,  47.36 ,  0.12 ,  6.55
1 ,  5 ,  52622 ,  0 ,  255 ,  52.76 ,  0.15 ,  8.04
1 ,  5 ,  52641 ,  0 ,  255 ,  52.20 ,  0.17 ,  8.63
1 ,  5 ,  52661 ,  0 ,  255 ,  51.43 ,  0.17 ,  8.63
1 ,  5 ,  52679 ,  0 ,  255 ,  49.45 ,  0.16 ,  8.43
1 ,  5 ,  52699 ,  0 ,  255 ,  47.03 ,  0.15 ,  8.24
1 ,  5 ,  52718 ,  0 ,  255 ,  44.72 ,  0.13 ,  7.74
1 ,  5 ,  52738 ,  0 ,  255 ,  42.51 ,  0.12 ,  7.24
1 ,  5 ,  52756 ,  0 ,  255 ,  40.31 ,  0.10 ,  6.85
1 ,  5 ,  52779 ,  0 ,  255 ,  38.11 ,  0.09 ,  6.35
1 ,  5 ,  52797 ,  0 ,  255 ,  36.35 ,  0.07 ,  5.95
1 ,  5 ,  52816 ,  0 ,  255 ,  34.69 ,  0.07 ,  5.56
1 ,  5 ,  52836 ,  0 ,  255 ,  33.04 ,  0.06 ,  5.16
1 ,  5 ,  52855 ,  0 ,  255 ,  31.61 ,  0.06 ,  4.86
1 ,  5 ,  52874 ,  0 ,  255 ,  30.29 ,  0.05 ,  4.56
1 ,  5 ,  52893 ,  0 ,  255 ,  28.86 ,  0.05 ,  4.37
1 ,  5 ,  52913 ,  0 ,  255 ,  27.65 ,  0.04 ,  4.07
1 ,  5 ,  52932 ,  0 ,  255 ,  26.55 ,  0.05 ,  3.87
1 ,  5 ,  52954 ,  0 ,  255 ,  25.33 ,  0.04 ,  3.57
1 ,  5 ,  52973 ,  0 ,  255 ,  24.34 ,  0.04 ,  3.47
1 ,  5 ,  52992 ,  0 ,  255 ,  23.46 ,  0.04 ,  3.27
1 ,  5 ,  53011 ,  0 ,  255 ,  22.58 ,  0.04 ,  3.08
1 ,  5 ,  53030 ,  0 ,  255 ,  21.70 ,  0.03 ,  2.88
1 ,  5 ,  53050 ,  0 ,  255 ,  20.93 ,  0.03 ,  2.78
1 ,  5 ,  53069 ,  0 ,  255 ,  20.27 ,  0.03 ,  2.68
1 ,  5 ,  53088 ,  0 ,  255 ,  19.61 ,  0.03 ,  2.58
1 ,  5 ,  53107 ,  0 ,  255 ,  18.84 ,  0.03 ,  2.38
1 ,  5 ,  53127 ,  0 ,  255 ,  18.29 ,  0.03 ,  2.28
1 ,  5 ,  53148 ,  0 ,  255 ,  17.62 ,  0.03 ,  2.18
1 ,  5 ,  53168 ,  0 ,  255 ,  17.07 ,  0.03 ,  2.08
1 ,  5 ,  53186 ,  0 ,  255 ,  16.63 ,  0.03 ,  2.08
1 ,  5 ,  53206 ,  0 ,  255 ,  16.08 ,  0.03 ,  1.98
1 ,  5 ,  53225 ,  0 ,  255 ,  15.53 ,  0.03 ,  1.89
1 ,  5 ,  53244 ,  0 ,  255 ,  15.20 ,  0.03 ,  1.79
1 ,  5 ,  53263 ,  0 ,  255 ,  14.76 ,  0.03 ,  1.79
1 ,  5 ,  53282 ,  255 ,  0 ,  14.43 ,  0.03 ,  1.59
1 ,  5 ,  53302 ,  255 ,  0 ,  14.43 ,  0.03 ,  1.69
1 ,  5 ,  53323 ,  255 ,  0 ,  17.85 ,  0.03 ,  1.69
1 ,  5 ,  53343 ,  255 ,  0 ,  24.78 ,  0.04 ,  2.18
1 ,  5 ,  53362 ,  255 ,  0 ,  32.71 ,  0.06 ,  3.37
1 ,  5 ,  53381 ,  255 ,  0 ,  40.31 ,  0.08 ,  4.76
1 ,  5 ,  53400 ,  255 ,  0 ,  46.81 ,  0.12 ,  6.35
1 ,  5 ,  53420 ,  0 ,  255 ,  52.31 ,  0.15 ,  7.94
1 ,  5 ,  53439 ,  0 ,  255 ,  51.76 ,  0.17 ,  8.53
1 ,  5 ,  53458 ,  0 ,  255 ,  51.32 ,  0.16 ,  8.43
1 ,  5 ,  53477 ,  0 ,  255 ,  49.01 ,  0.16 ,  8.33
1 ,  5 ,  53496 ,  0 ,  255 ,  46.70 ,  0.14 ,  8.04
1 ,  5 ,  53518 ,  0 ,  255 ,  44.17 ,  0.13 ,  7.54
1 ,  5 ,  53537 ,  0 ,  255 ,  41.85 ,  0.11 ,  7.04
1 ,  5 ,  53557 ,  0 ,  255 ,  39.87 ,  0.10 ,  6.65
1 ,  5 ,  53575 ,  0 ,  255 ,  37.89 ,  0.09 ,  6.25
1 ,  5 ,  53595 ,  0 ,  255 ,  36.13 ,  0.08 ,  5.85
1 ,  5 ,  53614 ,  0 ,  255 ,  34.47 ,  0.07 ,  5.46
1 ,  5 ,  53634 ,  0 ,  255 ,  32.82 ,  0.06 ,  5.16
1 ,  5 ,  53653 ,  0 ,  255 ,  31.39 ,  0.06 ,  4.86
1 ,  5 ,  53671 ,  0 ,  255 ,  29.96 ,  0.05 ,  4.56
1 ,  5 ,  53693 ,  0 ,  255 ,  28.64 ,  0.05 ,  4.27
1 ,  5 ,  53712 ,  0 ,  255 ,  27.43 ,  0.05 ,  3.97
1 ,  5 ,  53732 ,  0 ,  255 ,  26.21 ,  0.05 ,  3.77
1 ,  5 ,  53754 ,  0 ,  255 ,  25.00 ,  0.03 ,  3.57
1 ,  5 ,  53774 ,  0 ,  255 ,  24.12 ,  0.04 ,  3.37
1 ,  5 ,  53793 ,  0 ,  255 ,  23.13 ,  0.03 ,  3.18
1 ,  5 ,  53812 ,  0 ,  255 ,  22.36 ,  0.03 ,  3.08
1 ,  5 ,  53831 ,  0 ,  255 ,  21.48 ,  0.03 ,  2.88
1 ,  5 ,  53851 ,  0 ,  255 ,  20.71 ,  0.03 ,  2.78
1 ,  5 ,  53870 ,  0 ,  255 ,  20.05 ,  0.03 ,  2.68
1 ,  5 ,  53892 ,  0 ,  255 ,  19.28 ,  0.03 ,  2.48
1 ,  5 ,  53910 ,  0 ,  255 ,  18.62 ,  0.03 ,  2.38
1 ,  5 ,  53929 ,  0 ,  255 ,  18.07 ,  0.03 ,  2.28
1 ,  5 ,  53949 ,  0 ,  255 ,  17.40 ,  0.03 ,  2.18
1 ,  5 ,  53968 ,  0 ,  255 ,  16.96 ,  0.03 ,  2.08
1 ,  5 ,  53987 ,  0 ,  255 ,  16.41 ,  0.03 ,  1.98
1 ,  5 ,  54006 ,  255 ,  0 ,  15.97 ,  0.03 ,  1.89
1 ,  5 ,  54026 ,  255 ,  0 ,  16.08 ,  0.03 ,  1.89
1 ,  5 ,  54045 ,  255 ,  0 ,  18.73 ,  0.03 ,  1.89
1 ,  5 ,  54067 ,  255 ,  0 ,  25.88 ,  0.04 ,  2.48
1 ,  5 ,  54086 ,  255 ,  0 ,  33.48 ,  0.05 ,  3.57
1 ,  5 ,  54106 ,  255 ,  0 ,  40.97 ,  0.08 ,  5.06
1 ,  5 ,  54124 ,  255 ,  0 ,  47.47 ,  0.12 ,  6.55
1 ,  5 ,  54144 ,  0 ,  255 ,  52.87 ,  0.15 ,  8.04
1 ,  5 ,  54163 ,  0 ,  255 ,  52.31 ,  0.17 ,  8.63
1 ,  5 ,  54182 ,  0 ,  255 ,  51.32 ,  0.17 ,  8.63
1 ,  5 ,  54202 ,  0 ,  255 ,  49.45 ,  0.16 ,  8.43
1 ,  5 ,  54221 ,  0 ,  255 ,  47.03 ,  0.15 ,  8.24
1 ,  5 ,  54241 ,  0 ,  255 ,  44.72 ,  0.13 ,  7.74
1 ,  5 ,  54262 ,  0 ,  255 ,  42.29 ,  0.12 ,  7.14
1 ,  5 ,  54282 ,  0 ,  255 ,  40.09 ,  0.10 ,  6.75
1 ,  5 ,  54301 ,  0 ,  255 ,  38.11 ,  0.09 ,  6.35
1 ,  5 ,  54321 ,  0 ,  255 ,  36.35 ,  0.08 ,  5.95
1 ,  5 ,  54339 ,  0 ,  255 ,  34.58 ,  0.07 ,  5.56
1 ,  5 ,  54359 ,  0 ,  255 ,  33.04 ,  0.07 ,  5.26
1 ,  5 ,  54378 ,  0 ,  255 ,  31.50 ,  0.05 ,  4.86
1 ,  5 ,  54397 ,  0 ,  255 ,  30.18 ,  0.05 ,  4.56
1 ,  5 ,  54417 ,  0 ,  255 ,  28.86 ,  0.05 ,  4.27
1 ,  5 ,  54438 ,  0 ,  255 ,  27.54 ,  0.04 ,  4.07
1 ,  5 ,  54458 ,  0 ,  255 ,  26.43 ,  0.04 ,  3.87
1 ,  5 ,  54477 ,  0 ,  255 ,  25.33 ,  0.04 ,  3.67
1 ,  5 ,  54497 ,  0 ,  255 ,  24.34 ,  0.04 ,  3.47
1 ,  5 ,  54515 ,  0 ,  255 ,  23.46 ,  0.04 ,  3.27
1 ,  5 ,  54535 ,  0 ,  255 ,  22.47 ,  0.04 ,  3.08
1 ,  5 ,  54554 ,  0 ,  255 ,  21.70 ,  0.04 ,  2.98
1 ,  5 ,  54574 ,  0 ,  255 ,  20.93 ,  0.03 ,  2.78
1 ,  5 ,  54593 ,  0 ,  255 ,  20.16 ,  0.03 ,  2.68
1 ,  5 ,  54622 ,  0 ,  255 ,  19.50 ,  0.03 ,  2.58
1 ,  5 ,  54643 ,  0 ,  255 ,  18.51 ,  0.03 ,  2.38
1 ,  5 ,  54665 ,  0 ,  255 ,  17.85 ,  0.03 ,  2.28
1 ,  5 ,  54686 ,  0 ,  255 ,  17.29 ,  0.03 ,  2.18
1 ,  5 ,  54708 ,  0 ,  255 ,  16.74 ,  0.03 ,  2.08
1 ,  5 ,  54729 ,  0 ,  255 ,  16.19 ,  0.03 ,  1.89
1 ,  5 ,  54751 ,  0 ,  255 ,  15.64 ,  0.03 ,  1.89
1 ,  5 ,  54772 ,  0 ,  255 ,  15.09 ,  0.03 ,  1.79
1 ,  5 ,  54794 ,  255 ,  0 ,  14.65 ,  0.03 ,  1.79
1 ,  5 ,  54815 ,  255 ,  0 ,  14.87 ,  0.03 ,  1.69
1 ,  5 ,  54839 ,  255 ,  0 ,  19.50 ,  0.03 ,  1.79
1 ,  5 ,  54860 ,  255 ,  0 ,  27.65 ,  0.04 ,  2.68
1 ,  5 ,  54882 ,  255 ,  0 ,  36.35 ,  0.07 ,  4.07
1 ,  5 ,  54902 ,  255 ,  0 ,  44.28 ,  0.10 ,  5.75
1 ,  5 ,  54924 ,  0 ,  255 ,  50.66 ,  0.14 ,  7.44
1 ,  5 ,  54945 ,  0 ,  255 ,  50.44 ,  0.16 ,  8.14
1 ,  5 ,  54967 ,  0 ,  255 ,  49.23 ,  0.16 ,  8.04
1 ,  5 ,  54988 ,  0 ,  255 ,  46.92 ,  0.14 ,  7.84
1 ,  5 ,  55009 ,  0 ,  255 ,  44.50 ,  0.13 ,  7.54
1 ,  5 ,  55033 ,  0 ,  255 ,  42.07 ,  0.12 ,  7.04
1 ,  5 ,  55054 ,  0 ,  255 ,  39.54 ,  0.10 ,  6.55
1 ,  5 ,  55075 ,  0 ,  255 ,  37.56 ,  0.09 ,  6.05
1 ,  5 ,  55097 ,  0 ,  255 ,  35.58 ,  0.07 ,  5.66
1 ,  5 ,  55118 ,  0 ,  255 ,  33.81 ,  0.07 ,  5.36
1 ,  5 ,  55140 ,  0 ,  255 ,  32.16 ,  0.06 ,  4.96
1 ,  5 ,  55160 ,  0 ,  255 ,  30.62 ,  0.05 ,  4.66
1 ,  5 ,  55182 ,  0 ,  255 ,  29.19 ,  0.05 ,  4.37
1 ,  5 ,  55203 ,  0 ,  255 ,  27.87 ,  0.05 ,  4.07
1 ,  5 ,  55225 ,  0 ,  255 ,  26.66 ,  0.04 ,  3.87
1 ,  5 ,  55248 ,  0 ,  255 ,  25.33 ,  0.04 ,  3.57
1 ,  5 ,  55270 ,  0 ,  255 ,  24.23 ,  0.04 ,  3.37
1 ,  5 ,  55290 ,  0 ,  255 ,  23.35 ,  0.03 ,  3.27
1 ,  5 ,  55312 ,  0 ,  255 ,  22.36 ,  0.04 ,  3.08
1 ,  5 ,  55333 ,  0 ,  255 ,  21.59 ,  0.04 ,  2.88
1 ,  5 ,  55355 ,  0 ,  255 ,  20.71 ,  0.04 ,  2.78
1 ,  5 ,  55376 ,  0 ,  255 ,  19.94 ,  0.03 ,  2.58
1 ,  5 ,  55397 ,  0 ,  255 ,  19.28 ,  0.03 ,  2.48
1 ,  5 ,  55418 ,  0 ,  255 ,  18.51 ,  0.03 ,  2.38
1 ,  5 ,  55442 ,  0 ,  255 ,  17.96 ,  0.03 ,  2.28
1 ,  5 ,  55463 ,  0 ,  255 ,  17.29 ,  0.03 ,  2.18
1 ,  5 ,  55485 ,  0 ,  255 ,  16.63 ,  0.03 ,  2.08
1 ,  5 ,  55506 ,  0 ,  255 ,  16.19 ,  0.03 ,  1.98
1 ,  5 ,  55528 ,  255 ,  0 ,  15.75 ,  0.03 ,  1.89
1 ,  5 ,  55548 ,  255 ,  0 ,  15.86 ,  0.03 ,  1.89
1 ,  5 ,  55570 ,  255 ,  0 ,  19.61 ,  0.03 ,  1.89
1 ,  5 ,  55591 ,  255 ,  0 ,  27.21 ,  0.05 ,  2.68
1 ,  5 ,  55613 ,  255 ,  0 ,  36.02 ,  0.06 ,  4.07
1 ,  5 ,  55634 ,  255 ,  0 ,  43.95 ,  0.10 ,  5.66
1 ,  5 ,  55658 ,  0 ,  255 ,  51.10 ,  0.14 ,  7.54
1 ,  5 ,  55680 ,  0 ,  255 ,  50.88 ,  0.16 ,  8.14
1 ,  5 ,  55701 ,  0 ,  255 ,  50.11 ,  0.16 ,  8.24
1 ,  5 ,  55723 ,  0 ,  255 ,  47.25 ,  0.15 ,  7.94
1 ,  5 ,  55744 ,  0 ,  255 ,  44.83 ,  0.13 ,  7.64
1 ,  5 ,  55766 ,  0 ,  255 ,  42.40 ,  0.12 ,  7.14
1 ,  5 ,  55786 ,  0 ,  255 ,  40.09 ,  0.10 ,  6.75
1 ,  5 ,  55808 ,  0 ,  255 ,  38.00 ,  0.09 ,  6.25
1 ,  5 ,  55829 ,  0 ,  255 ,  36.02 ,  0.08 ,  5.85
1 ,  5 ,  55853 ,  0 ,  255 ,  34.14 ,  0.07 ,  5.46
1 ,  5 ,  55874 ,  0 ,  255 ,  32.27 ,  0.06 ,  5.06
1 ,  5 ,  55896 ,  0 ,  255 ,  30.84 ,  0.05 ,  4.76
1 ,  5 ,  55917 ,  0 ,  255 ,  29.41 ,  0.05 ,  4.37
1 ,  5 ,  55938 ,  0 ,  255 ,  27.98 ,  0.05 ,  4.17
1 ,  5 ,  55959 ,  0 ,  255 ,  26.77 ,  0.05 ,  3.87
1 ,  5 ,  55981 ,  0 ,  255 ,  25.55 ,  0.04 ,  3.67
1 ,  5 ,  56002 ,  0 ,  255 ,  24.45 ,  0.04 ,  3.47
1 ,  5 ,  56024 ,  0 ,  255 ,  23.46 ,  0.04 ,  3.27
1 ,  5 ,  56044 ,  0 ,  255 ,  22.47 ,  0.03 ,  3.08
1 ,  5 ,  56069 ,  0 ,  255 ,  21.59 ,  0.03 ,  2.88
1 ,  5 ,  56089 ,  0 ,  255 ,  20.71 ,  0.03 ,  2.78
1 ,  5 ,  56111 ,  0 ,  255 ,  19.94 ,  0.03 ,  2.58
1 ,  5 ,  56132 ,  0 ,  255 ,  19.28 ,  0.03 ,  2.48
1 ,  5 ,  56154 ,  0 ,  255 ,  18.51 ,  0.03 ,  2.38
1 ,  5 ,  56175 ,  0 ,  255 ,  17.96 ,  0.03 ,  2.28
1 ,  5 ,  56196 ,  0 ,  255 ,  17.29 ,  0.03 ,  2.18
1 ,  5 ,  56217 ,  0 ,  255 ,  16.85 ,  0.03 ,  2.08
1 ,  5 ,  56239 ,  0 ,  255 ,  16.30 ,  0.03 ,  1.98
1 ,  5 ,  56258 ,  0 ,  255 ,  15.75 ,  0.03 ,  1.89
1 ,  5 ,  56280 ,  0 ,  255 ,  15.31 ,  0.03 ,  1.89
1 ,  5 ,  56300 ,  255 ,  0 ,  14.87 ,  0.03 ,  1.79
1 ,  5 ,  56322 ,  255 ,  0 ,  14.98 ,  0.03 ,  1.79
1 ,  5 ,  56343 ,  255 ,  0 ,  18.95 ,  0.03 ,  1.79
1 ,  5 ,  56365 ,  255 ,  0 ,  26.66 ,  0.04 ,  2.58
1 ,  5 ,  56386 ,  255 ,  0 ,  35.47 ,  0.06 ,  3.87
1 ,  5 ,  56408 ,  255 ,  0 ,  43.39 ,  0.10 ,  5.56
1 ,  5 ,  56428 ,  255 ,  0 ,  50.11 ,  0.14 ,  7.24
1 ,  5 ,  56450 ,  0 ,  255 ,  55.51 ,  0.18 ,  8.83
1 ,  5 ,  56473 ,  0 ,  255 ,  54.63 ,  0.19 ,  9.33
1 ,  5 ,  56495 ,  0 ,  255 ,  53.31 ,  0.19 ,  9.43
1 ,  5 ,  56516 ,  0 ,  255 ,  50.44 ,  0.17 ,  8.93
1 ,  5 ,  56538 ,  0 ,  255 ,  47.69 ,  0.15 ,  8.53
1 ,  5 ,  56559 ,  0 ,  255 ,  45.05 ,  0.13 ,  7.94
1 ,  5 ,  56580 ,  0 ,  255 ,  42.51 ,  0.12 ,  7.44
1 ,  5 ,  56601 ,  0 ,  255 ,  40.09 ,  0.10 ,  6.85
1 ,  5 ,  56623 ,  0 ,  255 ,  37.89 ,  0.09 ,  6.35
1 ,  5 ,  56644 ,  0 ,  255 ,  35.91 ,  0.08 ,  5.95
1 ,  5 ,  56668 ,  0 ,  255 ,  33.81 ,  0.07 ,  5.46
1 ,  5 ,  56689 ,  0 ,  255 ,  32.05 ,  0.06 ,  5.06
1 ,  5 ,  56710 ,  0 ,  255 ,  30.51 ,  0.05 ,  4.76
1 ,  5 ,  56731 ,  0 ,  255 ,  29.08 ,  0.05 ,  4.46
1 ,  5 ,  56753 ,  0 ,  255 ,  27.65 ,  0.05 ,  4.17
1 ,  5 ,  56774 ,  0 ,  255 ,  26.32 ,  0.04 ,  3.87
1 ,  5 ,  56796 ,  0 ,  255 ,  25.22 ,  0.04 ,  3.67
1 ,  5 ,  56816 ,  0 ,  255 ,  24.12 ,  0.04 ,  3.37
1 ,  5 ,  56838 ,  0 ,  255 ,  23.02 ,  0.04 ,  3.27
1 ,  5 ,  56859 ,  0 ,  255 ,  22.03 ,  0.04 ,  3.08
1 ,  5 ,  56883 ,  0 ,  255 ,  21.04 ,  0.03 ,  2.88
1 ,  5 ,  56904 ,  0 ,  255 ,  20.27 ,  0.03 ,  2.68
1 ,  5 ,  56926 ,  0 ,  255 ,  19.50 ,  0.03 ,  2.58
1 ,  5 ,  56946 ,  0 ,  255 ,  18.73 ,  0.03 ,  2.38
1 ,  5 ,  56968 ,  0 ,  255 ,  18.07 ,  0.03 ,  2.28
1 ,  5 ,  56989 ,  0 ,  255 ,  17.40 ,  0.03 ,  2.18
1 ,  5 ,  57011 ,  0 ,  255 ,  16.74 ,  0.03 ,  2.08
1 ,  5 ,  57032 ,  0 ,  255 ,  16.19 ,  0.03 ,  1.98
1 ,  5 ,  57053 ,  255 ,  0 ,  15.75 ,  0.03 ,  1.89
1 ,  5 ,  57077 ,  255 ,  0 ,  15.75 ,  0.03 ,  1.89
1 ,  5 ,  57098 ,  255 ,  0 ,  20.27 ,  0.03 ,  1.98
1 ,  5 ,  57119 ,  255 ,  0 ,  28.09 ,  0.05 ,  2.78
1 ,  5 ,  57141 ,  255 ,  0 ,  36.68 ,  0.07 ,  4.17
1 ,  5 ,  57162 ,  255 ,  0 ,  44.50 ,  0.10 ,  5.85
1 ,  5 ,  57184 ,  255 ,  0 ,  50.88 ,  0.14 ,  7.54
1 ,  5 ,  57204 ,  0 ,  255 ,  56.17 ,  0.18 ,  9.13
1 ,  5 ,  57226 ,  0 ,  255 ,  55.84 ,  0.20 ,  9.62
1 ,  5 ,  57247 ,  0 ,  255 ,  54.19 ,  0.19 ,  9.62
1 ,  5 ,  57269 ,  0 ,  255 ,  51.43 ,  0.18 ,  9.33
1 ,  5 ,  57292 ,  0 ,  255 ,  48.24 ,  0.16 ,  8.73
1 ,  5 ,  57314 ,  0 ,  255 ,  45.49 ,  0.14 ,  8.14
1 ,  5 ,  57335 ,  0 ,  255 ,  42.95 ,  0.12 ,  7.54
1 ,  5 ,  57357 ,  0 ,  255 ,  40.53 ,  0.11 ,  7.04
1 ,  5 ,  57382 ,  0 ,  255 ,  37.78 ,  0.08 ,  6.35
1 ,  5 ,  57404 ,  0 ,  255 ,  35.80 ,  0.07 ,  5.95
1 ,  5 ,  57425 ,  0 ,  255 ,  33.92 ,  0.07 ,  5.46
1 ,  5 ,  57447 ,  0 ,  255 ,  32.16 ,  0.06 ,  5.16
1 ,  5 ,  57468 ,  0 ,  255 ,  30.62 ,  0.05 ,  4.76
1 ,  5 ,  57492 ,  0 ,  255 ,  28.86 ,  0.05 ,  4.46
1 ,  5 ,  57513 ,  0 ,  255 ,  27.54 ,  0.04 ,  4.17
1 ,  5 ,  57534 ,  0 ,  255 ,  26.21 ,  0.04 ,  3.87
1 ,  5 ,  57555 ,  0 ,  255 ,  25.11 ,  0.04 ,  3.67
1 ,  5 ,  57577 ,  0 ,  255 ,  23.90 ,  0.04 ,  3.37
1 ,  5 ,  57598 ,  0 ,  255 ,  22.91 ,  0.04 ,  3.27
1 ,  5 ,  57620 ,  0 ,  255 ,  21.92 ,  0.04 ,  3.08
1 ,  5 ,  57640 ,  0 ,  255 ,  21.04 ,  0.03 ,  2.88
1 ,  5 ,  57662 ,  0 ,  255 ,  20.16 ,  0.03 ,  2.68
1 ,  5 ,  57683 ,  0 ,  255 ,  19.39 ,  0.03 ,  2.58
1 ,  5 ,  57707 ,  0 ,  255 ,  18.62 ,  0.03 ,  2.38
1 ,  5 ,  57729 ,  0 ,  255 ,  17.85 ,  0.03 ,  2.28
1 ,  5 ,  57750 ,  0 ,  255 ,  17.18 ,  0.03 ,  2.18
1 ,  5 ,  57772 ,  0 ,  255 ,  16.63 ,  0.03 ,  2.08
1 ,  5 ,  57792 ,  0 ,  255 ,  16.08 ,  0.03 ,  1.98
