MS, MPT, t (s), PWMi, PWMe, Pressure (Psi), LW (V), Displacement (mm)
2 ,  3 ,  60591 ,  74 ,  249 ,  38.55 ,  0.07 ,  8.93
2 ,  3 ,  60610 ,  74 ,  249 ,  37.78 ,  0.07 ,  8.73
2 ,  3 ,  60630 ,  74 ,  249 ,  37.12 ,  0.06 ,  8.43
2 ,  3 ,  60649 ,  74 ,  249 ,  36.24 ,  0.07 ,  8.24
2 ,  3 ,  60669 ,  74 ,  249 ,  35.47 ,  0.06 ,  7.94
2 ,  3 ,  60689 ,  74 ,  249 ,  34.80 ,  0.06 ,  7.74
2 ,  3 ,  60708 ,  45 ,  228 ,  34.14 ,  0.06 ,  7.54
2 ,  3 ,  60728 ,  45 ,  228 ,  33.70 ,  0.05 ,  7.34
2 ,  3 ,  60749 ,  45 ,  228 ,  33.48 ,  0.06 ,  7.24
2 ,  3 ,  60769 ,  45 ,  228 ,  33.26 ,  0.06 ,  7.14
2 ,  3 ,  60788 ,  45 ,  228 ,  33.15 ,  0.05 ,  7.04
2 ,  3 ,  60808 ,  45 ,  228 ,  33.04 ,  0.05 ,  7.04
2 ,  3 ,  60827 ,  210 ,  27 ,  32.93 ,  0.05 ,  6.95
2 ,  3 ,  60847 ,  210 ,  27 ,  32.93 ,  0.05 ,  6.95
2 ,  3 ,  60866 ,  210 ,  27 ,  33.04 ,  0.05 ,  6.85
2 ,  3 ,  60886 ,  210 ,  27 ,  33.04 ,  0.05 ,  6.85
2 ,  3 ,  60905 ,  210 ,  27 ,  34.58 ,  0.05 ,  6.85
2 ,  3 ,  60924 ,  210 ,  27 ,  36.46 ,  0.06 ,  7.04
2 ,  3 ,  60946 ,  61 ,  238 ,  38.55 ,  0.06 ,  7.44
2 ,  3 ,  60965 ,  61 ,  238 ,  38.77 ,  0.07 ,  7.54
2 ,  3 ,  60985 ,  61 ,  238 ,  38.66 ,  0.06 ,  7.64
2 ,  3 ,  61004 ,  61 ,  238 ,  38.55 ,  0.07 ,  7.64
2 ,  3 ,  61024 ,  61 ,  238 ,  38.44 ,  0.06 ,  7.64
2 ,  3 ,  61043 ,  61 ,  238 ,  38.33 ,  0.07 ,  7.64
2 ,  3 ,  61062 ,  39 ,  234 ,  38.33 ,  0.06 ,  7.64
2 ,  3 ,  61081 ,  39 ,  234 ,  38.22 ,  0.07 ,  7.64
2 ,  3 ,  61101 ,  39 ,  234 ,  38.22 ,  0.07 ,  7.64
2 ,  3 ,  61122 ,  39 ,  234 ,  38.11 ,  0.07 ,  7.64
2 ,  3 ,  61142 ,  39 ,  234 ,  38.00 ,  0.06 ,  7.64
2 ,  3 ,  61161 ,  65 ,  223 ,  38.00 ,  0.06 ,  7.64
2 ,  3 ,  61180 ,  65 ,  223 ,  38.00 ,  0.06 ,  7.64
2 ,  3 ,  61200 ,  65 ,  223 ,  37.89 ,  0.06 ,  7.64
2 ,  3 ,  61219 ,  65 ,  223 ,  37.89 ,  0.06 ,  7.64
2 ,  3 ,  61239 ,  65 ,  223 ,  37.78 ,  0.06 ,  7.64
2 ,  3 ,  61258 ,  65 ,  223 ,  37.78 ,  0.06 ,  7.64
2 ,  3 ,  61278 ,  244 ,  45 ,  37.67 ,  0.06 ,  7.64
2 ,  3 ,  61299 ,  244 ,  45 ,  37.67 ,  0.06 ,  7.64
2 ,  3 ,  61319 ,  244 ,  45 ,  37.56 ,  0.06 ,  7.64
2 ,  3 ,  61338 ,  244 ,  45 ,  40.53 ,  0.07 ,  7.74
2 ,  3 ,  61358 ,  244 ,  45 ,  44.28 ,  0.09 ,  8.63
2 ,  3 ,  61377 ,  244 ,  45 ,  48.13 ,  0.11 ,  9.62
2 ,  3 ,  61396 ,  236 ,  61 ,  51.76 ,  0.13 ,  10.62
2 ,  3 ,  61416 ,  236 ,  61 ,  54.96 ,  0.17 ,  11.71
2 ,  3 ,  61435 ,  236 ,  61 ,  57.60 ,  0.19 ,  12.50
2 ,  3 ,  61454 ,  236 ,  61 ,  59.80 ,  0.21 ,  13.30
2 ,  3 ,  61473 ,  236 ,  61 ,  61.68 ,  0.23 ,  13.89
2 ,  3 ,  61496 ,  21 ,  255 ,  63.55 ,  0.25 ,  14.59
2 ,  3 ,  61515 ,  21 ,  255 ,  63.11 ,  0.26 ,  14.78
2 ,  3 ,  61535 ,  21 ,  255 ,  62.01 ,  0.25 ,  14.78
2 ,  3 ,  61554 ,  21 ,  255 ,  60.13 ,  0.24 ,  14.49
2 ,  3 ,  61574 ,  21 ,  255 ,  57.49 ,  0.22 ,  14.19
2 ,  3 ,  61593 ,  21 ,  255 ,  55.18 ,  0.21 ,  13.59
2 ,  3 ,  61613 ,  3 ,  223 ,  52.87 ,  0.19 ,  13.00
2 ,  3 ,  61631 ,  3 ,  223 ,  51.10 ,  0.17 ,  12.50
2 ,  3 ,  61650 ,  3 ,  223 ,  49.89 ,  0.16 ,  12.01
2 ,  3 ,  61673 ,  3 ,  223 ,  48.68 ,  0.15 ,  11.71
2 ,  3 ,  61691 ,  3 ,  223 ,  47.80 ,  0.13 ,  11.41
2 ,  3 ,  61711 ,  238 ,  69 ,  46.92 ,  0.13 ,  11.11
2 ,  3 ,  61730 ,  238 ,  69 ,  46.92 ,  0.12 ,  11.01
2 ,  3 ,  61750 ,  238 ,  69 ,  47.03 ,  0.12 ,  11.01
2 ,  3 ,  61769 ,  238 ,  69 ,  47.36 ,  0.12 ,  11.01
2 ,  3 ,  61789 ,  238 ,  69 ,  49.56 ,  0.13 ,  11.11
2 ,  3 ,  61808 ,  238 ,  69 ,  52.09 ,  0.15 ,  11.61
2 ,  3 ,  61828 ,  233 ,  26 ,  54.63 ,  0.17 ,  12.20
2 ,  3 ,  61853 ,  233 ,  26 ,  57.60 ,  0.20 ,  13.10
2 ,  3 ,  61873 ,  233 ,  26 ,  59.47 ,  0.22 ,  13.59
2 ,  3 ,  61892 ,  233 ,  26 ,  61.13 ,  0.23 ,  13.99
2 ,  3 ,  61912 ,  233 ,  26 ,  62.56 ,  0.24 ,  14.49
2 ,  3 ,  61931 ,  242 ,  26 ,  63.77 ,  0.26 ,  14.88
2 ,  3 ,  61949 ,  242 ,  26 ,  65.09 ,  0.27 ,  15.28
2 ,  3 ,  61969 ,  242 ,  26 ,  66.30 ,  0.29 ,  15.68
2 ,  3 ,  61988 ,  242 ,  26 ,  67.51 ,  0.30 ,  16.07
2 ,  3 ,  62008 ,  242 ,  26 ,  68.72 ,  0.31 ,  16.37
2 ,  3 ,  62030 ,  242 ,  26 ,  69.94 ,  0.32 ,  16.77
2 ,  3 ,  62050 ,  225 ,  0 ,  70.82 ,  0.33 ,  16.97
2 ,  3 ,  62068 ,  225 ,  0 ,  71.48 ,  0.34 ,  17.26
2 ,  3 ,  62088 ,  225 ,  0 ,  71.70 ,  0.35 ,  17.26
2 ,  3 ,  62107 ,  225 ,  0 ,  71.92 ,  0.35 ,  17.46
2 ,  3 ,  62127 ,  225 ,  0 ,  72.14 ,  0.35 ,  17.56
2 ,  3 ,  62146 ,  225 ,  0 ,  72.36 ,  0.36 ,  17.56
2 ,  3 ,  62166 ,  40 ,  234 ,  72.47 ,  0.36 ,  17.66
2 ,  3 ,  62185 ,  40 ,  234 ,  72.36 ,  0.36 ,  17.76
2 ,  3 ,  62206 ,  40 ,  234 ,  71.59 ,  0.36 ,  17.76
2 ,  3 ,  62226 ,  40 ,  234 ,  69.49 ,  0.35 ,  17.56
2 ,  3 ,  62245 ,  40 ,  234 ,  67.51 ,  0.34 ,  17.36
2 ,  3 ,  62265 ,  64 ,  243 ,  65.53 ,  0.32 ,  16.87
2 ,  3 ,  62284 ,  64 ,  243 ,  63.44 ,  0.30 ,  16.47
2 ,  3 ,  62304 ,  64 ,  243 ,  61.35 ,  0.29 ,  15.97
2 ,  3 ,  62323 ,  64 ,  243 ,  59.25 ,  0.26 ,  15.48
2 ,  3 ,  62343 ,  64 ,  243 ,  57.38 ,  0.24 ,  14.98
2 ,  3 ,  62362 ,  64 ,  243 ,  55.62 ,  0.22 ,  14.49
2 ,  3 ,  62384 ,  31 ,  234 ,  53.97 ,  0.21 ,  13.99
2 ,  3 ,  62403 ,  31 ,  234 ,  52.42 ,  0.19 ,  13.49
2 ,  3 ,  62423 ,  31 ,  234 ,  51.21 ,  0.18 ,  13.10
2 ,  3 ,  62442 ,  31 ,  234 ,  50.11 ,  0.17 ,  12.70
2 ,  3 ,  62461 ,  31 ,  234 ,  49.01 ,  0.16 ,  12.40
2 ,  3 ,  62481 ,  227 ,  18 ,  48.13 ,  0.14 ,  12.01
2 ,  3 ,  62500 ,  227 ,  18 ,  48.13 ,  0.14 ,  11.91
2 ,  3 ,  62520 ,  227 ,  18 ,  48.24 ,  0.14 ,  11.91
2 ,  3 ,  62539 ,  227 ,  18 ,  48.35 ,  0.14 ,  11.91
2 ,  3 ,  62559 ,  227 ,  18 ,  49.45 ,  0.14 ,  11.81
2 ,  3 ,  62580 ,  227 ,  18 ,  51.43 ,  0.15 ,  12.01
2 ,  3 ,  62600 ,  234 ,  68 ,  53.20 ,  0.16 ,  12.40
2 ,  3 ,  62619 ,  234 ,  68 ,  55.07 ,  0.18 ,  12.80
2 ,  3 ,  62639 ,  234 ,  68 ,  57.05 ,  0.20 ,  13.30
2 ,  3 ,  62658 ,  234 ,  68 ,  58.81 ,  0.21 ,  13.89
2 ,  3 ,  62678 ,  234 ,  68 ,  60.57 ,  0.22 ,  14.29
2 ,  3 ,  62697 ,  234 ,  68 ,  62.01 ,  0.24 ,  14.78
2 ,  3 ,  62716 ,  237 ,  35 ,  63.44 ,  0.25 ,  15.08
2 ,  3 ,  62736 ,  237 ,  35 ,  64.65 ,  0.26 ,  15.48
2 ,  3 ,  62757 ,  237 ,  35 ,  65.97 ,  0.28 ,  15.88
2 ,  3 ,  62777 ,  237 ,  35 ,  67.07 ,  0.29 ,  16.17
2 ,  3 ,  62796 ,  237 ,  35 ,  68.06 ,  0.30 ,  16.47
2 ,  3 ,  62816 ,  238 ,  0 ,  68.94 ,  0.31 ,  16.77
2 ,  3 ,  62835 ,  238 ,  0 ,  69.83 ,  0.32 ,  16.97
2 ,  3 ,  62855 ,  238 ,  0 ,  70.60 ,  0.33 ,  17.16
2 ,  3 ,  62874 ,  238 ,  0 ,  71.37 ,  0.34 ,  17.36
2 ,  3 ,  62894 ,  238 ,  0 ,  72.03 ,  0.35 ,  17.56
2 ,  3 ,  62912 ,  238 ,  0 ,  72.69 ,  0.35 ,  17.66
2 ,  3 ,  62935 ,  61 ,  246 ,  73.35 ,  0.36 ,  17.86
2 ,  3 ,  62954 ,  61 ,  246 ,  73.13 ,  0.36 ,  17.96
2 ,  3 ,  62973 ,  61 ,  246 ,  71.70 ,  0.36 ,  17.96
2 ,  3 ,  62992 ,  61 ,  246 ,  69.05 ,  0.35 ,  17.56
2 ,  3 ,  63011 ,  61 ,  246 ,  66.30 ,  0.33 ,  17.26
2 ,  3 ,  63031 ,  61 ,  246 ,  63.66 ,  0.30 ,  16.67
2 ,  3 ,  63050 ,  245 ,  11 ,  61.01 ,  0.28 ,  16.07
2 ,  3 ,  63070 ,  245 ,  11 ,  60.90 ,  0.27 ,  15.78
2 ,  3 ,  63089 ,  245 ,  11 ,  60.90 ,  0.27 ,  15.78
2 ,  3 ,  63111 ,  245 ,  11 ,  61.13 ,  0.27 ,  15.78
2 ,  3 ,  63130 ,  245 ,  11 ,  62.78 ,  0.27 ,  15.78
2 ,  3 ,  63150 ,  245 ,  11 ,  64.76 ,  0.28 ,  15.97
2 ,  3 ,  63169 ,  255 ,  62 ,  66.63 ,  0.30 ,  16.47
2 ,  3 ,  63188 ,  255 ,  62 ,  68.83 ,  0.32 ,  16.87
2 ,  3 ,  63208 ,  255 ,  62 ,  71.15 ,  0.34 ,  17.36
2 ,  3 ,  63227 ,  255 ,  62 ,  73.24 ,  0.36 ,  17.86
2 ,  3 ,  63247 ,  255 ,  62 ,  75.22 ,  0.37 ,  18.26
2 ,  3 ,  63266 ,  255 ,  62 ,  76.98 ,  0.39 ,  18.75
2 ,  3 ,  63288 ,  32 ,  252 ,  78.64 ,  0.41 ,  19.15
2 ,  3 ,  63307 ,  32 ,  252 ,  78.30 ,  0.41 ,  19.25
2 ,  3 ,  63327 ,  32 ,  252 ,  75.88 ,  0.40 ,  19.15
2 ,  3 ,  63346 ,  32 ,  252 ,  72.47 ,  0.38 ,  18.75
2 ,  3 ,  63366 ,  32 ,  252 ,  68.61 ,  0.35 ,  18.06
2 ,  3 ,  63385 ,  32 ,  252 ,  64.87 ,  0.33 ,  17.36
2 ,  3 ,  63405 ,  56 ,  229 ,  61.57 ,  0.29 ,  16.47
2 ,  3 ,  63424 ,  56 ,  229 ,  58.81 ,  0.27 ,  15.78
2 ,  3 ,  63443 ,  56 ,  229 ,  56.72 ,  0.24 ,  15.08
2 ,  3 ,  63465 ,  56 ,  229 ,  54.85 ,  0.22 ,  14.49
2 ,  3 ,  63484 ,  56 ,  229 ,  52.98 ,  0.21 ,  13.99
2 ,  3 ,  63504 ,  51 ,  249 ,  51.43 ,  0.19 ,  13.49
2 ,  3 ,  63523 ,  51 ,  249 ,  49.89 ,  0.17 ,  13.00
2 ,  3 ,  63543 ,  51 ,  249 ,  48.13 ,  0.16 ,  12.50
2 ,  3 ,  63562 ,  51 ,  249 ,  46.59 ,  0.14 ,  11.91
2 ,  3 ,  63582 ,  51 ,  249 ,  45.05 ,  0.13 ,  11.41
2 ,  3 ,  63601 ,  51 ,  249 ,  43.61 ,  0.12 ,  10.91
2 ,  3 ,  63621 ,  220 ,  43 ,  42.18 ,  0.10 ,  10.42
2 ,  3 ,  63641 ,  220 ,  43 ,  42.29 ,  0.10 ,  10.32
2 ,  3 ,  63663 ,  220 ,  43 ,  42.73 ,  0.10 ,  10.22
2 ,  3 ,  63682 ,  220 ,  43 ,  42.73 ,  0.10 ,  10.22
2 ,  3 ,  63702 ,  220 ,  43 ,  44.28 ,  0.10 ,  10.22
2 ,  3 ,  63721 ,  70 ,  244 ,  45.93 ,  0.10 ,  10.32
2 ,  3 ,  63740 ,  70 ,  244 ,  46.04 ,  0.11 ,  10.52
2 ,  3 ,  63760 ,  70 ,  244 ,  46.04 ,  0.11 ,  10.62
2 ,  3 ,  63779 ,  70 ,  244 ,  45.93 ,  0.11 ,  10.52
2 ,  3 ,  63799 ,  70 ,  244 ,  45.49 ,  0.11 ,  10.52
2 ,  3 ,  63818 ,  70 ,  244 ,  44.61 ,  0.10 ,  10.52
2 ,  3 ,  63840 ,  15 ,  255 ,  43.72 ,  0.10 ,  10.42
2 ,  3 ,  63859 ,  15 ,  255 ,  42.84 ,  0.09 ,  10.22
2 ,  3 ,  63879 ,  15 ,  255 ,  41.85 ,  0.09 ,  10.02
2 ,  3 ,  63898 ,  15 ,  255 ,  40.86 ,  0.09 ,  9.72
2 ,  3 ,  63918 ,  15 ,  255 ,  39.87 ,  0.08 ,  9.43
2 ,  3 ,  63937 ,  15 ,  255 ,  38.99 ,  0.07 ,  9.13
2 ,  3 ,  63955 ,  229 ,  63 ,  38.11 ,  0.07 ,  8.83
2 ,  3 ,  63975 ,  229 ,  63 ,  38.22 ,  0.07 ,  8.63
2 ,  3 ,  63994 ,  229 ,  63 ,  38.33 ,  0.07 ,  8.63
2 ,  3 ,  64016 ,  229 ,  63 ,  39.43 ,  0.07 ,  8.63
2 ,  3 ,  64035 ,  229 ,  63 ,  41.85 ,  0.08 ,  8.83
2 ,  3 ,  64055 ,  46 ,  255 ,  44.50 ,  0.09 ,  9.43
2 ,  3 ,  64074 ,  46 ,  255 ,  44.72 ,  0.09 ,  9.72
2 ,  3 ,  64094 ,  46 ,  255 ,  44.61 ,  0.10 ,  9.72
2 ,  3 ,  64113 ,  46 ,  255 ,  44.06 ,  0.09 ,  9.72
2 ,  3 ,  64133 ,  46 ,  255 ,  43.06 ,  0.09 ,  9.62
2 ,  3 ,  64152 ,  46 ,  255 ,  41.96 ,  0.08 ,  9.53
2 ,  3 ,  64172 ,  50 ,  236 ,  40.86 ,  0.07 ,  9.33
2 ,  3 ,  64193 ,  50 ,  236 ,  40.20 ,  0.08 ,  9.13
2 ,  3 ,  64212 ,  50 ,  236 ,  39.43 ,  0.07 ,  8.93
2 ,  3 ,  64232 ,  50 ,  236 ,  38.99 ,  0.07 ,  8.83
2 ,  3 ,  64251 ,  50 ,  236 ,  38.44 ,  0.06 ,  8.63
2 ,  3 ,  64271 ,  50 ,  236 ,  38.00 ,  0.06 ,  8.53
2 ,  3 ,  64290 ,  34 ,  255 ,  37.56 ,  0.06 ,  8.33
2 ,  3 ,  64310 ,  34 ,  255 ,  36.90 ,  0.06 ,  8.24
2 ,  3 ,  64328 ,  34 ,  255 ,  36.24 ,  0.06 ,  8.04
2 ,  3 ,  64348 ,  34 ,  255 ,  35.58 ,  0.05 ,  7.84
2 ,  3 ,  64367 ,  34 ,  255 ,  34.91 ,  0.05 ,  7.64
2 ,  3 ,  64389 ,  34 ,  255 ,  34.25 ,  0.05 ,  7.44
2 ,  3 ,  64408 ,  45 ,  250 ,  33.59 ,  0.05 ,  7.24
2 ,  3 ,  64428 ,  45 ,  250 ,  33.04 ,  0.05 ,  7.14
2 ,  3 ,  64447 ,  45 ,  250 ,  32.60 ,  0.05 ,  6.95
2 ,  3 ,  64466 ,  45 ,  250 ,  32.16 ,  0.05 ,  6.75
2 ,  3 ,  64486 ,  45 ,  250 ,  31.72 ,  0.05 ,  6.65
2 ,  3 ,  64505 ,  45 ,  250 ,  31.28 ,  0.05 ,  6.55
2 ,  3 ,  64525 ,  12 ,  249 ,  30.95 ,  0.04 ,  6.45
2 ,  3 ,  64544 ,  12 ,  249 ,  30.51 ,  0.05 ,  6.35
2 ,  3 ,  64566 ,  12 ,  249 ,  30.18 ,  0.05 ,  6.15
2 ,  3 ,  64585 ,  12 ,  249 ,  29.85 ,  0.05 ,  6.05
2 ,  3 ,  64605 ,  12 ,  249 ,  29.52 ,  0.05 ,  5.95
2 ,  3 ,  64624 ,  12 ,  249 ,  29.30 ,  0.05 ,  5.85
2 ,  3 ,  64644 ,  34 ,  255 ,  28.97 ,  0.05 ,  5.75
2 ,  3 ,  64663 ,  34 ,  255 ,  28.64 ,  0.04 ,  5.66
2 ,  3 ,  64681 ,  34 ,  255 ,  28.31 ,  0.05 ,  5.56
2 ,  3 ,  64701 ,  34 ,  255 ,  27.98 ,  0.04 ,  5.46
2 ,  3 ,  64720 ,  34 ,  255 ,  27.65 ,  0.04 ,  5.36
2 ,  3 ,  64742 ,  78 ,  244 ,  27.32 ,  0.04 ,  5.26
2 ,  3 ,  64761 ,  78 ,  244 ,  27.21 ,  0.04 ,  5.26
2 ,  3 ,  64781 ,  78 ,  244 ,  27.10 ,  0.04 ,  5.16
2 ,  3 ,  64800 ,  78 ,  244 ,  26.88 ,  0.04 ,  5.06
2 ,  3 ,  64820 ,  78 ,  244 ,  26.88 ,  0.04 ,  5.06
2 ,  3 ,  64839 ,  78 ,  244 ,  26.66 ,  0.04 ,  5.06
2 ,  3 ,  64859 ,  34 ,  253 ,  26.66 ,  0.04 ,  4.96
2 ,  3 ,  64878 ,  34 ,  253 ,  26.43 ,  0.04 ,  4.96
2 ,  3 ,  64898 ,  34 ,  253 ,  26.32 ,  0.04 ,  4.86
2 ,  3 ,  64919 ,  34 ,  253 ,  26.10 ,  0.04 ,  4.86
2 ,  3 ,  64939 ,  34 ,  253 ,  25.88 ,  0.04 ,  4.76
2 ,  3 ,  64958 ,  39 ,  221 ,  25.66 ,  0.04 ,  4.66
2 ,  3 ,  64977 ,  39 ,  221 ,  25.66 ,  0.04 ,  4.66
2 ,  3 ,  64997 ,  39 ,  221 ,  25.66 ,  0.04 ,  4.66
2 ,  3 ,  65016 ,  39 ,  221 ,  25.66 ,  0.04 ,  4.66
2 ,  3 ,  65035 ,  39 ,  221 ,  25.66 ,  0.03 ,  4.66
2 ,  3 ,  65054 ,  39 ,  221 ,  25.66 ,  0.04 ,  4.66
2 ,  3 ,  65074 ,  20 ,  233 ,  25.66 ,  0.04 ,  4.56
2 ,  3 ,  65093 ,  20 ,  233 ,  25.66 ,  0.04 ,  4.56
2 ,  3 ,  65115 ,  20 ,  233 ,  25.66 ,  0.04 ,  4.56
2 ,  3 ,  65138 ,  20 ,  233 ,  25.66 ,  0.04 ,  4.56
2 ,  3 ,  65157 ,  20 ,  233 ,  25.66 ,  0.04 ,  4.56
2 ,  3 ,  65176 ,  229 ,  47 ,  25.66 ,  0.03 ,  4.56
2 ,  3 ,  65196 ,  229 ,  47 ,  25.55 ,  0.04 ,  4.56
2 ,  3 ,  65215 ,  229 ,  47 ,  25.66 ,  0.04 ,  4.46
2 ,  3 ,  65234 ,  229 ,  47 ,  27.87 ,  0.04 ,  4.56
2 ,  3 ,  65254 ,  229 ,  47 ,  31.61 ,  0.05 ,  4.96
2 ,  3 ,  65273 ,  229 ,  47 ,  35.47 ,  0.06 ,  5.66
2 ,  3 ,  65295 ,  221 ,  15 ,  39.65 ,  0.07 ,  6.65
2 ,  3 ,  65314 ,  221 ,  15 ,  42.84 ,  0.09 ,  7.54
2 ,  3 ,  65334 ,  221 ,  15 ,  45.49 ,  0.11 ,  8.24
2 ,  3 ,  65353 ,  221 ,  15 ,  47.58 ,  0.12 ,  8.93
2 ,  3 ,  65373 ,  221 ,  15 ,  49.34 ,  0.14 ,  9.62
2 ,  3 ,  65392 ,  221 ,  15 ,  50.99 ,  0.15 ,  10.12
2 ,  3 ,  65412 ,  233 ,  0 ,  52.20 ,  0.17 ,  10.62
2 ,  3 ,  65431 ,  233 ,  0 ,  53.64 ,  0.18 ,  11.01
2 ,  3 ,  65449 ,  233 ,  0 ,  55.18 ,  0.20 ,  11.51
2 ,  3 ,  65472 ,  233 ,  0 ,  56.50 ,  0.21 ,  12.01
2 ,  3 ,  65491 ,  233 ,  0 ,  57.93 ,  0.22 ,  12.60
2 ,  3 ,  65510 ,  224 ,  57 ,  59.14 ,  0.23 ,  13.00
2 ,  3 ,  65529 ,  224 ,  57 ,  60.13 ,  0.24 ,  13.30
2 ,  3 ,  65549 ,  224 ,  57 ,  60.90 ,  0.25 ,  13.69
2 ,  3 ,  65568 ,  224 ,  57 ,  61.46 ,  0.26 ,  13.89
2 ,  3 ,  65588 ,  224 ,  57 ,  62.12 ,  0.27 ,  14.09
2 ,  3 ,  65607 ,  224 ,  57 ,  62.56 ,  0.27 ,  14.29
2 ,  3 ,  65627 ,  233 ,  62 ,  63.11 ,  0.28 ,  14.59
2 ,  3 ,  65646 ,  233 ,  62 ,  63.66 ,  0.28 ,  14.68
2 ,  3 ,  65668 ,  233 ,  62 ,  64.43 ,  0.30 ,  14.98
2 ,  3 ,  65687 ,  233 ,  62 ,  65.20 ,  0.30 ,  15.18
2 ,  3 ,  65707 ,  233 ,  62 ,  65.86 ,  0.31 ,  15.48
2 ,  3 ,  65726 ,  247 ,  10 ,  66.41 ,  0.32 ,  15.68
2 ,  3 ,  65745 ,  247 ,  10 ,  67.18 ,  0.33 ,  15.88
2 ,  3 ,  65765 ,  247 ,  10 ,  68.28 ,  0.34 ,  16.17
2 ,  3 ,  65784 ,  247 ,  10 ,  69.60 ,  0.35 ,  16.57
2 ,  3 ,  65804 ,  247 ,  10 ,  70.82 ,  0.36 ,  16.87
2 ,  3 ,  65823 ,  247 ,  10 ,  71.92 ,  0.37 ,  17.16
2 ,  3 ,  65845 ,  243 ,  82 ,  73.13 ,  0.39 ,  17.56
2 ,  3 ,  65864 ,  243 ,  82 ,  74.01 ,  0.40 ,  17.86
2 ,  3 ,  65884 ,  243 ,  82 ,  74.89 ,  0.41 ,  18.06
2 ,  3 ,  65904 ,  243 ,  82 ,  75.55 ,  0.41 ,  18.26
2 ,  3 ,  65924 ,  243 ,  82 ,  76.21 ,  0.42 ,  18.45
2 ,  3 ,  65943 ,  243 ,  82 ,  76.87 ,  0.43 ,  18.65
2 ,  3 ,  65963 ,  255 ,  50 ,  77.42 ,  0.43 ,  18.85
2 ,  3 ,  65982 ,  255 ,  50 ,  78.08 ,  0.44 ,  19.05
2 ,  3 ,  66001 ,  255 ,  50 ,  78.97 ,  0.44 ,  19.25
2 ,  3 ,  66023 ,  255 ,  50 ,  79.96 ,  0.45 ,  19.45
2 ,  3 ,  66042 ,  255 ,  50 ,  80.84 ,  0.46 ,  19.65
2 ,  3 ,  66062 ,  252 ,  22 ,  81.72 ,  0.46 ,  19.84
2 ,  3 ,  66081 ,  252 ,  22 ,  82.38 ,  0.47 ,  20.04
2 ,  3 ,  66101 ,  252 ,  22 ,  83.04 ,  0.47 ,  20.24
2 ,  3 ,  66120 ,  252 ,  22 ,  83.70 ,  0.47 ,  20.34
2 ,  3 ,  66140 ,  252 ,  22 ,  84.25 ,  0.48 ,  20.54
2 ,  3 ,  66159 ,  252 ,  22 ,  84.69 ,  0.48 ,  20.64
2 ,  3 ,  66179 ,  248 ,  49 ,  85.24 ,  0.48 ,  20.74
2 ,  3 ,  66201 ,  248 ,  49 ,  85.57 ,  0.49 ,  20.84
2 ,  3 ,  66221 ,  248 ,  49 ,  86.01 ,  0.49 ,  20.94
2 ,  3 ,  66240 ,  248 ,  49 ,  86.34 ,  0.49 ,  20.94
2 ,  3 ,  66259 ,  248 ,  49 ,  86.67 ,  0.49 ,  21.13
2 ,  3 ,  66279 ,  231 ,  40 ,  86.89 ,  0.49 ,  21.13
2 ,  3 ,  66298 ,  231 ,  40 ,  87.00 ,  0.49 ,  21.23
2 ,  3 ,  66318 ,  231 ,  40 ,  87.00 ,  0.49 ,  21.23
2 ,  3 ,  66337 ,  231 ,  40 ,  86.89 ,  0.49 ,  21.23
2 ,  3 ,  66357 ,  231 ,  40 ,  86.89 ,  0.50 ,  21.33
2 ,  3 ,  66387 ,  247 ,  8 ,  86.78 ,  0.50 ,  21.33
2 ,  3 ,  66409 ,  247 ,  8 ,  86.78 ,  0.49 ,  21.33
2 ,  3 ,  66432 ,  247 ,  8 ,  86.89 ,  0.49 ,  21.33
2 ,  3 ,  66453 ,  247 ,  8 ,  87.12 ,  0.50 ,  21.43
2 ,  3 ,  66475 ,  247 ,  8 ,  87.34 ,  0.50 ,  21.53
2 ,  3 ,  66496 ,  231 ,  35 ,  87.56 ,  0.50 ,  21.53
2 ,  3 ,  66518 ,  231 ,  35 ,  87.67 ,  0.50 ,  21.53
2 ,  3 ,  66539 ,  231 ,  35 ,  87.56 ,  0.50 ,  21.53
2 ,  3 ,  66562 ,  231 ,  35 ,  87.56 ,  0.50 ,  21.53
2 ,  3 ,  66585 ,  231 ,  35 ,  87.56 ,  0.50 ,  21.53
2 ,  3 ,  66607 ,  53 ,  237 ,  87.45 ,  0.50 ,  21.63
2 ,  3 ,  66628 ,  53 ,  237 ,  87.12 ,  0.50 ,  21.63
2 ,  3 ,  66650 ,  53 ,  237 ,  84.25 ,  0.49 ,  21.43
2 ,  3 ,  66671 ,  53 ,  237 ,  80.29 ,  0.49 ,  21.03
2 ,  3 ,  66693 ,  53 ,  237 ,  76.43 ,  0.47 ,  20.44
2 ,  3 ,  66714 ,  16 ,  245 ,  73.02 ,  0.45 ,  19.74
2 ,  3 ,  66736 ,  16 ,  245 ,  69.27 ,  0.43 ,  19.15
2 ,  3 ,  66757 ,  16 ,  245 ,  65.97 ,  0.40 ,  18.36
2 ,  3 ,  66782 ,  16 ,  245 ,  63.00 ,  0.37 ,  17.56
2 ,  3 ,  66803 ,  16 ,  245 ,  59.91 ,  0.34 ,  16.57
2 ,  3 ,  66825 ,  222 ,  76 ,  57.49 ,  0.30 ,  15.88
2 ,  3 ,  66846 ,  222 ,  76 ,  57.71 ,  0.29 ,  15.58
2 ,  3 ,  66868 ,  222 ,  76 ,  57.71 ,  0.29 ,  15.48
2 ,  3 ,  66889 ,  222 ,  76 ,  57.82 ,  0.29 ,  15.48
2 ,  3 ,  66911 ,  222 ,  76 ,  57.82 ,  0.28 ,  15.48
2 ,  3 ,  66932 ,  234 ,  25 ,  58.48 ,  0.28 ,  15.48
2 ,  3 ,  66954 ,  234 ,  25 ,  59.69 ,  0.29 ,  15.48
2 ,  3 ,  66975 ,  234 ,  25 ,  61.35 ,  0.29 ,  15.68
2 ,  3 ,  66999 ,  234 ,  25 ,  63.00 ,  0.31 ,  16.07
2 ,  3 ,  67020 ,  234 ,  25 ,  64.43 ,  0.32 ,  16.47
2 ,  3 ,  67042 ,  255 ,  50 ,  65.75 ,  0.33 ,  16.67
2 ,  3 ,  67063 ,  255 ,  50 ,  67.62 ,  0.35 ,  17.07
2 ,  3 ,  67085 ,  255 ,  50 ,  70.16 ,  0.37 ,  17.66
2 ,  3 ,  67106 ,  255 ,  50 ,  72.58 ,  0.39 ,  18.26
2 ,  3 ,  67128 ,  255 ,  50 ,  74.89 ,  0.41 ,  18.75
2 ,  3 ,  67149 ,  255 ,  8 ,  76.87 ,  0.43 ,  19.15
2 ,  3 ,  67171 ,  255 ,  8 ,  78.64 ,  0.44 ,  19.55
2 ,  3 ,  67195 ,  255 ,  8 ,  80.29 ,  0.45 ,  19.94
2 ,  3 ,  67217 ,  255 ,  8 ,  81.61 ,  0.46 ,  20.24
2 ,  3 ,  67237 ,  255 ,  8 ,  82.71 ,  0.46 ,  20.44
2 ,  3 ,  67259 ,  53 ,  255 ,  83.70 ,  0.47 ,  20.64
2 ,  3 ,  67280 ,  53 ,  255 ,  83.59 ,  0.47 ,  20.74
2 ,  3 ,  67302 ,  53 ,  255 ,  79.41 ,  0.46 ,  20.54
2 ,  3 ,  67323 ,  53 ,  255 ,  74.89 ,  0.45 ,  19.94
2 ,  3 ,  67345 ,  53 ,  255 ,  69.94 ,  0.42 ,  19.05
2 ,  3 ,  67367 ,  227 ,  20 ,  65.09 ,  0.38 ,  18.06
2 ,  3 ,  67391 ,  227 ,  20 ,  65.09 ,  0.36 ,  17.56
2 ,  3 ,  67412 ,  227 ,  20 ,  65.42 ,  0.36 ,  17.56
2 ,  3 ,  67434 ,  227 ,  20 ,  65.20 ,  0.35 ,  17.56
2 ,  3 ,  67456 ,  227 ,  20 ,  65.31 ,  0.35 ,  17.56
2 ,  3 ,  67477 ,  237 ,  28 ,  65.53 ,  0.35 ,  17.56
2 ,  3 ,  67499 ,  237 ,  28 ,  66.30 ,  0.35 ,  17.46
2 ,  3 ,  67520 ,  237 ,  28 ,  67.40 ,  0.36 ,  17.66
2 ,  3 ,  67542 ,  237 ,  28 ,  68.50 ,  0.37 ,  17.76
2 ,  3 ,  67563 ,  237 ,  28 ,  69.71 ,  0.37 ,  17.96
2 ,  3 ,  67587 ,  15 ,  232 ,  70.82 ,  0.39 ,  18.16
2 ,  3 ,  67608 ,  15 ,  232 ,  70.71 ,  0.39 ,  18.26
2 ,  3 ,  67630 ,  15 ,  232 ,  69.94 ,  0.39 ,  18.26
2 ,  3 ,  67651 ,  15 ,  232 ,  68.06 ,  0.38 ,  18.06
2 ,  3 ,  67673 ,  15 ,  232 ,  66.08 ,  0.37 ,  17.86
2 ,  3 ,  67694 ,  242 ,  59 ,  64.21 ,  0.35 ,  17.46
2 ,  3 ,  67716 ,  242 ,  59 ,  64.10 ,  0.34 ,  17.36
2 ,  3 ,  67737 ,  242 ,  59 ,  63.99 ,  0.34 ,  17.36
2 ,  3 ,  67759 ,  242 ,  59 ,  63.99 ,  0.34 ,  17.26
2 ,  3 ,  67782 ,  242 ,  59 ,  65.09 ,  0.34 ,  17.26
2 ,  3 ,  67804 ,  246 ,  38 ,  66.85 ,  0.35 ,  17.36
2 ,  3 ,  67825 ,  246 ,  38 ,  68.61 ,  0.36 ,  17.66
2 ,  3 ,  67847 ,  246 ,  38 ,  70.49 ,  0.38 ,  18.06
2 ,  3 ,  67868 ,  246 ,  38 ,  72.25 ,  0.39 ,  18.45
2 ,  3 ,  67890 ,  246 ,  38 ,  73.90 ,  0.41 ,  18.75
2 ,  3 ,  67911 ,  231 ,  23 ,  75.22 ,  0.42 ,  19.05
2 ,  3 ,  67933 ,  231 ,  23 ,  76.10 ,  0.43 ,  19.25
2 ,  3 ,  67954 ,  231 ,  23 ,  76.76 ,  0.43 ,  19.45
2 ,  3 ,  67979 ,  231 ,  23 ,  77.09 ,  0.43 ,  19.55
2 ,  3 ,  68000 ,  231 ,  23 ,  77.53 ,  0.44 ,  19.65
2 ,  3 ,  68022 ,  54 ,  243 ,  77.86 ,  0.44 ,  19.65
2 ,  3 ,  68043 ,  54 ,  243 ,  77.64 ,  0.43 ,  19.74
2 ,  3 ,  68065 ,  54 ,  243 ,  75.33 ,  0.43 ,  19.65
2 ,  3 ,  68086 ,  54 ,  243 ,  72.14 ,  0.42 ,  19.25
2 ,  3 ,  68108 ,  54 ,  243 ,  68.83 ,  0.40 ,  18.75
2 ,  3 ,  68129 ,  220 ,  77 ,  65.64 ,  0.37 ,  17.96
2 ,  3 ,  68151 ,  220 ,  77 ,  65.42 ,  0.35 ,  17.66
2 ,  3 ,  68172 ,  220 ,  77 ,  65.31 ,  0.35 ,  17.66
2 ,  3 ,  68196 ,  220 ,  77 ,  65.31 ,  0.36 ,  17.66
2 ,  3 ,  68217 ,  220 ,  77 ,  65.31 ,  0.36 ,  17.66
2 ,  3 ,  68239 ,  236 ,  70 ,  65.31 ,  0.35 ,  17.66
2 ,  3 ,  68260 ,  236 ,  70 ,  65.53 ,  0.35 ,  17.66
2 ,  3 ,  68282 ,  236 ,  70 ,  66.63 ,  0.35 ,  17.66
2 ,  3 ,  68303 ,  236 ,  70 ,  67.62 ,  0.36 ,  17.66
2 ,  3 ,  68325 ,  236 ,  70 ,  68.83 ,  0.37 ,  17.86
2 ,  3 ,  68346 ,  35 ,  237 ,  69.83 ,  0.38 ,  18.06
2 ,  3 ,  68368 ,  35 ,  237 ,  69.71 ,  0.38 ,  18.06
2 ,  3 ,  68391 ,  35 ,  237 ,  68.50 ,  0.37 ,  18.16
2 ,  3 ,  68413 ,  35 ,  237 ,  66.41 ,  0.36 ,  17.86
2 ,  3 ,  68434 ,  35 ,  237 ,  64.32 ,  0.35 ,  17.66
2 ,  3 ,  68456 ,  23 ,  233 ,  62.34 ,  0.33 ,  17.16
2 ,  3 ,  68477 ,  23 ,  233 ,  60.46 ,  0.31 ,  16.67
2 ,  3 ,  68499 ,  23 ,  233 ,  58.70 ,  0.29 ,  16.17
2 ,  3 ,  68520 ,  23 ,  233 ,  57.27 ,  0.28 ,  15.78
2 ,  3 ,  68542 ,  23 ,  233 ,  55.84 ,  0.26 ,  15.38
2 ,  3 ,  68563 ,  55 ,  255 ,  54.63 ,  0.25 ,  14.98
2 ,  3 ,  68587 ,  55 ,  255 ,  52.87 ,  0.23 ,  14.49
2 ,  3 ,  68609 ,  55 ,  255 ,  51.10 ,  0.22 ,  13.99
2 ,  3 ,  68630 ,  55 ,  255 ,  49.23 ,  0.20 ,  13.39
2 ,  3 ,  68652 ,  55 ,  255 ,  47.58 ,  0.18 ,  12.80
2 ,  3 ,  68673 ,  245 ,  30 ,  45.93 ,  0.16 ,  12.10
2 ,  3 ,  68695 ,  245 ,  30 ,  46.26 ,  0.16 ,  11.91
2 ,  3 ,  68716 ,  245 ,  30 ,  46.37 ,  0.15 ,  11.91
2 ,  3 ,  68743 ,  245 ,  30 ,  49.23 ,  0.16 ,  11.91
2 ,  3 ,  68764 ,  245 ,  30 ,  52.76 ,  0.18 ,  12.70
2 ,  3 ,  68789 ,  28 ,  255 ,  56.72 ,  0.21 ,  13.69
2 ,  3 ,  68810 ,  28 ,  255 ,  56.72 ,  0.22 ,  14.09
2 ,  3 ,  68832 ,  28 ,  255 ,  55.84 ,  0.22 ,  14.09
2 ,  3 ,  68853 ,  28 ,  255 ,  54.19 ,  0.21 ,  13.89
2 ,  3 ,  68875 ,  28 ,  255 ,  51.98 ,  0.20 ,  13.49
2 ,  3 ,  68896 ,  69 ,  242 ,  49.89 ,  0.18 ,  13.00
2 ,  3 ,  68918 ,  69 ,  242 ,  48.13 ,  0.16 ,  12.50
2 ,  3 ,  68939 ,  69 ,  242 ,  46.70 ,  0.15 ,  12.01
2 ,  3 ,  68961 ,  69 ,  242 ,  45.27 ,  0.14 ,  11.51
2 ,  3 ,  68984 ,  69 ,  242 ,  43.95 ,  0.12 ,  11.11
2 ,  3 ,  69006 ,  255 ,  32 ,  42.84 ,  0.12 ,  10.72
2 ,  3 ,  69027 ,  255 ,  32 ,  43.06 ,  0.12 ,  10.52
2 ,  3 ,  69049 ,  255 ,  32 ,  43.72 ,  0.11 ,  10.52
2 ,  3 ,  69070 ,  255 ,  32 ,  47.36 ,  0.13 ,  10.81
2 ,  3 ,  69092 ,  255 ,  32 ,  51.98 ,  0.16 ,  12.01
2 ,  3 ,  69113 ,  211 ,  26 ,  56.72 ,  0.20 ,  13.30
2 ,  3 ,  69135 ,  211 ,  26 ,  59.47 ,  0.22 ,  14.19
2 ,  3 ,  69156 ,  211 ,  26 ,  61.01 ,  0.24 ,  14.68
2 ,  3 ,  69180 ,  211 ,  26 ,  62.01 ,  0.25 ,  14.98
2 ,  3 ,  69201 ,  211 ,  26 ,  62.67 ,  0.26 ,  15.28
2 ,  3 ,  69223 ,  223 ,  53 ,  63.44 ,  0.27 ,  15.48
2 ,  3 ,  69244 ,  223 ,  53 ,  64.10 ,  0.28 ,  15.68
2 ,  3 ,  69266 ,  223 ,  53 ,  64.98 ,  0.29 ,  15.97
2 ,  3 ,  69287 ,  223 ,  53 ,  65.86 ,  0.30 ,  16.27
2 ,  3 ,  69309 ,  223 ,  53 ,  66.63 ,  0.31 ,  16.47
2 ,  3 ,  69330 ,  0 ,  230 ,  67.40 ,  0.32 ,  16.67
2 ,  3 ,  69352 ,  0 ,  230 ,  67.18 ,  0.32 ,  16.77
2 ,  3 ,  69376 ,  0 ,  230 ,  66.63 ,  0.31 ,  16.77
2 ,  3 ,  69397 ,  0 ,  230 ,  64.98 ,  0.31 ,  16.57
2 ,  3 ,  69419 ,  0 ,  230 ,  63.33 ,  0.30 ,  16.47
2 ,  3 ,  69440 ,  30 ,  238 ,  61.79 ,  0.29 ,  16.17
2 ,  3 ,  69462 ,  30 ,  238 ,  60.13 ,  0.27 ,  15.88
2 ,  3 ,  69483 ,  30 ,  238 ,  58.48 ,  0.25 ,  15.38
2 ,  3 ,  69505 ,  30 ,  238 ,  56.83 ,  0.24 ,  14.98
2 ,  3 ,  69526 ,  30 ,  238 ,  55.40 ,  0.22 ,  14.49
2 ,  3 ,  69548 ,  237 ,  38 ,  53.97 ,  0.21 ,  14.19
2 ,  3 ,  69569 ,  237 ,  38 ,  54.08 ,  0.21 ,  14.09
2 ,  3 ,  69594 ,  237 ,  38 ,  54.08 ,  0.21 ,  13.99
2 ,  3 ,  69615 ,  237 ,  38 ,  54.52 ,  0.21 ,  13.99
2 ,  3 ,  69637 ,  237 ,  38 ,  56.39 ,  0.21 ,  14.09
2 ,  3 ,  69658 ,  242 ,  75 ,  58.70 ,  0.23 ,  14.49
2 ,  3 ,  69680 ,  242 ,  75 ,  61.01 ,  0.25 ,  14.98
2 ,  3 ,  69701 ,  242 ,  75 ,  63.33 ,  0.27 ,  15.58
2 ,  3 ,  69723 ,  242 ,  75 ,  65.42 ,  0.29 ,  16.17
2 ,  3 ,  69744 ,  242 ,  75 ,  67.29 ,  0.31 ,  16.67
2 ,  3 ,  69766 ,  56 ,  247 ,  69.05 ,  0.32 ,  17.07
2 ,  3 ,  69789 ,  56 ,  247 ,  68.72 ,  0.33 ,  17.16
2 ,  3 ,  69811 ,  56 ,  247 ,  66.96 ,  0.32 ,  17.16
2 ,  3 ,  69832 ,  56 ,  247 ,  64.43 ,  0.30 ,  16.87
2 ,  3 ,  69854 ,  56 ,  247 ,  61.57 ,  0.28 ,  16.27
2 ,  3 ,  69875 ,  13 ,  255 ,  58.92 ,  0.26 ,  15.68
2 ,  3 ,  69897 ,  13 ,  255 ,  56.28 ,  0.23 ,  14.98
2 ,  3 ,  69918 ,  13 ,  255 ,  53.64 ,  0.22 ,  14.29
2 ,  3 ,  69940 ,  13 ,  255 ,  51.10 ,  0.19 ,  13.59
2 ,  3 ,  69961 ,  13 ,  255 ,  48.90 ,  0.17 ,  12.90
2 ,  3 ,  69985 ,  232 ,  63 ,  46.70 ,  0.15 ,  12.20
2 ,  3 ,  70006 ,  232 ,  63 ,  46.81 ,  0.14 ,  11.91
2 ,  3 ,  70028 ,  232 ,  63 ,  46.92 ,  0.14 ,  11.91
2 ,  3 ,  70049 ,  232 ,  63 ,  47.58 ,  0.14 ,  11.91
2 ,  3 ,  70071 ,  232 ,  63 ,  49.56 ,  0.15 ,  12.01
2 ,  3 ,  70092 ,  36 ,  221 ,  51.98 ,  0.16 ,  12.50
2 ,  3 ,  70114 ,  36 ,  221 ,  52.09 ,  0.17 ,  12.70
2 ,  3 ,  70135 ,  36 ,  221 ,  51.87 ,  0.17 ,  12.60
2 ,  3 ,  70157 ,  36 ,  221 ,  51.76 ,  0.17 ,  12.70
2 ,  3 ,  70180 ,  36 ,  221 ,  51.65 ,  0.17 ,  12.70
2 ,  3 ,  70202 ,  0 ,  255 ,  51.54 ,  0.17 ,  12.60
2 ,  3 ,  70223 ,  0 ,  255 ,  50.77 ,  0.17 ,  12.60
2 ,  3 ,  70245 ,  0 ,  255 ,  49.12 ,  0.16 ,  12.50
2 ,  3 ,  70266 ,  0 ,  255 ,  47.47 ,  0.14 ,  12.01
2 ,  3 ,  70288 ,  0 ,  255 ,  45.82 ,  0.13 ,  11.61
2 ,  3 ,  70309 ,  14 ,  255 ,  44.28 ,  0.12 ,  11.21
2 ,  3 ,  70331 ,  14 ,  255 ,  42.84 ,  0.11 ,  10.72
2 ,  3 ,  70352 ,  14 ,  255 ,  41.41 ,  0.10 ,  10.32
2 ,  3 ,  70372 ,  14 ,  255 ,  40.20 ,  0.09 ,  9.82
2 ,  3 ,  70393 ,  14 ,  255 ,  39.21 ,  0.09 ,  9.43
2 ,  3 ,  70415 ,  24 ,  255 ,  38.11 ,  0.08 ,  9.13
2 ,  3 ,  70436 ,  24 ,  255 ,  37.01 ,  0.08 ,  8.73
2 ,  3 ,  70458 ,  24 ,  255 ,  36.02 ,  0.07 ,  8.33
2 ,  3 ,  70479 ,  24 ,  255 ,  35.13 ,  0.07 ,  8.04
2 ,  3 ,  70501 ,  24 ,  255 ,  34.25 ,  0.06 ,  7.74
2 ,  3 ,  70522 ,  22 ,  241 ,  33.48 ,  0.06 ,  7.44
2 ,  3 ,  70544 ,  22 ,  241 ,  32.93 ,  0.06 ,  7.24
2 ,  3 ,  70565 ,  22 ,  241 ,  32.49 ,  0.06 ,  7.04
2 ,  3 ,  70589 ,  22 ,  241 ,  32.05 ,  0.06 ,  6.85
2 ,  3 ,  70610 ,  22 ,  241 ,  31.72 ,  0.06 ,  6.75
2 ,  3 ,  70632 ,  11 ,  245 ,  31.28 ,  0.05 ,  6.65
2 ,  3 ,  70653 ,  11 ,  245 ,  30.95 ,  0.05 ,  6.45
2 ,  3 ,  70675 ,  11 ,  245 ,  30.62 ,  0.05 ,  6.35
2 ,  3 ,  70696 ,  11 ,  245 ,  30.18 ,  0.05 ,  6.25
2 ,  3 ,  70718 ,  11 ,  245 ,  29.74 ,  0.05 ,  6.05
2 ,  3 ,  70739 ,  28 ,  233 ,  29.41 ,  0.05 ,  5.95
2 ,  3 ,  70761 ,  28 ,  233 ,  29.19 ,  0.05 ,  5.85
2 ,  3 ,  70785 ,  28 ,  233 ,  29.08 ,  0.05 ,  5.85
2 ,  3 ,  70806 ,  28 ,  233 ,  29.08 ,  0.05 ,  5.75
2 ,  3 ,  70828 ,  28 ,  233 ,  28.97 ,  0.05 ,  5.66
2 ,  3 ,  70849 ,  52 ,  253 ,  28.97 ,  0.05 ,  5.66
2 ,  3 ,  70871 ,  52 ,  253 ,  28.64 ,  0.05 ,  5.66
2 ,  3 ,  70892 ,  52 ,  253 ,  28.31 ,  0.05 ,  5.56
2 ,  3 ,  70914 ,  52 ,  253 ,  27.87 ,  0.05 ,  5.46
2 ,  3 ,  70935 ,  52 ,  253 ,  27.43 ,  0.05 ,  5.36
2 ,  3 ,  70957 ,  255 ,  19 ,  27.10 ,  0.04 ,  5.26
2 ,  3 ,  70980 ,  255 ,  19 ,  27.10 ,  0.05 ,  5.16
2 ,  3 ,  71002 ,  255 ,  19 ,  29.74 ,  0.05 ,  5.16
2 ,  3 ,  71023 ,  255 ,  19 ,  35.58 ,  0.06 ,  6.05
2 ,  3 ,  71045 ,  255 ,  19 ,  42.18 ,  0.09 ,  7.44
2 ,  3 ,  71066 ,  229 ,  39 ,  48.35 ,  0.12 ,  9.13
2 ,  3 ,  71088 ,  229 ,  39 ,  52.31 ,  0.16 ,  10.62
2 ,  3 ,  71109 ,  229 ,  39 ,  55.40 ,  0.19 ,  11.71
2 ,  3 ,  71131 ,  229 ,  39 ,  57.93 ,  0.22 ,  12.60
2 ,  3 ,  71152 ,  229 ,  39 ,  60.02 ,  0.24 ,  13.39
2 ,  3 ,  71176 ,  57 ,  252 ,  61.79 ,  0.26 ,  14.09
2 ,  3 ,  71197 ,  57 ,  252 ,  61.13 ,  0.26 ,  14.29
2 ,  3 ,  71235 ,  57 ,  252 ,  58.37 ,  0.25 ,  14.09
2 ,  3 ,  71257 ,  57 ,  252 ,  55.84 ,  0.23 ,  13.69
2 ,  3 ,  71278 ,  44 ,  224 ,  53.42 ,  0.21 ,  13.10
2 ,  3 ,  71300 ,  44 ,  224 ,  51.65 ,  0.19 ,  12.60
2 ,  3 ,  71321 ,  44 ,  224 ,  50.33 ,  0.18 ,  12.10
2 ,  3 ,  71343 ,  44 ,  224 ,  49.12 ,  0.17 ,  11.81
2 ,  3 ,  71364 ,  44 ,  224 ,  48.13 ,  0.16 ,  11.51
2 ,  3 ,  71386 ,  68 ,  230 ,  47.25 ,  0.15 ,  11.21
2 ,  3 ,  71409 ,  68 ,  230 ,  46.26 ,  0.14 ,  10.91
2 ,  3 ,  71431 ,  68 ,  230 ,  45.27 ,  0.13 ,  10.62
2 ,  3 ,  71452 ,  68 ,  230 ,  44.39 ,  0.13 ,  10.42
2 ,  3 ,  71474 ,  68 ,  230 ,  43.61 ,  0.12 ,  10.12
2 ,  3 ,  71495 ,  44 ,  249 ,  42.84 ,  0.11 ,  9.92
2 ,  3 ,  71517 ,  44 ,  249 ,  41.85 ,  0.10 ,  9.62
2 ,  3 ,  71538 ,  44 ,  249 ,  40.86 ,  0.10 ,  9.33
2 ,  3 ,  71560 ,  44 ,  249 ,  39.76 ,  0.09 ,  9.03
2 ,  3 ,  71581 ,  44 ,  249 ,  38.77 ,  0.08 ,  8.63
2 ,  3 ,  71605 ,  254 ,  9 ,  37.78 ,  0.08 ,  8.33
2 ,  3 ,  71626 ,  254 ,  9 ,  37.89 ,  0.07 ,  8.24
2 ,  3 ,  71648 ,  254 ,  9 ,  38.33 ,  0.07 ,  8.24
2 ,  3 ,  71669 ,  254 ,  9 ,  42.62 ,  0.09 ,  8.53
2 ,  3 ,  71691 ,  254 ,  9 ,  47.69 ,  0.12 ,  9.72
2 ,  3 ,  71712 ,  72 ,  241 ,  52.76 ,  0.15 ,  11.11
2 ,  3 ,  71734 ,  72 ,  241 ,  53.09 ,  0.17 ,  11.81
2 ,  3 ,  71755 ,  72 ,  241 ,  52.65 ,  0.18 ,  11.81
2 ,  3 ,  71777 ,  72 ,  241 ,  51.76 ,  0.17 ,  11.81
2 ,  3 ,  71800 ,  72 ,  241 ,  50.44 ,  0.16 ,  11.61
2 ,  3 ,  71822 ,  236 ,  78 ,  49.23 ,  0.15 ,  11.41
2 ,  3 ,  71843 ,  236 ,  78 ,  49.12 ,  0.15 ,  11.41
2 ,  3 ,  71865 ,  236 ,  78 ,  49.01 ,  0.15 ,  11.31
2 ,  3 ,  71886 ,  236 ,  78 ,  50.55 ,  0.16 ,  11.31
2 ,  3 ,  71908 ,  236 ,  78 ,  52.98 ,  0.17 ,  11.61
2 ,  3 ,  71929 ,  228 ,  81 ,  55.40 ,  0.19 ,  12.30
2 ,  3 ,  71951 ,  228 ,  81 ,  57.49 ,  0.21 ,  13.00
2 ,  3 ,  71972 ,  228 ,  81 ,  59.25 ,  0.23 ,  13.49
2 ,  3 ,  71992 ,  228 ,  81 ,  60.79 ,  0.24 ,  13.99
2 ,  3 ,  72013 ,  228 ,  81 ,  61.90 ,  0.26 ,  14.39
2 ,  3 ,  72035 ,  232 ,  36 ,  63.00 ,  0.27 ,  14.78
2 ,  3 ,  72056 ,  232 ,  36 ,  64.10 ,  0.28 ,  15.08
2 ,  3 ,  72078 ,  232 ,  36 ,  65.09 ,  0.29 ,  15.38
2 ,  3 ,  72099 ,  232 ,  36 ,  65.97 ,  0.30 ,  15.68
2 ,  3 ,  72121 ,  232 ,  36 ,  66.85 ,  0.31 ,  15.97
2 ,  3 ,  72142 ,  32 ,  238 ,  67.62 ,  0.32 ,  16.17
2 ,  3 ,  72164 ,  32 ,  238 ,  67.40 ,  0.32 ,  16.37
2 ,  3 ,  72187 ,  32 ,  238 ,  66.63 ,  0.32 ,  16.27
2 ,  3 ,  72209 ,  32 ,  238 ,  64.32 ,  0.31 ,  16.17
2 ,  3 ,  72230 ,  32 ,  238 ,  62.23 ,  0.30 ,  15.88
2 ,  3 ,  72252 ,  225 ,  37 ,  60.35 ,  0.28 ,  15.38
2 ,  3 ,  72273 ,  225 ,  37 ,  60.24 ,  0.27 ,  15.18
2 ,  3 ,  72296 ,  225 ,  37 ,  60.13 ,  0.27 ,  15.18
2 ,  3 ,  72317 ,  225 ,  37 ,  60.13 ,  0.27 ,  15.18
2 ,  3 ,  72339 ,  225 ,  37 ,  60.02 ,  0.27 ,  15.18
2 ,  3 ,  72360 ,  255 ,  36 ,  60.46 ,  0.27 ,  15.18
2 ,  3 ,  72382 ,  255 ,  36 ,  62.34 ,  0.28 ,  15.18
2 ,  3 ,  72406 ,  255 ,  36 ,  65.53 ,  0.30 ,  15.88
2 ,  3 ,  72427 ,  255 ,  36 ,  68.61 ,  0.33 ,  16.47
2 ,  3 ,  72450 ,  255 ,  36 ,  71.37 ,  0.36 ,  17.26
2 ,  3 ,  72471 ,  226 ,  38 ,  73.90 ,  0.38 ,  17.86
2 ,  3 ,  72493 ,  226 ,  38 ,  75.22 ,  0.40 ,  18.26
2 ,  3 ,  72514 ,  226 ,  38 ,  75.66 ,  0.41 ,  18.55
2 ,  3 ,  72536 ,  226 ,  38 ,  76.10 ,  0.41 ,  18.65
2 ,  3 ,  72557 ,  226 ,  38 ,  76.32 ,  0.41 ,  18.75
2 ,  3 ,  72579 ,  240 ,  27 ,  76.65 ,  0.42 ,  18.85
2 ,  3 ,  72602 ,  240 ,  27 ,  77.20 ,  0.42 ,  19.05
2 ,  3 ,  72625 ,  240 ,  27 ,  77.86 ,  0.43 ,  19.15
2 ,  3 ,  72646 ,  240 ,  27 ,  78.41 ,  0.43 ,  19.35
2 ,  3 ,  72668 ,  240 ,  27 ,  79.08 ,  0.44 ,  19.55
2 ,  3 ,  72689 ,  233 ,  36 ,  79.63 ,  0.44 ,  19.65
2 ,  3 ,  72711 ,  233 ,  36 ,  80.07 ,  0.45 ,  19.84
2 ,  3 ,  72732 ,  233 ,  36 ,  80.51 ,  0.45 ,  19.94
2 ,  3 ,  72754 ,  233 ,  36 ,  80.73 ,  0.45 ,  19.94
2 ,  3 ,  72775 ,  233 ,  36 ,  81.17 ,  0.46 ,  20.04
2 ,  3 ,  72806 ,  62 ,  218 ,  81.50 ,  0.46 ,  20.14
2 ,  3 ,  72828 ,  62 ,  218 ,  81.28 ,  0.46 ,  20.24
2 ,  3 ,  72850 ,  62 ,  218 ,  80.07 ,  0.46 ,  20.24
2 ,  3 ,  72871 ,  62 ,  218 ,  77.97 ,  0.45 ,  20.04
2 ,  3 ,  72893 ,  62 ,  218 ,  75.88 ,  0.45 ,  19.74
2 ,  3 ,  72914 ,  67 ,  250 ,  73.90 ,  0.44 ,  19.55
2 ,  3 ,  72937 ,  67 ,  250 ,  71.15 ,  0.42 ,  19.05
2 ,  3 ,  72958 ,  67 ,  250 ,  67.73 ,  0.39 ,  18.36
2 ,  3 ,  72980 ,  67 ,  250 ,  64.21 ,  0.36 ,  17.56
2 ,  3 ,  73005 ,  67 ,  250 ,  60.68 ,  0.32 ,  16.57
2 ,  3 ,  73026 ,  1 ,  242 ,  57.60 ,  0.28 ,  15.78
2 ,  3 ,  73048 ,  1 ,  242 ,  55.07 ,  0.26 ,  14.88
2 ,  3 ,  73068 ,  1 ,  242 ,  52.76 ,  0.23 ,  14.29
2 ,  3 ,  73090 ,  1 ,  242 ,  50.88 ,  0.21 ,  13.59
2 ,  3 ,  73111 ,  1 ,  242 ,  49.01 ,  0.19 ,  12.90
2 ,  3 ,  73133 ,  18 ,  251 ,  47.47 ,  0.17 ,  12.30
2 ,  3 ,  73154 ,  18 ,  251 ,  45.82 ,  0.15 ,  11.81
2 ,  3 ,  73176 ,  18 ,  251 ,  44.17 ,  0.14 ,  11.11
2 ,  3 ,  73200 ,  18 ,  251 ,  42.51 ,  0.12 ,  10.62
2 ,  3 ,  73222 ,  18 ,  251 ,  40.97 ,  0.11 ,  10.12
2 ,  3 ,  73243 ,  21 ,  238 ,  39.65 ,  0.10 ,  9.62
2 ,  3 ,  73265 ,  21 ,  238 ,  38.66 ,  0.10 ,  9.13
2 ,  3 ,  73286 ,  21 ,  238 ,  37.78 ,  0.09 ,  8.83
2 ,  3 ,  73308 ,  21 ,  238 ,  37.01 ,  0.09 ,  8.53
2 ,  3 ,  73329 ,  21 ,  238 ,  36.24 ,  0.09 ,  8.24
2 ,  3 ,  73351 ,  220 ,  72 ,  35.58 ,  0.08 ,  8.04
2 ,  3 ,  73372 ,  220 ,  72 ,  35.80 ,  0.07 ,  7.94
2 ,  3 ,  73394 ,  220 ,  72 ,  35.80 ,  0.07 ,  7.94
2 ,  3 ,  73417 ,  220 ,  72 ,  37.23 ,  0.07 ,  7.84
2 ,  3 ,  73439 ,  220 ,  72 ,  39.43 ,  0.08 ,  8.04
2 ,  3 ,  73460 ,  218 ,  21 ,  42.07 ,  0.09 ,  8.63
2 ,  3 ,  73482 ,  218 ,  21 ,  44.39 ,  0.10 ,  9.23
2 ,  3 ,  73503 ,  218 ,  21 ,  46.48 ,  0.12 ,  9.82
2 ,  3 ,  73525 ,  218 ,  21 ,  48.35 ,  0.14 ,  10.32
2 ,  3 ,  73546 ,  218 ,  21 ,  50.00 ,  0.15 ,  10.81
2 ,  3 ,  73568 ,  222 ,  59 ,  51.43 ,  0.16 ,  11.31
2 ,  3 ,  73589 ,  222 ,  59 ,  52.76 ,  0.17 ,  11.71
2 ,  3 ,  73614 ,  222 ,  59 ,  54.19 ,  0.19 ,  12.20
2 ,  3 ,  73635 ,  222 ,  59 ,  55.29 ,  0.20 ,  12.50
2 ,  3 ,  73657 ,  222 ,  59 ,  56.39 ,  0.21 ,  12.90
2 ,  3 ,  73678 ,  237 ,  58 ,  57.38 ,  0.22 ,  13.20
2 ,  3 ,  73700 ,  237 ,  58 ,  58.59 ,  0.22 ,  13.59
2 ,  3 ,  73721 ,  237 ,  58 ,  59.91 ,  0.24 ,  13.99
2 ,  3 ,  73743 ,  237 ,  58 ,  61.46 ,  0.25 ,  14.39
2 ,  3 ,  73764 ,  237 ,  58 ,  62.89 ,  0.27 ,  14.88
2 ,  3 ,  73786 ,  253 ,  39 ,  64.21 ,  0.28 ,  15.28
2 ,  3 ,  73809 ,  253 ,  39 ,  66.08 ,  0.30 ,  15.78
2 ,  3 ,  73831 ,  253 ,  39 ,  68.17 ,  0.32 ,  16.37
2 ,  3 ,  73852 ,  253 ,  39 ,  70.27 ,  0.34 ,  16.97
2 ,  3 ,  73874 ,  253 ,  39 ,  72.25 ,  0.36 ,  17.56
2 ,  3 ,  73895 ,  58 ,  251 ,  74.01 ,  0.38 ,  17.96
2 ,  3 ,  73917 ,  58 ,  251 ,  73.79 ,  0.38 ,  18.26
2 ,  3 ,  73938 ,  58 ,  251 ,  71.59 ,  0.38 ,  18.16
2 ,  3 ,  73960 ,  58 ,  251 ,  67.95 ,  0.36 ,  17.76
2 ,  3 ,  73981 ,  58 ,  251 ,  64.54 ,  0.33 ,  16.97
2 ,  3 ,  74006 ,  66 ,  238 ,  60.57 ,  0.29 ,  16.07
2 ,  3 ,  74028 ,  66 ,  238 ,  57.71 ,  0.26 ,  15.28
2 ,  3 ,  74049 ,  66 ,  238 ,  55.29 ,  0.23 ,  14.49
2 ,  3 ,  74071 ,  66 ,  238 ,  53.20 ,  0.22 ,  13.89
2 ,  3 ,  74092 ,  66 ,  238 ,  51.32 ,  0.20 ,  13.30
2 ,  3 ,  74114 ,  48 ,  243 ,  49.45 ,  0.17 ,  12.70
2 ,  3 ,  74135 ,  48 ,  243 ,  47.69 ,  0.16 ,  12.10
2 ,  3 ,  74157 ,  48 ,  243 ,  46.26 ,  0.14 ,  11.61
2 ,  3 ,  74178 ,  48 ,  243 ,  44.72 ,  0.13 ,  11.11
2 ,  3 ,  74202 ,  48 ,  243 ,  43.17 ,  0.12 ,  10.62
2 ,  3 ,  74223 ,  21 ,  254 ,  41.96 ,  0.10 ,  10.12
2 ,  3 ,  74245 ,  21 ,  254 ,  40.64 ,  0.10 ,  9.72
2 ,  3 ,  74266 ,  21 ,  254 ,  39.21 ,  0.09 ,  9.33
2 ,  3 ,  74288 ,  21 ,  254 ,  37.89 ,  0.08 ,  8.83
2 ,  3 ,  74309 ,  21 ,  254 ,  36.68 ,  0.08 ,  8.43
2 ,  3 ,  74331 ,  241 ,  21 ,  35.47 ,  0.07 ,  8.04
2 ,  3 ,  74352 ,  241 ,  21 ,  35.80 ,  0.07 ,  7.94
2 ,  3 ,  74374 ,  241 ,  21 ,  35.80 ,  0.07 ,  7.94
2 ,  3 ,  74397 ,  241 ,  21 ,  39.10 ,  0.08 ,  8.04
2 ,  3 ,  74419 ,  241 ,  21 ,  43.61 ,  0.10 ,  8.93
2 ,  3 ,  74440 ,  221 ,  0 ,  47.69 ,  0.12 ,  10.02
2 ,  3 ,  74462 ,  221 ,  0 ,  51.10 ,  0.15 ,  11.01
2 ,  3 ,  74483 ,  221 ,  0 ,  53.53 ,  0.17 ,  11.81
2 ,  3 ,  74505 ,  221 ,  0 ,  55.51 ,  0.19 ,  12.50
2 ,  3 ,  74526 ,  221 ,  0 ,  57.16 ,  0.21 ,  13.00
2 ,  3 ,  74548 ,  15 ,  224 ,  58.48 ,  0.22 ,  13.49
2 ,  3 ,  74569 ,  15 ,  224 ,  58.15 ,  0.23 ,  13.59
2 ,  3 ,  74591 ,  15 ,  224 ,  57.82 ,  0.22 ,  13.59
2 ,  3 ,  74614 ,  15 ,  224 ,  57.60 ,  0.23 ,  13.59
2 ,  3 ,  74636 ,  15 ,  224 ,  56.94 ,  0.22 ,  13.59
2 ,  3 ,  74657 ,  51 ,  255 ,  55.95 ,  0.22 ,  13.49
2 ,  3 ,  74679 ,  51 ,  255 ,  54.52 ,  0.21 ,  13.39
2 ,  3 ,  74700 ,  51 ,  255 ,  52.65 ,  0.20 ,  13.00
2 ,  3 ,  74722 ,  51 ,  255 ,  50.55 ,  0.18 ,  12.50
2 ,  3 ,  74743 ,  51 ,  255 ,  48.46 ,  0.16 ,  11.91
2 ,  3 ,  74765 ,  239 ,  40 ,  46.59 ,  0.14 ,  11.31
2 ,  3 ,  74786 ,  239 ,  40 ,  46.70 ,  0.14 ,  11.21
2 ,  3 ,  74811 ,  239 ,  40 ,  46.70 ,  0.14 ,  11.21
2 ,  3 ,  74832 ,  239 ,  40 ,  48.13 ,  0.14 ,  11.21
2 ,  3 ,  74854 ,  239 ,  40 ,  51.10 ,  0.16 ,  11.51
2 ,  3 ,  74875 ,  11 ,  241 ,  54.08 ,  0.18 ,  12.30
2 ,  3 ,  74897 ,  11 ,  241 ,  54.08 ,  0.19 ,  12.60
2 ,  3 ,  74918 ,  11 ,  241 ,  53.75 ,  0.19 ,  12.60
2 ,  3 ,  74940 ,  11 ,  241 ,  52.87 ,  0.19 ,  12.60
2 ,  3 ,  74961 ,  11 ,  241 ,  51.54 ,  0.18 ,  12.40
2 ,  3 ,  74983 ,  67 ,  247 ,  50.33 ,  0.17 ,  12.20
2 ,  3 ,  75006 ,  67 ,  247 ,  48.90 ,  0.16 ,  11.91
2 ,  3 ,  75028 ,  67 ,  247 ,  47.69 ,  0.15 ,  11.51
2 ,  3 ,  75049 ,  67 ,  247 ,  46.37 ,  0.13 ,  11.21
2 ,  3 ,  75071 ,  67 ,  247 ,  45.27 ,  0.12 ,  10.91
2 ,  3 ,  75092 ,  245 ,  14 ,  44.06 ,  0.11 ,  10.52
2 ,  3 ,  75114 ,  245 ,  14 ,  44.28 ,  0.11 ,  10.42
2 ,  3 ,  75136 ,  245 ,  14 ,  44.17 ,  0.11 ,  10.42
2 ,  3 ,  75157 ,  245 ,  14 ,  46.92 ,  0.12 ,  10.52
2 ,  3 ,  75180 ,  245 ,  14 ,  50.66 ,  0.14 ,  11.31
2 ,  3 ,  75203 ,  242 ,  69 ,  54.74 ,  0.18 ,  12.30
2 ,  3 ,  75225 ,  242 ,  69 ,  58.15 ,  0.21 ,  13.20
2 ,  3 ,  75246 ,  242 ,  69 ,  61.01 ,  0.23 ,  14.09
2 ,  3 ,  75268 ,  242 ,  69 ,  63.44 ,  0.26 ,  14.88
2 ,  3 ,  75294 ,  242 ,  69 ,  65.97 ,  0.28 ,  15.58
2 ,  3 ,  75316 ,  234 ,  60 ,  67.62 ,  0.30 ,  16.17
2 ,  3 ,  75337 ,  234 ,  60 ,  68.94 ,  0.32 ,  16.57
2 ,  3 ,  75359 ,  234 ,  60 ,  69.83 ,  0.33 ,  16.87
2 ,  3 ,  75380 ,  234 ,  60 ,  70.60 ,  0.34 ,  17.16
2 ,  3 ,  75400 ,  234 ,  60 ,  71.37 ,  0.35 ,  17.36
2 ,  3 ,  75421 ,  255 ,  33 ,  71.92 ,  0.36 ,  17.56
2 ,  3 ,  75444 ,  255 ,  33 ,  72.91 ,  0.37 ,  17.76
2 ,  3 ,  75465 ,  255 ,  33 ,  74.23 ,  0.38 ,  18.06
2 ,  3 ,  75487 ,  255 ,  33 ,  75.77 ,  0.39 ,  18.45
2 ,  3 ,  75508 ,  255 ,  33 ,  77.09 ,  0.41 ,  18.85
2 ,  3 ,  75530 ,  0 ,  235 ,  78.41 ,  0.42 ,  19.15
2 ,  3 ,  75551 ,  0 ,  235 ,  78.08 ,  0.42 ,  19.35
2 ,  3 ,  75572 ,  0 ,  235 ,  76.21 ,  0.42 ,  19.25
2 ,  3 ,  75593 ,  0 ,  235 ,  73.35 ,  0.40 ,  18.95
2 ,  3 ,  75618 ,  0 ,  235 ,  70.27 ,  0.38 ,  18.45
2 ,  3 ,  75639 ,  65 ,  224 ,  67.51 ,  0.36 ,  17.86
2 ,  3 ,  75661 ,  65 ,  224 ,  65.31 ,  0.34 ,  17.36
2 ,  3 ,  75682 ,  65 ,  224 ,  63.44 ,  0.32 ,  16.87
2 ,  3 ,  75704 ,  65 ,  224 ,  61.68 ,  0.30 ,  16.47
2 ,  3 ,  75725 ,  65 ,  224 ,  60.13 ,  0.28 ,  15.97
2 ,  3 ,  75747 ,  53 ,  255 ,  58.81 ,  0.27 ,  15.58
2 ,  3 ,  75768 ,  53 ,  255 ,  57.05 ,  0.25 ,  15.18
2 ,  3 ,  75790 ,  53 ,  255 ,  54.85 ,  0.23 ,  14.59
2 ,  3 ,  75813 ,  53 ,  255 ,  52.54 ,  0.21 ,  13.79
2 ,  3 ,  75835 ,  53 ,  255 ,  50.33 ,  0.19 ,  13.20
2 ,  3 ,  75856 ,  53 ,  234 ,  48.35 ,  0.17 ,  12.50
2 ,  3 ,  75878 ,  53 ,  234 ,  46.92 ,  0.15 ,  11.91
2 ,  3 ,  75899 ,  53 ,  234 ,  45.71 ,  0.14 ,  11.51
2 ,  3 ,  75921 ,  53 ,  234 ,  44.50 ,  0.13 ,  11.11
2 ,  3 ,  75942 ,  53 ,  234 ,  43.61 ,  0.12 ,  10.81
2 ,  3 ,  75964 ,  222 ,  55 ,  42.62 ,  0.11 ,  10.42
2 ,  3 ,  75985 ,  222 ,  55 ,  42.84 ,  0.11 ,  10.32
2 ,  3 ,  76009 ,  222 ,  55 ,  42.84 ,  0.11 ,  10.32
2 ,  3 ,  76032 ,  222 ,  55 ,  43.50 ,  0.10 ,  10.22
2 ,  3 ,  76053 ,  222 ,  55 ,  45.27 ,  0.11 ,  10.32
2 ,  3 ,  76075 ,  243 ,  79 ,  47.36 ,  0.12 ,  10.72
2 ,  3 ,  76096 ,  243 ,  79 ,  50.11 ,  0.14 ,  11.31
2 ,  3 ,  76118 ,  243 ,  79 ,  53.31 ,  0.16 ,  12.10
2 ,  3 ,  76139 ,  243 ,  79 ,  56.50 ,  0.19 ,  13.00
2 ,  3 ,  76161 ,  243 ,  79 ,  59.47 ,  0.21 ,  13.89
2 ,  3 ,  76182 ,  223 ,  55 ,  62.12 ,  0.24 ,  14.68
2 ,  3 ,  76206 ,  223 ,  55 ,  63.99 ,  0.26 ,  15.28
2 ,  3 ,  76227 ,  223 ,  55 ,  65.09 ,  0.27 ,  15.68
2 ,  3 ,  76249 ,  223 ,  55 ,  65.75 ,  0.28 ,  15.97
2 ,  3 ,  76270 ,  223 ,  55 ,  66.63 ,  0.29 ,  16.17
2 ,  3 ,  76292 ,  235 ,  3 ,  67.29 ,  0.30 ,  16.37
2 ,  3 ,  76313 ,  235 ,  3 ,  68.06 ,  0.31 ,  16.67
2 ,  3 ,  76335 ,  235 ,  3 ,  68.94 ,  0.32 ,  16.87
2 ,  3 ,  76356 ,  235 ,  3 ,  69.83 ,  0.33 ,  17.16
2 ,  3 ,  76378 ,  235 ,  3 ,  70.60 ,  0.33 ,  17.36
2 ,  3 ,  76401 ,  240 ,  29 ,  71.37 ,  0.34 ,  17.56
2 ,  3 ,  76423 ,  240 ,  29 ,  72.25 ,  0.35 ,  17.76
2 ,  3 ,  76444 ,  240 ,  29 ,  73.02 ,  0.36 ,  17.96
2 ,  3 ,  76466 ,  240 ,  29 ,  73.79 ,  0.37 ,  18.16
2 ,  3 ,  76487 ,  240 ,  29 ,  74.56 ,  0.38 ,  18.45
2 ,  3 ,  76509 ,  63 ,  238 ,  75.22 ,  0.39 ,  18.55
2 ,  3 ,  76530 ,  63 ,  238 ,  75.00 ,  0.39 ,  18.65
2 ,  3 ,  76552 ,  63 ,  238 ,  73.13 ,  0.38 ,  18.65
2 ,  3 ,  76573 ,  63 ,  238 ,  70.82 ,  0.37 ,  18.26
2 ,  3 ,  76597 ,  63 ,  238 ,  67.95 ,  0.35 ,  17.86
2 ,  3 ,  76618 ,  4 ,  246 ,  65.09 ,  0.33 ,  17.26
2 ,  3 ,  76640 ,  4 ,  246 ,  62.45 ,  0.30 ,  16.67
2 ,  3 ,  76661 ,  4 ,  246 ,  59.91 ,  0.27 ,  15.97
2 ,  3 ,  76683 ,  4 ,  246 ,  57.60 ,  0.25 ,  15.38
2 ,  3 ,  76704 ,  4 ,  246 ,  55.18 ,  0.23 ,  14.68
2 ,  3 ,  76726 ,  2 ,  255 ,  53.20 ,  0.21 ,  14.09
2 ,  3 ,  76747 ,  2 ,  255 ,  51.32 ,  0.19 ,  13.49
2 ,  3 ,  76769 ,  2 ,  255 ,  49.34 ,  0.17 ,  12.90
2 ,  3 ,  76790 ,  2 ,  255 ,  47.47 ,  0.15 ,  12.30
2 ,  3 ,  76815 ,  2 ,  255 ,  45.60 ,  0.13 ,  11.61
2 ,  3 ,  76836 ,  43 ,  241 ,  44.06 ,  0.12 ,  11.11
2 ,  3 ,  76858 ,  43 ,  241 ,  42.62 ,  0.11 ,  10.62
2 ,  3 ,  76879 ,  43 ,  241 ,  41.52 ,  0.10 ,  10.22
2 ,  3 ,  76901 ,  43 ,  241 ,  40.53 ,  0.10 ,  9.82
2 ,  3 ,  76922 ,  43 ,  241 ,  39.65 ,  0.09 ,  9.53
2 ,  3 ,  76944 ,  217 ,  43 ,  38.77 ,  0.09 ,  9.23
2 ,  3 ,  76964 ,  217 ,  43 ,  38.99 ,  0.09 ,  9.13
2 ,  3 ,  76986 ,  217 ,  43 ,  38.99 ,  0.08 ,  9.03
2 ,  3 ,  77010 ,  217 ,  43 ,  39.65 ,  0.08 ,  9.03
2 ,  3 ,  77032 ,  217 ,  43 ,  41.30 ,  0.08 ,  9.13
2 ,  3 ,  77053 ,  218 ,  14 ,  43.50 ,  0.09 ,  9.43
2 ,  3 ,  77075 ,  218 ,  14 ,  45.38 ,  0.10 ,  9.92
2 ,  3 ,  77096 ,  218 ,  14 ,  47.36 ,  0.12 ,  10.32
2 ,  3 ,  77118 ,  218 ,  14 ,  49.01 ,  0.14 ,  10.81
2 ,  3 ,  77139 ,  218 ,  14 ,  50.44 ,  0.14 ,  11.31
2 ,  3 ,  77161 ,  232 ,  39 ,  51.87 ,  0.15 ,  11.61
2 ,  3 ,  77182 ,  232 ,  39 ,  53.31 ,  0.17 ,  12.10
2 ,  3 ,  77206 ,  232 ,  39 ,  55.29 ,  0.18 ,  12.70
2 ,  3 ,  77228 ,  232 ,  39 ,  57.05 ,  0.20 ,  13.20
2 ,  3 ,  77249 ,  232 ,  39 ,  58.70 ,  0.21 ,  13.59
2 ,  3 ,  77272 ,  69 ,  230 ,  60.13 ,  0.22 ,  14.19
2 ,  3 ,  77293 ,  69 ,  230 ,  59.91 ,  0.23 ,  14.29
2 ,  3 ,  77315 ,  69 ,  230 ,  59.69 ,  0.23 ,  14.29
2 ,  3 ,  77336 ,  69 ,  230 ,  58.92 ,  0.23 ,  14.29
2 ,  3 ,  77358 ,  69 ,  230 ,  57.71 ,  0.22 ,  14.19
2 ,  3 ,  77379 ,  2 ,  225 ,  56.50 ,  0.21 ,  14.09
2 ,  3 ,  77403 ,  2 ,  225 ,  55.40 ,  0.21 ,  13.89
2 ,  3 ,  77424 ,  2 ,  225 ,  54.52 ,  0.20 ,  13.59
2 ,  3 ,  77446 ,  2 ,  225 ,  53.75 ,  0.20 ,  13.49
2 ,  3 ,  77467 ,  2 ,  225 ,  53.09 ,  0.19 ,  13.30
2 ,  3 ,  77489 ,  233 ,  52 ,  52.31 ,  0.18 ,  13.10
2 ,  3 ,  77510 ,  233 ,  52 ,  52.42 ,  0.18 ,  13.00
2 ,  3 ,  77532 ,  233 ,  52 ,  52.31 ,  0.18 ,  13.00
2 ,  3 ,  77553 ,  233 ,  52 ,  52.31 ,  0.18 ,  13.00
2 ,  3 ,  77575 ,  233 ,  52 ,  53.97 ,  0.19 ,  13.00
2 ,  3 ,  77596 ,  53 ,  237 ,  56.06 ,  0.20 ,  13.20
2 ,  3 ,  77620 ,  53 ,  237 ,  56.06 ,  0.20 ,  13.49
2 ,  3 ,  77641 ,  53 ,  237 ,  55.84 ,  0.20 ,  13.49
2 ,  3 ,  77663 ,  53 ,  237 ,  54.96 ,  0.20 ,  13.39
2 ,  3 ,  77684 ,  53 ,  237 ,  53.75 ,  0.19 ,  13.30
2 ,  3 ,  77706 ,  53 ,  255 ,  52.65 ,  0.18 ,  13.10
2 ,  3 ,  77727 ,  53 ,  255 ,  51.10 ,  0.17 ,  12.90
2 ,  3 ,  77749 ,  53 ,  255 ,  49.34 ,  0.16 ,  12.40
2 ,  3 ,  77770 ,  53 ,  255 ,  47.58 ,  0.14 ,  11.91
2 ,  3 ,  77792 ,  53 ,  255 ,  45.82 ,  0.13 ,  11.41
2 ,  3 ,  77815 ,  232 ,  40 ,  44.06 ,  0.12 ,  10.81
2 ,  3 ,  77837 ,  232 ,  40 ,  44.28 ,  0.11 ,  10.62
2 ,  3 ,  77858 ,  232 ,  40 ,  44.28 ,  0.11 ,  10.62
2 ,  3 ,  77880 ,  232 ,  40 ,  45.60 ,  0.11 ,  10.62
2 ,  3 ,  77901 ,  232 ,  40 ,  48.13 ,  0.13 ,  10.91
2 ,  3 ,  77924 ,  239 ,  42 ,  50.77 ,  0.14 ,  11.51
2 ,  3 ,  77945 ,  239 ,  42 ,  53.53 ,  0.17 ,  12.20
2 ,  3 ,  77967 ,  239 ,  42 ,  56.28 ,  0.19 ,  13.00
2 ,  3 ,  77988 ,  239 ,  42 ,  58.81 ,  0.22 ,  13.69
2 ,  3 ,  78012 ,  239 ,  42 ,  61.35 ,  0.23 ,  14.39
2 ,  3 ,  78033 ,  224 ,  29 ,  63.33 ,  0.25 ,  14.98
2 ,  3 ,  78055 ,  224 ,  29 ,  64.54 ,  0.27 ,  15.48
2 ,  3 ,  78076 ,  224 ,  29 ,  65.53 ,  0.28 ,  15.78
2 ,  3 ,  78098 ,  224 ,  29 ,  66.19 ,  0.29 ,  15.97
2 ,  3 ,  78119 ,  224 ,  29 ,  66.74 ,  0.29 ,  16.17
2 ,  3 ,  78141 ,  233 ,  18 ,  67.40 ,  0.30 ,  16.37
2 ,  3 ,  78162 ,  233 ,  18 ,  68.06 ,  0.31 ,  16.57
2 ,  3 ,  78184 ,  233 ,  18 ,  68.72 ,  0.32 ,  16.77
2 ,  3 ,  78208 ,  233 ,  18 ,  69.60 ,  0.33 ,  16.97
2 ,  3 ,  78229 ,  233 ,  18 ,  70.27 ,  0.33 ,  17.16
2 ,  3 ,  78251 ,  42 ,  236 ,  70.82 ,  0.34 ,  17.36
2 ,  3 ,  78272 ,  42 ,  236 ,  70.71 ,  0.34 ,  17.46
2 ,  3 ,  78294 ,  42 ,  236 ,  69.49 ,  0.34 ,  17.46
2 ,  3 ,  78315 ,  42 ,  236 ,  67.51 ,  0.33 ,  17.26
2 ,  3 ,  78337 ,  42 ,  236 ,  65.31 ,  0.31 ,  16.97
2 ,  3 ,  78358 ,  230 ,  38 ,  63.11 ,  0.29 ,  16.47
2 ,  3 ,  78380 ,  230 ,  38 ,  63.11 ,  0.29 ,  16.27
2 ,  3 ,  78404 ,  230 ,  38 ,  63.00 ,  0.29 ,  16.27
2 ,  3 ,  78426 ,  230 ,  38 ,  62.89 ,  0.28 ,  16.27
2 ,  3 ,  78447 ,  230 ,  38 ,  63.00 ,  0.28 ,  16.27
2 ,  3 ,  78469 ,  230 ,  21 ,  63.77 ,  0.29 ,  16.27
2 ,  3 ,  78490 ,  230 ,  21 ,  64.54 ,  0.29 ,  16.27
2 ,  3 ,  78512 ,  230 ,  21 ,  65.53 ,  0.30 ,  16.37
2 ,  3 ,  78533 ,  230 ,  21 ,  66.30 ,  0.30 ,  16.47
2 ,  3 ,  78555 ,  230 ,  21 ,  66.96 ,  0.31 ,  16.67
2 ,  3 ,  78576 ,  0 ,  227 ,  67.62 ,  0.31 ,  16.77
2 ,  3 ,  78600 ,  0 ,  227 ,  67.40 ,  0.32 ,  16.87
2 ,  3 ,  78621 ,  0 ,  227 ,  66.85 ,  0.31 ,  16.87
2 ,  3 ,  78643 ,  0 ,  227 ,  65.53 ,  0.31 ,  16.77
2 ,  3 ,  78664 ,  0 ,  227 ,  63.99 ,  0.30 ,  16.67
2 ,  3 ,  78686 ,  28 ,  238 ,  62.56 ,  0.29 ,  16.37
2 ,  3 ,  78707 ,  28 ,  238 ,  61.01 ,  0.27 ,  16.07
2 ,  3 ,  78730 ,  28 ,  238 ,  59.25 ,  0.26 ,  15.68
2 ,  3 ,  78751 ,  28 ,  238 ,  57.71 ,  0.25 ,  15.18
2 ,  3 ,  78773 ,  28 ,  238 ,  56.17 ,  0.23 ,  14.78
2 ,  3 ,  78796 ,  217 ,  62 ,  54.74 ,  0.22 ,  14.39
2 ,  3 ,  78818 ,  217 ,  62 ,  54.74 ,  0.21 ,  14.19
2 ,  3 ,  78839 ,  217 ,  62 ,  54.74 ,  0.22 ,  14.19
2 ,  3 ,  78861 ,  217 ,  62 ,  54.74 ,  0.21 ,  14.19
2 ,  3 ,  78883 ,  217 ,  62 ,  54.85 ,  0.21 ,  14.19
2 ,  3 ,  78905 ,  217 ,  65 ,  55.18 ,  0.21 ,  14.09
2 ,  3 ,  78926 ,  217 ,  65 ,  55.95 ,  0.21 ,  14.09
2 ,  3 ,  78948 ,  217 ,  65 ,  56.72 ,  0.21 ,  14.19
2 ,  3 ,  78969 ,  217 ,  65 ,  57.49 ,  0.22 ,  14.19
2 ,  3 ,  78991 ,  217 ,  65 ,  58.04 ,  0.22 ,  14.39
2 ,  3 ,  79015 ,  255 ,  86 ,  58.59 ,  0.23 ,  14.49
2 ,  3 ,  79037 ,  255 ,  86 ,  60.24 ,  0.24 ,  14.78
2 ,  3 ,  79058 ,  255 ,  86 ,  63.22 ,  0.27 ,  15.38
2 ,  3 ,  79080 ,  255 ,  86 ,  66.41 ,  0.29 ,  16.17
2 ,  3 ,  79101 ,  255 ,  86 ,  69.60 ,  0.31 ,  16.97
2 ,  3 ,  79123 ,  228 ,  22 ,  72.25 ,  0.34 ,  17.66
2 ,  3 ,  79144 ,  228 ,  22 ,  73.90 ,  0.36 ,  18.06
2 ,  3 ,  79166 ,  228 ,  22 ,  74.67 ,  0.37 ,  18.36
2 ,  3 ,  79187 ,  228 ,  22 ,  75.22 ,  0.38 ,  18.55
2 ,  3 ,  79219 ,  228 ,  22 ,  75.88 ,  0.39 ,  18.75
2 ,  3 ,  79241 ,  42 ,  247 ,  76.32 ,  0.39 ,  18.85
2 ,  3 ,  79263 ,  42 ,  247 ,  76.10 ,  0.40 ,  18.95
2 ,  3 ,  79285 ,  42 ,  247 ,  73.57 ,  0.39 ,  18.85
2 ,  3 ,  79306 ,  42 ,  247 ,  70.27 ,  0.37 ,  18.45
2 ,  3 ,  79328 ,  42 ,  247 ,  66.85 ,  0.34 ,  17.66
2 ,  3 ,  79350 ,  28 ,  249 ,  63.44 ,  0.30 ,  16.97
2 ,  3 ,  79377 ,  28 ,  249 ,  59.58 ,  0.28 ,  16.07
2 ,  3 ,  79398 ,  28 ,  249 ,  56.72 ,  0.24 ,  15.28
2 ,  3 ,  79422 ,  28 ,  249 ,  53.97 ,  0.22 ,  14.49
2 ,  3 ,  79443 ,  28 ,  249 ,  51.87 ,  0.20 ,  13.79
2 ,  3 ,  79465 ,  8 ,  229 ,  49.78 ,  0.18 ,  13.20
2 ,  3 ,  79486 ,  8 ,  229 ,  48.24 ,  0.16 ,  12.60
2 ,  3 ,  79508 ,  8 ,  229 ,  47.03 ,  0.15 ,  12.20
2 ,  3 ,  79529 ,  8 ,  229 ,  46.04 ,  0.13 ,  11.81
2 ,  3 ,  79551 ,  8 ,  229 ,  45.05 ,  0.13 ,  11.41
2 ,  3 ,  79572 ,  48 ,  243 ,  44.17 ,  0.12 ,  11.11
2 ,  3 ,  79594 ,  48 ,  243 ,  43.17 ,  0.11 ,  10.81
2 ,  3 ,  79619 ,  48 ,  243 ,  42.07 ,  0.10 ,  10.42
2 ,  3 ,  79640 ,  48 ,  243 ,  40.97 ,  0.09 ,  10.02
2 ,  3 ,  79662 ,  48 ,  243 ,  39.98 ,  0.09 ,  9.72
2 ,  3 ,  79683 ,  17 ,  243 ,  39.10 ,  0.09 ,  9.43
2 ,  3 ,  79705 ,  17 ,  243 ,  38.22 ,  0.08 ,  9.13
2 ,  3 ,  79726 ,  17 ,  243 ,  37.45 ,  0.08 ,  8.83
2 ,  3 ,  79748 ,  17 ,  243 ,  36.68 ,  0.07 ,  8.53
2 ,  3 ,  79769 ,  17 ,  243 ,  35.80 ,  0.07 ,  8.33
2 ,  3 ,  79791 ,  222 ,  0 ,  35.13 ,  0.07 ,  8.04
2 ,  3 ,  79814 ,  222 ,  0 ,  35.47 ,  0.07 ,  7.94
2 ,  3 ,  79836 ,  222 ,  0 ,  35.47 ,  0.06 ,  7.94
2 ,  3 ,  79857 ,  222 ,  0 ,  36.79 ,  0.07 ,  7.94
2 ,  3 ,  79879 ,  222 ,  0 ,  39.65 ,  0.07 ,  8.14
2 ,  3 ,  79900 ,  242 ,  21 ,  42.29 ,  0.09 ,  8.83
2 ,  3 ,  79922 ,  242 ,  21 ,  45.60 ,  0.10 ,  9.53
2 ,  3 ,  79943 ,  242 ,  21 ,  49.23 ,  0.13 ,  10.52
2 ,  3 ,  79965 ,  242 ,  21 ,  52.76 ,  0.16 ,  11.61
2 ,  3 ,  79986 ,  242 ,  21 ,  56.06 ,  0.18 ,  12.60
2 ,  3 ,  80008 ,  223 ,  38 ,  58.81 ,  0.21 ,  13.49
2 ,  3 ,  80031 ,  223 ,  38 ,  61.01 ,  0.23 ,  14.29
2 ,  3 ,  80053 ,  223 ,  38 ,  62.23 ,  0.25 ,  14.68
2 ,  3 ,  80074 ,  223 ,  38 ,  63.22 ,  0.26 ,  15.08
2 ,  3 ,  80096 ,  223 ,  38 ,  63.99 ,  0.27 ,  15.28
2 ,  3 ,  80117 ,  236 ,  44 ,  64.76 ,  0.28 ,  15.58
2 ,  3 ,  80139 ,  236 ,  44 ,  65.75 ,  0.29 ,  15.78
2 ,  3 ,  80160 ,  236 ,  44 ,  66.74 ,  0.30 ,  16.17
2 ,  3 ,  80182 ,  236 ,  44 ,  67.73 ,  0.31 ,  16.47
2 ,  3 ,  80203 ,  236 ,  44 ,  68.61 ,  0.33 ,  16.67
2 ,  3 ,  80227 ,  224 ,  15 ,  69.60 ,  0.33 ,  16.97
2 ,  3 ,  80248 ,  224 ,  15 ,  70.16 ,  0.34 ,  17.16
2 ,  3 ,  80271 ,  224 ,  15 ,  70.60 ,  0.34 ,  17.36
2 ,  3 ,  80292 ,  224 ,  15 ,  71.04 ,  0.36 ,  17.46
2 ,  3 ,  80314 ,  224 ,  15 ,  71.26 ,  0.36 ,  17.56
2 ,  3 ,  80335 ,  16 ,  238 ,  71.70 ,  0.36 ,  17.66
2 ,  3 ,  80357 ,  16 ,  238 ,  71.48 ,  0.36 ,  17.76
2 ,  3 ,  80378 ,  16 ,  238 ,  70.27 ,  0.36 ,  17.76
2 ,  3 ,  80400 ,  16 ,  238 ,  67.84 ,  0.35 ,  17.46
2 ,  3 ,  80423 ,  16 ,  238 ,  65.20 ,  0.33 ,  17.07
2 ,  3 ,  80445 ,  248 ,  10 ,  63.00 ,  0.30 ,  16.57
2 ,  3 ,  80466 ,  248 ,  10 ,  62.89 ,  0.30 ,  16.37
2 ,  3 ,  80488 ,  248 ,  10 ,  62.78 ,  0.30 ,  16.37
2 ,  3 ,  80509 ,  248 ,  10 ,  62.78 ,  0.29 ,  16.37
2 ,  3 ,  80531 ,  248 ,  10 ,  64.76 ,  0.30 ,  16.37
2 ,  3 ,  80552 ,  235 ,  19 ,  66.96 ,  0.32 ,  16.67
2 ,  3 ,  80574 ,  235 ,  19 ,  68.83 ,  0.33 ,  17.07
2 ,  3 ,  80595 ,  235 ,  19 ,  70.38 ,  0.35 ,  17.46
2 ,  3 ,  80619 ,  235 ,  19 ,  71.70 ,  0.36 ,  17.76
2 ,  3 ,  80641 ,  235 ,  19 ,  72.69 ,  0.37 ,  17.96
2 ,  3 ,  80662 ,  244 ,  33 ,  73.46 ,  0.38 ,  18.26
2 ,  3 ,  80684 ,  244 ,  33 ,  74.45 ,  0.38 ,  18.45
2 ,  3 ,  80706 ,  244 ,  33 ,  75.33 ,  0.40 ,  18.65
2 ,  3 ,  80728 ,  244 ,  33 ,  76.21 ,  0.40 ,  18.85
2 ,  3 ,  80749 ,  244 ,  33 ,  76.98 ,  0.41 ,  19.05
2 ,  3 ,  80771 ,  238 ,  26 ,  77.75 ,  0.42 ,  19.25
2 ,  3 ,  80792 ,  238 ,  26 ,  78.30 ,  0.43 ,  19.35
2 ,  3 ,  80816 ,  238 ,  26 ,  78.75 ,  0.43 ,  19.55
2 ,  3 ,  80837 ,  238 ,  26 ,  79.19 ,  0.43 ,  19.65
2 ,  3 ,  80859 ,  238 ,  26 ,  79.52 ,  0.43 ,  19.74
2 ,  3 ,  80880 ,  41 ,  226 ,  79.85 ,  0.43 ,  19.84
2 ,  3 ,  80902 ,  41 ,  226 ,  79.63 ,  0.44 ,  19.84
2 ,  3 ,  80923 ,  41 ,  226 ,  78.19 ,  0.44 ,  19.84
2 ,  3 ,  80945 ,  41 ,  226 ,  75.88 ,  0.43 ,  19.55
2 ,  3 ,  80966 ,  41 ,  226 ,  73.57 ,  0.41 ,  19.35
2 ,  3 ,  80988 ,  240 ,  62 ,  71.26 ,  0.40 ,  18.85
2 ,  3 ,  81011 ,  240 ,  62 ,  70.93 ,  0.39 ,  18.75
2 ,  3 ,  81033 ,  240 ,  62 ,  70.93 ,  0.39 ,  18.75
2 ,  3 ,  81054 ,  240 ,  62 ,  70.82 ,  0.39 ,  18.75
2 ,  3 ,  81076 ,  240 ,  62 ,  70.93 ,  0.39 ,  18.65
2 ,  3 ,  81097 ,  23 ,  255 ,  71.70 ,  0.39 ,  18.65
2 ,  3 ,  81120 ,  23 ,  255 ,  71.59 ,  0.39 ,  18.65
2 ,  3 ,  81141 ,  23 ,  255 ,  69.60 ,  0.38 ,  18.55
2 ,  3 ,  81163 ,  23 ,  255 ,  66.52 ,  0.36 ,  17.96
2 ,  3 ,  81184 ,  23 ,  255 ,  63.00 ,  0.33 ,  17.16
2 ,  3 ,  81206 ,  45 ,  216 ,  59.58 ,  0.29 ,  16.37
2 ,  3 ,  81229 ,  45 ,  216 ,  57.05 ,  0.26 ,  15.58
2 ,  3 ,  81251 ,  45 ,  216 ,  55.51 ,  0.24 ,  15.08
2 ,  3 ,  81272 ,  45 ,  216 ,  54.19 ,  0.23 ,  14.59
2 ,  3 ,  81294 ,  45 ,  216 ,  52.87 ,  0.22 ,  14.19
2 ,  3 ,  81315 ,  80 ,  242 ,  51.87 ,  0.20 ,  13.89
2 ,  3 ,  81338 ,  80 ,  242 ,  50.44 ,  0.19 ,  13.39
2 ,  3 ,  81359 ,  80 ,  242 ,  49.01 ,  0.17 ,  13.00
2 ,  3 ,  81381 ,  80 ,  242 ,  47.58 ,  0.16 ,  12.40
2 ,  3 ,  81402 ,  80 ,  242 ,  46.26 ,  0.14 ,  12.01
2 ,  3 ,  81426 ,  21 ,  244 ,  44.83 ,  0.13 ,  11.41
2 ,  3 ,  81447 ,  21 ,  244 ,  43.50 ,  0.12 ,  11.11
2 ,  3 ,  81469 ,  21 ,  244 ,  42.40 ,  0.11 ,  10.52
2 ,  3 ,  81490 ,  21 ,  244 ,  41.30 ,  0.10 ,  10.22
2 ,  3 ,  81512 ,  21 ,  244 ,  40.20 ,  0.10 ,  9.82
2 ,  3 ,  81533 ,  252 ,  49 ,  39.21 ,  0.09 ,  9.53
2 ,  3 ,  81555 ,  252 ,  49 ,  39.43 ,  0.09 ,  9.43
2 ,  3 ,  81576 ,  252 ,  49 ,  39.54 ,  0.08 ,  9.33
2 ,  3 ,  81598 ,  252 ,  49 ,  43.61 ,  0.10 ,  9.43
2 ,  3 ,  81622 ,  252 ,  49 ,  48.57 ,  0.13 ,  10.72
2 ,  3 ,  81643 ,  5 ,  251 ,  53.42 ,  0.16 ,  12.10
2 ,  3 ,  81665 ,  5 ,  251 ,  53.64 ,  0.18 ,  12.70
2 ,  3 ,  81686 ,  5 ,  251 ,  52.76 ,  0.18 ,  12.70
2 ,  3 ,  81708 ,  5 ,  251 ,  51.65 ,  0.17 ,  12.60
2 ,  3 ,  81729 ,  5 ,  251 ,  49.89 ,  0.15 ,  12.30
2 ,  3 ,  81751 ,  73 ,  230 ,  48.24 ,  0.15 ,  11.91
2 ,  3 ,  81772 ,  73 ,  230 ,  46.92 ,  0.13 ,  11.51
2 ,  3 ,  81794 ,  73 ,  230 ,  45.93 ,  0.12 ,  11.21
2 ,  3 ,  81818 ,  73 ,  230 ,  44.94 ,  0.11 ,  10.91
2 ,  3 ,  81840 ,  73 ,  230 ,  44.17 ,  0.11 ,  10.72
2 ,  3 ,  81861 ,  211 ,  0 ,  43.39 ,  0.10 ,  10.52
2 ,  3 ,  81883 ,  211 ,  0 ,  43.61 ,  0.10 ,  10.42
2 ,  3 ,  81904 ,  211 ,  0 ,  43.50 ,  0.10 ,  10.42
2 ,  3 ,  81926 ,  211 ,  0 ,  43.61 ,  0.10 ,  10.42
2 ,  3 ,  81947 ,  211 ,  0 ,  44.28 ,  0.10 ,  10.32
2 ,  3 ,  81969 ,  242 ,  30 ,  45.38 ,  0.11 ,  10.42
2 ,  3 ,  81990 ,  242 ,  30 ,  47.58 ,  0.12 ,  10.72
2 ,  3 ,  82014 ,  242 ,  30 ,  50.77 ,  0.14 ,  11.41
2 ,  3 ,  82035 ,  242 ,  30 ,  54.41 ,  0.17 ,  12.40
2 ,  3 ,  82057 ,  242 ,  30 ,  57.49 ,  0.20 ,  13.30
2 ,  3 ,  82078 ,  255 ,  10 ,  60.24 ,  0.22 ,  14.09
2 ,  3 ,  82100 ,  255 ,  10 ,  62.89 ,  0.24 ,  14.88
2 ,  3 ,  82121 ,  255 ,  10 ,  65.75 ,  0.27 ,  15.68
2 ,  3 ,  82143 ,  255 ,  10 ,  68.39 ,  0.30 ,  16.37
2 ,  3 ,  82164 ,  255 ,  10 ,  70.71 ,  0.32 ,  17.16
2 ,  3 ,  82186 ,  207 ,  5 ,  72.80 ,  0.35 ,  17.66
2 ,  3 ,  82207 ,  207 ,  5 ,  73.46 ,  0.36 ,  18.06
2 ,  3 ,  82231 ,  207 ,  5 ,  73.35 ,  0.36 ,  18.06
2 ,  3 ,  82252 ,  207 ,  5 ,  73.13 ,  0.36 ,  18.06
2 ,  3 ,  82274 ,  207 ,  5 ,  72.91 ,  0.36 ,  18.16
2 ,  3 ,  82295 ,  236 ,  79 ,  72.80 ,  0.36 ,  18.16
2 ,  3 ,  82318 ,  236 ,  79 ,  72.80 ,  0.36 ,  18.16
2 ,  3 ,  82339 ,  236 ,  79 ,  73.24 ,  0.37 ,  18.26
2 ,  3 ,  82361 ,  236 ,  79 ,  73.90 ,  0.38 ,  18.36
2 ,  3 ,  82382 ,  236 ,  79 ,  74.45 ,  0.38 ,  18.55
2 ,  3 ,  82404 ,  246 ,  42 ,  75.11 ,  0.39 ,  18.65
2 ,  3 ,  82427 ,  246 ,  42 ,  75.99 ,  0.40 ,  18.85
2 ,  3 ,  82449 ,  246 ,  42 ,  76.98 ,  0.41 ,  19.05
2 ,  3 ,  82470 ,  246 ,  42 ,  77.97 ,  0.41 ,  19.35
2 ,  3 ,  82492 ,  246 ,  42 ,  78.86 ,  0.42 ,  19.55
2 ,  3 ,  82513 ,  246 ,  64 ,  79.63 ,  0.43 ,  19.74
2 ,  3 ,  82535 ,  246 ,  64 ,  80.40 ,  0.43 ,  19.84
2 ,  3 ,  82556 ,  246 ,  64 ,  81.06 ,  0.44 ,  20.04
2 ,  3 ,  82578 ,  246 ,  64 ,  81.72 ,  0.44 ,  20.24
2 ,  3 ,  82599 ,  246 ,  64 ,  82.16 ,  0.45 ,  20.34
2 ,  3 ,  82623 ,  241 ,  44 ,  82.82 ,  0.45 ,  20.44
2 ,  3 ,  82644 ,  241 ,  44 ,  83.26 ,  0.45 ,  20.54
2 ,  3 ,  82666 ,  241 ,  44 ,  83.59 ,  0.46 ,  20.64
2 ,  3 ,  82688 ,  241 ,  44 ,  84.03 ,  0.46 ,  20.74
2 ,  3 ,  82710 ,  241 ,  44 ,  84.25 ,  0.46 ,  20.84
2 ,  3 ,  82732 ,  255 ,  28 ,  84.58 ,  0.46 ,  20.94
2 ,  3 ,  82753 ,  255 ,  28 ,  85.02 ,  0.47 ,  20.94
2 ,  3 ,  82775 ,  255 ,  28 ,  85.68 ,  0.47 ,  21.13
2 ,  3 ,  82796 ,  255 ,  28 ,  86.23 ,  0.47 ,  21.23
2 ,  3 ,  82820 ,  255 ,  28 ,  87.00 ,  0.48 ,  21.33
2 ,  3 ,  82841 ,  210 ,  49 ,  87.56 ,  0.48 ,  21.43
2 ,  3 ,  82863 ,  210 ,  49 ,  87.67 ,  0.48 ,  21.53
2 ,  3 ,  82884 ,  210 ,  49 ,  87.34 ,  0.48 ,  21.53
2 ,  3 ,  82906 ,  210 ,  49 ,  87.12 ,  0.48 ,  21.53
2 ,  3 ,  82927 ,  210 ,  49 ,  86.89 ,  0.48 ,  21.53
2 ,  3 ,  82949 ,  47 ,  243 ,  86.56 ,  0.48 ,  21.53
2 ,  3 ,  82970 ,  47 ,  243 ,  85.13 ,  0.48 ,  21.53
2 ,  3 ,  82992 ,  47 ,  243 ,  83.04 ,  0.47 ,  21.33
2 ,  3 ,  83016 ,  47 ,  243 ,  78.30 ,  0.46 ,  20.74
2 ,  3 ,  83038 ,  47 ,  243 ,  74.01 ,  0.44 ,  20.24
2 ,  3 ,  83059 ,  72 ,  238 ,  70.16 ,  0.41 ,  19.35
2 ,  3 ,  83081 ,  72 ,  238 ,  66.74 ,  0.37 ,  18.55
2 ,  3 ,  83102 ,  72 ,  238 ,  63.77 ,  0.34 ,  17.76
2 ,  3 ,  83124 ,  72 ,  238 ,  61.13 ,  0.32 ,  17.07
2 ,  3 ,  83145 ,  72 ,  238 ,  58.59 ,  0.29 ,  16.37
2 ,  3 ,  83167 ,  5 ,  255 ,  56.50 ,  0.26 ,  15.68
2 ,  3 ,  83188 ,  5 ,  255 ,  54.30 ,  0.24 ,  14.98
2 ,  3 ,  83212 ,  5 ,  255 ,  52.09 ,  0.22 ,  14.29
2 ,  3 ,  83233 ,  5 ,  255 ,  49.78 ,  0.19 ,  13.49
2 ,  3 ,  83255 ,  5 ,  255 ,  47.80 ,  0.17 ,  12.80
2 ,  3 ,  83276 ,  230 ,  22 ,  45.93 ,  0.15 ,  12.10
2 ,  3 ,  83298 ,  230 ,  22 ,  46.37 ,  0.14 ,  11.91
2 ,  3 ,  83320 ,  230 ,  22 ,  46.37 ,  0.14 ,  11.91
2 ,  3 ,  83345 ,  230 ,  22 ,  47.36 ,  0.14 ,  11.91
2 ,  3 ,  83366 ,  230 ,  22 ,  49.45 ,  0.15 ,  12.01
2 ,  3 ,  83388 ,  55 ,  216 ,  51.87 ,  0.17 ,  12.50
2 ,  3 ,  83409 ,  55 ,  216 ,  51.98 ,  0.17 ,  12.80
2 ,  3 ,  83433 ,  55 ,  216 ,  51.87 ,  0.17 ,  12.80
2 ,  3 ,  83454 ,  55 ,  216 ,  51.76 ,  0.17 ,  12.80
2 ,  3 ,  83476 ,  55 ,  216 ,  51.76 ,  0.17 ,  12.80
2 ,  3 ,  83497 ,  57 ,  236 ,  51.65 ,  0.17 ,  12.80
2 ,  3 ,  83519 ,  57 ,  236 ,  51.65 ,  0.17 ,  12.80
2 ,  3 ,  83540 ,  57 ,  236 ,  50.88 ,  0.17 ,  12.70
2 ,  3 ,  83562 ,  57 ,  236 ,  49.89 ,  0.16 ,  12.60
2 ,  3 ,  83584 ,  57 ,  236 ,  49.01 ,  0.15 ,  12.50
2 ,  3 ,  83605 ,  59 ,  245 ,  48.35 ,  0.14 ,  12.30
2 ,  3 ,  83630 ,  59 ,  245 ,  47.36 ,  0.14 ,  12.01
2 ,  3 ,  83651 ,  59 ,  245 ,  46.48 ,  0.13 ,  11.81
2 ,  3 ,  83673 ,  59 ,  245 ,  45.49 ,  0.12 ,  11.51
2 ,  3 ,  83694 ,  59 ,  245 ,  44.61 ,  0.11 ,  11.21
2 ,  3 ,  83716 ,  12 ,  241 ,  43.72 ,  0.11 ,  10.91
2 ,  3 ,  83737 ,  12 ,  241 ,  43.06 ,  0.10 ,  10.72
2 ,  3 ,  83759 ,  12 ,  241 ,  42.40 ,  0.10 ,  10.52
2 ,  3 ,  83780 ,  12 ,  241 ,  41.74 ,  0.09 ,  10.22
2 ,  3 ,  83802 ,  12 ,  241 ,  41.08 ,  0.09 ,  10.02
2 ,  3 ,  83825 ,  33 ,  242 ,  40.42 ,  0.08 ,  9.82
2 ,  3 ,  83847 ,  33 ,  242 ,  39.87 ,  0.08 ,  9.62
2 ,  3 ,  83868 ,  33 ,  242 ,  39.43 ,  0.08 ,  9.43
2 ,  3 ,  83890 ,  33 ,  242 ,  38.88 ,  0.08 ,  9.23
2 ,  3 ,  83911 ,  33 ,  242 ,  38.33 ,  0.07 ,  9.03
2 ,  3 ,  83933 ,  217 ,  1 ,  37.89 ,  0.07 ,  8.93
2 ,  3 ,  83954 ,  217 ,  1 ,  38.00 ,  0.07 ,  8.83
2 ,  3 ,  83976 ,  217 ,  1 ,  38.11 ,  0.07 ,  8.83
2 ,  3 ,  83997 ,  217 ,  1 ,  38.22 ,  0.07 ,  8.73
2 ,  3 ,  84021 ,  217 ,  1 ,  40.42 ,  0.08 ,  8.83
2 ,  3 ,  84042 ,  68 ,  239 ,  42.73 ,  0.09 ,  9.23
2 ,  3 ,  84064 ,  68 ,  239 ,  42.73 ,  0.09 ,  9.33
2 ,  3 ,  84085 ,  68 ,  239 ,  42.62 ,  0.09 ,  9.43
2 ,  3 ,  84107 ,  68 ,  239 ,  42.51 ,  0.09 ,  9.43
2 ,  3 ,  84128 ,  68 ,  239 ,  42.40 ,  0.09 ,  9.43
2 ,  3 ,  84150 ,  61 ,  226 ,  42.07 ,  0.09 ,  9.43
2 ,  3 ,  84171 ,  61 ,  226 ,  41.74 ,  0.09 ,  9.43
2 ,  3 ,  84193 ,  61 ,  226 ,  41.52 ,  0.08 ,  9.33
2 ,  3 ,  84214 ,  61 ,  226 ,  41.41 ,  0.08 ,  9.33
2 ,  3 ,  84238 ,  61 ,  226 ,  41.19 ,  0.08 ,  9.33
2 ,  3 ,  84259 ,  57 ,  234 ,  40.97 ,  0.08 ,  9.33
2 ,  3 ,  84281 ,  57 ,  234 ,  40.86 ,  0.08 ,  9.33
2 ,  3 ,  84302 ,  57 ,  234 ,  40.53 ,  0.08 ,  9.23
2 ,  3 ,  84324 ,  57 ,  234 ,  40.31 ,  0.08 ,  9.23
2 ,  3 ,  84345 ,  57 ,  234 ,  40.20 ,  0.07 ,  9.23
2 ,  3 ,  84367 ,  35 ,  239 ,  39.87 ,  0.07 ,  9.13
2 ,  3 ,  84388 ,  35 ,  239 ,  39.65 ,  0.07 ,  9.03
2 ,  3 ,  84410 ,  35 ,  239 ,  39.43 ,  0.07 ,  9.03
2 ,  3 ,  84433 ,  35 ,  239 ,  39.21 ,  0.07 ,  8.93
2 ,  3 ,  84455 ,  35 ,  239 ,  38.88 ,  0.07 ,  8.83
2 ,  3 ,  84476 ,  44 ,  244 ,  38.77 ,  0.07 ,  8.73
2 ,  3 ,  84498 ,  44 ,  244 ,  38.44 ,  0.06 ,  8.73
2 ,  3 ,  84519 ,  44 ,  244 ,  38.11 ,  0.06 ,  8.63
2 ,  3 ,  84541 ,  44 ,  244 ,  37.78 ,  0.06 ,  8.53
2 ,  3 ,  84562 ,  44 ,  244 ,  37.45 ,  0.06 ,  8.43
2 ,  3 ,  84584 ,  242 ,  41 ,  37.12 ,  0.06 ,  8.33
2 ,  3 ,  84605 ,  242 ,  41 ,  37.12 ,  0.06 ,  8.33
2 ,  3 ,  84629 ,  242 ,  41 ,  37.12 ,  0.06 ,  8.24
2 ,  3 ,  84651 ,  242 ,  41 ,  40.75 ,  0.07 ,  8.43
2 ,  3 ,  84672 ,  242 ,  41 ,  44.72 ,  0.09 ,  9.33
2 ,  3 ,  84694 ,  17 ,  228 ,  48.90 ,  0.11 ,  10.32
2 ,  3 ,  84715 ,  17 ,  228 ,  49.01 ,  0.13 ,  10.81
2 ,  3 ,  84737 ,  17 ,  228 ,  48.57 ,  0.13 ,  10.81
2 ,  3 ,  84758 ,  17 ,  228 ,  48.46 ,  0.13 ,  10.81
2 ,  3 ,  84780 ,  17 ,  228 ,  48.24 ,  0.13 ,  10.81
2 ,  3 ,  84801 ,  223 ,  53 ,  48.13 ,  0.13 ,  10.81
2 ,  3 ,  84826 ,  223 ,  53 ,  48.02 ,  0.12 ,  10.81
2 ,  3 ,  84847 ,  223 ,  53 ,  47.80 ,  0.13 ,  10.81
2 ,  3 ,  84869 ,  223 ,  53 ,  47.69 ,  0.13 ,  10.81
2 ,  3 ,  84890 ,  223 ,  53 ,  48.90 ,  0.13 ,  10.81
2 ,  3 ,  84912 ,  66 ,  241 ,  50.33 ,  0.14 ,  11.11
2 ,  3 ,  84933 ,  66 ,  241 ,  50.44 ,  0.14 ,  11.31
2 ,  3 ,  84955 ,  66 ,  241 ,  50.22 ,  0.14 ,  11.31
2 ,  3 ,  84976 ,  66 ,  241 ,  49.78 ,  0.14 ,  11.31
2 ,  3 ,  84998 ,  66 ,  241 ,  48.79 ,  0.14 ,  11.21
2 ,  3 ,  85019 ,  217 ,  7 ,  47.69 ,  0.13 ,  11.21
2 ,  3 ,  85043 ,  217 ,  7 ,  47.69 ,  0.13 ,  11.11
2 ,  3 ,  85064 ,  217 ,  7 ,  47.58 ,  0.13 ,  11.11
2 ,  3 ,  85086 ,  217 ,  7 ,  47.58 ,  0.13 ,  11.11
2 ,  3 ,  85108 ,  217 ,  7 ,  48.68 ,  0.13 ,  11.11
2 ,  3 ,  85130 ,  234 ,  31 ,  50.00 ,  0.14 ,  11.21
2 ,  3 ,  85151 ,  234 ,  31 ,  51.65 ,  0.15 ,  11.51
2 ,  3 ,  85173 ,  234 ,  31 ,  53.86 ,  0.16 ,  12.10
2 ,  3 ,  85194 ,  234 ,  31 ,  56.06 ,  0.18 ,  12.70
2 ,  3 ,  85216 ,  234 ,  31 ,  58.04 ,  0.20 ,  13.30
2 ,  3 ,  85240 ,  255 ,  53 ,  60.02 ,  0.22 ,  13.99
2 ,  3 ,  85262 ,  255 ,  53 ,  62.23 ,  0.24 ,  14.59
2 ,  3 ,  85283 ,  255 ,  53 ,  64.98 ,  0.26 ,  15.38
2 ,  3 ,  85305 ,  255 ,  53 ,  67.84 ,  0.29 ,  16.17
2 ,  3 ,  85327 ,  255 ,  53 ,  70.27 ,  0.32 ,  16.87
2 ,  3 ,  85349 ,  255 ,  15 ,  72.47 ,  0.34 ,  17.46
2 ,  3 ,  85370 ,  255 ,  15 ,  74.45 ,  0.36 ,  17.96
2 ,  3 ,  85392 ,  255 ,  15 ,  76.10 ,  0.37 ,  18.55
2 ,  3 ,  85413 ,  255 ,  15 ,  77.64 ,  0.39 ,  18.95
2 ,  3 ,  85438 ,  255 ,  15 ,  79.08 ,  0.41 ,  19.35
2 ,  3 ,  85459 ,  50 ,  220 ,  80.18 ,  0.42 ,  19.65
2 ,  3 ,  85481 ,  50 ,  220 ,  79.85 ,  0.42 ,  19.74
2 ,  3 ,  85502 ,  50 ,  220 ,  78.19 ,  0.42 ,  19.74
2 ,  3 ,  85524 ,  50 ,  220 ,  76.54 ,  0.41 ,  19.55
2 ,  3 ,  85545 ,  50 ,  220 ,  74.34 ,  0.40 ,  19.35
2 ,  3 ,  85567 ,  255 ,  64 ,  72.36 ,  0.38 ,  18.95
2 ,  3 ,  85588 ,  255 ,  64 ,  72.03 ,  0.38 ,  18.85
2 ,  3 ,  85610 ,  255 ,  64 ,  71.92 ,  0.38 ,  18.85
2 ,  3 ,  85642 ,  255 ,  64 ,  72.25 ,  0.38 ,  18.75
2 ,  3 ,  85663 ,  255 ,  64 ,  74.01 ,  0.39 ,  18.75
2 ,  3 ,  85685 ,  39 ,  235 ,  75.99 ,  0.40 ,  19.05
2 ,  3 ,  85706 ,  39 ,  235 ,  75.77 ,  0.40 ,  19.25
2 ,  3 ,  85729 ,  39 ,  235 ,  74.12 ,  0.40 ,  19.15
2 ,  3 ,  85750 ,  39 ,  235 ,  71.81 ,  0.39 ,  18.85
2 ,  3 ,  85772 ,  39 ,  235 ,  69.16 ,  0.37 ,  18.45
2 ,  3 ,  85793 ,  29 ,  246 ,  66.63 ,  0.34 ,  17.86
2 ,  3 ,  85816 ,  29 ,  246 ,  64.10 ,  0.32 ,  17.36
2 ,  3 ,  85839 ,  29 ,  246 ,  61.24 ,  0.30 ,  16.57
2 ,  3 ,  85861 ,  29 ,  246 ,  58.70 ,  0.27 ,  15.97
2 ,  3 ,  85882 ,  29 ,  246 ,  56.50 ,  0.25 ,  15.28
2 ,  3 ,  85904 ,  0 ,  255 ,  54.30 ,  0.22 ,  14.59
2 ,  3 ,  85925 ,  0 ,  255 ,  52.31 ,  0.21 ,  13.99
2 ,  3 ,  85947 ,  0 ,  255 ,  50.33 ,  0.18 ,  13.30
2 ,  3 ,  85968 ,  0 ,  255 ,  48.35 ,  0.16 ,  12.70
2 ,  3 ,  85990 ,  0 ,  255 ,  46.59 ,  0.14 ,  12.10
2 ,  3 ,  86011 ,  18 ,  252 ,  44.94 ,  0.13 ,  11.51
2 ,  3 ,  86035 ,  18 ,  252 ,  43.39 ,  0.12 ,  11.01
2 ,  3 ,  86057 ,  18 ,  252 ,  41.85 ,  0.10 ,  10.42
2 ,  3 ,  86095 ,  18 ,  252 ,  39.43 ,  0.09 ,  9.62
2 ,  3 ,  86117 ,  77 ,  231 ,  38.33 ,  0.08 ,  9.13
2 ,  3 ,  86138 ,  77 ,  231 ,  37.45 ,  0.08 ,  8.83
2 ,  3 ,  86160 ,  77 ,  231 ,  36.90 ,  0.07 ,  8.63
2 ,  3 ,  86181 ,  77 ,  231 ,  36.57 ,  0.07 ,  8.43
2 ,  3 ,  86203 ,  77 ,  231 ,  36.02 ,  0.07 ,  8.33
2 ,  3 ,  86224 ,  59 ,  248 ,  35.69 ,  0.07 ,  8.14
2 ,  3 ,  86246 ,  59 ,  248 ,  35.02 ,  0.07 ,  8.04
2 ,  3 ,  86269 ,  59 ,  248 ,  34.36 ,  0.06 ,  7.74
2 ,  3 ,  86291 ,  59 ,  248 ,  33.70 ,  0.06 ,  7.54
2 ,  3 ,  86312 ,  59 ,  248 ,  33.04 ,  0.06 ,  7.34
2 ,  3 ,  86334 ,  238 ,  38 ,  32.38 ,  0.06 ,  7.14
2 ,  3 ,  86355 ,  238 ,  38 ,  32.60 ,  0.06 ,  7.04
2 ,  3 ,  86377 ,  238 ,  38 ,  32.93 ,  0.06 ,  7.04
2 ,  3 ,  86398 ,  238 ,  38 ,  36.57 ,  0.07 ,  7.24
2 ,  3 ,  86420 ,  238 ,  38 ,  40.75 ,  0.08 ,  8.14
2 ,  3 ,  86441 ,  63 ,  226 ,  45.05 ,  0.10 ,  9.23
2 ,  3 ,  86466 ,  63 ,  226 ,  45.49 ,  0.11 ,  9.72
2 ,  3 ,  86488 ,  63 ,  226 ,  45.16 ,  0.11 ,  9.72
2 ,  3 ,  86509 ,  63 ,  226 ,  45.05 ,  0.11 ,  9.72
2 ,  3 ,  86531 ,  63 ,  226 ,  44.83 ,  0.12 ,  9.72
2 ,  3 ,  86552 ,  38 ,  227 ,  44.72 ,  0.11 ,  9.62
2 ,  3 ,  86574 ,  38 ,  227 ,  44.61 ,  0.12 ,  9.72
2 ,  3 ,  86595 ,  38 ,  227 ,  44.50 ,  0.11 ,  9.72
2 ,  3 ,  86617 ,  38 ,  227 ,  44.39 ,  0.11 ,  9.72
2 ,  3 ,  86638 ,  38 ,  227 ,  44.28 ,  0.11 ,  9.72
2 ,  3 ,  86658 ,  49 ,  255 ,  44.17 ,  0.11 ,  9.72
2 ,  3 ,  86679 ,  49 ,  255 ,  43.72 ,  0.11 ,  9.72
2 ,  3 ,  86701 ,  49 ,  255 ,  42.73 ,  0.11 ,  9.62
2 ,  3 ,  86722 ,  49 ,  255 ,  41.52 ,  0.10 ,  9.43
2 ,  3 ,  86744 ,  49 ,  255 ,  40.42 ,  0.09 ,  9.13
2 ,  3 ,  86765 ,  231 ,  11 ,  39.32 ,  0.08 ,  8.73
2 ,  3 ,  86787 ,  231 ,  11 ,  39.43 ,  0.08 ,  8.73
2 ,  3 ,  86808 ,  231 ,  11 ,  39.32 ,  0.08 ,  8.73
2 ,  3 ,  86830 ,  231 ,  11 ,  40.86 ,  0.08 ,  8.63
2 ,  3 ,  86851 ,  231 ,  11 ,  43.84 ,  0.10 ,  9.03
2 ,  3 ,  86875 ,  244 ,  41 ,  47.14 ,  0.12 ,  9.92
2 ,  3 ,  86896 ,  244 ,  41 ,  50.44 ,  0.14 ,  10.72
2 ,  3 ,  86918 ,  244 ,  41 ,  53.86 ,  0.17 ,  11.71
2 ,  3 ,  86939 ,  244 ,  41 ,  57.05 ,  0.19 ,  12.70
2 ,  3 ,  86961 ,  244 ,  41 ,  59.91 ,  0.22 ,  13.59
2 ,  3 ,  86982 ,  237 ,  18 ,  62.34 ,  0.24 ,  14.39
2 ,  3 ,  87004 ,  237 ,  18 ,  64.43 ,  0.27 ,  15.08
2 ,  3 ,  87025 ,  237 ,  18 ,  65.97 ,  0.28 ,  15.68
2 ,  3 ,  87047 ,  237 ,  18 ,  67.29 ,  0.30 ,  16.07
2 ,  3 ,  87070 ,  237 ,  18 ,  68.50 ,  0.32 ,  16.47
2 ,  3 ,  87092 ,  255 ,  61 ,  69.60 ,  0.33 ,  16.87
2 ,  3 ,  87113 ,  255 ,  61 ,  70.82 ,  0.34 ,  17.16
2 ,  3 ,  87136 ,  255 ,  61 ,  72.36 ,  0.36 ,  17.56
2 ,  3 ,  87157 ,  255 ,  61 ,  73.90 ,  0.37 ,  17.96
2 ,  3 ,  87179 ,  255 ,  61 ,  75.33 ,  0.39 ,  18.36
2 ,  3 ,  87200 ,  211 ,  71 ,  76.65 ,  0.40 ,  18.75
2 ,  3 ,  87222 ,  211 ,  71 ,  76.98 ,  0.41 ,  18.95
2 ,  3 ,  87243 ,  211 ,  71 ,  76.76 ,  0.41 ,  18.95
2 ,  3 ,  87267 ,  211 ,  71 ,  76.54 ,  0.41 ,  19.05
2 ,  3 ,  87288 ,  211 ,  71 ,  76.32 ,  0.41 ,  18.95
2 ,  3 ,  87310 ,  235 ,  42 ,  76.10 ,  0.41 ,  19.05
2 ,  3 ,  87331 ,  235 ,  42 ,  75.99 ,  0.41 ,  19.05
2 ,  3 ,  87353 ,  235 ,  42 ,  76.21 ,  0.41 ,  19.05
2 ,  3 ,  87374 ,  235 ,  42 ,  76.54 ,  0.42 ,  19.15
2 ,  3 ,  87396 ,  235 ,  42 ,  76.98 ,  0.42 ,  19.25
2 ,  3 ,  87417 ,  27 ,  247 ,  77.31 ,  0.42 ,  19.25
2 ,  3 ,  87439 ,  27 ,  247 ,  77.09 ,  0.42 ,  19.35
2 ,  3 ,  87463 ,  27 ,  247 ,  74.34 ,  0.42 ,  19.15
2 ,  3 ,  87485 ,  27 ,  247 ,  70.93 ,  0.39 ,  18.85
2 ,  3 ,  87506 ,  27 ,  247 ,  67.29 ,  0.37 ,  17.96
2 ,  3 ,  87528 ,  10 ,  252 ,  63.99 ,  0.33 ,  17.26
2 ,  3 ,  87549 ,  10 ,  252 ,  60.68 ,  0.30 ,  16.47
2 ,  3 ,  87571 ,  10 ,  252 ,  57.60 ,  0.27 ,  15.68
2 ,  3 ,  87592 ,  10 ,  252 ,  54.85 ,  0.24 ,  14.78
2 ,  3 ,  87614 ,  10 ,  252 ,  52.31 ,  0.22 ,  13.99
2 ,  3 ,  87635 ,  236 ,  62 ,  50.00 ,  0.19 ,  13.30
2 ,  3 ,  87659 ,  236 ,  62 ,  50.11 ,  0.18 ,  12.90
2 ,  3 ,  87681 ,  236 ,  62 ,  50.22 ,  0.18 ,  12.90
2 ,  3 ,  87702 ,  236 ,  62 ,  50.88 ,  0.18 ,  12.90
2 ,  3 ,  87724 ,  236 ,  62 ,  53.31 ,  0.19 ,  13.00
2 ,  3 ,  87745 ,  0 ,  244 ,  55.73 ,  0.21 ,  13.59
2 ,  3 ,  87767 ,  0 ,  244 ,  55.62 ,  0.21 ,  13.69
2 ,  3 ,  87788 ,  0 ,  244 ,  55.07 ,  0.21 ,  13.79
2 ,  3 ,  87811 ,  0 ,  244 ,  54.19 ,  0.20 ,  13.69
2 ,  3 ,  87832 ,  0 ,  244 ,  52.65 ,  0.19 ,  13.49
2 ,  3 ,  87856 ,  51 ,  230 ,  51.21 ,  0.18 ,  13.20
2 ,  3 ,  87877 ,  51 ,  230 ,  49.89 ,  0.16 ,  12.80
2 ,  3 ,  87899 ,  51 ,  230 ,  49.01 ,  0.16 ,  12.50
2 ,  3 ,  87920 ,  51 ,  230 ,  48.13 ,  0.15 ,  12.30
2 ,  3 ,  87942 ,  51 ,  230 ,  47.36 ,  0.14 ,  12.01
2 ,  3 ,  87963 ,  50 ,  241 ,  46.70 ,  0.13 ,  11.71
2 ,  3 ,  87985 ,  50 ,  241 ,  45.93 ,  0.13 ,  11.51
2 ,  3 ,  88006 ,  50 ,  241 ,  45.05 ,  0.12 ,  11.21
2 ,  3 ,  88028 ,  50 ,  241 ,  44.28 ,  0.11 ,  11.01
2 ,  3 ,  88049 ,  50 ,  241 ,  43.50 ,  0.11 ,  10.72
2 ,  3 ,  88074 ,  213 ,  43 ,  42.73 ,  0.10 ,  10.42
2 ,  3 ,  88095 ,  213 ,  43 ,  42.95 ,  0.10 ,  10.32
2 ,  3 ,  88117 ,  213 ,  43 ,  42.84 ,  0.10 ,  10.32
2 ,  3 ,  88138 ,  213 ,  43 ,  42.95 ,  0.10 ,  10.22
2 ,  3 ,  88161 ,  213 ,  43 ,  43.72 ,  0.10 ,  10.22
2 ,  3 ,  88182 ,  241 ,  50 ,  45.27 ,  0.11 ,  10.32
2 ,  3 ,  88204 ,  241 ,  50 ,  47.47 ,  0.12 ,  10.72
2 ,  3 ,  88225 ,  241 ,  50 ,  50.55 ,  0.13 ,  11.41
2 ,  3 ,  88247 ,  241 ,  50 ,  53.86 ,  0.16 ,  12.30
2 ,  3 ,  88270 ,  241 ,  50 ,  57.27 ,  0.19 ,  13.30
2 ,  3 ,  88292 ,  53 ,  255 ,  59.91 ,  0.22 ,  14.09
2 ,  3 ,  88313 ,  53 ,  255 ,  59.91 ,  0.22 ,  14.49
2 ,  3 ,  88335 ,  53 ,  255 ,  58.92 ,  0.22 ,  14.39
2 ,  3 ,  88356 ,  53 ,  255 ,  56.72 ,  0.21 ,  14.19
2 ,  3 ,  88378 ,  53 ,  255 ,  54.19 ,  0.20 ,  13.69
2 ,  3 ,  88399 ,  240 ,  48 ,  51.76 ,  0.17 ,  13.10
2 ,  3 ,  88421 ,  240 ,  48 ,  51.87 ,  0.17 ,  12.90
2 ,  3 ,  88443 ,  240 ,  48 ,  51.76 ,  0.17 ,  12.90
2 ,  3 ,  88467 ,  240 ,  48 ,  52.98 ,  0.17 ,  12.90
2 ,  3 ,  88488 ,  240 ,  48 ,  55.29 ,  0.19 ,  13.10
2 ,  3 ,  88510 ,  252 ,  54 ,  57.82 ,  0.21 ,  13.69
2 ,  3 ,  88531 ,  252 ,  54 ,  60.68 ,  0.22 ,  14.39
2 ,  3 ,  88553 ,  252 ,  54 ,  63.66 ,  0.26 ,  15.18
2 ,  3 ,  88574 ,  252 ,  54 ,  66.41 ,  0.28 ,  15.97
2 ,  3 ,  88596 ,  252 ,  54 ,  68.94 ,  0.31 ,  16.67
2 ,  3 ,  88617 ,  1 ,  234 ,  71.15 ,  0.33 ,  17.26
2 ,  3 ,  88639 ,  1 ,  234 ,  70.82 ,  0.34 ,  17.46
2 ,  3 ,  88664 ,  1 ,  234 ,  69.27 ,  0.33 ,  17.46
2 ,  3 ,  88685 ,  1 ,  234 ,  67.40 ,  0.32 ,  17.26
2 ,  3 ,  88707 ,  1 ,  234 ,  65.20 ,  0.31 ,  16.97
2 ,  3 ,  88728 ,  58 ,  237 ,  63.22 ,  0.29 ,  16.57
2 ,  3 ,  88750 ,  58 ,  237 ,  61.35 ,  0.27 ,  16.07
2 ,  3 ,  88771 ,  58 ,  237 ,  59.47 ,  0.25 ,  15.68
2 ,  3 ,  88793 ,  58 ,  237 ,  57.82 ,  0.24 ,  15.18
2 ,  3 ,  88814 ,  58 ,  237 ,  56.28 ,  0.23 ,  14.78
2 ,  3 ,  88836 ,  51 ,  255 ,  54.74 ,  0.21 ,  14.29
2 ,  3 ,  88859 ,  51 ,  255 ,  52.98 ,  0.20 ,  13.79
2 ,  3 ,  88881 ,  51 ,  255 ,  50.99 ,  0.18 ,  13.30
2 ,  3 ,  88902 ,  51 ,  255 ,  49.12 ,  0.16 ,  12.70
2 ,  3 ,  88924 ,  51 ,  255 ,  47.25 ,  0.14 ,  12.10
2 ,  3 ,  88945 ,  13 ,  237 ,  45.60 ,  0.13 ,  11.61
2 ,  3 ,  88968 ,  13 ,  237 ,  44.28 ,  0.12 ,  11.11
2 ,  3 ,  88989 ,  13 ,  237 ,  43.17 ,  0.11 ,  10.72
2 ,  3 ,  89011 ,  13 ,  237 ,  42.18 ,  0.10 ,  10.42
2 ,  3 ,  89032 ,  13 ,  237 ,  41.30 ,  0.10 ,  10.12
