MS, MPT, t (s), PWMi, PWMe, Pressure (Psi), LW (V), Displacement (mm)
2 ,  1 ,  3345 ,  74 ,  249 ,  6.28 ,  0.00 ,  0.00
2 ,  1 ,  3363 ,  74 ,  249 ,  6.28 ,  0.00 ,  0.00
2 ,  1 ,  3383 ,  74 ,  249 ,  6.28 ,  0.00 ,  0.00
2 ,  1 ,  3402 ,  74 ,  249 ,  6.28 ,  0.00 ,  0.00
2 ,  1 ,  3422 ,  74 ,  249 ,  6.17 ,  0.00 ,  0.00
2 ,  1 ,  3441 ,  74 ,  249 ,  6.28 ,  0.00 ,  0.00
2 ,  1 ,  3461 ,  45 ,  228 ,  6.17 ,  0.00 ,  0.00
2 ,  1 ,  3480 ,  45 ,  228 ,  6.28 ,  0.00 ,  0.00
2 ,  1 ,  3500 ,  45 ,  228 ,  6.28 ,  0.00 ,  0.00
2 ,  1 ,  3521 ,  45 ,  228 ,  6.28 ,  0.00 ,  0.00
2 ,  1 ,  3539 ,  45 ,  228 ,  6.28 ,  0.00 ,  0.00
2 ,  1 ,  3559 ,  45 ,  228 ,  6.28 ,  0.00 ,  0.00
2 ,  1 ,  3578 ,  210 ,  27 ,  6.28 ,  0.00 ,  0.00
2 ,  1 ,  3598 ,  210 ,  27 ,  6.28 ,  0.00 ,  0.00
2 ,  1 ,  3616 ,  210 ,  27 ,  6.28 ,  0.00 ,  0.00
2 ,  1 ,  3636 ,  210 ,  27 ,  10.03 ,  0.00 ,  0.00
2 ,  1 ,  3655 ,  210 ,  27 ,  14.43 ,  0.01 ,  0.20
2 ,  1 ,  3674 ,  210 ,  27 ,  19.17 ,  0.01 ,  0.60
2 ,  1 ,  3695 ,  61 ,  238 ,  24.01 ,  0.01 ,  1.19
2 ,  1 ,  3715 ,  61 ,  238 ,  24.89 ,  0.02 ,  1.49
2 ,  1 ,  3734 ,  61 ,  238 ,  24.45 ,  0.02 ,  1.49
2 ,  1 ,  3753 ,  61 ,  238 ,  24.23 ,  0.02 ,  1.49
2 ,  1 ,  3773 ,  61 ,  238 ,  24.01 ,  0.02 ,  1.49
2 ,  1 ,  3791 ,  61 ,  238 ,  23.90 ,  0.02 ,  1.49
2 ,  1 ,  3811 ,  39 ,  234 ,  23.68 ,  0.02 ,  1.49
2 ,  1 ,  3830 ,  39 ,  234 ,  23.57 ,  0.02 ,  1.49
2 ,  1 ,  3850 ,  39 ,  234 ,  23.46 ,  0.02 ,  1.49
2 ,  1 ,  3868 ,  39 ,  234 ,  23.35 ,  0.02 ,  1.49
2 ,  1 ,  3891 ,  39 ,  234 ,  23.35 ,  0.02 ,  1.49
2 ,  1 ,  3909 ,  39 ,  234 ,  23.13 ,  0.02 ,  1.49
2 ,  1 ,  3929 ,  65 ,  223 ,  23.13 ,  0.02 ,  1.49
2 ,  1 ,  3948 ,  65 ,  223 ,  23.02 ,  0.02 ,  1.49
2 ,  1 ,  3968 ,  65 ,  223 ,  23.02 ,  0.02 ,  1.49
2 ,  1 ,  3986 ,  65 ,  223 ,  22.91 ,  0.02 ,  1.49
2 ,  1 ,  4005 ,  65 ,  223 ,  22.80 ,  0.02 ,  1.49
2 ,  1 ,  4025 ,  65 ,  223 ,  22.80 ,  0.02 ,  1.49
2 ,  1 ,  4044 ,  244 ,  45 ,  22.69 ,  0.02 ,  1.49
2 ,  1 ,  4066 ,  244 ,  45 ,  22.58 ,  0.02 ,  1.49
2 ,  1 ,  4085 ,  244 ,  45 ,  23.46 ,  0.02 ,  1.49
2 ,  1 ,  4104 ,  244 ,  45 ,  28.53 ,  0.03 ,  1.98
2 ,  1 ,  4123 ,  244 ,  45 ,  34.14 ,  0.04 ,  2.78
2 ,  1 ,  4143 ,  244 ,  45 ,  39.76 ,  0.06 ,  3.77
2 ,  1 ,  4162 ,  236 ,  61 ,  44.72 ,  0.08 ,  4.96
2 ,  1 ,  4182 ,  236 ,  61 ,  48.79 ,  0.11 ,  6.05
2 ,  1 ,  4200 ,  236 ,  61 ,  52.09 ,  0.13 ,  7.14
2 ,  1 ,  4219 ,  236 ,  61 ,  54.74 ,  0.15 ,  8.04
2 ,  1 ,  4239 ,  236 ,  61 ,  56.83 ,  0.17 ,  8.83
2 ,  1 ,  4260 ,  236 ,  61 ,  59.03 ,  0.19 ,  9.53
2 ,  1 ,  4280 ,  21 ,  255 ,  60.57 ,  0.21 ,  10.22
2 ,  1 ,  4299 ,  21 ,  255 ,  59.91 ,  0.21 ,  10.42
2 ,  1 ,  4318 ,  21 ,  255 ,  59.58 ,  0.22 ,  10.42
2 ,  1 ,  4337 ,  21 ,  255 ,  59.25 ,  0.21 ,  10.42
2 ,  1 ,  4357 ,  21 ,  255 ,  58.70 ,  0.21 ,  10.42
2 ,  1 ,  4376 ,  21 ,  255 ,  55.51 ,  0.20 ,  10.12
2 ,  1 ,  4396 ,  3 ,  223 ,  52.87 ,  0.18 ,  9.82
2 ,  1 ,  4415 ,  3 ,  223 ,  51.32 ,  0.16 ,  9.33
2 ,  1 ,  4436 ,  3 ,  223 ,  49.89 ,  0.15 ,  8.93
2 ,  1 ,  4455 ,  3 ,  223 ,  48.79 ,  0.14 ,  8.63
2 ,  1 ,  4474 ,  3 ,  223 ,  47.80 ,  0.13 ,  8.43
2 ,  1 ,  4494 ,  3 ,  223 ,  46.81 ,  0.12 ,  8.24
2 ,  1 ,  4513 ,  238 ,  69 ,  46.04 ,  0.11 ,  8.04
2 ,  1 ,  4532 ,  238 ,  69 ,  46.04 ,  0.11 ,  7.94
2 ,  1 ,  4551 ,  238 ,  69 ,  46.15 ,  0.11 ,  7.94
2 ,  1 ,  4571 ,  238 ,  69 ,  46.26 ,  0.11 ,  7.84
2 ,  1 ,  4590 ,  238 ,  69 ,  48.57 ,  0.12 ,  7.94
2 ,  1 ,  4610 ,  238 ,  69 ,  51.32 ,  0.13 ,  8.43
2 ,  1 ,  4631 ,  233 ,  26 ,  54.30 ,  0.16 ,  9.13
2 ,  1 ,  4649 ,  233 ,  26 ,  56.61 ,  0.18 ,  9.72
2 ,  1 ,  4669 ,  233 ,  26 ,  58.59 ,  0.20 ,  10.32
2 ,  1 ,  4688 ,  233 ,  26 ,  60.35 ,  0.22 ,  10.81
2 ,  1 ,  4708 ,  233 ,  26 ,  61.68 ,  0.23 ,  11.31
2 ,  1 ,  4727 ,  233 ,  26 ,  63.00 ,  0.25 ,  11.61
2 ,  1 ,  4747 ,  242 ,  26 ,  64.10 ,  0.25 ,  12.01
2 ,  1 ,  4765 ,  242 ,  26 ,  65.20 ,  0.27 ,  12.40
2 ,  1 ,  4785 ,  242 ,  26 ,  66.30 ,  0.28 ,  12.80
2 ,  1 ,  4806 ,  242 ,  26 ,  67.51 ,  0.29 ,  13.20
2 ,  1 ,  4826 ,  242 ,  26 ,  68.61 ,  0.30 ,  13.59
2 ,  1 ,  4845 ,  242 ,  26 ,  69.49 ,  0.32 ,  13.89
2 ,  1 ,  4865 ,  225 ,  0 ,  70.49 ,  0.33 ,  14.19
2 ,  1 ,  4884 ,  225 ,  0 ,  70.93 ,  0.34 ,  14.49
2 ,  1 ,  4902 ,  225 ,  0 ,  71.15 ,  0.34 ,  14.68
2 ,  1 ,  4922 ,  225 ,  0 ,  71.26 ,  0.34 ,  14.78
2 ,  1 ,  4941 ,  225 ,  0 ,  71.48 ,  0.35 ,  14.88
2 ,  1 ,  4961 ,  225 ,  0 ,  71.59 ,  0.35 ,  14.98
2 ,  1 ,  4982 ,  40 ,  234 ,  71.81 ,  0.36 ,  15.08
2 ,  1 ,  5002 ,  40 ,  234 ,  71.48 ,  0.36 ,  15.18
2 ,  1 ,  5021 ,  40 ,  234 ,  70.49 ,  0.36 ,  15.18
2 ,  1 ,  5040 ,  40 ,  234 ,  69.16 ,  0.35 ,  15.08
2 ,  1 ,  5059 ,  40 ,  234 ,  67.07 ,  0.34 ,  14.78
2 ,  1 ,  5080 ,  40 ,  234 ,  64.98 ,  0.32 ,  14.39
2 ,  1 ,  5099 ,  64 ,  243 ,  63.22 ,  0.30 ,  14.09
2 ,  1 ,  5117 ,  64 ,  243 ,  61.35 ,  0.29 ,  13.69
2 ,  1 ,  5137 ,  64 ,  243 ,  59.36 ,  0.27 ,  13.20
2 ,  1 ,  5156 ,  64 ,  243 ,  57.60 ,  0.25 ,  12.70
2 ,  1 ,  5178 ,  64 ,  243 ,  55.62 ,  0.23 ,  12.20
2 ,  1 ,  5197 ,  64 ,  243 ,  53.97 ,  0.21 ,  11.71
2 ,  1 ,  5217 ,  31 ,  234 ,  52.54 ,  0.20 ,  11.31
2 ,  1 ,  5236 ,  31 ,  234 ,  51.21 ,  0.18 ,  10.81
2 ,  1 ,  5256 ,  31 ,  234 ,  50.11 ,  0.17 ,  10.52
2 ,  1 ,  5274 ,  31 ,  234 ,  49.12 ,  0.16 ,  10.22
2 ,  1 ,  5294 ,  31 ,  234 ,  48.24 ,  0.15 ,  9.92
2 ,  1 ,  5313 ,  31 ,  234 ,  47.36 ,  0.14 ,  9.62
2 ,  1 ,  5332 ,  227 ,  18 ,  46.48 ,  0.12 ,  9.33
2 ,  1 ,  5354 ,  227 ,  18 ,  46.70 ,  0.12 ,  9.23
2 ,  1 ,  5373 ,  227 ,  18 ,  46.70 ,  0.12 ,  9.13
2 ,  1 ,  5392 ,  227 ,  18 ,  46.70 ,  0.12 ,  9.13
2 ,  1 ,  5411 ,  227 ,  18 ,  48.35 ,  0.12 ,  9.13
2 ,  1 ,  5431 ,  227 ,  18 ,  50.33 ,  0.13 ,  9.43
2 ,  1 ,  5450 ,  234 ,  68 ,  52.31 ,  0.15 ,  9.92
2 ,  1 ,  5470 ,  234 ,  68 ,  54.30 ,  0.17 ,  10.32
2 ,  1 ,  5489 ,  234 ,  68 ,  56.39 ,  0.19 ,  10.91
2 ,  1 ,  5508 ,  234 ,  68 ,  58.37 ,  0.20 ,  11.41
2 ,  1 ,  5527 ,  234 ,  68 ,  60.24 ,  0.22 ,  11.81
2 ,  1 ,  5549 ,  234 ,  68 ,  62.01 ,  0.23 ,  12.40
2 ,  1 ,  5568 ,  237 ,  35 ,  63.33 ,  0.25 ,  12.80
2 ,  1 ,  5587 ,  237 ,  35 ,  64.65 ,  0.26 ,  13.20
2 ,  1 ,  5607 ,  237 ,  35 ,  65.86 ,  0.27 ,  13.59
2 ,  1 ,  5626 ,  237 ,  35 ,  66.96 ,  0.29 ,  13.89
2 ,  1 ,  5646 ,  237 ,  35 ,  67.95 ,  0.30 ,  14.19
2 ,  1 ,  5664 ,  237 ,  35 ,  68.94 ,  0.31 ,  14.49
2 ,  1 ,  5684 ,  238 ,  0 ,  69.71 ,  0.32 ,  14.68
2 ,  1 ,  5703 ,  238 ,  0 ,  70.49 ,  0.33 ,  14.98
2 ,  1 ,  5725 ,  238 ,  0 ,  71.26 ,  0.34 ,  15.18
2 ,  1 ,  5744 ,  238 ,  0 ,  71.92 ,  0.35 ,  15.38
2 ,  1 ,  5764 ,  238 ,  0 ,  72.47 ,  0.35 ,  15.58
2 ,  1 ,  5783 ,  238 ,  0 ,  73.13 ,  0.36 ,  15.78
2 ,  1 ,  5801 ,  61 ,  246 ,  73.57 ,  0.36 ,  15.97
2 ,  1 ,  5821 ,  61 ,  246 ,  73.24 ,  0.37 ,  15.97
2 ,  1 ,  5840 ,  61 ,  246 ,  72.03 ,  0.37 ,  15.97
2 ,  1 ,  5860 ,  61 ,  246 ,  69.49 ,  0.35 ,  15.78
2 ,  1 ,  5879 ,  61 ,  246 ,  66.41 ,  0.33 ,  15.38
2 ,  1 ,  5901 ,  245 ,  11 ,  63.33 ,  0.30 ,  14.68
2 ,  1 ,  5920 ,  245 ,  11 ,  63.11 ,  0.29 ,  14.39
2 ,  1 ,  5939 ,  245 ,  11 ,  63.22 ,  0.29 ,  14.39
2 ,  1 ,  5958 ,  245 ,  11 ,  63.22 ,  0.29 ,  14.39
2 ,  1 ,  5978 ,  245 ,  11 ,  64.54 ,  0.29 ,  14.39
2 ,  1 ,  5997 ,  245 ,  11 ,  66.30 ,  0.31 ,  14.49
2 ,  1 ,  6017 ,  255 ,  62 ,  68.06 ,  0.32 ,  14.88
2 ,  1 ,  6036 ,  255 ,  62 ,  70.16 ,  0.34 ,  15.28
2 ,  1 ,  6054 ,  255 ,  62 ,  72.36 ,  0.36 ,  15.78
2 ,  1 ,  6074 ,  255 ,  62 ,  74.45 ,  0.37 ,  16.17
2 ,  1 ,  6095 ,  255 ,  62 ,  76.43 ,  0.40 ,  16.67
2 ,  1 ,  6115 ,  255 ,  62 ,  77.97 ,  0.41 ,  17.07
2 ,  1 ,  6134 ,  32 ,  252 ,  79.30 ,  0.43 ,  17.46
2 ,  1 ,  6154 ,  32 ,  252 ,  78.97 ,  0.43 ,  17.56
2 ,  1 ,  6173 ,  32 ,  252 ,  76.54 ,  0.42 ,  17.56
2 ,  1 ,  6193 ,  32 ,  252 ,  73.02 ,  0.40 ,  17.16
2 ,  1 ,  6211 ,  32 ,  252 ,  69.16 ,  0.37 ,  16.57
2 ,  1 ,  6231 ,  32 ,  252 ,  65.53 ,  0.34 ,  15.78
2 ,  1 ,  6250 ,  56 ,  229 ,  62.12 ,  0.31 ,  14.88
2 ,  1 ,  6272 ,  56 ,  229 ,  59.03 ,  0.27 ,  14.09
2 ,  1 ,  6291 ,  56 ,  229 ,  56.94 ,  0.25 ,  13.39
2 ,  1 ,  6310 ,  56 ,  229 ,  54.96 ,  0.23 ,  12.90
2 ,  1 ,  6330 ,  56 ,  229 ,  53.42 ,  0.21 ,  12.30
2 ,  1 ,  6349 ,  56 ,  229 ,  51.98 ,  0.20 ,  11.91
2 ,  1 ,  6368 ,  51 ,  249 ,  50.66 ,  0.18 ,  11.41
2 ,  1 ,  6387 ,  51 ,  249 ,  49.12 ,  0.17 ,  11.01
2 ,  1 ,  6407 ,  51 ,  249 ,  47.58 ,  0.15 ,  10.52
2 ,  1 ,  6426 ,  51 ,  249 ,  46.04 ,  0.14 ,  10.02
2 ,  1 ,  6448 ,  51 ,  249 ,  44.50 ,  0.12 ,  9.43
2 ,  1 ,  6467 ,  51 ,  249 ,  43.06 ,  0.11 ,  9.03
2 ,  1 ,  6487 ,  220 ,  43 ,  41.74 ,  0.09 ,  8.53
2 ,  1 ,  6509 ,  220 ,  43 ,  42.18 ,  0.09 ,  8.33
2 ,  1 ,  6529 ,  220 ,  43 ,  42.18 ,  0.09 ,  8.33
2 ,  1 ,  6547 ,  220 ,  43 ,  42.29 ,  0.09 ,  8.33
2 ,  1 ,  6566 ,  220 ,  43 ,  43.95 ,  0.09 ,  8.33
2 ,  1 ,  6586 ,  70 ,  244 ,  45.82 ,  0.10 ,  8.53
2 ,  1 ,  6605 ,  70 ,  244 ,  46.04 ,  0.10 ,  8.73
2 ,  1 ,  6625 ,  70 ,  244 ,  45.93 ,  0.11 ,  8.73
2 ,  1 ,  6646 ,  70 ,  244 ,  45.82 ,  0.10 ,  8.73
2 ,  1 ,  6665 ,  70 ,  244 ,  45.27 ,  0.10 ,  8.73
2 ,  1 ,  6684 ,  70 ,  244 ,  44.39 ,  0.09 ,  8.63
2 ,  1 ,  6704 ,  15 ,  255 ,  43.61 ,  0.09 ,  8.63
2 ,  1 ,  6723 ,  15 ,  255 ,  42.73 ,  0.08 ,  8.33
2 ,  1 ,  6743 ,  15 ,  255 ,  41.63 ,  0.08 ,  8.14
2 ,  1 ,  6761 ,  15 ,  255 ,  40.64 ,  0.07 ,  7.94
2 ,  1 ,  6780 ,  15 ,  255 ,  39.65 ,  0.06 ,  7.64
2 ,  1 ,  6800 ,  15 ,  255 ,  38.66 ,  0.06 ,  7.34
2 ,  1 ,  6821 ,  229 ,  63 ,  37.67 ,  0.06 ,  7.04
2 ,  1 ,  6841 ,  229 ,  63 ,  37.67 ,  0.05 ,  6.95
2 ,  1 ,  6860 ,  229 ,  63 ,  37.78 ,  0.06 ,  6.95
2 ,  1 ,  6880 ,  229 ,  63 ,  38.77 ,  0.05 ,  6.85
2 ,  1 ,  6898 ,  229 ,  63 ,  41.30 ,  0.06 ,  7.04
2 ,  1 ,  6918 ,  229 ,  63 ,  44.17 ,  0.07 ,  7.64
2 ,  1 ,  6937 ,  46 ,  255 ,  46.92 ,  0.09 ,  8.24
2 ,  1 ,  6957 ,  46 ,  255 ,  46.92 ,  0.10 ,  8.53
2 ,  1 ,  6976 ,  46 ,  255 ,  46.81 ,  0.09 ,  8.53
2 ,  1 ,  6994 ,  46 ,  255 ,  46.15 ,  0.10 ,  8.53
2 ,  1 ,  7016 ,  46 ,  255 ,  44.94 ,  0.09 ,  8.43
2 ,  1 ,  7035 ,  46 ,  255 ,  43.50 ,  0.09 ,  8.33
2 ,  1 ,  7055 ,  50 ,  236 ,  42.18 ,  0.07 ,  8.04
2 ,  1 ,  7074 ,  50 ,  236 ,  41.30 ,  0.07 ,  7.74
2 ,  1 ,  7094 ,  50 ,  236 ,  40.53 ,  0.07 ,  7.54
2 ,  1 ,  7112 ,  50 ,  236 ,  39.87 ,  0.06 ,  7.44
2 ,  1 ,  7132 ,  50 ,  236 ,  39.21 ,  0.06 ,  7.24
2 ,  1 ,  7151 ,  50 ,  236 ,  38.66 ,  0.05 ,  7.14
2 ,  1 ,  7171 ,  34 ,  255 ,  38.00 ,  0.05 ,  6.95
2 ,  1 ,  7192 ,  34 ,  255 ,  37.34 ,  0.05 ,  6.75
2 ,  1 ,  7212 ,  34 ,  255 ,  36.46 ,  0.04 ,  6.65
2 ,  1 ,  7230 ,  34 ,  255 ,  35.69 ,  0.04 ,  6.35
2 ,  1 ,  7249 ,  34 ,  255 ,  35.02 ,  0.04 ,  6.15
2 ,  1 ,  7269 ,  34 ,  255 ,  34.25 ,  0.04 ,  6.05
2 ,  1 ,  7288 ,  45 ,  250 ,  33.59 ,  0.03 ,  5.75
2 ,  1 ,  7308 ,  45 ,  250 ,  32.93 ,  0.03 ,  5.66
2 ,  1 ,  7326 ,  45 ,  250 ,  32.38 ,  0.04 ,  5.46
2 ,  1 ,  7346 ,  45 ,  250 ,  31.94 ,  0.03 ,  5.36
2 ,  1 ,  7365 ,  45 ,  250 ,  31.50 ,  0.03 ,  5.16
2 ,  1 ,  7387 ,  45 ,  250 ,  30.95 ,  0.03 ,  5.06
2 ,  1 ,  7406 ,  12 ,  249 ,  30.51 ,  0.02 ,  4.96
2 ,  1 ,  7426 ,  12 ,  249 ,  30.07 ,  0.02 ,  4.76
2 ,  1 ,  7444 ,  12 ,  249 ,  29.74 ,  0.03 ,  4.66
2 ,  1 ,  7463 ,  12 ,  249 ,  29.41 ,  0.02 ,  4.56
2 ,  1 ,  7483 ,  12 ,  249 ,  28.97 ,  0.02 ,  4.56
2 ,  1 ,  7502 ,  12 ,  249 ,  28.64 ,  0.02 ,  4.37
2 ,  1 ,  7521 ,  34 ,  255 ,  28.42 ,  0.02 ,  4.37
2 ,  1 ,  7540 ,  34 ,  255 ,  27.98 ,  0.02 ,  4.27
2 ,  1 ,  7562 ,  34 ,  255 ,  27.65 ,  0.02 ,  4.17
2 ,  1 ,  7581 ,  34 ,  255 ,  27.32 ,  0.02 ,  4.07
2 ,  1 ,  7601 ,  34 ,  255 ,  26.99 ,  0.02 ,  3.97
2 ,  1 ,  7620 ,  34 ,  255 ,  26.66 ,  0.02 ,  3.87
2 ,  1 ,  7640 ,  78 ,  244 ,  26.32 ,  0.02 ,  3.87
2 ,  1 ,  7658 ,  78 ,  244 ,  26.10 ,  0.02 ,  3.77
2 ,  1 ,  7677 ,  78 ,  244 ,  26.10 ,  0.02 ,  3.67
2 ,  1 ,  7697 ,  78 ,  244 ,  25.88 ,  0.02 ,  3.67
2 ,  1 ,  7716 ,  78 ,  244 ,  25.77 ,  0.02 ,  3.67
2 ,  1 ,  7735 ,  78 ,  244 ,  25.77 ,  0.01 ,  3.67
2 ,  1 ,  7757 ,  34 ,  253 ,  25.66 ,  0.02 ,  3.57
2 ,  1 ,  7776 ,  34 ,  253 ,  25.55 ,  0.02 ,  3.57
2 ,  1 ,  7795 ,  34 ,  253 ,  25.33 ,  0.02 ,  3.57
2 ,  1 ,  7815 ,  34 ,  253 ,  25.11 ,  0.01 ,  3.47
2 ,  1 ,  7834 ,  34 ,  253 ,  25.00 ,  0.01 ,  3.47
2 ,  1 ,  7854 ,  34 ,  253 ,  24.67 ,  0.02 ,  3.37
2 ,  1 ,  7872 ,  39 ,  221 ,  24.56 ,  0.02 ,  3.37
2 ,  1 ,  7891 ,  39 ,  221 ,  24.56 ,  0.02 ,  3.37
2 ,  1 ,  7911 ,  39 ,  221 ,  24.56 ,  0.02 ,  3.37
2 ,  1 ,  7932 ,  39 ,  221 ,  24.56 ,  0.02 ,  3.27
2 ,  1 ,  7952 ,  39 ,  221 ,  24.56 ,  0.02 ,  3.27
2 ,  1 ,  7971 ,  39 ,  221 ,  24.56 ,  0.01 ,  3.27
2 ,  1 ,  7990 ,  20 ,  233 ,  24.56 ,  0.01 ,  3.27
2 ,  1 ,  8009 ,  20 ,  233 ,  24.56 ,  0.02 ,  3.27
2 ,  1 ,  8029 ,  20 ,  233 ,  24.56 ,  0.02 ,  3.27
2 ,  1 ,  8048 ,  20 ,  233 ,  24.56 ,  0.02 ,  3.27
2 ,  1 ,  8068 ,  20 ,  233 ,  24.56 ,  0.02 ,  3.27
2 ,  1 ,  8086 ,  20 ,  233 ,  24.56 ,  0.02 ,  3.27
2 ,  1 ,  8105 ,  229 ,  47 ,  24.56 ,  0.02 ,  3.27
2 ,  1 ,  8127 ,  229 ,  47 ,  24.45 ,  0.02 ,  3.27
2 ,  1 ,  8146 ,  229 ,  47 ,  24.56 ,  0.02 ,  3.18
2 ,  1 ,  8166 ,  229 ,  47 ,  27.54 ,  0.02 ,  3.27
2 ,  1 ,  8185 ,  229 ,  47 ,  31.61 ,  0.03 ,  3.67
2 ,  1 ,  8204 ,  229 ,  47 ,  35.69 ,  0.04 ,  4.37
2 ,  1 ,  8223 ,  221 ,  15 ,  39.65 ,  0.06 ,  5.26
2 ,  1 ,  8243 ,  221 ,  15 ,  43.06 ,  0.07 ,  6.05
2 ,  1 ,  8262 ,  221 ,  15 ,  45.71 ,  0.09 ,  6.85
2 ,  1 ,  8282 ,  221 ,  15 ,  48.02 ,  0.11 ,  7.44
2 ,  1 ,  8303 ,  221 ,  15 ,  50.00 ,  0.12 ,  8.14
2 ,  1 ,  8323 ,  221 ,  15 ,  51.54 ,  0.13 ,  8.63
2 ,  1 ,  8342 ,  233 ,  0 ,  52.87 ,  0.15 ,  9.13
2 ,  1 ,  8361 ,  233 ,  0 ,  54.30 ,  0.16 ,  9.53
2 ,  1 ,  8380 ,  233 ,  0 ,  55.62 ,  0.17 ,  10.02
2 ,  1 ,  8399 ,  233 ,  0 ,  56.94 ,  0.19 ,  10.42
2 ,  1 ,  8419 ,  233 ,  0 ,  58.15 ,  0.20 ,  10.91
2 ,  1 ,  8438 ,  233 ,  0 ,  59.36 ,  0.21 ,  11.41
2 ,  1 ,  8458 ,  224 ,  57 ,  60.46 ,  0.22 ,  11.71
2 ,  1 ,  8479 ,  224 ,  57 ,  61.35 ,  0.23 ,  12.10
2 ,  1 ,  8499 ,  224 ,  57 ,  62.01 ,  0.24 ,  12.40
2 ,  1 ,  8517 ,  224 ,  57 ,  62.45 ,  0.25 ,  12.60
2 ,  1 ,  8537 ,  224 ,  57 ,  63.00 ,  0.25 ,  12.80
2 ,  1 ,  8556 ,  233 ,  62 ,  63.55 ,  0.26 ,  13.00
2 ,  1 ,  8576 ,  233 ,  62 ,  63.99 ,  0.26 ,  13.20
2 ,  1 ,  8595 ,  233 ,  62 ,  64.76 ,  0.27 ,  13.49
2 ,  1 ,  8614 ,  233 ,  62 ,  65.31 ,  0.28 ,  13.59
2 ,  1 ,  8633 ,  233 ,  62 ,  65.97 ,  0.29 ,  13.89
2 ,  1 ,  8652 ,  233 ,  62 ,  66.41 ,  0.30 ,  14.09
2 ,  1 ,  8674 ,  247 ,  10 ,  67.18 ,  0.31 ,  14.29
2 ,  1 ,  8693 ,  247 ,  10 ,  67.84 ,  0.31 ,  14.49
2 ,  1 ,  8713 ,  247 ,  10 ,  68.94 ,  0.33 ,  14.88
2 ,  1 ,  8732 ,  247 ,  10 ,  70.16 ,  0.34 ,  15.18
2 ,  1 ,  8752 ,  247 ,  10 ,  71.48 ,  0.35 ,  15.58
2 ,  1 ,  8771 ,  247 ,  10 ,  72.58 ,  0.36 ,  15.88
2 ,  1 ,  8791 ,  243 ,  82 ,  73.68 ,  0.37 ,  16.17
2 ,  1 ,  8810 ,  243 ,  82 ,  74.45 ,  0.38 ,  16.47
2 ,  1 ,  8829 ,  243 ,  82 ,  75.22 ,  0.39 ,  16.67
2 ,  1 ,  8851 ,  243 ,  82 ,  75.99 ,  0.40 ,  16.97
2 ,  1 ,  8870 ,  243 ,  82 ,  76.65 ,  0.41 ,  17.16
2 ,  1 ,  8890 ,  255 ,  50 ,  77.31 ,  0.42 ,  17.36
2 ,  1 ,  8909 ,  255 ,  50 ,  78.08 ,  0.42 ,  17.56
2 ,  1 ,  8929 ,  255 ,  50 ,  78.86 ,  0.43 ,  17.76
2 ,  1 ,  8948 ,  255 ,  50 ,  79.85 ,  0.43 ,  17.96
2 ,  1 ,  8968 ,  255 ,  50 ,  80.73 ,  0.44 ,  18.16
2 ,  1 ,  8986 ,  255 ,  50 ,  81.61 ,  0.45 ,  18.36
2 ,  1 ,  9006 ,  252 ,  22 ,  82.38 ,  0.46 ,  18.65
2 ,  1 ,  9028 ,  252 ,  22 ,  82.93 ,  0.46 ,  18.85
2 ,  1 ,  9048 ,  252 ,  22 ,  83.59 ,  0.47 ,  19.05
2 ,  1 ,  9066 ,  252 ,  22 ,  84.25 ,  0.47 ,  19.25
2 ,  1 ,  9085 ,  252 ,  22 ,  84.69 ,  0.47 ,  19.35
2 ,  1 ,  9105 ,  248 ,  49 ,  85.24 ,  0.48 ,  19.55
2 ,  1 ,  9124 ,  248 ,  49 ,  85.68 ,  0.48 ,  19.65
2 ,  1 ,  9144 ,  248 ,  49 ,  86.01 ,  0.48 ,  19.74
2 ,  1 ,  9163 ,  248 ,  49 ,  86.23 ,  0.49 ,  19.84
2 ,  1 ,  9183 ,  248 ,  49 ,  86.56 ,  0.49 ,  19.94
2 ,  1 ,  9202 ,  248 ,  49 ,  86.78 ,  0.49 ,  19.94
2 ,  1 ,  9233 ,  231 ,  40 ,  87.23 ,  0.49 ,  20.14
2 ,  1 ,  9254 ,  231 ,  40 ,  87.34 ,  0.49 ,  20.14
2 ,  1 ,  9276 ,  231 ,  40 ,  87.23 ,  0.49 ,  20.24
2 ,  1 ,  9297 ,  231 ,  40 ,  87.12 ,  0.50 ,  20.24
2 ,  1 ,  9319 ,  231 ,  40 ,  87.12 ,  0.50 ,  20.24
2 ,  1 ,  9340 ,  247 ,  8 ,  87.00 ,  0.50 ,  20.34
2 ,  1 ,  9362 ,  247 ,  8 ,  87.00 ,  0.50 ,  20.34
2 ,  1 ,  9383 ,  247 ,  8 ,  87.12 ,  0.50 ,  20.34
2 ,  1 ,  9405 ,  247 ,  8 ,  87.34 ,  0.50 ,  20.44
2 ,  1 ,  9430 ,  247 ,  8 ,  87.56 ,  0.50 ,  20.44
2 ,  1 ,  9451 ,  231 ,  35 ,  87.78 ,  0.50 ,  20.54
2 ,  1 ,  9472 ,  231 ,  35 ,  87.89 ,  0.50 ,  20.54
2 ,  1 ,  9493 ,  231 ,  35 ,  87.89 ,  0.50 ,  20.54
2 ,  1 ,  9515 ,  231 ,  35 ,  87.89 ,  0.50 ,  20.54
2 ,  1 ,  9536 ,  231 ,  35 ,  87.78 ,  0.50 ,  20.64
2 ,  1 ,  9558 ,  53 ,  237 ,  87.78 ,  0.50 ,  20.64
2 ,  1 ,  9579 ,  53 ,  237 ,  87.45 ,  0.50 ,  20.54
2 ,  1 ,  9601 ,  53 ,  237 ,  85.02 ,  0.50 ,  20.54
2 ,  1 ,  9624 ,  53 ,  237 ,  80.95 ,  0.49 ,  20.14
2 ,  1 ,  9646 ,  53 ,  237 ,  76.54 ,  0.47 ,  19.55
2 ,  1 ,  9667 ,  16 ,  245 ,  73.02 ,  0.46 ,  18.75
2 ,  1 ,  9688 ,  16 ,  245 ,  69.49 ,  0.43 ,  18.06
2 ,  1 ,  9709 ,  16 ,  245 ,  66.19 ,  0.40 ,  17.26
2 ,  1 ,  9731 ,  16 ,  245 ,  63.00 ,  0.37 ,  16.47
2 ,  1 ,  9752 ,  16 ,  245 ,  60.24 ,  0.33 ,  15.68
2 ,  1 ,  9774 ,  222 ,  76 ,  57.82 ,  0.30 ,  14.88
2 ,  1 ,  9795 ,  222 ,  76 ,  57.93 ,  0.28 ,  14.59
2 ,  1 ,  9817 ,  222 ,  76 ,  57.93 ,  0.28 ,  14.59
2 ,  1 ,  9840 ,  222 ,  76 ,  58.04 ,  0.28 ,  14.49
2 ,  1 ,  9862 ,  222 ,  76 ,  58.26 ,  0.28 ,  14.49
2 ,  1 ,  9883 ,  234 ,  25 ,  58.92 ,  0.28 ,  14.49
2 ,  1 ,  9904 ,  234 ,  25 ,  60.13 ,  0.28 ,  14.59
2 ,  1 ,  9930 ,  234 ,  25 ,  62.12 ,  0.30 ,  14.78
2 ,  1 ,  9952 ,  234 ,  25 ,  63.55 ,  0.31 ,  15.18
2 ,  1 ,  9973 ,  234 ,  25 ,  65.09 ,  0.32 ,  15.48
2 ,  1 ,  9995 ,  255 ,  50 ,  66.41 ,  0.33 ,  15.88
2 ,  1 ,  10016 ,  255 ,  50 ,  68.17 ,  0.35 ,  16.17
2 ,  1 ,  10040 ,  255 ,  50 ,  70.93 ,  0.37 ,  16.77
2 ,  1 ,  10061 ,  255 ,  50 ,  73.46 ,  0.39 ,  17.36
2 ,  1 ,  10083 ,  255 ,  50 ,  75.55 ,  0.41 ,  17.86
2 ,  1 ,  10104 ,  255 ,  8 ,  77.53 ,  0.43 ,  18.36
2 ,  1 ,  10126 ,  255 ,  8 ,  79.19 ,  0.44 ,  18.65
2 ,  1 ,  10146 ,  255 ,  8 ,  80.73 ,  0.45 ,  19.05
2 ,  1 ,  10168 ,  255 ,  8 ,  81.94 ,  0.46 ,  19.35
2 ,  1 ,  10189 ,  255 ,  8 ,  83.04 ,  0.47 ,  19.55
2 ,  1 ,  10211 ,  53 ,  255 ,  84.03 ,  0.47 ,  19.74
2 ,  1 ,  10234 ,  53 ,  255 ,  83.26 ,  0.47 ,  19.84
2 ,  1 ,  10256 ,  53 ,  255 ,  79.30 ,  0.46 ,  19.55
2 ,  1 ,  10277 ,  53 ,  255 ,  74.45 ,  0.44 ,  19.05
2 ,  1 ,  10299 ,  53 ,  255 ,  69.49 ,  0.41 ,  17.96
2 ,  1 ,  10320 ,  227 ,  20 ,  64.98 ,  0.37 ,  16.97
2 ,  1 ,  10342 ,  227 ,  20 ,  65.20 ,  0.35 ,  16.47
2 ,  1 ,  10363 ,  227 ,  20 ,  64.98 ,  0.35 ,  16.57
2 ,  1 ,  10385 ,  227 ,  20 ,  65.20 ,  0.35 ,  16.57
2 ,  1 ,  10406 ,  227 ,  20 ,  65.09 ,  0.35 ,  16.57
2 ,  1 ,  10430 ,  237 ,  28 ,  65.42 ,  0.35 ,  16.57
2 ,  1 ,  10451 ,  237 ,  28 ,  66.30 ,  0.35 ,  16.57
2 ,  1 ,  10472 ,  237 ,  28 ,  67.51 ,  0.36 ,  16.57
2 ,  1 ,  10493 ,  237 ,  28 ,  68.72 ,  0.37 ,  16.77
2 ,  1 ,  10515 ,  237 ,  28 ,  69.83 ,  0.38 ,  17.07
2 ,  1 ,  10536 ,  15 ,  232 ,  70.93 ,  0.38 ,  17.26
2 ,  1 ,  10558 ,  15 ,  232 ,  70.82 ,  0.39 ,  17.36
2 ,  1 ,  10579 ,  15 ,  232 ,  69.94 ,  0.38 ,  17.36
2 ,  1 ,  10601 ,  15 ,  232 ,  68.06 ,  0.37 ,  17.16
2 ,  1 ,  10622 ,  15 ,  232 ,  66.08 ,  0.36 ,  16.87
2 ,  1 ,  10646 ,  242 ,  59 ,  63.88 ,  0.34 ,  16.47
2 ,  1 ,  10668 ,  242 ,  59 ,  63.88 ,  0.34 ,  16.27
2 ,  1 ,  10689 ,  242 ,  59 ,  63.77 ,  0.33 ,  16.27
2 ,  1 ,  10711 ,  242 ,  59 ,  63.77 ,  0.33 ,  16.27
2 ,  1 ,  10732 ,  242 ,  59 ,  64.98 ,  0.33 ,  16.27
2 ,  1 ,  10754 ,  246 ,  38 ,  66.63 ,  0.34 ,  16.37
2 ,  1 ,  10775 ,  246 ,  38 ,  68.50 ,  0.36 ,  16.77
2 ,  1 ,  10796 ,  246 ,  38 ,  70.49 ,  0.37 ,  17.07
2 ,  1 ,  10817 ,  246 ,  38 ,  72.36 ,  0.39 ,  17.46
2 ,  1 ,  10842 ,  246 ,  38 ,  74.12 ,  0.40 ,  17.86
2 ,  1 ,  10862 ,  231 ,  23 ,  75.55 ,  0.42 ,  18.06
2 ,  1 ,  10884 ,  231 ,  23 ,  76.43 ,  0.43 ,  18.36
2 ,  1 ,  10905 ,  231 ,  23 ,  76.98 ,  0.43 ,  18.45
2 ,  1 ,  10927 ,  231 ,  23 ,  77.31 ,  0.43 ,  18.65
2 ,  1 ,  10948 ,  231 ,  23 ,  77.75 ,  0.43 ,  18.75
2 ,  1 ,  10970 ,  54 ,  243 ,  78.08 ,  0.43 ,  18.75
2 ,  1 ,  10991 ,  54 ,  243 ,  77.86 ,  0.44 ,  18.85
2 ,  1 ,  11013 ,  54 ,  243 ,  75.44 ,  0.43 ,  18.75
2 ,  1 ,  11036 ,  54 ,  243 ,  72.03 ,  0.42 ,  18.26
2 ,  1 ,  11058 ,  54 ,  243 ,  68.61 ,  0.39 ,  17.66
2 ,  1 ,  11079 ,  220 ,  77 ,  65.42 ,  0.36 ,  17.07
2 ,  1 ,  11101 ,  220 ,  77 ,  65.09 ,  0.35 ,  16.77
2 ,  1 ,  11122 ,  220 ,  77 ,  65.09 ,  0.35 ,  16.77
2 ,  1 ,  11144 ,  220 ,  77 ,  65.09 ,  0.35 ,  16.77
2 ,  1 ,  11165 ,  220 ,  77 ,  65.09 ,  0.35 ,  16.67
2 ,  1 ,  11186 ,  236 ,  70 ,  65.09 ,  0.35 ,  16.67
2 ,  1 ,  11207 ,  236 ,  70 ,  65.53 ,  0.35 ,  16.67
2 ,  1 ,  11232 ,  236 ,  70 ,  66.63 ,  0.35 ,  16.67
2 ,  1 ,  11252 ,  236 ,  70 ,  67.84 ,  0.36 ,  16.77
2 ,  1 ,  11274 ,  236 ,  70 ,  68.94 ,  0.37 ,  16.97
2 ,  1 ,  11295 ,  35 ,  237 ,  70.05 ,  0.37 ,  17.16
2 ,  1 ,  11317 ,  35 ,  237 ,  69.94 ,  0.38 ,  17.26
2 ,  1 ,  11338 ,  35 ,  237 ,  68.61 ,  0.37 ,  17.26
2 ,  1 ,  11360 ,  35 ,  237 ,  66.85 ,  0.36 ,  16.97
2 ,  1 ,  11381 ,  35 ,  237 ,  64.54 ,  0.35 ,  16.77
2 ,  1 ,  11403 ,  23 ,  233 ,  62.56 ,  0.33 ,  16.27
2 ,  1 ,  11426 ,  23 ,  233 ,  60.35 ,  0.30 ,  15.78
2 ,  1 ,  11448 ,  23 ,  233 ,  58.70 ,  0.29 ,  15.28
2 ,  1 ,  11469 ,  23 ,  233 ,  57.16 ,  0.27 ,  14.78
2 ,  1 ,  11491 ,  23 ,  233 ,  55.84 ,  0.25 ,  14.39
2 ,  1 ,  11512 ,  55 ,  255 ,  54.52 ,  0.24 ,  13.99
2 ,  1 ,  11534 ,  55 ,  255 ,  52.98 ,  0.22 ,  13.59
2 ,  1 ,  11555 ,  55 ,  255 ,  51.21 ,  0.21 ,  13.10
2 ,  1 ,  11576 ,  55 ,  255 ,  49.34 ,  0.19 ,  12.40
2 ,  1 ,  11597 ,  55 ,  255 ,  47.69 ,  0.17 ,  11.81
2 ,  1 ,  11622 ,  245 ,  30 ,  45.82 ,  0.15 ,  11.11
2 ,  1 ,  11642 ,  245 ,  30 ,  46.26 ,  0.15 ,  10.91
2 ,  1 ,  11664 ,  245 ,  30 ,  46.26 ,  0.14 ,  10.81
2 ,  1 ,  11685 ,  245 ,  30 ,  48.68 ,  0.15 ,  10.81
2 ,  1 ,  11707 ,  245 ,  30 ,  51.98 ,  0.17 ,  11.51
2 ,  1 ,  11728 ,  28 ,  255 ,  55.73 ,  0.19 ,  12.40
2 ,  1 ,  11750 ,  28 ,  255 ,  55.84 ,  0.21 ,  12.90
2 ,  1 ,  11771 ,  28 ,  255 ,  55.18 ,  0.20 ,  12.90
2 ,  1 ,  11793 ,  28 ,  255 ,  53.53 ,  0.20 ,  12.60
2 ,  1 ,  11816 ,  28 ,  255 ,  51.43 ,  0.18 ,  12.30
2 ,  1 ,  11838 ,  69 ,  242 ,  49.12 ,  0.16 ,  11.71
2 ,  1 ,  11859 ,  69 ,  242 ,  47.80 ,  0.15 ,  11.31
2 ,  1 ,  11881 ,  69 ,  242 ,  46.26 ,  0.13 ,  10.91
2 ,  1 ,  11902 ,  69 ,  242 ,  44.94 ,  0.12 ,  10.42
2 ,  1 ,  11924 ,  69 ,  242 ,  43.72 ,  0.11 ,  10.02
2 ,  1 ,  11945 ,  255 ,  32 ,  42.62 ,  0.10 ,  9.72
2 ,  1 ,  11967 ,  255 ,  32 ,  42.84 ,  0.10 ,  9.53
2 ,  1 ,  11988 ,  255 ,  32 ,  43.72 ,  0.10 ,  9.53
2 ,  1 ,  12010 ,  255 ,  32 ,  47.36 ,  0.11 ,  9.82
2 ,  1 ,  12034 ,  255 ,  32 ,  52.65 ,  0.15 ,  11.01
2 ,  1 ,  12055 ,  211 ,  26 ,  57.27 ,  0.19 ,  12.30
2 ,  1 ,  12077 ,  211 ,  26 ,  59.91 ,  0.22 ,  13.20
2 ,  1 ,  12098 ,  211 ,  26 ,  61.24 ,  0.23 ,  13.79
2 ,  1 ,  12120 ,  211 ,  26 ,  62.23 ,  0.24 ,  14.09
2 ,  1 ,  12140 ,  211 ,  26 ,  63.00 ,  0.25 ,  14.29
2 ,  1 ,  12162 ,  223 ,  53 ,  63.66 ,  0.26 ,  14.59
2 ,  1 ,  12183 ,  223 ,  53 ,  64.43 ,  0.27 ,  14.78
2 ,  1 ,  12205 ,  223 ,  53 ,  65.31 ,  0.27 ,  15.08
2 ,  1 ,  12228 ,  223 ,  53 ,  66.19 ,  0.29 ,  15.38
2 ,  1 ,  12250 ,  223 ,  53 ,  67.07 ,  0.30 ,  15.48
2 ,  1 ,  12271 ,  0 ,  230 ,  67.73 ,  0.30 ,  15.78
2 ,  1 ,  12293 ,  0 ,  230 ,  67.51 ,  0.31 ,  15.78
2 ,  1 ,  12314 ,  0 ,  230 ,  66.41 ,  0.31 ,  15.88
2 ,  1 ,  12336 ,  0 ,  230 ,  65.42 ,  0.30 ,  15.78
2 ,  1 ,  12357 ,  0 ,  230 ,  63.66 ,  0.29 ,  15.58
2 ,  1 ,  12379 ,  30 ,  238 ,  62.12 ,  0.27 ,  15.28
2 ,  1 ,  12400 ,  30 ,  238 ,  60.35 ,  0.26 ,  14.88
2 ,  1 ,  12424 ,  30 ,  238 ,  58.37 ,  0.24 ,  14.39
2 ,  1 ,  12445 ,  30 ,  238 ,  56.83 ,  0.23 ,  13.99
2 ,  1 ,  12467 ,  30 ,  238 ,  55.29 ,  0.22 ,  13.59
2 ,  1 ,  12488 ,  237 ,  38 ,  53.86 ,  0.20 ,  13.20
2 ,  1 ,  12509 ,  237 ,  38 ,  54.08 ,  0.20 ,  13.10
2 ,  1 ,  12530 ,  237 ,  38 ,  53.97 ,  0.20 ,  13.10
2 ,  1 ,  12552 ,  237 ,  38 ,  54.19 ,  0.20 ,  13.00
2 ,  1 ,  12573 ,  237 ,  38 ,  56.17 ,  0.20 ,  13.00
2 ,  1 ,  12595 ,  242 ,  75 ,  58.37 ,  0.22 ,  13.39
2 ,  1 ,  12618 ,  242 ,  75 ,  61.01 ,  0.23 ,  13.99
2 ,  1 ,  12640 ,  242 ,  75 ,  63.44 ,  0.26 ,  14.59
2 ,  1 ,  12661 ,  242 ,  75 ,  65.64 ,  0.28 ,  15.18
2 ,  1 ,  12683 ,  242 ,  75 ,  67.51 ,  0.30 ,  15.68
2 ,  1 ,  12704 ,  56 ,  247 ,  69.16 ,  0.32 ,  16.17
2 ,  1 ,  12726 ,  56 ,  247 ,  69.05 ,  0.32 ,  16.27
2 ,  1 ,  12747 ,  56 ,  247 ,  67.40 ,  0.32 ,  16.37
2 ,  1 ,  12769 ,  56 ,  247 ,  64.87 ,  0.30 ,  15.97
2 ,  1 ,  12790 ,  56 ,  247 ,  62.12 ,  0.28 ,  15.38
2 ,  1 ,  12814 ,  13 ,  255 ,  59.03 ,  0.25 ,  14.68
2 ,  1 ,  12835 ,  13 ,  255 ,  56.28 ,  0.23 ,  13.99
2 ,  1 ,  12857 ,  13 ,  255 ,  53.64 ,  0.21 ,  13.39
2 ,  1 ,  12878 ,  13 ,  255 ,  51.21 ,  0.18 ,  12.60
2 ,  1 ,  12899 ,  13 ,  255 ,  48.90 ,  0.16 ,  12.01
2 ,  1 ,  12920 ,  232 ,  63 ,  46.92 ,  0.14 ,  11.31
2 ,  1 ,  12942 ,  232 ,  63 ,  47.14 ,  0.13 ,  11.01
2 ,  1 ,  12963 ,  232 ,  63 ,  47.14 ,  0.13 ,  11.01
2 ,  1 ,  12985 ,  232 ,  63 ,  47.69 ,  0.14 ,  11.01
2 ,  1 ,  13008 ,  232 ,  63 ,  50.00 ,  0.14 ,  11.11
2 ,  1 ,  13030 ,  36 ,  221 ,  52.76 ,  0.16 ,  11.71
2 ,  1 ,  13051 ,  36 ,  221 ,  52.87 ,  0.17 ,  11.91
2 ,  1 ,  13073 ,  36 ,  221 ,  52.76 ,  0.16 ,  11.91
2 ,  1 ,  13094 ,  36 ,  221 ,  52.65 ,  0.17 ,  11.91
2 ,  1 ,  13116 ,  36 ,  221 ,  52.54 ,  0.17 ,  11.91
2 ,  1 ,  13137 ,  0 ,  255 ,  52.42 ,  0.16 ,  11.91
2 ,  1 ,  13159 ,  0 ,  255 ,  51.54 ,  0.17 ,  11.81
2 ,  1 ,  13180 ,  0 ,  255 ,  49.78 ,  0.15 ,  11.71
2 ,  1 ,  13201 ,  0 ,  255 ,  48.13 ,  0.13 ,  11.31
2 ,  1 ,  13225 ,  0 ,  255 ,  46.04 ,  0.12 ,  10.81
2 ,  1 ,  13246 ,  14 ,  255 ,  44.39 ,  0.11 ,  10.32
2 ,  1 ,  13267 ,  14 ,  255 ,  42.95 ,  0.10 ,  9.82
2 ,  1 ,  13289 ,  14 ,  255 ,  41.52 ,  0.09 ,  9.43
2 ,  1 ,  13310 ,  14 ,  255 ,  40.20 ,  0.08 ,  8.93
2 ,  1 ,  13332 ,  14 ,  255 ,  38.99 ,  0.07 ,  8.53
2 ,  1 ,  13353 ,  24 ,  255 ,  37.89 ,  0.07 ,  8.14
2 ,  1 ,  13375 ,  24 ,  255 ,  36.79 ,  0.06 ,  7.74
2 ,  1 ,  13396 ,  24 ,  255 ,  35.91 ,  0.06 ,  7.44
2 ,  1 ,  13420 ,  24 ,  255 ,  34.80 ,  0.05 ,  7.04
2 ,  1 ,  13442 ,  24 ,  255 ,  33.92 ,  0.05 ,  6.75
2 ,  1 ,  13462 ,  22 ,  241 ,  33.15 ,  0.05 ,  6.45
2 ,  1 ,  13484 ,  22 ,  241 ,  32.49 ,  0.04 ,  6.25
2 ,  1 ,  13505 ,  22 ,  241 ,  32.16 ,  0.04 ,  6.05
2 ,  1 ,  13527 ,  22 ,  241 ,  31.72 ,  0.04 ,  5.85
2 ,  1 ,  13551 ,  22 ,  241 ,  31.28 ,  0.04 ,  5.75
2 ,  1 ,  13573 ,  11 ,  245 ,  30.95 ,  0.04 ,  5.66
2 ,  1 ,  13594 ,  11 ,  245 ,  30.51 ,  0.04 ,  5.46
2 ,  1 ,  13618 ,  11 ,  245 ,  30.18 ,  0.04 ,  5.36
2 ,  1 ,  13639 ,  11 ,  245 ,  29.74 ,  0.04 ,  5.26
2 ,  1 ,  13661 ,  11 ,  245 ,  29.41 ,  0.03 ,  5.16
2 ,  1 ,  13682 ,  28 ,  233 ,  29.08 ,  0.03 ,  5.06
2 ,  1 ,  13703 ,  28 ,  233 ,  28.86 ,  0.03 ,  4.96
2 ,  1 ,  13724 ,  28 ,  233 ,  28.75 ,  0.03 ,  4.86
2 ,  1 ,  13746 ,  28 ,  233 ,  28.75 ,  0.03 ,  4.86
2 ,  1 ,  13767 ,  28 ,  233 ,  28.75 ,  0.03 ,  4.86
2 ,  1 ,  13789 ,  52 ,  253 ,  28.64 ,  0.03 ,  4.76
2 ,  1 ,  13810 ,  52 ,  253 ,  28.42 ,  0.03 ,  4.76
2 ,  1 ,  13834 ,  52 ,  253 ,  28.09 ,  0.03 ,  4.66
2 ,  1 ,  13855 ,  52 ,  253 ,  27.65 ,  0.03 ,  4.56
2 ,  1 ,  13877 ,  52 ,  253 ,  27.21 ,  0.03 ,  4.46
2 ,  1 ,  13897 ,  255 ,  19 ,  26.88 ,  0.03 ,  4.37
2 ,  1 ,  13919 ,  255 ,  19 ,  26.99 ,  0.03 ,  4.37
2 ,  1 ,  13940 ,  255 ,  19 ,  29.19 ,  0.03 ,  4.37
2 ,  1 ,  13962 ,  255 ,  19 ,  34.91 ,  0.04 ,  4.96
2 ,  1 ,  13983 ,  255 ,  19 ,  41.63 ,  0.07 ,  6.35
2 ,  1 ,  14005 ,  229 ,  39 ,  48.02 ,  0.10 ,  8.04
2 ,  1 ,  14028 ,  229 ,  39 ,  52.98 ,  0.14 ,  9.72
2 ,  1 ,  14050 ,  229 ,  39 ,  56.17 ,  0.18 ,  10.91
2 ,  1 ,  14071 ,  229 ,  39 ,  58.59 ,  0.20 ,  11.71
2 ,  1 ,  14093 ,  229 ,  39 ,  60.57 ,  0.22 ,  12.50
2 ,  1 ,  14114 ,  57 ,  252 ,  62.23 ,  0.24 ,  13.20
2 ,  1 ,  14135 ,  57 ,  252 ,  61.90 ,  0.25 ,  13.39
2 ,  1 ,  14156 ,  57 ,  252 ,  60.46 ,  0.25 ,  13.39
2 ,  1 ,  14178 ,  57 ,  252 ,  58.48 ,  0.23 ,  13.10
2 ,  1 ,  14199 ,  57 ,  252 ,  55.84 ,  0.22 ,  12.70
2 ,  1 ,  14223 ,  44 ,  224 ,  53.09 ,  0.19 ,  12.01
2 ,  1 ,  14244 ,  44 ,  224 ,  51.21 ,  0.17 ,  11.51
2 ,  1 ,  14266 ,  44 ,  224 ,  49.89 ,  0.16 ,  11.11
2 ,  1 ,  14287 ,  44 ,  224 ,  48.79 ,  0.14 ,  10.72
2 ,  1 ,  14309 ,  44 ,  224 ,  47.80 ,  0.14 ,  10.42
2 ,  1 ,  14330 ,  68 ,  230 ,  46.92 ,  0.13 ,  10.22
2 ,  1 ,  14352 ,  68 ,  230 ,  46.04 ,  0.12 ,  9.92
2 ,  1 ,  14373 ,  68 ,  230 ,  45.05 ,  0.11 ,  9.62
2 ,  1 ,  14395 ,  68 ,  230 ,  44.17 ,  0.10 ,  9.33
2 ,  1 ,  14418 ,  68 ,  230 ,  43.28 ,  0.10 ,  9.03
2 ,  1 ,  14440 ,  44 ,  249 ,  42.51 ,  0.09 ,  8.83
2 ,  1 ,  14460 ,  44 ,  249 ,  41.52 ,  0.08 ,  8.53
2 ,  1 ,  14482 ,  44 ,  249 ,  40.42 ,  0.08 ,  8.24
2 ,  1 ,  14503 ,  44 ,  249 ,  39.32 ,  0.07 ,  7.94
2 ,  1 ,  14525 ,  44 ,  249 ,  38.33 ,  0.07 ,  7.64
2 ,  1 ,  14546 ,  254 ,  9 ,  37.45 ,  0.06 ,  7.34
2 ,  1 ,  14568 ,  254 ,  9 ,  37.67 ,  0.06 ,  7.24
2 ,  1 ,  14589 ,  254 ,  9 ,  38.55 ,  0.06 ,  7.24
2 ,  1 ,  14610 ,  254 ,  9 ,  42.62 ,  0.07 ,  7.54
2 ,  1 ,  14635 ,  254 ,  9 ,  48.46 ,  0.10 ,  8.83
2 ,  1 ,  14655 ,  72 ,  241 ,  53.53 ,  0.14 ,  10.32
2 ,  1 ,  14676 ,  72 ,  241 ,  53.75 ,  0.16 ,  10.91
2 ,  1 ,  14698 ,  72 ,  241 ,  53.20 ,  0.16 ,  10.91
2 ,  1 ,  14720 ,  72 ,  241 ,  52.54 ,  0.16 ,  10.91
2 ,  1 ,  14741 ,  72 ,  241 ,  51.10 ,  0.15 ,  10.81
2 ,  1 ,  14763 ,  236 ,  78 ,  49.78 ,  0.15 ,  10.62
2 ,  1 ,  14784 ,  236 ,  78 ,  49.78 ,  0.14 ,  10.42
2 ,  1 ,  14806 ,  236 ,  78 ,  49.67 ,  0.14 ,  10.52
2 ,  1 ,  14829 ,  236 ,  78 ,  51.32 ,  0.14 ,  10.52
2 ,  1 ,  14851 ,  236 ,  78 ,  53.64 ,  0.16 ,  10.91
2 ,  1 ,  14872 ,  228 ,  81 ,  56.17 ,  0.18 ,  11.51
2 ,  1 ,  14894 ,  228 ,  81 ,  58.15 ,  0.21 ,  12.10
2 ,  1 ,  14915 ,  228 ,  81 ,  59.80 ,  0.22 ,  12.70
2 ,  1 ,  14937 ,  228 ,  81 ,  61.35 ,  0.23 ,  13.20
2 ,  1 ,  14957 ,  228 ,  81 ,  62.56 ,  0.25 ,  13.59
2 ,  1 ,  14979 ,  232 ,  36 ,  63.66 ,  0.26 ,  13.89
2 ,  1 ,  15000 ,  232 ,  36 ,  64.65 ,  0.27 ,  14.29
2 ,  1 ,  15024 ,  232 ,  36 ,  65.75 ,  0.29 ,  14.68
2 ,  1 ,  15045 ,  232 ,  36 ,  66.52 ,  0.30 ,  14.98
2 ,  1 ,  15067 ,  232 ,  36 ,  67.40 ,  0.31 ,  15.18
2 ,  1 ,  15088 ,  32 ,  238 ,  68.17 ,  0.31 ,  15.48
2 ,  1 ,  15111 ,  32 ,  238 ,  67.95 ,  0.32 ,  15.58
2 ,  1 ,  15132 ,  32 ,  238 ,  67.07 ,  0.32 ,  15.58
2 ,  1 ,  15154 ,  32 ,  238 ,  64.98 ,  0.30 ,  15.38
2 ,  1 ,  15175 ,  32 ,  238 ,  62.78 ,  0.29 ,  15.08
2 ,  1 ,  15197 ,  225 ,  37 ,  60.79 ,  0.27 ,  14.68
2 ,  1 ,  15220 ,  225 ,  37 ,  60.57 ,  0.26 ,  14.49
2 ,  1 ,  15242 ,  225 ,  37 ,  60.57 ,  0.27 ,  14.49
2 ,  1 ,  15263 ,  225 ,  37 ,  60.46 ,  0.26 ,  14.39
2 ,  1 ,  15285 ,  225 ,  37 ,  60.46 ,  0.26 ,  14.39
2 ,  1 ,  15306 ,  255 ,  36 ,  61.01 ,  0.26 ,  14.39
2 ,  1 ,  15328 ,  255 ,  36 ,  63.00 ,  0.27 ,  14.39
2 ,  1 ,  15349 ,  255 ,  36 ,  65.86 ,  0.29 ,  14.98
2 ,  1 ,  15371 ,  255 ,  36 ,  68.83 ,  0.32 ,  15.68
2 ,  1 ,  15392 ,  255 ,  36 ,  71.70 ,  0.35 ,  16.47
2 ,  1 ,  15416 ,  226 ,  38 ,  74.34 ,  0.37 ,  17.16
2 ,  1 ,  15437 ,  226 ,  38 ,  75.66 ,  0.39 ,  17.56
2 ,  1 ,  15459 ,  226 ,  38 ,  76.10 ,  0.40 ,  17.76
2 ,  1 ,  15480 ,  226 ,  38 ,  76.43 ,  0.41 ,  17.96
2 ,  1 ,  15503 ,  226 ,  38 ,  76.76 ,  0.41 ,  18.06
2 ,  1 ,  15524 ,  240 ,  27 ,  76.98 ,  0.42 ,  18.16
2 ,  1 ,  15546 ,  240 ,  27 ,  77.42 ,  0.42 ,  18.26
2 ,  1 ,  15567 ,  240 ,  27 ,  78.08 ,  0.43 ,  18.45
2 ,  1 ,  15589 ,  240 ,  27 ,  78.75 ,  0.43 ,  18.55
2 ,  1 ,  15620 ,  240 ,  27 ,  79.41 ,  0.43 ,  18.75
2 ,  1 ,  15641 ,  233 ,  36 ,  80.18 ,  0.44 ,  19.05
2 ,  1 ,  15663 ,  233 ,  36 ,  80.62 ,  0.45 ,  19.15
2 ,  1 ,  15684 ,  233 ,  36 ,  80.95 ,  0.45 ,  19.25
2 ,  1 ,  15706 ,  233 ,  36 ,  81.28 ,  0.45 ,  19.35
2 ,  1 ,  15727 ,  233 ,  36 ,  81.61 ,  0.45 ,  19.35
2 ,  1 ,  15750 ,  62 ,  218 ,  81.83 ,  0.46 ,  19.55
2 ,  1 ,  15771 ,  62 ,  218 ,  81.61 ,  0.46 ,  19.55
2 ,  1 ,  15793 ,  62 ,  218 ,  80.40 ,  0.46 ,  19.55
2 ,  1 ,  15814 ,  62 ,  218 ,  78.30 ,  0.45 ,  19.35
2 ,  1 ,  15838 ,  62 ,  218 ,  75.88 ,  0.44 ,  19.05
2 ,  1 ,  15859 ,  67 ,  250 ,  73.79 ,  0.43 ,  18.75
2 ,  1 ,  15881 ,  67 ,  250 ,  71.15 ,  0.41 ,  18.26
2 ,  1 ,  15902 ,  67 ,  250 ,  67.62 ,  0.38 ,  17.56
2 ,  1 ,  15924 ,  67 ,  250 ,  64.21 ,  0.35 ,  16.77
2 ,  1 ,  15945 ,  67 ,  250 ,  60.90 ,  0.31 ,  15.97
2 ,  1 ,  15967 ,  1 ,  242 ,  57.93 ,  0.28 ,  15.08
2 ,  1 ,  15988 ,  1 ,  242 ,  55.40 ,  0.25 ,  14.29
2 ,  1 ,  16010 ,  1 ,  242 ,  53.20 ,  0.23 ,  13.49
2 ,  1 ,  16033 ,  1 ,  242 ,  50.99 ,  0.21 ,  12.80
2 ,  1 ,  16055 ,  1 ,  242 ,  49.12 ,  0.18 ,  12.10
2 ,  1 ,  16076 ,  18 ,  251 ,  47.58 ,  0.16 ,  11.61
2 ,  1 ,  16097 ,  18 ,  251 ,  45.93 ,  0.14 ,  11.01
2 ,  1 ,  16136 ,  18 ,  251 ,  43.06 ,  0.12 ,  9.92
2 ,  1 ,  16157 ,  18 ,  251 ,  41.63 ,  0.10 ,  9.43
2 ,  1 ,  16179 ,  21 ,  238 ,  40.20 ,  0.09 ,  8.93
2 ,  1 ,  16200 ,  21 ,  238 ,  39.21 ,  0.09 ,  8.53
2 ,  1 ,  16222 ,  21 ,  238 ,  38.33 ,  0.08 ,  8.14
2 ,  1 ,  16245 ,  21 ,  238 ,  37.45 ,  0.07 ,  7.84
2 ,  1 ,  16267 ,  21 ,  238 ,  36.79 ,  0.07 ,  7.64
2 ,  1 ,  16288 ,  220 ,  72 ,  36.13 ,  0.06 ,  7.34
2 ,  1 ,  16310 ,  220 ,  72 ,  36.24 ,  0.06 ,  7.24
2 ,  1 ,  16331 ,  220 ,  72 ,  36.35 ,  0.06 ,  7.24
2 ,  1 ,  16352 ,  220 ,  72 ,  37.23 ,  0.06 ,  7.24
2 ,  1 ,  16373 ,  220 ,  72 ,  39.65 ,  0.07 ,  7.34
2 ,  1 ,  16395 ,  218 ,  21 ,  42.29 ,  0.08 ,  7.94
2 ,  1 ,  16416 ,  218 ,  21 ,  44.61 ,  0.09 ,  8.43
2 ,  1 ,  16440 ,  218 ,  21 ,  47.03 ,  0.10 ,  9.13
2 ,  1 ,  16461 ,  218 ,  21 ,  48.90 ,  0.12 ,  9.53
2 ,  1 ,  16483 ,  218 ,  21 ,  50.44 ,  0.13 ,  10.12
2 ,  1 ,  16504 ,  222 ,  59 ,  51.87 ,  0.14 ,  10.52
2 ,  1 ,  16526 ,  222 ,  59 ,  53.31 ,  0.16 ,  11.01
2 ,  1 ,  16547 ,  222 ,  59 ,  54.52 ,  0.17 ,  11.41
2 ,  1 ,  16569 ,  222 ,  59 ,  55.73 ,  0.18 ,  11.71
2 ,  1 ,  16590 ,  222 ,  59 ,  56.83 ,  0.20 ,  12.10
2 ,  1 ,  16612 ,  237 ,  58 ,  57.71 ,  0.20 ,  12.40
2 ,  1 ,  16635 ,  237 ,  58 ,  58.92 ,  0.21 ,  12.80
2 ,  1 ,  16657 ,  237 ,  58 ,  60.57 ,  0.23 ,  13.30
2 ,  1 ,  16678 ,  237 ,  58 ,  62.01 ,  0.24 ,  13.69
2 ,  1 ,  16700 ,  237 ,  58 ,  63.55 ,  0.26 ,  14.19
2 ,  1 ,  16720 ,  253 ,  39 ,  64.76 ,  0.27 ,  14.59
2 ,  1 ,  16742 ,  253 ,  39 ,  66.41 ,  0.29 ,  15.08
2 ,  1 ,  16763 ,  253 ,  39 ,  68.39 ,  0.31 ,  15.68
2 ,  1 ,  16785 ,  253 ,  39 ,  70.49 ,  0.33 ,  16.27
2 ,  1 ,  16806 ,  253 ,  39 ,  72.47 ,  0.35 ,  16.77
2 ,  1 ,  16828 ,  58 ,  251 ,  74.12 ,  0.37 ,  17.26
2 ,  1 ,  16851 ,  58 ,  251 ,  73.68 ,  0.37 ,  17.46
2 ,  1 ,  16873 ,  58 ,  251 ,  71.04 ,  0.36 ,  17.36
2 ,  1 ,  16894 ,  58 ,  251 ,  67.62 ,  0.34 ,  16.97
2 ,  1 ,  16916 ,  58 ,  251 ,  64.10 ,  0.31 ,  16.07
2 ,  1 ,  16937 ,  66 ,  238 ,  60.68 ,  0.28 ,  15.28
2 ,  1 ,  16959 ,  66 ,  238 ,  57.71 ,  0.25 ,  14.49
2 ,  1 ,  16980 ,  66 ,  238 ,  55.18 ,  0.22 ,  13.69
2 ,  1 ,  17002 ,  66 ,  238 ,  53.09 ,  0.20 ,  13.10
2 ,  1 ,  17024 ,  66 ,  238 ,  51.10 ,  0.18 ,  12.50
2 ,  1 ,  17047 ,  48 ,  243 ,  49.23 ,  0.16 ,  11.81
2 ,  1 ,  17069 ,  48 ,  243 ,  47.58 ,  0.15 ,  11.31
2 ,  1 ,  17090 ,  48 ,  243 ,  46.04 ,  0.13 ,  10.81
2 ,  1 ,  17112 ,  48 ,  243 ,  44.61 ,  0.11 ,  10.22
2 ,  1 ,  17133 ,  48 ,  243 ,  43.17 ,  0.11 ,  9.82
2 ,  1 ,  17155 ,  21 ,  254 ,  41.96 ,  0.09 ,  9.33
2 ,  1 ,  17175 ,  21 ,  254 ,  40.64 ,  0.09 ,  8.83
2 ,  1 ,  17197 ,  21 ,  254 ,  39.21 ,  0.07 ,  8.43
2 ,  1 ,  17218 ,  21 ,  254 ,  37.89 ,  0.07 ,  8.04
2 ,  1 ,  17242 ,  21 ,  254 ,  36.57 ,  0.06 ,  7.64
2 ,  1 ,  17263 ,  241 ,  21 ,  35.36 ,  0.06 ,  7.24
2 ,  1 ,  17285 ,  241 ,  21 ,  35.69 ,  0.05 ,  7.14
2 ,  1 ,  17306 ,  241 ,  21 ,  35.69 ,  0.06 ,  7.14
2 ,  1 ,  17328 ,  241 ,  21 ,  38.99 ,  0.06 ,  7.14
2 ,  1 ,  17349 ,  241 ,  21 ,  43.17 ,  0.08 ,  8.04
2 ,  1 ,  17371 ,  221 ,  0 ,  47.47 ,  0.10 ,  9.03
2 ,  1 ,  17391 ,  221 ,  0 ,  50.88 ,  0.13 ,  10.12
2 ,  1 ,  17413 ,  221 ,  0 ,  53.42 ,  0.15 ,  10.91
2 ,  1 ,  17436 ,  221 ,  0 ,  55.51 ,  0.17 ,  11.61
2 ,  1 ,  17458 ,  221 ,  0 ,  57.16 ,  0.19 ,  12.10
2 ,  1 ,  17479 ,  15 ,  224 ,  58.48 ,  0.20 ,  12.50
2 ,  1 ,  17501 ,  15 ,  224 ,  58.26 ,  0.21 ,  12.80
2 ,  1 ,  17522 ,  15 ,  224 ,  57.93 ,  0.21 ,  12.80
2 ,  1 ,  17544 ,  15 ,  224 ,  57.71 ,  0.21 ,  12.80
2 ,  1 ,  17565 ,  15 ,  224 ,  57.05 ,  0.21 ,  12.80
2 ,  1 ,  17587 ,  51 ,  255 ,  56.17 ,  0.20 ,  12.70
2 ,  1 ,  17608 ,  51 ,  255 ,  54.74 ,  0.19 ,  12.60
2 ,  1 ,  17632 ,  51 ,  255 ,  52.76 ,  0.18 ,  12.10
2 ,  1 ,  17653 ,  51 ,  255 ,  50.33 ,  0.16 ,  11.61
2 ,  1 ,  17675 ,  51 ,  255 ,  48.35 ,  0.14 ,  11.01
2 ,  1 ,  17696 ,  239 ,  40 ,  46.48 ,  0.12 ,  10.52
2 ,  1 ,  17718 ,  239 ,  40 ,  46.48 ,  0.12 ,  10.32
2 ,  1 ,  17739 ,  239 ,  40 ,  46.48 ,  0.12 ,  10.22
2 ,  1 ,  17761 ,  239 ,  40 ,  47.91 ,  0.11 ,  10.22
2 ,  1 ,  17782 ,  239 ,  40 ,  50.66 ,  0.13 ,  10.62
2 ,  1 ,  17803 ,  11 ,  241 ,  53.86 ,  0.16 ,  11.31
2 ,  1 ,  17824 ,  11 ,  241 ,  53.53 ,  0.17 ,  11.61
2 ,  1 ,  17849 ,  11 ,  241 ,  53.31 ,  0.17 ,  11.61
2 ,  1 ,  17870 ,  11 ,  241 ,  52.42 ,  0.17 ,  11.51
2 ,  1 ,  17891 ,  11 ,  241 ,  51.10 ,  0.15 ,  11.41
2 ,  1 ,  17912 ,  67 ,  247 ,  49.89 ,  0.15 ,  11.21
2 ,  1 ,  17934 ,  67 ,  247 ,  48.57 ,  0.14 ,  10.91
2 ,  1 ,  17955 ,  67 ,  247 ,  47.25 ,  0.13 ,  10.62
2 ,  1 ,  17977 ,  67 ,  247 ,  46.04 ,  0.12 ,  10.22
2 ,  1 ,  17998 ,  67 ,  247 ,  44.83 ,  0.11 ,  9.92
2 ,  1 ,  18020 ,  245 ,  14 ,  43.72 ,  0.10 ,  9.62
2 ,  1 ,  18043 ,  245 ,  14 ,  43.84 ,  0.09 ,  9.53
2 ,  1 ,  18065 ,  245 ,  14 ,  43.84 ,  0.10 ,  9.43
2 ,  1 ,  18087 ,  245 ,  14 ,  47.03 ,  0.10 ,  9.53
2 ,  1 ,  18108 ,  245 ,  14 ,  50.66 ,  0.13 ,  10.42
2 ,  1 ,  18129 ,  242 ,  69 ,  54.41 ,  0.16 ,  11.31
2 ,  1 ,  18151 ,  242 ,  69 ,  57.93 ,  0.19 ,  12.30
2 ,  1 ,  18172 ,  242 ,  69 ,  60.90 ,  0.22 ,  13.20
2 ,  1 ,  18194 ,  242 ,  69 ,  63.33 ,  0.24 ,  13.99
2 ,  1 ,  18215 ,  242 ,  69 ,  65.42 ,  0.26 ,  14.59
2 ,  1 ,  18239 ,  234 ,  60 ,  67.51 ,  0.28 ,  15.28
2 ,  1 ,  18260 ,  234 ,  60 ,  68.72 ,  0.30 ,  15.68
2 ,  1 ,  18282 ,  234 ,  60 ,  69.60 ,  0.31 ,  16.07
2 ,  1 ,  18304 ,  234 ,  60 ,  70.49 ,  0.32 ,  16.27
2 ,  1 ,  18325 ,  234 ,  60 ,  71.26 ,  0.33 ,  16.57
2 ,  1 ,  18347 ,  255 ,  33 ,  71.92 ,  0.34 ,  16.77
2 ,  1 ,  18368 ,  255 ,  33 ,  72.91 ,  0.35 ,  17.07
2 ,  1 ,  18390 ,  255 ,  33 ,  74.34 ,  0.37 ,  17.36
2 ,  1 ,  18411 ,  255 ,  33 ,  75.77 ,  0.38 ,  17.76
2 ,  1 ,  18435 ,  255 ,  33 ,  77.31 ,  0.40 ,  18.16
2 ,  1 ,  18456 ,  0 ,  235 ,  78.64 ,  0.41 ,  18.45
2 ,  1 ,  18478 ,  0 ,  235 ,  78.19 ,  0.42 ,  18.55
2 ,  1 ,  18499 ,  0 ,  235 ,  76.43 ,  0.41 ,  18.55
2 ,  1 ,  18521 ,  0 ,  235 ,  73.57 ,  0.39 ,  18.26
2 ,  1 ,  18542 ,  0 ,  235 ,  70.60 ,  0.38 ,  17.76
2 ,  1 ,  18563 ,  65 ,  224 ,  67.84 ,  0.35 ,  17.26
2 ,  1 ,  18584 ,  65 ,  224 ,  65.53 ,  0.33 ,  16.67
2 ,  1 ,  18606 ,  65 ,  224 ,  63.66 ,  0.31 ,  16.27
2 ,  1 ,  18630 ,  65 ,  224 ,  61.90 ,  0.29 ,  15.78
2 ,  1 ,  18651 ,  65 ,  224 ,  60.13 ,  0.27 ,  15.28
2 ,  1 ,  18672 ,  53 ,  255 ,  58.70 ,  0.25 ,  14.88
2 ,  1 ,  18694 ,  53 ,  255 ,  56.94 ,  0.24 ,  14.39
2 ,  1 ,  18715 ,  53 ,  255 ,  54.85 ,  0.22 ,  13.79
2 ,  1 ,  18737 ,  53 ,  255 ,  52.54 ,  0.19 ,  13.10
2 ,  1 ,  18758 ,  53 ,  255 ,  50.33 ,  0.17 ,  12.40
2 ,  1 ,  18780 ,  53 ,  234 ,  48.46 ,  0.16 ,  11.81
2 ,  1 ,  18801 ,  53 ,  234 ,  46.92 ,  0.14 ,  11.21
2 ,  1 ,  18823 ,  53 ,  234 ,  45.71 ,  0.12 ,  10.72
2 ,  1 ,  18846 ,  53 ,  234 ,  44.50 ,  0.11 ,  10.32
2 ,  1 ,  18868 ,  53 ,  234 ,  43.50 ,  0.10 ,  9.92
2 ,  1 ,  18889 ,  222 ,  55 ,  42.51 ,  0.09 ,  9.62
2 ,  1 ,  18911 ,  222 ,  55 ,  42.84 ,  0.09 ,  9.53
2 ,  1 ,  18932 ,  222 ,  55 ,  42.84 ,  0.09 ,  9.43
2 ,  1 ,  18954 ,  222 ,  55 ,  43.28 ,  0.09 ,  9.43
2 ,  1 ,  18975 ,  222 ,  55 ,  45.05 ,  0.10 ,  9.53
2 ,  1 ,  18996 ,  243 ,  79 ,  47.25 ,  0.11 ,  9.92
2 ,  1 ,  19017 ,  243 ,  79 ,  50.11 ,  0.12 ,  10.42
2 ,  1 ,  19042 ,  243 ,  79 ,  53.86 ,  0.15 ,  11.41
2 ,  1 ,  19063 ,  243 ,  79 ,  57.05 ,  0.18 ,  12.30
2 ,  1 ,  19084 ,  243 ,  79 ,  60.02 ,  0.21 ,  13.20
2 ,  1 ,  19105 ,  223 ,  55 ,  62.67 ,  0.23 ,  13.99
2 ,  1 ,  19127 ,  223 ,  55 ,  64.32 ,  0.25 ,  14.59
2 ,  1 ,  19148 ,  223 ,  55 ,  65.42 ,  0.26 ,  14.98
2 ,  1 ,  19170 ,  223 ,  55 ,  66.19 ,  0.27 ,  15.28
2 ,  1 ,  19191 ,  223 ,  55 ,  66.85 ,  0.28 ,  15.48
2 ,  1 ,  19213 ,  235 ,  3 ,  67.51 ,  0.29 ,  15.68
2 ,  1 ,  19236 ,  235 ,  3 ,  68.39 ,  0.30 ,  15.97
2 ,  1 ,  19258 ,  235 ,  3 ,  69.27 ,  0.31 ,  16.27
2 ,  1 ,  19279 ,  235 ,  3 ,  70.16 ,  0.32 ,  16.47
2 ,  1 ,  19301 ,  235 ,  3 ,  70.93 ,  0.33 ,  16.67
2 ,  1 ,  19322 ,  240 ,  29 ,  71.70 ,  0.34 ,  16.87
2 ,  1 ,  19344 ,  240 ,  29 ,  72.47 ,  0.35 ,  17.07
2 ,  1 ,  19365 ,  240 ,  29 ,  73.24 ,  0.35 ,  17.36
2 ,  1 ,  19387 ,  240 ,  29 ,  74.01 ,  0.36 ,  17.46
2 ,  1 ,  19408 ,  240 ,  29 ,  74.67 ,  0.37 ,  17.76
2 ,  1 ,  19432 ,  63 ,  238 ,  75.44 ,  0.38 ,  17.86
2 ,  1 ,  19453 ,  63 ,  238 ,  75.33 ,  0.38 ,  17.96
2 ,  1 ,  19475 ,  63 ,  238 ,  73.35 ,  0.38 ,  17.96
2 ,  1 ,  19496 ,  63 ,  238 ,  71.04 ,  0.36 ,  17.66
2 ,  1 ,  19517 ,  63 ,  238 ,  68.06 ,  0.34 ,  17.16
2 ,  1 ,  19538 ,  4 ,  246 ,  65.53 ,  0.32 ,  16.67
2 ,  1 ,  19560 ,  4 ,  246 ,  62.78 ,  0.29 ,  16.07
2 ,  1 ,  19581 ,  4 ,  246 ,  60.13 ,  0.27 ,  15.38
2 ,  1 ,  19603 ,  4 ,  246 ,  57.71 ,  0.24 ,  14.68
2 ,  1 ,  19627 ,  4 ,  246 ,  55.51 ,  0.22 ,  13.99
2 ,  1 ,  19648 ,  2 ,  255 ,  53.20 ,  0.20 ,  13.39
2 ,  1 ,  19670 ,  2 ,  255 ,  51.10 ,  0.18 ,  12.70
2 ,  1 ,  19691 ,  2 ,  255 ,  49.12 ,  0.16 ,  12.10
2 ,  1 ,  19713 ,  2 ,  255 ,  47.36 ,  0.14 ,  11.51
2 ,  1 ,  19734 ,  2 ,  255 ,  45.49 ,  0.13 ,  10.91
2 ,  1 ,  19756 ,  43 ,  241 ,  43.95 ,  0.11 ,  10.32
2 ,  1 ,  19777 ,  43 ,  241 ,  42.62 ,  0.10 ,  9.82
2 ,  1 ,  19798 ,  43 ,  241 ,  41.52 ,  0.09 ,  9.43
2 ,  1 ,  19819 ,  43 ,  241 ,  40.53 ,  0.08 ,  9.03
2 ,  1 ,  19844 ,  43 ,  241 ,  39.43 ,  0.07 ,  8.73
2 ,  1 ,  19864 ,  217 ,  43 ,  38.44 ,  0.07 ,  8.33
2 ,  1 ,  19886 ,  217 ,  43 ,  38.77 ,  0.07 ,  8.24
2 ,  1 ,  19907 ,  217 ,  43 ,  38.77 ,  0.07 ,  8.24
2 ,  1 ,  19929 ,  217 ,  43 ,  39.32 ,  0.06 ,  8.24
2 ,  1 ,  19950 ,  217 ,  43 ,  41.19 ,  0.07 ,  8.24
2 ,  1 ,  19972 ,  218 ,  14 ,  43.28 ,  0.07 ,  8.63
2 ,  1 ,  19993 ,  218 ,  14 ,  45.38 ,  0.09 ,  9.03
2 ,  1 ,  20015 ,  218 ,  14 ,  47.25 ,  0.10 ,  9.62
2 ,  1 ,  20038 ,  218 ,  14 ,  49.12 ,  0.12 ,  10.12
2 ,  1 ,  20060 ,  218 ,  14 ,  50.77 ,  0.13 ,  10.52
2 ,  1 ,  20085 ,  232 ,  39 ,  52.31 ,  0.14 ,  11.01
2 ,  1 ,  20107 ,  232 ,  39 ,  53.86 ,  0.16 ,  11.41
2 ,  1 ,  20128 ,  232 ,  39 ,  55.62 ,  0.17 ,  11.91
2 ,  1 ,  20149 ,  232 ,  39 ,  57.38 ,  0.19 ,  12.50
2 ,  1 ,  20170 ,  232 ,  39 ,  58.81 ,  0.20 ,  12.90
2 ,  1 ,  20192 ,  69 ,  230 ,  60.35 ,  0.22 ,  13.39
2 ,  1 ,  20213 ,  69 ,  230 ,  60.13 ,  0.22 ,  13.59
2 ,  1 ,  20237 ,  69 ,  230 ,  59.91 ,  0.22 ,  13.59
2 ,  1 ,  20258 ,  69 ,  230 ,  58.92 ,  0.22 ,  13.59
2 ,  1 ,  20280 ,  69 ,  230 ,  57.71 ,  0.21 ,  13.39
2 ,  1 ,  20301 ,  2 ,  225 ,  56.50 ,  0.20 ,  13.30
2 ,  1 ,  20323 ,  2 ,  225 ,  55.40 ,  0.20 ,  13.10
2 ,  1 ,  20344 ,  2 ,  225 ,  54.52 ,  0.19 ,  12.90
2 ,  1 ,  20366 ,  2 ,  225 ,  53.75 ,  0.18 ,  12.70
2 ,  1 ,  20387 ,  2 ,  225 ,  52.87 ,  0.17 ,  12.40
2 ,  1 ,  20409 ,  233 ,  52 ,  52.20 ,  0.17 ,  12.30
2 ,  1 ,  20432 ,  233 ,  52 ,  52.31 ,  0.16 ,  12.20
2 ,  1 ,  20454 ,  233 ,  52 ,  52.20 ,  0.16 ,  12.10
2 ,  1 ,  20475 ,  233 ,  52 ,  52.20 ,  0.16 ,  12.10
2 ,  1 ,  20497 ,  233 ,  52 ,  54.19 ,  0.16 ,  12.20
2 ,  1 ,  20518 ,  53 ,  237 ,  56.28 ,  0.18 ,  12.50
2 ,  1 ,  20539 ,  53 ,  237 ,  56.17 ,  0.19 ,  12.70
2 ,  1 ,  20560 ,  53 ,  237 ,  55.95 ,  0.19 ,  12.70
2 ,  1 ,  20582 ,  53 ,  237 ,  55.18 ,  0.19 ,  12.70
2 ,  1 ,  20603 ,  53 ,  237 ,  53.86 ,  0.18 ,  12.60
2 ,  1 ,  20628 ,  53 ,  255 ,  52.76 ,  0.17 ,  12.40
2 ,  1 ,  20648 ,  53 ,  255 ,  50.99 ,  0.16 ,  12.01
2 ,  1 ,  20670 ,  53 ,  255 ,  49.12 ,  0.14 ,  11.51
2 ,  1 ,  20691 ,  53 ,  255 ,  47.36 ,  0.13 ,  11.01
2 ,  1 ,  20713 ,  53 ,  255 ,  45.60 ,  0.11 ,  10.52
2 ,  1 ,  20734 ,  232 ,  40 ,  43.95 ,  0.09 ,  10.12
2 ,  1 ,  20756 ,  232 ,  40 ,  44.17 ,  0.09 ,  9.92
2 ,  1 ,  20777 ,  232 ,  40 ,  44.17 ,  0.09 ,  9.92
2 ,  1 ,  20799 ,  232 ,  40 ,  45.49 ,  0.10 ,  9.82
2 ,  1 ,  20820 ,  232 ,  40 ,  48.24 ,  0.11 ,  10.12
2 ,  1 ,  20844 ,  239 ,  42 ,  51.10 ,  0.13 ,  10.81
2 ,  1 ,  20866 ,  239 ,  42 ,  53.97 ,  0.15 ,  11.51
2 ,  1 ,  20887 ,  239 ,  42 ,  56.72 ,  0.17 ,  12.30
2 ,  1 ,  20909 ,  239 ,  42 ,  59.25 ,  0.20 ,  13.00
2 ,  1 ,  20930 ,  239 ,  42 ,  61.46 ,  0.22 ,  13.69
2 ,  1 ,  20952 ,  224 ,  29 ,  63.55 ,  0.24 ,  14.29
2 ,  1 ,  20973 ,  224 ,  29 ,  64.87 ,  0.25 ,  14.68
2 ,  1 ,  20995 ,  224 ,  29 ,  65.75 ,  0.26 ,  15.08
2 ,  1 ,  21015 ,  224 ,  29 ,  66.41 ,  0.27 ,  15.28
2 ,  1 ,  21040 ,  224 ,  29 ,  67.07 ,  0.28 ,  15.48
2 ,  1 ,  21061 ,  233 ,  18 ,  67.62 ,  0.29 ,  15.68
2 ,  1 ,  21082 ,  233 ,  18 ,  68.28 ,  0.30 ,  15.88
2 ,  1 ,  21103 ,  233 ,  18 ,  69.05 ,  0.31 ,  16.07
2 ,  1 ,  21125 ,  233 ,  18 ,  69.71 ,  0.31 ,  16.37
2 ,  1 ,  21146 ,  233 ,  18 ,  70.38 ,  0.32 ,  16.57
2 ,  1 ,  21168 ,  42 ,  236 ,  71.04 ,  0.33 ,  16.67
2 ,  1 ,  21189 ,  42 ,  236 ,  70.82 ,  0.33 ,  16.77
2 ,  1 ,  21211 ,  42 ,  236 ,  69.83 ,  0.33 ,  16.77
2 ,  1 ,  21234 ,  42 ,  236 ,  67.40 ,  0.31 ,  16.57
2 ,  1 ,  21256 ,  42 ,  236 ,  65.09 ,  0.30 ,  16.27
2 ,  1 ,  21277 ,  230 ,  38 ,  62.89 ,  0.28 ,  15.78
2 ,  1 ,  21299 ,  230 ,  38 ,  62.78 ,  0.28 ,  15.48
2 ,  1 ,  21320 ,  230 ,  38 ,  62.78 ,  0.27 ,  15.48
2 ,  1 ,  21342 ,  230 ,  38 ,  62.67 ,  0.27 ,  15.48
2 ,  1 ,  21363 ,  230 ,  38 ,  62.67 ,  0.27 ,  15.48
2 ,  1 ,  21385 ,  230 ,  21 ,  63.55 ,  0.27 ,  15.48
2 ,  1 ,  21406 ,  230 ,  21 ,  64.43 ,  0.28 ,  15.48
2 ,  1 ,  21430 ,  230 ,  21 ,  65.42 ,  0.29 ,  15.58
2 ,  1 ,  21451 ,  230 ,  21 ,  66.30 ,  0.29 ,  15.78
2 ,  1 ,  21473 ,  230 ,  21 ,  67.07 ,  0.30 ,  15.97
2 ,  1 ,  21494 ,  0 ,  227 ,  67.73 ,  0.30 ,  16.17
2 ,  1 ,  21516 ,  0 ,  227 ,  67.51 ,  0.30 ,  16.17
2 ,  1 ,  21537 ,  0 ,  227 ,  67.07 ,  0.30 ,  16.17
2 ,  1 ,  21559 ,  0 ,  227 ,  65.75 ,  0.30 ,  16.07
2 ,  1 ,  21580 ,  0 ,  227 ,  64.21 ,  0.29 ,  15.97
2 ,  1 ,  21602 ,  28 ,  238 ,  62.78 ,  0.28 ,  15.68
2 ,  1 ,  21625 ,  28 ,  238 ,  61.13 ,  0.26 ,  15.38
2 ,  1 ,  21647 ,  28 ,  238 ,  59.25 ,  0.25 ,  14.88
2 ,  1 ,  21668 ,  28 ,  238 ,  57.60 ,  0.23 ,  14.49
2 ,  1 ,  21690 ,  28 ,  238 ,  55.95 ,  0.22 ,  13.99
2 ,  1 ,  21711 ,  217 ,  62 ,  54.52 ,  0.20 ,  13.59
2 ,  1 ,  21733 ,  217 ,  62 ,  54.63 ,  0.20 ,  13.49
2 ,  1 ,  21754 ,  217 ,  62 ,  54.63 ,  0.20 ,  13.39
2 ,  1 ,  21776 ,  217 ,  62 ,  54.63 ,  0.20 ,  13.39
2 ,  1 ,  21797 ,  217 ,  62 ,  54.63 ,  0.19 ,  13.39
2 ,  1 ,  21822 ,  217 ,  65 ,  55.07 ,  0.20 ,  13.39
2 ,  1 ,  21843 ,  217 ,  65 ,  56.06 ,  0.20 ,  13.39
2 ,  1 ,  21865 ,  217 ,  65 ,  56.94 ,  0.20 ,  13.39
2 ,  1 ,  21886 ,  217 ,  65 ,  57.49 ,  0.20 ,  13.49
2 ,  1 ,  21908 ,  217 ,  65 ,  58.15 ,  0.21 ,  13.69
2 ,  1 ,  21929 ,  255 ,  86 ,  58.70 ,  0.22 ,  13.79
2 ,  1 ,  21951 ,  255 ,  86 ,  60.35 ,  0.22 ,  14.09
2 ,  1 ,  21972 ,  255 ,  86 ,  63.33 ,  0.25 ,  14.78
2 ,  1 ,  21994 ,  255 ,  86 ,  66.52 ,  0.27 ,  15.48
2 ,  1 ,  22016 ,  255 ,  86 ,  69.71 ,  0.30 ,  16.27
2 ,  1 ,  22047 ,  228 ,  22 ,  73.57 ,  0.34 ,  17.26
2 ,  1 ,  22069 ,  228 ,  22 ,  75.11 ,  0.36 ,  17.76
2 ,  1 ,  22090 ,  228 ,  22 ,  75.77 ,  0.37 ,  17.96
2 ,  1 ,  22112 ,  228 ,  22 ,  76.21 ,  0.38 ,  18.06
2 ,  1 ,  22133 ,  228 ,  22 ,  76.65 ,  0.38 ,  18.26
2 ,  1 ,  22155 ,  42 ,  247 ,  76.98 ,  0.39 ,  18.36
2 ,  1 ,  22176 ,  42 ,  247 ,  76.76 ,  0.39 ,  18.36
2 ,  1 ,  22199 ,  42 ,  247 ,  74.12 ,  0.39 ,  18.26
2 ,  1 ,  22220 ,  42 ,  247 ,  70.82 ,  0.36 ,  17.96
2 ,  1 ,  22244 ,  42 ,  247 ,  66.74 ,  0.33 ,  17.07
2 ,  1 ,  22265 ,  28 ,  249 ,  63.44 ,  0.30 ,  16.37
2 ,  1 ,  22287 ,  28 ,  249 ,  60.35 ,  0.27 ,  15.58
2 ,  1 ,  22308 ,  28 ,  249 ,  57.49 ,  0.24 ,  14.78
2 ,  1 ,  22330 ,  28 ,  249 ,  54.85 ,  0.22 ,  14.09
2 ,  1 ,  22351 ,  28 ,  249 ,  52.42 ,  0.19 ,  13.39
2 ,  1 ,  22373 ,  8 ,  229 ,  50.22 ,  0.17 ,  12.70
2 ,  1 ,  22394 ,  8 ,  229 ,  48.79 ,  0.15 ,  12.10
2 ,  1 ,  22416 ,  8 ,  229 ,  47.47 ,  0.14 ,  11.61
2 ,  1 ,  22439 ,  8 ,  229 ,  46.37 ,  0.13 ,  11.21
2 ,  1 ,  22461 ,  8 ,  229 ,  45.49 ,  0.12 ,  10.91
2 ,  1 ,  22482 ,  48 ,  243 ,  44.50 ,  0.11 ,  10.52
2 ,  1 ,  22504 ,  48 ,  243 ,  43.50 ,  0.10 ,  10.22
2 ,  1 ,  22524 ,  48 ,  243 ,  42.40 ,  0.09 ,  9.92
2 ,  1 ,  22546 ,  48 ,  243 ,  41.41 ,  0.08 ,  9.53
2 ,  1 ,  22567 ,  48 ,  243 ,  40.31 ,  0.08 ,  9.23
2 ,  1 ,  22589 ,  17 ,  243 ,  39.43 ,  0.07 ,  8.83
2 ,  1 ,  22610 ,  17 ,  243 ,  38.55 ,  0.07 ,  8.53
2 ,  1 ,  22634 ,  17 ,  243 ,  37.67 ,  0.06 ,  8.24
2 ,  1 ,  22656 ,  17 ,  243 ,  36.79 ,  0.06 ,  7.94
2 ,  1 ,  22677 ,  17 ,  243 ,  36.02 ,  0.06 ,  7.74
2 ,  1 ,  22699 ,  222 ,  0 ,  35.36 ,  0.05 ,  7.44
2 ,  1 ,  22720 ,  222 ,  0 ,  35.58 ,  0.06 ,  7.34
2 ,  1 ,  22742 ,  222 ,  0 ,  35.58 ,  0.05 ,  7.34
2 ,  1 ,  22763 ,  222 ,  0 ,  37.01 ,  0.05 ,  7.34
2 ,  1 ,  22784 ,  222 ,  0 ,  39.43 ,  0.06 ,  7.54
2 ,  1 ,  22805 ,  242 ,  21 ,  42.29 ,  0.07 ,  8.14
2 ,  1 ,  22827 ,  242 ,  21 ,  45.71 ,  0.09 ,  8.83
2 ,  1 ,  22850 ,  242 ,  21 ,  49.89 ,  0.12 ,  10.02
2 ,  1 ,  22872 ,  242 ,  21 ,  53.42 ,  0.15 ,  11.01
2 ,  1 ,  22893 ,  242 ,  21 ,  56.61 ,  0.17 ,  12.01
2 ,  1 ,  22915 ,  223 ,  38 ,  59.47 ,  0.20 ,  12.90
2 ,  1 ,  22936 ,  223 ,  38 ,  61.35 ,  0.22 ,  13.59
2 ,  1 ,  22958 ,  223 ,  38 ,  62.56 ,  0.23 ,  14.09
2 ,  1 ,  22979 ,  223 ,  38 ,  63.55 ,  0.25 ,  14.39
2 ,  1 ,  23001 ,  223 ,  38 ,  64.32 ,  0.26 ,  14.68
2 ,  1 ,  23022 ,  236 ,  44 ,  65.20 ,  0.27 ,  14.98
2 ,  1 ,  23046 ,  236 ,  44 ,  66.08 ,  0.28 ,  15.28
2 ,  1 ,  23067 ,  236 ,  44 ,  67.07 ,  0.29 ,  15.58
2 ,  1 ,  23089 ,  236 ,  44 ,  68.17 ,  0.30 ,  15.88
2 ,  1 ,  23110 ,  236 ,  44 ,  69.05 ,  0.31 ,  16.17
2 ,  1 ,  23132 ,  224 ,  15 ,  69.94 ,  0.32 ,  16.37
2 ,  1 ,  23153 ,  224 ,  15 ,  70.49 ,  0.33 ,  16.67
2 ,  1 ,  23175 ,  224 ,  15 ,  70.93 ,  0.34 ,  16.77
2 ,  1 ,  23196 ,  224 ,  15 ,  71.26 ,  0.34 ,  16.87
2 ,  1 ,  23218 ,  224 ,  15 ,  71.59 ,  0.35 ,  16.97
2 ,  1 ,  23241 ,  16 ,  238 ,  71.92 ,  0.35 ,  17.07
2 ,  1 ,  23263 ,  16 ,  238 ,  71.70 ,  0.35 ,  17.16
2 ,  1 ,  23284 ,  16 ,  238 ,  70.71 ,  0.35 ,  17.16
2 ,  1 ,  23306 ,  16 ,  238 ,  68.28 ,  0.33 ,  16.87
2 ,  1 ,  23327 ,  16 ,  238 ,  65.75 ,  0.32 ,  16.57
2 ,  1 ,  23349 ,  248 ,  10 ,  63.33 ,  0.30 ,  16.07
2 ,  1 ,  23369 ,  248 ,  10 ,  63.33 ,  0.29 ,  15.78
2 ,  1 ,  23391 ,  248 ,  10 ,  63.22 ,  0.29 ,  15.88
2 ,  1 ,  23412 ,  248 ,  10 ,  63.22 ,  0.28 ,  15.78
2 ,  1 ,  23437 ,  248 ,  10 ,  65.31 ,  0.29 ,  15.88
2 ,  1 ,  23458 ,  235 ,  19 ,  67.51 ,  0.31 ,  16.17
2 ,  1 ,  23479 ,  235 ,  19 ,  69.38 ,  0.33 ,  16.57
2 ,  1 ,  23500 ,  235 ,  19 ,  70.82 ,  0.34 ,  16.97
2 ,  1 ,  23522 ,  235 ,  19 ,  72.14 ,  0.35 ,  17.16
2 ,  1 ,  23543 ,  235 ,  19 ,  73.13 ,  0.36 ,  17.46
2 ,  1 ,  23565 ,  244 ,  33 ,  73.90 ,  0.37 ,  17.66
2 ,  1 ,  23586 ,  244 ,  33 ,  74.78 ,  0.38 ,  17.86
2 ,  1 ,  23608 ,  244 ,  33 ,  75.66 ,  0.39 ,  18.06
2 ,  1 ,  23631 ,  244 ,  33 ,  76.65 ,  0.40 ,  18.26
2 ,  1 ,  23653 ,  244 ,  33 ,  77.42 ,  0.40 ,  18.45
2 ,  1 ,  23674 ,  238 ,  26 ,  78.08 ,  0.41 ,  18.65
2 ,  1 ,  23696 ,  238 ,  26 ,  78.64 ,  0.42 ,  18.85
2 ,  1 ,  23717 ,  238 ,  26 ,  79.19 ,  0.42 ,  18.95
2 ,  1 ,  23739 ,  238 ,  26 ,  79.52 ,  0.43 ,  19.15
2 ,  1 ,  23760 ,  238 ,  26 ,  79.85 ,  0.43 ,  19.15
2 ,  1 ,  23782 ,  41 ,  226 ,  80.18 ,  0.43 ,  19.25
2 ,  1 ,  23803 ,  41 ,  226 ,  79.96 ,  0.43 ,  19.35
2 ,  1 ,  23827 ,  41 ,  226 ,  78.41 ,  0.43 ,  19.35
2 ,  1 ,  23848 ,  41 ,  226 ,  75.77 ,  0.42 ,  19.05
2 ,  1 ,  23870 ,  41 ,  226 ,  73.24 ,  0.40 ,  18.75
2 ,  1 ,  23891 ,  240 ,  62 ,  71.04 ,  0.38 ,  18.26
2 ,  1 ,  23913 ,  240 ,  62 ,  70.93 ,  0.37 ,  18.06
2 ,  1 ,  23934 ,  240 ,  62 ,  70.71 ,  0.38 ,  18.06
2 ,  1 ,  23956 ,  240 ,  62 ,  70.71 ,  0.37 ,  18.06
2 ,  1 ,  23977 ,  240 ,  62 ,  70.71 ,  0.37 ,  18.06
2 ,  1 ,  23999 ,  23 ,  255 ,  71.59 ,  0.37 ,  18.06
2 ,  1 ,  24020 ,  23 ,  255 ,  71.48 ,  0.38 ,  18.06
2 ,  1 ,  24044 ,  23 ,  255 ,  69.05 ,  0.37 ,  17.86
2 ,  1 ,  24066 ,  23 ,  255 ,  65.86 ,  0.34 ,  17.26
2 ,  1 ,  24087 ,  23 ,  255 ,  62.45 ,  0.31 ,  16.47
2 ,  1 ,  24109 ,  45 ,  216 ,  59.14 ,  0.28 ,  15.58
2 ,  1 ,  24135 ,  45 ,  216 ,  56.50 ,  0.25 ,  14.78
2 ,  1 ,  24157 ,  45 ,  216 ,  54.96 ,  0.22 ,  14.29
2 ,  1 ,  24178 ,  45 ,  216 ,  53.75 ,  0.22 ,  13.79
2 ,  1 ,  24200 ,  45 ,  216 ,  52.65 ,  0.21 ,  13.49
2 ,  1 ,  24221 ,  80 ,  242 ,  51.65 ,  0.19 ,  13.10
2 ,  1 ,  24245 ,  80 ,  242 ,  50.22 ,  0.17 ,  12.70
2 ,  1 ,  24266 ,  80 ,  242 ,  48.68 ,  0.16 ,  12.20
2 ,  1 ,  24288 ,  80 ,  242 ,  47.36 ,  0.15 ,  11.71
2 ,  1 ,  24309 ,  80 ,  242 ,  46.04 ,  0.13 ,  11.21
2 ,  1 ,  24331 ,  21 ,  244 ,  44.72 ,  0.12 ,  10.81
2 ,  1 ,  24352 ,  21 ,  244 ,  43.61 ,  0.11 ,  10.42
2 ,  1 ,  24374 ,  21 ,  244 ,  42.40 ,  0.11 ,  10.02
2 ,  1 ,  24395 ,  21 ,  244 ,  41.30 ,  0.10 ,  9.62
2 ,  1 ,  24417 ,  21 ,  244 ,  40.31 ,  0.09 ,  9.23
2 ,  1 ,  24440 ,  252 ,  49 ,  39.10 ,  0.08 ,  8.83
2 ,  1 ,  24462 ,  252 ,  49 ,  39.32 ,  0.08 ,  8.63
2 ,  1 ,  24483 ,  252 ,  49 ,  39.54 ,  0.07 ,  8.63
2 ,  1 ,  24504 ,  252 ,  49 ,  43.61 ,  0.08 ,  8.83
2 ,  1 ,  24525 ,  252 ,  49 ,  48.24 ,  0.11 ,  10.02
2 ,  1 ,  24547 ,  5 ,  251 ,  53.09 ,  0.14 ,  11.31
2 ,  1 ,  24568 ,  5 ,  251 ,  53.20 ,  0.16 ,  11.81
2 ,  1 ,  24590 ,  5 ,  251 ,  52.54 ,  0.16 ,  11.81
2 ,  1 ,  24611 ,  5 ,  251 ,  51.32 ,  0.15 ,  11.71
2 ,  1 ,  24635 ,  5 ,  251 ,  49.23 ,  0.13 ,  11.41
2 ,  1 ,  24656 ,  73 ,  230 ,  47.47 ,  0.13 ,  11.01
2 ,  1 ,  24678 ,  73 ,  230 ,  46.26 ,  0.12 ,  10.62
2 ,  1 ,  24699 ,  73 ,  230 ,  45.27 ,  0.11 ,  10.42
2 ,  1 ,  24721 ,  73 ,  230 ,  44.39 ,  0.10 ,  10.12
2 ,  1 ,  24742 ,  73 ,  230 ,  43.72 ,  0.10 ,  9.92
2 ,  1 ,  24764 ,  211 ,  0 ,  42.95 ,  0.09 ,  9.72
2 ,  1 ,  24785 ,  211 ,  0 ,  43.06 ,  0.09 ,  9.62
2 ,  1 ,  24806 ,  211 ,  0 ,  43.06 ,  0.08 ,  9.62
2 ,  1 ,  24830 ,  211 ,  0 ,  43.06 ,  0.09 ,  9.53
2 ,  1 ,  24851 ,  211 ,  0 ,  44.06 ,  0.08 ,  9.53
2 ,  1 ,  24872 ,  242 ,  30 ,  45.27 ,  0.09 ,  9.62
2 ,  1 ,  24894 ,  242 ,  30 ,  47.47 ,  0.11 ,  9.92
2 ,  1 ,  24915 ,  242 ,  30 ,  50.77 ,  0.13 ,  10.72
2 ,  1 ,  24937 ,  242 ,  30 ,  54.19 ,  0.15 ,  11.61
2 ,  1 ,  24958 ,  242 ,  30 ,  57.27 ,  0.18 ,  12.50
2 ,  1 ,  24980 ,  255 ,  10 ,  60.02 ,  0.21 ,  13.30
2 ,  1 ,  25001 ,  255 ,  10 ,  62.89 ,  0.23 ,  14.19
2 ,  1 ,  25023 ,  255 ,  10 ,  65.75 ,  0.26 ,  14.98
2 ,  1 ,  25047 ,  255 ,  10 ,  68.72 ,  0.29 ,  15.88
2 ,  1 ,  25068 ,  255 ,  10 ,  71.04 ,  0.31 ,  16.57
2 ,  1 ,  25090 ,  207 ,  5 ,  73.13 ,  0.33 ,  17.16
2 ,  1 ,  25111 ,  207 ,  5 ,  73.68 ,  0.35 ,  17.46
2 ,  1 ,  25133 ,  207 ,  5 ,  73.57 ,  0.35 ,  17.46
2 ,  1 ,  25154 ,  207 ,  5 ,  73.35 ,  0.35 ,  17.56
2 ,  1 ,  25175 ,  207 ,  5 ,  73.13 ,  0.36 ,  17.56
2 ,  1 ,  25196 ,  236 ,  79 ,  72.91 ,  0.35 ,  17.56
2 ,  1 ,  25218 ,  236 ,  79 ,  72.91 ,  0.36 ,  17.56
2 ,  1 ,  25242 ,  236 ,  79 ,  73.46 ,  0.36 ,  17.66
2 ,  1 ,  25264 ,  236 ,  79 ,  74.01 ,  0.37 ,  17.76
2 ,  1 ,  25284 ,  236 ,  79 ,  74.78 ,  0.37 ,  17.96
2 ,  1 ,  25306 ,  246 ,  42 ,  75.33 ,  0.38 ,  18.06
2 ,  1 ,  25327 ,  246 ,  42 ,  76.10 ,  0.38 ,  18.26
2 ,  1 ,  25349 ,  246 ,  42 ,  77.09 ,  0.39 ,  18.45
2 ,  1 ,  25370 ,  246 ,  42 ,  78.08 ,  0.40 ,  18.75
2 ,  1 ,  25392 ,  246 ,  42 ,  78.97 ,  0.41 ,  18.85
2 ,  1 ,  25413 ,  246 ,  64 ,  79.85 ,  0.42 ,  19.15
2 ,  1 ,  25437 ,  246 ,  64 ,  80.62 ,  0.43 ,  19.35
2 ,  1 ,  25458 ,  246 ,  64 ,  81.28 ,  0.43 ,  19.55
2 ,  1 ,  25480 ,  246 ,  64 ,  81.94 ,  0.43 ,  19.65
2 ,  1 ,  25501 ,  246 ,  64 ,  82.49 ,  0.44 ,  19.74
2 ,  1 ,  25523 ,  241 ,  44 ,  83.04 ,  0.44 ,  19.94
2 ,  1 ,  25544 ,  241 ,  44 ,  83.48 ,  0.44 ,  20.04
2 ,  1 ,  25566 ,  241 ,  44 ,  83.81 ,  0.45 ,  20.14
2 ,  1 ,  25587 ,  241 ,  44 ,  84.14 ,  0.45 ,  20.24
2 ,  1 ,  25609 ,  241 ,  44 ,  84.47 ,  0.46 ,  20.34
2 ,  1 ,  25632 ,  255 ,  28 ,  84.80 ,  0.46 ,  20.34
2 ,  1 ,  25654 ,  255 ,  28 ,  85.35 ,  0.46 ,  20.44
2 ,  1 ,  25675 ,  255 ,  28 ,  85.90 ,  0.46 ,  20.64
2 ,  1 ,  25697 ,  255 ,  28 ,  86.56 ,  0.47 ,  20.74
2 ,  1 ,  25718 ,  255 ,  28 ,  87.23 ,  0.47 ,  20.84
2 ,  1 ,  25740 ,  210 ,  49 ,  87.78 ,  0.47 ,  20.94
2 ,  1 ,  25761 ,  210 ,  49 ,  87.78 ,  0.48 ,  21.03
2 ,  1 ,  25783 ,  210 ,  49 ,  87.56 ,  0.48 ,  21.03
2 ,  1 ,  25804 ,  210 ,  49 ,  87.23 ,  0.47 ,  21.03
2 ,  1 ,  25828 ,  210 ,  49 ,  87.00 ,  0.48 ,  21.03
2 ,  1 ,  25849 ,  47 ,  243 ,  86.67 ,  0.48 ,  21.03
2 ,  1 ,  25871 ,  47 ,  243 ,  85.68 ,  0.48 ,  21.03
2 ,  1 ,  25892 ,  47 ,  243 ,  83.26 ,  0.47 ,  20.74
2 ,  1 ,  25914 ,  47 ,  243 ,  78.97 ,  0.45 ,  20.24
2 ,  1 ,  25935 ,  47 ,  243 ,  74.67 ,  0.43 ,  19.74
2 ,  1 ,  25957 ,  72 ,  238 ,  70.60 ,  0.40 ,  18.95
2 ,  1 ,  25977 ,  72 ,  238 ,  67.18 ,  0.38 ,  18.06
2 ,  1 ,  25999 ,  72 ,  238 ,  63.99 ,  0.34 ,  17.36
2 ,  1 ,  26023 ,  72 ,  238 ,  61.35 ,  0.31 ,  16.67
2 ,  1 ,  26045 ,  72 ,  238 ,  58.70 ,  0.28 ,  15.88
2 ,  1 ,  26066 ,  5 ,  255 ,  56.61 ,  0.25 ,  15.18
2 ,  1 ,  26088 ,  5 ,  255 ,  54.30 ,  0.22 ,  14.49
2 ,  1 ,  26109 ,  5 ,  255 ,  51.98 ,  0.21 ,  13.69
2 ,  1 ,  26131 ,  5 ,  255 ,  49.89 ,  0.18 ,  13.00
2 ,  1 ,  26152 ,  5 ,  255 ,  47.91 ,  0.16 ,  12.30
2 ,  1 ,  26174 ,  230 ,  22 ,  46.04 ,  0.14 ,  11.61
2 ,  1 ,  26195 ,  230 ,  22 ,  46.59 ,  0.13 ,  11.41
2 ,  1 ,  26217 ,  230 ,  22 ,  46.59 ,  0.13 ,  11.31
2 ,  1 ,  26241 ,  230 ,  22 ,  47.14 ,  0.13 ,  11.31
2 ,  1 ,  26262 ,  230 ,  22 ,  49.56 ,  0.14 ,  11.41
2 ,  1 ,  26284 ,  55 ,  216 ,  51.76 ,  0.15 ,  11.91
2 ,  1 ,  26305 ,  55 ,  216 ,  51.98 ,  0.16 ,  12.10
2 ,  1 ,  26326 ,  55 ,  216 ,  51.76 ,  0.16 ,  12.10
2 ,  1 ,  26347 ,  55 ,  216 ,  51.76 ,  0.16 ,  12.10
2 ,  1 ,  26369 ,  55 ,  216 ,  51.54 ,  0.16 ,  12.10
2 ,  1 ,  26390 ,  57 ,  236 ,  51.54 ,  0.15 ,  12.10
2 ,  1 ,  26412 ,  57 ,  236 ,  51.43 ,  0.15 ,  12.10
2 ,  1 ,  26435 ,  57 ,  236 ,  50.66 ,  0.15 ,  12.10
2 ,  1 ,  26457 ,  57 ,  236 ,  49.78 ,  0.14 ,  12.01
2 ,  1 ,  26478 ,  57 ,  236 ,  48.90 ,  0.14 ,  11.91
2 ,  1 ,  26500 ,  59 ,  245 ,  48.13 ,  0.13 ,  11.71
2 ,  1 ,  26521 ,  59 ,  245 ,  47.36 ,  0.12 ,  11.41
2 ,  1 ,  26543 ,  59 ,  245 ,  46.37 ,  0.11 ,  11.21
2 ,  1 ,  26564 ,  59 ,  245 ,  45.38 ,  0.11 ,  10.91
2 ,  1 ,  26586 ,  59 ,  245 ,  44.50 ,  0.10 ,  10.62
2 ,  1 ,  26607 ,  12 ,  241 ,  43.61 ,  0.09 ,  10.32
2 ,  1 ,  26631 ,  12 ,  241 ,  42.84 ,  0.09 ,  10.02
2 ,  1 ,  26652 ,  12 ,  241 ,  42.07 ,  0.08 ,  9.82
2 ,  1 ,  26674 ,  12 ,  241 ,  41.41 ,  0.08 ,  9.62
2 ,  1 ,  26695 ,  12 ,  241 ,  40.86 ,  0.07 ,  9.33
2 ,  1 ,  26717 ,  33 ,  242 ,  40.20 ,  0.08 ,  9.13
2 ,  1 ,  26738 ,  33 ,  242 ,  39.65 ,  0.07 ,  8.93
2 ,  1 ,  26760 ,  33 ,  242 ,  39.21 ,  0.07 ,  8.73
2 ,  1 ,  26781 ,  33 ,  242 ,  38.66 ,  0.06 ,  8.53
2 ,  1 ,  26802 ,  33 ,  242 ,  38.22 ,  0.07 ,  8.43
2 ,  1 ,  26826 ,  217 ,  1 ,  37.67 ,  0.06 ,  8.24
2 ,  1 ,  26848 ,  217 ,  1 ,  37.78 ,  0.06 ,  8.14
2 ,  1 ,  26868 ,  217 ,  1 ,  37.78 ,  0.06 ,  8.14
2 ,  1 ,  26890 ,  217 ,  1 ,  38.33 ,  0.06 ,  8.14
2 ,  1 ,  26911 ,  217 ,  1 ,  40.31 ,  0.06 ,  8.14
2 ,  1 ,  26933 ,  68 ,  239 ,  42.51 ,  0.07 ,  8.53
2 ,  1 ,  26954 ,  68 ,  239 ,  42.73 ,  0.08 ,  8.73
2 ,  1 ,  26976 ,  68 ,  239 ,  42.62 ,  0.08 ,  8.73
2 ,  1 ,  26997 ,  68 ,  239 ,  42.51 ,  0.08 ,  8.73
2 ,  1 ,  27019 ,  68 ,  239 ,  42.51 ,  0.08 ,  8.73
2 ,  1 ,  27042 ,  61 ,  226 ,  42.40 ,  0.08 ,  8.73
2 ,  1 ,  27064 ,  61 ,  226 ,  41.85 ,  0.07 ,  8.73
2 ,  1 ,  27085 ,  61 ,  226 ,  41.63 ,  0.07 ,  8.73
2 ,  1 ,  27106 ,  61 ,  226 ,  41.41 ,  0.07 ,  8.73
2 ,  1 ,  27127 ,  61 ,  226 ,  41.30 ,  0.07 ,  8.63
2 ,  1 ,  27149 ,  57 ,  234 ,  41.19 ,  0.07 ,  8.63
2 ,  1 ,  27170 ,  57 ,  234 ,  40.97 ,  0.07 ,  8.63
2 ,  1 ,  27192 ,  57 ,  234 ,  40.75 ,  0.07 ,  8.63
2 ,  1 ,  27213 ,  57 ,  234 ,  40.42 ,  0.07 ,  8.63
2 ,  1 ,  27237 ,  57 ,  234 ,  40.20 ,  0.07 ,  8.53
2 ,  1 ,  27258 ,  35 ,  239 ,  40.09 ,  0.07 ,  8.53
2 ,  1 ,  27280 ,  35 ,  239 ,  39.87 ,  0.07 ,  8.43
2 ,  1 ,  27301 ,  35 ,  239 ,  39.65 ,  0.06 ,  8.43
2 ,  1 ,  27323 ,  35 ,  239 ,  39.32 ,  0.06 ,  8.33
2 ,  1 ,  27344 ,  35 ,  239 ,  39.10 ,  0.06 ,  8.24
2 ,  1 ,  27366 ,  44 ,  244 ,  38.88 ,  0.05 ,  8.24
2 ,  1 ,  27386 ,  44 ,  244 ,  38.55 ,  0.06 ,  8.14
2 ,  1 ,  27408 ,  44 ,  244 ,  38.22 ,  0.05 ,  8.14
2 ,  1 ,  27432 ,  44 ,  244 ,  37.89 ,  0.05 ,  7.94
2 ,  1 ,  27453 ,  44 ,  244 ,  37.56 ,  0.05 ,  7.84
2 ,  1 ,  27474 ,  242 ,  41 ,  37.23 ,  0.05 ,  7.74
2 ,  1 ,  27496 ,  242 ,  41 ,  37.23 ,  0.05 ,  7.74
2 ,  1 ,  27517 ,  242 ,  41 ,  37.23 ,  0.05 ,  7.74
2 ,  1 ,  27539 ,  242 ,  41 ,  40.53 ,  0.06 ,  7.84
2 ,  1 ,  27560 ,  242 ,  41 ,  44.72 ,  0.08 ,  8.63
2 ,  1 ,  27582 ,  17 ,  228 ,  48.79 ,  0.10 ,  9.72
2 ,  1 ,  27603 ,  17 ,  228 ,  48.90 ,  0.11 ,  10.22
2 ,  1 ,  27625 ,  17 ,  228 ,  48.68 ,  0.11 ,  10.12
2 ,  1 ,  27649 ,  17 ,  228 ,  48.35 ,  0.11 ,  10.12
2 ,  1 ,  27670 ,  17 ,  228 ,  48.24 ,  0.11 ,  10.22
2 ,  1 ,  27692 ,  223 ,  53 ,  48.02 ,  0.11 ,  10.22
2 ,  1 ,  27713 ,  223 ,  53 ,  47.91 ,  0.11 ,  10.12
2 ,  1 ,  27735 ,  223 ,  53 ,  47.80 ,  0.11 ,  10.12
2 ,  1 ,  27756 ,  223 ,  53 ,  47.69 ,  0.11 ,  10.12
2 ,  1 ,  27778 ,  223 ,  53 ,  48.79 ,  0.12 ,  10.12
2 ,  1 ,  27799 ,  66 ,  241 ,  50.22 ,  0.12 ,  10.52
2 ,  1 ,  27821 ,  66 ,  241 ,  50.22 ,  0.13 ,  10.62
2 ,  1 ,  27844 ,  66 ,  241 ,  50.11 ,  0.13 ,  10.62
2 ,  1 ,  27866 ,  66 ,  241 ,  49.56 ,  0.12 ,  10.62
2 ,  1 ,  27887 ,  66 ,  241 ,  48.57 ,  0.12 ,  10.52
2 ,  1 ,  27909 ,  217 ,  7 ,  47.47 ,  0.11 ,  10.52
2 ,  1 ,  27930 ,  217 ,  7 ,  47.47 ,  0.11 ,  10.42
2 ,  1 ,  27952 ,  217 ,  7 ,  47.25 ,  0.11 ,  10.42
2 ,  1 ,  27973 ,  217 ,  7 ,  47.25 ,  0.11 ,  10.42
2 ,  1 ,  27995 ,  217 ,  7 ,  48.35 ,  0.11 ,  10.42
2 ,  1 ,  28016 ,  234 ,  31 ,  49.67 ,  0.12 ,  10.52
2 ,  1 ,  28040 ,  234 ,  31 ,  51.65 ,  0.13 ,  10.91
2 ,  1 ,  28062 ,  234 ,  31 ,  53.97 ,  0.15 ,  11.41
2 ,  1 ,  28087 ,  234 ,  31 ,  56.50 ,  0.17 ,  12.20
2 ,  1 ,  28108 ,  234 ,  31 ,  58.48 ,  0.19 ,  12.70
2 ,  1 ,  28130 ,  255 ,  53 ,  60.35 ,  0.21 ,  13.39
2 ,  1 ,  28151 ,  255 ,  53 ,  62.56 ,  0.22 ,  13.99
2 ,  1 ,  28173 ,  255 ,  53 ,  65.31 ,  0.25 ,  14.78
2 ,  1 ,  28194 ,  255 ,  53 ,  68.06 ,  0.28 ,  15.58
2 ,  1 ,  28216 ,  255 ,  53 ,  70.38 ,  0.30 ,  16.27
2 ,  1 ,  28239 ,  255 ,  15 ,  72.91 ,  0.33 ,  16.97
2 ,  1 ,  28261 ,  255 ,  15 ,  74.78 ,  0.35 ,  17.56
2 ,  1 ,  28283 ,  255 ,  15 ,  76.54 ,  0.37 ,  17.96
2 ,  1 ,  28305 ,  255 ,  15 ,  77.97 ,  0.38 ,  18.45
2 ,  1 ,  28326 ,  255 ,  15 ,  79.19 ,  0.40 ,  18.75
2 ,  1 ,  28348 ,  50 ,  220 ,  80.40 ,  0.41 ,  19.05
2 ,  1 ,  28369 ,  50 ,  220 ,  79.96 ,  0.42 ,  19.25
2 ,  1 ,  28391 ,  50 ,  220 ,  78.64 ,  0.41 ,  19.25
2 ,  1 ,  28412 ,  50 ,  220 ,  76.54 ,  0.40 ,  19.05
2 ,  1 ,  28443 ,  50 ,  220 ,  73.35 ,  0.38 ,  18.65
2 ,  1 ,  28465 ,  255 ,  64 ,  71.48 ,  0.37 ,  18.26
2 ,  1 ,  28486 ,  255 ,  64 ,  71.37 ,  0.36 ,  18.06
2 ,  1 ,  28508 ,  255 ,  64 ,  71.15 ,  0.36 ,  18.06
2 ,  1 ,  28529 ,  255 ,  64 ,  71.15 ,  0.36 ,  18.06
2 ,  1 ,  28552 ,  255 ,  64 ,  72.80 ,  0.37 ,  18.06
2 ,  1 ,  28573 ,  39 ,  235 ,  74.67 ,  0.38 ,  18.26
2 ,  1 ,  28595 ,  39 ,  235 ,  74.67 ,  0.39 ,  18.45
2 ,  1 ,  28616 ,  39 ,  235 ,  72.91 ,  0.38 ,  18.36
2 ,  1 ,  28641 ,  39 ,  235 ,  70.82 ,  0.36 ,  18.06
2 ,  1 ,  28661 ,  39 ,  235 ,  68.06 ,  0.34 ,  17.66
2 ,  1 ,  28683 ,  29 ,  246 ,  65.75 ,  0.32 ,  17.16
2 ,  1 ,  28704 ,  29 ,  246 ,  63.33 ,  0.30 ,  16.57
2 ,  1 ,  28726 ,  29 ,  246 ,  60.79 ,  0.28 ,  15.97
2 ,  1 ,  28747 ,  29 ,  246 ,  58.26 ,  0.25 ,  15.28
2 ,  1 ,  28769 ,  29 ,  246 ,  56.06 ,  0.23 ,  14.59
2 ,  1 ,  28790 ,  0 ,  255 ,  54.08 ,  0.21 ,  13.99
2 ,  1 ,  28812 ,  0 ,  255 ,  51.98 ,  0.18 ,  13.30
2 ,  1 ,  28833 ,  0 ,  255 ,  50.00 ,  0.17 ,  12.70
2 ,  1 ,  28857 ,  0 ,  255 ,  48.02 ,  0.15 ,  12.01
2 ,  1 ,  28878 ,  0 ,  255 ,  46.26 ,  0.13 ,  11.41
2 ,  1 ,  28900 ,  18 ,  252 ,  44.61 ,  0.11 ,  10.81
2 ,  1 ,  28921 ,  18 ,  252 ,  43.06 ,  0.10 ,  10.22
2 ,  1 ,  28943 ,  18 ,  252 ,  41.63 ,  0.09 ,  9.82
2 ,  1 ,  28964 ,  18 ,  252 ,  40.31 ,  0.08 ,  9.33
2 ,  1 ,  28986 ,  18 ,  252 ,  38.99 ,  0.07 ,  8.83
2 ,  1 ,  29007 ,  77 ,  231 ,  37.89 ,  0.07 ,  8.53
2 ,  1 ,  29029 ,  77 ,  231 ,  37.12 ,  0.06 ,  8.14
2 ,  1 ,  29052 ,  77 ,  231 ,  36.57 ,  0.06 ,  7.94
2 ,  1 ,  29074 ,  77 ,  231 ,  36.13 ,  0.06 ,  7.84
2 ,  1 ,  29095 ,  77 ,  231 ,  35.69 ,  0.06 ,  7.64
2 ,  1 ,  29117 ,  59 ,  248 ,  35.25 ,  0.05 ,  7.54
2 ,  1 ,  29137 ,  59 ,  248 ,  34.80 ,  0.05 ,  7.34
2 ,  1 ,  29159 ,  59 ,  248 ,  34.03 ,  0.05 ,  7.14
2 ,  1 ,  29180 ,  59 ,  248 ,  33.48 ,  0.05 ,  6.95
2 ,  1 ,  29202 ,  59 ,  248 ,  32.93 ,  0.05 ,  6.75
2 ,  1 ,  29223 ,  238 ,  38 ,  32.27 ,  0.05 ,  6.55
2 ,  1 ,  29247 ,  238 ,  38 ,  32.38 ,  0.05 ,  6.55
2 ,  1 ,  29268 ,  238 ,  38 ,  33.37 ,  0.05 ,  6.45
2 ,  1 ,  29290 ,  238 ,  38 ,  36.79 ,  0.06 ,  6.65
2 ,  1 ,  29312 ,  238 ,  38 ,  41.08 ,  0.07 ,  7.54
2 ,  1 ,  29333 ,  63 ,  226 ,  45.38 ,  0.09 ,  8.63
2 ,  1 ,  29355 ,  63 ,  226 ,  45.60 ,  0.10 ,  9.13
2 ,  1 ,  29376 ,  63 ,  226 ,  45.38 ,  0.10 ,  9.13
2 ,  1 ,  29398 ,  63 ,  226 ,  45.27 ,  0.10 ,  9.13
2 ,  1 ,  29419 ,  63 ,  226 ,  45.05 ,  0.10 ,  9.13
2 ,  1 ,  29443 ,  38 ,  227 ,  44.94 ,  0.10 ,  9.13
2 ,  1 ,  29464 ,  38 ,  227 ,  44.72 ,  0.10 ,  9.13
2 ,  1 ,  29486 ,  38 ,  227 ,  44.61 ,  0.10 ,  9.13
2 ,  1 ,  29506 ,  38 ,  227 ,  44.50 ,  0.10 ,  9.13
2 ,  1 ,  29528 ,  38 ,  227 ,  44.50 ,  0.10 ,  9.13
2 ,  1 ,  29549 ,  49 ,  255 ,  44.39 ,  0.10 ,  9.13
2 ,  1 ,  29571 ,  49 ,  255 ,  43.95 ,  0.10 ,  9.03
2 ,  1 ,  29592 ,  49 ,  255 ,  42.84 ,  0.09 ,  9.03
2 ,  1 ,  29614 ,  49 ,  255 ,  41.52 ,  0.09 ,  8.73
2 ,  1 ,  29635 ,  49 ,  255 ,  40.31 ,  0.08 ,  8.53
2 ,  1 ,  29659 ,  231 ,  11 ,  38.99 ,  0.07 ,  8.24
2 ,  1 ,  29680 ,  231 ,  11 ,  39.21 ,  0.08 ,  8.14
2 ,  1 ,  29702 ,  231 ,  11 ,  39.10 ,  0.07 ,  8.04
2 ,  1 ,  29723 ,  231 ,  11 ,  40.64 ,  0.07 ,  8.04
2 ,  1 ,  29745 ,  231 ,  11 ,  43.72 ,  0.09 ,  8.43
2 ,  1 ,  29766 ,  244 ,  41 ,  46.81 ,  0.10 ,  9.13
2 ,  1 ,  29788 ,  244 ,  41 ,  50.33 ,  0.13 ,  10.02
2 ,  1 ,  29809 ,  244 ,  41 ,  53.75 ,  0.15 ,  11.01
2 ,  1 ,  29831 ,  244 ,  41 ,  57.05 ,  0.18 ,  12.01
2 ,  1 ,  29854 ,  244 ,  41 ,  60.24 ,  0.22 ,  13.10
2 ,  1 ,  29876 ,  237 ,  18 ,  62.67 ,  0.24 ,  13.89
2 ,  1 ,  29897 ,  237 ,  18 ,  64.65 ,  0.26 ,  14.59
2 ,  1 ,  29919 ,  237 ,  18 ,  66.30 ,  0.27 ,  15.08
2 ,  1 ,  29940 ,  237 ,  18 ,  67.51 ,  0.29 ,  15.58
2 ,  1 ,  29962 ,  237 ,  18 ,  68.72 ,  0.30 ,  15.97
2 ,  1 ,  29982 ,  255 ,  61 ,  69.71 ,  0.32 ,  16.27
2 ,  1 ,  30004 ,  255 ,  61 ,  71.04 ,  0.33 ,  16.67
2 ,  1 ,  30025 ,  255 ,  61 ,  72.47 ,  0.34 ,  16.97
2 ,  1 ,  30050 ,  255 ,  61 ,  74.23 ,  0.36 ,  17.56
2 ,  1 ,  30071 ,  255 ,  61 ,  75.77 ,  0.38 ,  17.96
2 ,  1 ,  30093 ,  211 ,  71 ,  76.98 ,  0.39 ,  18.26
2 ,  1 ,  30114 ,  211 ,  71 ,  77.42 ,  0.40 ,  18.45
2 ,  1 ,  30136 ,  211 ,  71 ,  77.09 ,  0.40 ,  18.55
2 ,  1 ,  30157 ,  211 ,  71 ,  76.87 ,  0.40 ,  18.55
2 ,  1 ,  30179 ,  211 ,  71 ,  76.65 ,  0.40 ,  18.55
2 ,  1 ,  30200 ,  235 ,  42 ,  76.54 ,  0.40 ,  18.55
2 ,  1 ,  30222 ,  235 ,  42 ,  76.32 ,  0.40 ,  18.55
2 ,  1 ,  30245 ,  235 ,  42 ,  76.54 ,  0.40 ,  18.55
2 ,  1 ,  30267 ,  235 ,  42 ,  76.87 ,  0.41 ,  18.65
2 ,  1 ,  30288 ,  235 ,  42 ,  77.20 ,  0.41 ,  18.65
2 ,  1 ,  30310 ,  27 ,  247 ,  77.53 ,  0.42 ,  18.75
2 ,  1 ,  30331 ,  27 ,  247 ,  77.42 ,  0.42 ,  18.85
2 ,  1 ,  30353 ,  27 ,  247 ,  75.00 ,  0.42 ,  18.75
2 ,  1 ,  30374 ,  27 ,  247 ,  71.59 ,  0.39 ,  18.36
2 ,  1 ,  30396 ,  27 ,  247 ,  67.95 ,  0.36 ,  17.66
2 ,  1 ,  30417 ,  10 ,  252 ,  64.43 ,  0.33 ,  16.97
2 ,  1 ,  30441 ,  10 ,  252 ,  61.13 ,  0.30 ,  16.07
2 ,  1 ,  30462 ,  10 ,  252 ,  57.71 ,  0.26 ,  15.18
2 ,  1 ,  30484 ,  10 ,  252 ,  54.96 ,  0.23 ,  14.29
2 ,  1 ,  30505 ,  10 ,  252 ,  52.31 ,  0.21 ,  13.39
2 ,  1 ,  30527 ,  236 ,  62 ,  49.89 ,  0.18 ,  12.70
2 ,  1 ,  30548 ,  236 ,  62 ,  50.22 ,  0.17 ,  12.40
2 ,  1 ,  30570 ,  236 ,  62 ,  50.22 ,  0.16 ,  12.40
2 ,  1 ,  30592 ,  236 ,  62 ,  50.77 ,  0.17 ,  12.30
2 ,  1 ,  30613 ,  236 ,  62 ,  53.31 ,  0.18 ,  12.50
2 ,  1 ,  30633 ,  0 ,  244 ,  55.73 ,  0.19 ,  13.00
2 ,  1 ,  30658 ,  0 ,  244 ,  55.51 ,  0.20 ,  13.20
2 ,  1 ,  30680 ,  0 ,  244 ,  55.07 ,  0.20 ,  13.20
2 ,  1 ,  30700 ,  0 ,  244 ,  53.97 ,  0.19 ,  13.10
2 ,  1 ,  30722 ,  0 ,  244 ,  52.54 ,  0.18 ,  13.00
2 ,  1 ,  30743 ,  51 ,  230 ,  51.10 ,  0.16 ,  12.60
2 ,  1 ,  30765 ,  51 ,  230 ,  49.89 ,  0.16 ,  12.20
2 ,  1 ,  30786 ,  51 ,  230 ,  48.90 ,  0.15 ,  12.01
2 ,  1 ,  30825 ,  51 ,  230 ,  47.47 ,  0.13 ,  11.51
2 ,  1 ,  30846 ,  50 ,  241 ,  46.70 ,  0.12 ,  11.21
2 ,  1 ,  30870 ,  50 ,  241 ,  45.82 ,  0.11 ,  10.91
2 ,  1 ,  30892 ,  50 ,  241 ,  44.94 ,  0.11 ,  10.62
2 ,  1 ,  30913 ,  50 ,  241 ,  44.17 ,  0.10 ,  10.42
2 ,  1 ,  30935 ,  50 ,  241 ,  43.39 ,  0.10 ,  10.12
2 ,  1 ,  30956 ,  213 ,  43 ,  42.73 ,  0.09 ,  9.92
2 ,  1 ,  30978 ,  213 ,  43 ,  42.84 ,  0.09 ,  9.82
2 ,  1 ,  30998 ,  213 ,  43 ,  42.84 ,  0.09 ,  9.82
2 ,  1 ,  31020 ,  213 ,  43 ,  42.95 ,  0.08 ,  9.72
2 ,  1 ,  31041 ,  213 ,  43 ,  43.72 ,  0.09 ,  9.72
2 ,  1 ,  31066 ,  241 ,  50 ,  45.49 ,  0.09 ,  9.72
2 ,  1 ,  31086 ,  241 ,  50 ,  47.80 ,  0.11 ,  10.22
2 ,  1 ,  31108 ,  241 ,  50 ,  50.88 ,  0.13 ,  10.91
2 ,  1 ,  31129 ,  241 ,  50 ,  54.30 ,  0.15 ,  11.81
2 ,  1 ,  31151 ,  241 ,  50 ,  57.38 ,  0.18 ,  12.70
2 ,  1 ,  31172 ,  53 ,  255 ,  60.13 ,  0.21 ,  13.49
2 ,  1 ,  31194 ,  53 ,  255 ,  59.91 ,  0.22 ,  13.89
2 ,  1 ,  31215 ,  53 ,  255 ,  58.92 ,  0.21 ,  13.79
2 ,  1 ,  31237 ,  53 ,  255 ,  56.83 ,  0.20 ,  13.59
2 ,  1 ,  31260 ,  53 ,  255 ,  54.08 ,  0.18 ,  13.10
2 ,  1 ,  31282 ,  240 ,  48 ,  51.54 ,  0.16 ,  12.50
2 ,  1 ,  31303 ,  240 ,  48 ,  51.65 ,  0.15 ,  12.20
2 ,  1 ,  31325 ,  240 ,  48 ,  51.54 ,  0.15 ,  12.20
2 ,  1 ,  31346 ,  240 ,  48 ,  52.76 ,  0.15 ,  12.20
2 ,  1 ,  31368 ,  240 ,  48 ,  54.96 ,  0.16 ,  12.40
2 ,  1 ,  31389 ,  252 ,  54 ,  57.49 ,  0.19 ,  13.10
2 ,  1 ,  31411 ,  252 ,  54 ,  60.46 ,  0.21 ,  13.79
2 ,  1 ,  31432 ,  252 ,  54 ,  63.55 ,  0.23 ,  14.59
2 ,  1 ,  31456 ,  252 ,  54 ,  66.30 ,  0.27 ,  15.38
2 ,  1 ,  31477 ,  252 ,  54 ,  69.16 ,  0.29 ,  16.17
2 ,  1 ,  31499 ,  1 ,  234 ,  71.37 ,  0.31 ,  16.87
2 ,  1 ,  31520 ,  1 ,  234 ,  71.15 ,  0.33 ,  17.07
2 ,  1 ,  31542 ,  1 ,  234 ,  70.05 ,  0.32 ,  17.07
2 ,  1 ,  31563 ,  1 ,  234 ,  67.84 ,  0.31 ,  16.77
2 ,  1 ,  31585 ,  1 ,  234 ,  65.64 ,  0.29 ,  16.57
2 ,  1 ,  31606 ,  58 ,  237 ,  63.66 ,  0.28 ,  16.07
2 ,  1 ,  31628 ,  58 ,  237 ,  61.68 ,  0.26 ,  15.58
2 ,  1 ,  31649 ,  58 ,  237 ,  59.80 ,  0.24 ,  15.18
2 ,  1 ,  31673 ,  58 ,  237 ,  57.82 ,  0.22 ,  14.68
2 ,  1 ,  31694 ,  58 ,  237 ,  56.28 ,  0.22 ,  14.19
2 ,  1 ,  31716 ,  51 ,  255 ,  54.85 ,  0.19 ,  13.79
2 ,  1 ,  31737 ,  51 ,  255 ,  53.09 ,  0.18 ,  13.39
2 ,  1 ,  31759 ,  51 ,  255 ,  51.21 ,  0.17 ,  12.80
2 ,  1 ,  31780 ,  51 ,  255 ,  49.23 ,  0.15 ,  12.20
2 ,  1 ,  31802 ,  51 ,  255 ,  47.47 ,  0.13 ,  11.61
2 ,  1 ,  31823 ,  13 ,  237 ,  45.71 ,  0.12 ,  11.11
2 ,  1 ,  31845 ,  13 ,  237 ,  44.39 ,  0.11 ,  10.62
2 ,  1 ,  31868 ,  13 ,  237 ,  43.17 ,  0.10 ,  10.22
2 ,  1 ,  31890 ,  13 ,  237 ,  42.18 ,  0.09 ,  9.82
2 ,  1 ,  31911 ,  13 ,  237 ,  41.30 ,  0.08 ,  9.53
