MS, MPT, t (s), PWMi, PWMe, Pressure (Psi), LW (V), Displacement (mm)
2 ,  4 ,  89102 ,  74 ,  249 ,  38.66 ,  0.08 ,  9.13
2 ,  4 ,  89121 ,  74 ,  249 ,  37.89 ,  0.08 ,  8.93
2 ,  4 ,  89141 ,  74 ,  249 ,  37.01 ,  0.07 ,  8.63
2 ,  4 ,  89160 ,  74 ,  249 ,  36.35 ,  0.07 ,  8.43
2 ,  4 ,  89181 ,  74 ,  249 ,  35.58 ,  0.07 ,  8.14
2 ,  4 ,  89200 ,  74 ,  249 ,  34.80 ,  0.06 ,  7.94
2 ,  4 ,  89220 ,  45 ,  228 ,  34.14 ,  0.06 ,  7.74
2 ,  4 ,  89239 ,  45 ,  228 ,  33.70 ,  0.06 ,  7.54
2 ,  4 ,  89262 ,  45 ,  228 ,  33.48 ,  0.06 ,  7.44
2 ,  4 ,  89281 ,  45 ,  228 ,  33.26 ,  0.06 ,  7.34
2 ,  4 ,  89300 ,  45 ,  228 ,  33.15 ,  0.06 ,  7.24
2 ,  4 ,  89320 ,  210 ,  27 ,  33.04 ,  0.05 ,  7.24
2 ,  4 ,  89339 ,  210 ,  27 ,  33.15 ,  0.05 ,  7.14
2 ,  4 ,  89358 ,  210 ,  27 ,  33.15 ,  0.06 ,  7.14
2 ,  4 ,  89377 ,  210 ,  27 ,  33.15 ,  0.05 ,  7.14
2 ,  4 ,  89397 ,  210 ,  27 ,  34.80 ,  0.06 ,  7.14
2 ,  4 ,  89416 ,  210 ,  27 ,  36.68 ,  0.06 ,  7.24
2 ,  4 ,  89436 ,  61 ,  238 ,  38.55 ,  0.07 ,  7.64
2 ,  4 ,  89458 ,  61 ,  238 ,  38.77 ,  0.07 ,  7.84
2 ,  4 ,  89478 ,  61 ,  238 ,  38.66 ,  0.07 ,  7.84
2 ,  4 ,  89497 ,  61 ,  238 ,  38.66 ,  0.07 ,  7.84
2 ,  4 ,  89517 ,  61 ,  238 ,  38.44 ,  0.07 ,  7.84
2 ,  4 ,  89536 ,  39 ,  234 ,  38.44 ,  0.07 ,  7.84
2 ,  4 ,  89555 ,  39 ,  234 ,  38.33 ,  0.07 ,  7.84
2 ,  4 ,  89575 ,  39 ,  234 ,  38.33 ,  0.07 ,  7.84
2 ,  4 ,  89593 ,  39 ,  234 ,  38.22 ,  0.07 ,  7.84
2 ,  4 ,  89617 ,  39 ,  234 ,  38.11 ,  0.07 ,  7.84
2 ,  4 ,  89638 ,  65 ,  223 ,  38.11 ,  0.07 ,  7.84
2 ,  4 ,  89658 ,  65 ,  223 ,  38.00 ,  0.07 ,  7.84
2 ,  4 ,  89677 ,  65 ,  223 ,  38.00 ,  0.07 ,  7.84
2 ,  4 ,  89697 ,  65 ,  223 ,  37.89 ,  0.07 ,  7.84
2 ,  4 ,  89716 ,  65 ,  223 ,  37.78 ,  0.07 ,  7.84
2 ,  4 ,  89736 ,  65 ,  223 ,  37.78 ,  0.07 ,  7.84
2 ,  4 ,  89755 ,  244 ,  45 ,  37.78 ,  0.07 ,  7.84
2 ,  4 ,  89775 ,  244 ,  45 ,  37.78 ,  0.07 ,  7.84
2 ,  4 ,  89794 ,  244 ,  45 ,  37.78 ,  0.07 ,  7.84
2 ,  4 ,  89816 ,  244 ,  45 ,  40.42 ,  0.08 ,  7.94
2 ,  4 ,  89835 ,  244 ,  45 ,  44.06 ,  0.09 ,  8.73
2 ,  4 ,  89854 ,  236 ,  61 ,  47.91 ,  0.11 ,  9.72
2 ,  4 ,  89874 ,  236 ,  61 ,  51.32 ,  0.14 ,  10.81
2 ,  4 ,  89893 ,  236 ,  61 ,  54.41 ,  0.17 ,  11.71
2 ,  4 ,  89913 ,  236 ,  61 ,  56.94 ,  0.19 ,  12.60
2 ,  4 ,  89932 ,  236 ,  61 ,  59.03 ,  0.21 ,  13.30
2 ,  4 ,  89952 ,  236 ,  61 ,  60.90 ,  0.23 ,  13.89
2 ,  4 ,  89971 ,  21 ,  255 ,  62.45 ,  0.24 ,  14.49
2 ,  4 ,  89993 ,  21 ,  255 ,  62.12 ,  0.25 ,  14.68
2 ,  4 ,  90012 ,  21 ,  255 ,  61.24 ,  0.25 ,  14.68
2 ,  4 ,  90032 ,  21 ,  255 ,  59.03 ,  0.24 ,  14.49
2 ,  4 ,  90051 ,  21 ,  255 ,  56.50 ,  0.22 ,  14.19
2 ,  4 ,  90071 ,  21 ,  255 ,  54.19 ,  0.21 ,  13.49
2 ,  4 ,  90090 ,  3 ,  223 ,  51.98 ,  0.18 ,  12.90
2 ,  4 ,  90109 ,  3 ,  223 ,  50.33 ,  0.16 ,  12.40
2 ,  4 ,  90129 ,  3 ,  223 ,  49.12 ,  0.15 ,  12.01
2 ,  4 ,  90148 ,  3 ,  223 ,  48.13 ,  0.14 ,  11.71
2 ,  4 ,  90168 ,  3 ,  223 ,  47.25 ,  0.14 ,  11.41
2 ,  4 ,  90189 ,  3 ,  223 ,  46.37 ,  0.13 ,  11.21
2 ,  4 ,  90209 ,  238 ,  69 ,  45.60 ,  0.12 ,  10.91
2 ,  4 ,  90228 ,  238 ,  69 ,  45.60 ,  0.12 ,  10.81
2 ,  4 ,  90248 ,  238 ,  69 ,  45.71 ,  0.12 ,  10.81
2 ,  4 ,  90267 ,  238 ,  69 ,  46.37 ,  0.12 ,  10.81
2 ,  4 ,  90287 ,  238 ,  69 ,  48.57 ,  0.13 ,  10.81
2 ,  4 ,  90306 ,  238 ,  69 ,  51.21 ,  0.14 ,  11.51
2 ,  4 ,  90326 ,  233 ,  26 ,  53.86 ,  0.17 ,  12.10
2 ,  4 ,  90345 ,  233 ,  26 ,  56.28 ,  0.19 ,  12.80
2 ,  4 ,  90366 ,  233 ,  26 ,  58.59 ,  0.21 ,  13.49
2 ,  4 ,  90386 ,  233 ,  26 ,  60.35 ,  0.22 ,  13.99
2 ,  4 ,  90405 ,  233 ,  26 ,  61.79 ,  0.24 ,  14.49
2 ,  4 ,  90425 ,  242 ,  26 ,  63.11 ,  0.25 ,  14.88
2 ,  4 ,  90444 ,  242 ,  26 ,  64.43 ,  0.27 ,  15.28
2 ,  4 ,  90464 ,  242 ,  26 ,  65.75 ,  0.28 ,  15.68
2 ,  4 ,  90483 ,  242 ,  26 ,  66.96 ,  0.29 ,  16.07
2 ,  4 ,  90503 ,  242 ,  26 ,  68.17 ,  0.31 ,  16.37
2 ,  4 ,  90522 ,  242 ,  26 ,  69.27 ,  0.33 ,  16.77
2 ,  4 ,  90545 ,  225 ,  0 ,  70.38 ,  0.34 ,  17.07
2 ,  4 ,  90564 ,  225 ,  0 ,  71.15 ,  0.35 ,  17.26
2 ,  4 ,  90584 ,  225 ,  0 ,  71.37 ,  0.35 ,  17.46
2 ,  4 ,  90603 ,  225 ,  0 ,  71.59 ,  0.36 ,  17.56
2 ,  4 ,  90622 ,  225 ,  0 ,  71.70 ,  0.35 ,  17.66
2 ,  4 ,  90641 ,  225 ,  0 ,  72.03 ,  0.36 ,  17.66
2 ,  4 ,  90660 ,  40 ,  234 ,  72.14 ,  0.36 ,  17.76
2 ,  4 ,  90680 ,  40 ,  234 ,  71.92 ,  0.36 ,  17.76
2 ,  4 ,  90699 ,  40 ,  234 ,  71.15 ,  0.36 ,  17.76
2 ,  4 ,  90722 ,  40 ,  234 ,  69.16 ,  0.36 ,  17.66
2 ,  4 ,  90741 ,  40 ,  234 ,  67.18 ,  0.34 ,  17.36
2 ,  4 ,  90761 ,  40 ,  234 ,  65.31 ,  0.32 ,  17.07
2 ,  4 ,  90780 ,  64 ,  243 ,  63.44 ,  0.31 ,  16.67
2 ,  4 ,  90800 ,  64 ,  243 ,  61.57 ,  0.29 ,  16.17
2 ,  4 ,  90819 ,  64 ,  243 ,  59.69 ,  0.27 ,  15.68
2 ,  4 ,  90839 ,  64 ,  243 ,  57.82 ,  0.25 ,  15.18
2 ,  4 ,  90858 ,  64 ,  243 ,  56.06 ,  0.23 ,  14.68
2 ,  4 ,  90877 ,  64 ,  243 ,  54.41 ,  0.22 ,  14.29
2 ,  4 ,  90899 ,  31 ,  234 ,  52.98 ,  0.20 ,  13.79
2 ,  4 ,  90918 ,  31 ,  234 ,  51.54 ,  0.19 ,  13.30
2 ,  4 ,  90938 ,  31 ,  234 ,  50.33 ,  0.18 ,  13.00
2 ,  4 ,  90957 ,  31 ,  234 ,  49.34 ,  0.16 ,  12.60
2 ,  4 ,  90977 ,  31 ,  234 ,  48.35 ,  0.15 ,  12.30
2 ,  4 ,  90996 ,  31 ,  234 ,  47.47 ,  0.14 ,  12.01
2 ,  4 ,  91016 ,  227 ,  18 ,  46.70 ,  0.14 ,  11.71
2 ,  4 ,  91035 ,  227 ,  18 ,  46.59 ,  0.13 ,  11.61
2 ,  4 ,  91055 ,  227 ,  18 ,  46.81 ,  0.13 ,  11.51
2 ,  4 ,  91074 ,  227 ,  18 ,  46.81 ,  0.13 ,  11.51
2 ,  4 ,  91096 ,  227 ,  18 ,  48.35 ,  0.13 ,  11.51
2 ,  4 ,  91115 ,  234 ,  68 ,  50.11 ,  0.14 ,  11.71
2 ,  4 ,  91134 ,  234 ,  68 ,  52.20 ,  0.16 ,  12.20
2 ,  4 ,  91154 ,  234 ,  68 ,  54.41 ,  0.17 ,  12.80
2 ,  4 ,  91173 ,  234 ,  68 ,  56.50 ,  0.19 ,  13.30
2 ,  4 ,  91193 ,  234 ,  68 ,  58.37 ,  0.21 ,  13.89
2 ,  4 ,  91212 ,  234 ,  68 ,  60.13 ,  0.22 ,  14.39
2 ,  4 ,  91232 ,  237 ,  35 ,  61.68 ,  0.24 ,  14.78
2 ,  4 ,  91251 ,  237 ,  35 ,  63.22 ,  0.26 ,  15.18
2 ,  4 ,  91274 ,  237 ,  35 ,  64.65 ,  0.27 ,  15.58
2 ,  4 ,  91293 ,  237 ,  35 ,  65.86 ,  0.28 ,  15.97
2 ,  4 ,  91313 ,  237 ,  35 ,  66.96 ,  0.29 ,  16.27
2 ,  4 ,  91332 ,  237 ,  35 ,  67.95 ,  0.30 ,  16.57
2 ,  4 ,  91352 ,  238 ,  0 ,  68.83 ,  0.32 ,  16.87
2 ,  4 ,  91371 ,  238 ,  0 ,  69.71 ,  0.32 ,  17.07
2 ,  4 ,  91390 ,  238 ,  0 ,  70.60 ,  0.33 ,  17.36
2 ,  4 ,  91410 ,  238 ,  0 ,  71.26 ,  0.34 ,  17.46
2 ,  4 ,  91429 ,  238 ,  0 ,  71.92 ,  0.35 ,  17.66
2 ,  4 ,  91451 ,  61 ,  246 ,  72.58 ,  0.35 ,  17.86
2 ,  4 ,  91470 ,  61 ,  246 ,  72.36 ,  0.35 ,  17.96
2 ,  4 ,  91490 ,  61 ,  246 ,  71.26 ,  0.36 ,  17.96
2 ,  4 ,  91509 ,  61 ,  246 ,  68.61 ,  0.34 ,  17.66
2 ,  4 ,  91529 ,  61 ,  246 ,  65.75 ,  0.32 ,  17.26
2 ,  4 ,  91548 ,  61 ,  246 ,  63.11 ,  0.30 ,  16.67
2 ,  4 ,  91568 ,  245 ,  11 ,  60.57 ,  0.27 ,  16.07
2 ,  4 ,  91587 ,  245 ,  11 ,  60.46 ,  0.26 ,  15.78
2 ,  4 ,  91607 ,  245 ,  11 ,  60.57 ,  0.27 ,  15.78
2 ,  4 ,  91629 ,  245 ,  11 ,  60.68 ,  0.26 ,  15.78
2 ,  4 ,  91649 ,  245 ,  11 ,  62.45 ,  0.27 ,  15.78
2 ,  4 ,  91668 ,  255 ,  62 ,  64.32 ,  0.28 ,  16.07
2 ,  4 ,  91687 ,  255 ,  62 ,  66.63 ,  0.30 ,  16.57
2 ,  4 ,  91707 ,  255 ,  62 ,  69.16 ,  0.32 ,  17.07
2 ,  4 ,  91726 ,  255 ,  62 ,  71.59 ,  0.34 ,  17.56
2 ,  4 ,  91746 ,  255 ,  62 ,  73.79 ,  0.36 ,  18.16
2 ,  4 ,  91765 ,  255 ,  62 ,  75.66 ,  0.38 ,  18.55
2 ,  4 ,  91785 ,  32 ,  252 ,  77.31 ,  0.39 ,  18.95
2 ,  4 ,  91806 ,  32 ,  252 ,  76.32 ,  0.40 ,  19.15
2 ,  4 ,  91826 ,  32 ,  252 ,  74.67 ,  0.39 ,  19.05
2 ,  4 ,  91845 ,  32 ,  252 ,  71.04 ,  0.37 ,  18.65
2 ,  4 ,  91865 ,  32 ,  252 ,  67.51 ,  0.34 ,  17.86
2 ,  4 ,  91884 ,  56 ,  229 ,  63.88 ,  0.32 ,  17.16
2 ,  4 ,  91904 ,  56 ,  229 ,  61.01 ,  0.29 ,  16.47
2 ,  4 ,  91923 ,  56 ,  229 ,  58.70 ,  0.26 ,  15.78
2 ,  4 ,  91942 ,  56 ,  229 ,  56.72 ,  0.24 ,  15.18
2 ,  4 ,  91962 ,  56 ,  229 ,  54.96 ,  0.22 ,  14.68
2 ,  4 ,  91983 ,  56 ,  229 ,  53.31 ,  0.21 ,  14.19
2 ,  4 ,  92003 ,  51 ,  249 ,  51.65 ,  0.20 ,  13.69
2 ,  4 ,  92022 ,  51 ,  249 ,  50.11 ,  0.18 ,  13.20
2 ,  4 ,  92042 ,  51 ,  249 ,  48.46 ,  0.16 ,  12.70
2 ,  4 ,  92061 ,  51 ,  249 ,  46.81 ,  0.14 ,  12.10
2 ,  4 ,  92081 ,  51 ,  249 ,  45.38 ,  0.13 ,  11.61
2 ,  4 ,  92100 ,  51 ,  249 ,  43.95 ,  0.12 ,  11.21
2 ,  4 ,  92120 ,  220 ,  43 ,  42.62 ,  0.11 ,  10.72
2 ,  4 ,  92139 ,  220 ,  43 ,  42.62 ,  0.10 ,  10.52
2 ,  4 ,  92162 ,  220 ,  43 ,  42.95 ,  0.10 ,  10.52
2 ,  4 ,  92181 ,  220 ,  43 ,  43.06 ,  0.11 ,  10.52
2 ,  4 ,  92200 ,  220 ,  43 ,  44.50 ,  0.10 ,  10.52
2 ,  4 ,  92220 ,  70 ,  244 ,  46.15 ,  0.11 ,  10.62
2 ,  4 ,  92239 ,  70 ,  244 ,  46.26 ,  0.12 ,  10.81
2 ,  4 ,  92259 ,  70 ,  244 ,  46.26 ,  0.11 ,  10.81
2 ,  4 ,  92278 ,  70 ,  244 ,  46.15 ,  0.12 ,  10.81
2 ,  4 ,  92298 ,  70 ,  244 ,  45.49 ,  0.11 ,  10.81
2 ,  4 ,  92317 ,  70 ,  244 ,  44.72 ,  0.11 ,  10.72
2 ,  4 ,  92337 ,  15 ,  255 ,  43.95 ,  0.10 ,  10.62
2 ,  4 ,  92358 ,  15 ,  255 ,  42.95 ,  0.10 ,  10.42
2 ,  4 ,  92378 ,  15 ,  255 ,  41.96 ,  0.09 ,  10.12
2 ,  4 ,  92397 ,  15 ,  255 ,  40.86 ,  0.09 ,  9.82
2 ,  4 ,  92417 ,  15 ,  255 ,  39.87 ,  0.08 ,  9.62
2 ,  4 ,  92436 ,  229 ,  63 ,  38.99 ,  0.08 ,  9.23
2 ,  4 ,  92455 ,  229 ,  63 ,  38.88 ,  0.07 ,  9.13
2 ,  4 ,  92475 ,  229 ,  63 ,  39.10 ,  0.08 ,  9.13
2 ,  4 ,  92494 ,  229 ,  63 ,  39.65 ,  0.07 ,  9.13
2 ,  4 ,  92514 ,  229 ,  63 ,  41.96 ,  0.08 ,  9.23
2 ,  4 ,  92535 ,  229 ,  63 ,  44.94 ,  0.10 ,  9.82
2 ,  4 ,  92555 ,  46 ,  255 ,  47.47 ,  0.11 ,  10.42
2 ,  4 ,  92574 ,  46 ,  255 ,  47.47 ,  0.13 ,  10.72
2 ,  4 ,  92594 ,  46 ,  255 ,  47.25 ,  0.12 ,  10.62
2 ,  4 ,  92613 ,  46 ,  255 ,  46.70 ,  0.12 ,  10.72
2 ,  4 ,  92633 ,  46 ,  255 ,  45.38 ,  0.11 ,  10.62
2 ,  4 ,  92652 ,  46 ,  255 ,  43.95 ,  0.11 ,  10.42
2 ,  4 ,  92672 ,  50 ,  236 ,  42.84 ,  0.10 ,  10.12
2 ,  4 ,  92691 ,  50 ,  236 ,  41.96 ,  0.09 ,  9.82
2 ,  4 ,  92712 ,  50 ,  236 ,  41.08 ,  0.08 ,  9.72
2 ,  4 ,  92732 ,  50 ,  236 ,  40.42 ,  0.08 ,  9.53
2 ,  4 ,  92751 ,  50 ,  236 ,  39.87 ,  0.08 ,  9.33
2 ,  4 ,  92771 ,  34 ,  255 ,  39.21 ,  0.07 ,  9.03
2 ,  4 ,  92790 ,  34 ,  255 ,  38.44 ,  0.07 ,  8.93
2 ,  4 ,  92810 ,  34 ,  255 ,  37.67 ,  0.07 ,  8.73
2 ,  4 ,  92829 ,  34 ,  255 ,  36.90 ,  0.06 ,  8.43
2 ,  4 ,  92849 ,  34 ,  255 ,  36.13 ,  0.06 ,  8.24
2 ,  4 ,  92868 ,  34 ,  255 ,  35.36 ,  0.06 ,  8.04
2 ,  4 ,  92893 ,  45 ,  250 ,  34.69 ,  0.06 ,  7.84
2 ,  4 ,  92912 ,  45 ,  250 ,  33.92 ,  0.06 ,  7.54
2 ,  4 ,  92932 ,  45 ,  250 ,  33.37 ,  0.06 ,  7.34
2 ,  4 ,  92951 ,  45 ,  250 ,  32.82 ,  0.05 ,  7.24
2 ,  4 ,  92971 ,  45 ,  250 ,  32.38 ,  0.06 ,  7.04
2 ,  4 ,  92990 ,  12 ,  249 ,  31.83 ,  0.05 ,  6.95
2 ,  4 ,  93009 ,  12 ,  249 ,  31.50 ,  0.05 ,  6.75
2 ,  4 ,  93029 ,  12 ,  249 ,  30.95 ,  0.05 ,  6.65
2 ,  4 ,  93048 ,  12 ,  249 ,  30.62 ,  0.05 ,  6.55
2 ,  4 ,  93068 ,  12 ,  249 ,  30.29 ,  0.05 ,  6.35
2 ,  4 ,  93089 ,  12 ,  249 ,  29.85 ,  0.05 ,  6.25
2 ,  4 ,  93109 ,  34 ,  255 ,  29.52 ,  0.05 ,  6.15
2 ,  4 ,  93128 ,  34 ,  255 ,  29.08 ,  0.05 ,  6.05
2 ,  4 ,  93148 ,  34 ,  255 ,  28.75 ,  0.05 ,  5.95
2 ,  4 ,  93167 ,  34 ,  255 ,  28.42 ,  0.05 ,  5.75
2 ,  4 ,  93187 ,  34 ,  255 ,  27.98 ,  0.05 ,  5.66
2 ,  4 ,  93206 ,  34 ,  255 ,  27.76 ,  0.05 ,  5.56
2 ,  4 ,  93225 ,  78 ,  244 ,  27.32 ,  0.04 ,  5.46
2 ,  4 ,  93245 ,  78 ,  244 ,  27.10 ,  0.04 ,  5.36
2 ,  4 ,  93266 ,  78 ,  244 ,  26.99 ,  0.04 ,  5.36
2 ,  4 ,  93286 ,  78 ,  244 ,  26.88 ,  0.05 ,  5.26
2 ,  4 ,  93305 ,  78 ,  244 ,  26.77 ,  0.04 ,  5.16
2 ,  4 ,  93325 ,  34 ,  253 ,  26.55 ,  0.04 ,  5.16
2 ,  4 ,  93344 ,  34 ,  253 ,  26.43 ,  0.04 ,  5.06
2 ,  4 ,  93364 ,  34 ,  253 ,  26.21 ,  0.04 ,  5.06
2 ,  4 ,  93383 ,  34 ,  253 ,  25.99 ,  0.04 ,  4.96
2 ,  4 ,  93403 ,  34 ,  253 ,  25.77 ,  0.04 ,  4.96
2 ,  4 ,  93422 ,  34 ,  253 ,  25.55 ,  0.04 ,  4.86
2 ,  4 ,  93444 ,  39 ,  221 ,  25.33 ,  0.04 ,  4.76
2 ,  4 ,  93463 ,  39 ,  221 ,  25.22 ,  0.04 ,  4.76
2 ,  4 ,  93483 ,  39 ,  221 ,  25.33 ,  0.04 ,  4.76
2 ,  4 ,  93502 ,  39 ,  221 ,  25.33 ,  0.04 ,  4.66
2 ,  4 ,  93521 ,  39 ,  221 ,  25.33 ,  0.04 ,  4.66
2 ,  4 ,  93541 ,  39 ,  221 ,  25.33 ,  0.04 ,  4.66
2 ,  4 ,  93560 ,  20 ,  233 ,  25.44 ,  0.04 ,  4.66
2 ,  4 ,  93580 ,  20 ,  233 ,  25.33 ,  0.04 ,  4.66
2 ,  4 ,  93599 ,  20 ,  233 ,  25.44 ,  0.04 ,  4.66
2 ,  4 ,  93618 ,  20 ,  233 ,  25.33 ,  0.04 ,  4.66
2 ,  4 ,  93640 ,  20 ,  233 ,  25.33 ,  0.04 ,  4.56
2 ,  4 ,  93660 ,  20 ,  233 ,  25.33 ,  0.04 ,  4.56
2 ,  4 ,  93679 ,  229 ,  47 ,  25.33 ,  0.04 ,  4.56
2 ,  4 ,  93699 ,  229 ,  47 ,  25.33 ,  0.04 ,  4.56
2 ,  4 ,  93718 ,  229 ,  47 ,  25.33 ,  0.04 ,  4.56
2 ,  4 ,  93737 ,  229 ,  47 ,  28.09 ,  0.04 ,  4.56
2 ,  4 ,  93756 ,  229 ,  47 ,  31.61 ,  0.05 ,  5.06
2 ,  4 ,  93775 ,  229 ,  47 ,  35.58 ,  0.06 ,  5.85
2 ,  4 ,  93795 ,  221 ,  15 ,  39.32 ,  0.08 ,  6.75
2 ,  4 ,  93817 ,  221 ,  15 ,  42.84 ,  0.10 ,  7.64
2 ,  4 ,  93837 ,  221 ,  15 ,  45.38 ,  0.12 ,  8.43
2 ,  4 ,  93856 ,  221 ,  15 ,  47.47 ,  0.13 ,  9.13
2 ,  4 ,  93875 ,  221 ,  15 ,  49.23 ,  0.15 ,  9.72
2 ,  4 ,  93894 ,  221 ,  15 ,  50.88 ,  0.16 ,  10.32
2 ,  4 ,  93914 ,  233 ,  0 ,  52.20 ,  0.17 ,  10.81
2 ,  4 ,  93933 ,  233 ,  0 ,  53.53 ,  0.18 ,  11.21
2 ,  4 ,  93953 ,  233 ,  0 ,  54.96 ,  0.20 ,  11.71
2 ,  4 ,  93972 ,  233 ,  0 ,  56.39 ,  0.21 ,  12.20
2 ,  4 ,  93995 ,  233 ,  0 ,  57.82 ,  0.22 ,  12.70
2 ,  4 ,  94014 ,  224 ,  57 ,  59.03 ,  0.23 ,  13.20
2 ,  4 ,  94033 ,  224 ,  57 ,  59.91 ,  0.25 ,  13.49
2 ,  4 ,  94053 ,  224 ,  57 ,  60.68 ,  0.26 ,  13.79
2 ,  4 ,  94072 ,  224 ,  57 ,  61.24 ,  0.26 ,  14.09
2 ,  4 ,  94092 ,  224 ,  57 ,  61.90 ,  0.27 ,  14.29
2 ,  4 ,  94111 ,  224 ,  57 ,  62.45 ,  0.28 ,  14.49
2 ,  4 ,  94131 ,  233 ,  62 ,  63.00 ,  0.28 ,  14.68
2 ,  4 ,  94150 ,  233 ,  62 ,  63.55 ,  0.29 ,  14.88
2 ,  4 ,  94172 ,  233 ,  62 ,  64.32 ,  0.30 ,  15.08
2 ,  4 ,  94191 ,  233 ,  62 ,  65.09 ,  0.31 ,  15.38
2 ,  4 ,  94211 ,  233 ,  62 ,  65.64 ,  0.32 ,  15.58
2 ,  4 ,  94230 ,  247 ,  10 ,  66.30 ,  0.33 ,  15.78
2 ,  4 ,  94249 ,  247 ,  10 ,  67.07 ,  0.33 ,  15.97
2 ,  4 ,  94269 ,  247 ,  10 ,  68.17 ,  0.34 ,  16.37
2 ,  4 ,  94288 ,  247 ,  10 ,  69.38 ,  0.35 ,  16.67
2 ,  4 ,  94308 ,  247 ,  10 ,  70.60 ,  0.37 ,  16.97
2 ,  4 ,  94327 ,  247 ,  10 ,  71.81 ,  0.37 ,  17.36
2 ,  4 ,  94347 ,  243 ,  82 ,  72.91 ,  0.39 ,  17.66
2 ,  4 ,  94368 ,  243 ,  82 ,  73.90 ,  0.40 ,  17.96
2 ,  4 ,  94388 ,  243 ,  82 ,  74.67 ,  0.41 ,  18.16
2 ,  4 ,  94407 ,  243 ,  82 ,  75.44 ,  0.42 ,  18.45
2 ,  4 ,  94428 ,  243 ,  82 ,  76.10 ,  0.43 ,  18.65
2 ,  4 ,  94447 ,  243 ,  82 ,  76.65 ,  0.43 ,  18.75
2 ,  4 ,  94467 ,  255 ,  50 ,  77.31 ,  0.43 ,  19.05
2 ,  4 ,  94486 ,  255 ,  50 ,  78.08 ,  0.44 ,  19.15
2 ,  4 ,  94505 ,  255 ,  50 ,  78.97 ,  0.45 ,  19.35
2 ,  4 ,  94525 ,  255 ,  50 ,  79.85 ,  0.45 ,  19.55
2 ,  4 ,  94546 ,  255 ,  50 ,  80.84 ,  0.46 ,  19.84
2 ,  4 ,  94567 ,  252 ,  22 ,  81.61 ,  0.46 ,  20.04
2 ,  4 ,  94586 ,  252 ,  22 ,  82.38 ,  0.47 ,  20.24
2 ,  4 ,  94606 ,  252 ,  22 ,  82.93 ,  0.47 ,  20.34
2 ,  4 ,  94625 ,  252 ,  22 ,  83.59 ,  0.48 ,  20.54
2 ,  4 ,  94645 ,  252 ,  22 ,  84.14 ,  0.48 ,  20.64
2 ,  4 ,  94664 ,  252 ,  22 ,  84.69 ,  0.48 ,  20.74
2 ,  4 ,  94685 ,  248 ,  49 ,  85.13 ,  0.48 ,  20.84
2 ,  4 ,  94704 ,  248 ,  49 ,  85.46 ,  0.49 ,  20.94
2 ,  4 ,  94726 ,  248 ,  49 ,  85.90 ,  0.49 ,  21.13
2 ,  4 ,  94745 ,  248 ,  49 ,  86.23 ,  0.49 ,  21.13
2 ,  4 ,  94765 ,  248 ,  49 ,  86.56 ,  0.49 ,  21.23
2 ,  4 ,  94785 ,  231 ,  40 ,  86.89 ,  0.49 ,  21.33
2 ,  4 ,  94804 ,  231 ,  40 ,  87.00 ,  0.49 ,  21.43
2 ,  4 ,  94824 ,  231 ,  40 ,  86.89 ,  0.50 ,  21.43
2 ,  4 ,  94843 ,  231 ,  40 ,  86.89 ,  0.50 ,  21.43
2 ,  4 ,  94863 ,  231 ,  40 ,  86.78 ,  0.50 ,  21.43
2 ,  4 ,  94882 ,  231 ,  40 ,  86.67 ,  0.49 ,  21.43
2 ,  4 ,  94913 ,  247 ,  8 ,  86.56 ,  0.50 ,  21.43
2 ,  4 ,  94935 ,  247 ,  8 ,  86.56 ,  0.50 ,  21.43
2 ,  4 ,  94957 ,  247 ,  8 ,  86.78 ,  0.50 ,  21.53
2 ,  4 ,  94979 ,  247 ,  8 ,  86.89 ,  0.50 ,  21.53
2 ,  4 ,  95000 ,  247 ,  8 ,  87.12 ,  0.50 ,  21.63
2 ,  4 ,  95022 ,  231 ,  35 ,  87.45 ,  0.50 ,  21.63
2 ,  4 ,  95043 ,  231 ,  35 ,  87.45 ,  0.50 ,  21.73
2 ,  4 ,  95066 ,  231 ,  35 ,  87.45 ,  0.50 ,  21.63
2 ,  4 ,  95087 ,  231 ,  35 ,  87.45 ,  0.50 ,  21.73
2 ,  4 ,  95111 ,  231 ,  35 ,  87.34 ,  0.50 ,  21.73
2 ,  4 ,  95133 ,  53 ,  237 ,  87.34 ,  0.50 ,  21.73
2 ,  4 ,  95155 ,  53 ,  237 ,  86.67 ,  0.50 ,  21.73
2 ,  4 ,  95176 ,  53 ,  237 ,  84.14 ,  0.50 ,  21.63
2 ,  4 ,  95198 ,  53 ,  237 ,  80.29 ,  0.49 ,  21.13
2 ,  4 ,  95219 ,  53 ,  237 ,  76.43 ,  0.48 ,  20.64
2 ,  4 ,  95241 ,  16 ,  245 ,  72.80 ,  0.46 ,  19.94
2 ,  4 ,  95262 ,  16 ,  245 ,  69.38 ,  0.43 ,  19.25
2 ,  4 ,  95284 ,  16 ,  245 ,  65.97 ,  0.41 ,  18.45
2 ,  4 ,  95303 ,  16 ,  245 ,  63.00 ,  0.37 ,  17.66
2 ,  4 ,  95325 ,  16 ,  245 ,  60.57 ,  0.34 ,  16.97
2 ,  4 ,  95346 ,  222 ,  76 ,  58.04 ,  0.31 ,  16.17
2 ,  4 ,  95368 ,  222 ,  76 ,  58.04 ,  0.30 ,  15.88
2 ,  4 ,  95389 ,  222 ,  76 ,  58.04 ,  0.29 ,  15.88
2 ,  4 ,  95411 ,  222 ,  76 ,  58.26 ,  0.29 ,  15.78
2 ,  4 ,  95432 ,  222 ,  76 ,  58.26 ,  0.29 ,  15.78
2 ,  4 ,  95454 ,  234 ,  25 ,  58.81 ,  0.29 ,  15.78
2 ,  4 ,  95475 ,  234 ,  25 ,  59.80 ,  0.29 ,  15.78
2 ,  4 ,  95500 ,  234 ,  25 ,  61.35 ,  0.30 ,  15.88
2 ,  4 ,  95521 ,  234 ,  25 ,  63.11 ,  0.32 ,  16.27
2 ,  4 ,  95543 ,  234 ,  25 ,  64.43 ,  0.33 ,  16.57
2 ,  4 ,  95564 ,  255 ,  50 ,  65.75 ,  0.34 ,  16.87
2 ,  4 ,  95586 ,  255 ,  50 ,  67.73 ,  0.35 ,  17.26
2 ,  4 ,  95607 ,  255 ,  50 ,  70.16 ,  0.37 ,  17.86
2 ,  4 ,  95629 ,  255 ,  50 ,  72.58 ,  0.40 ,  18.36
2 ,  4 ,  95650 ,  255 ,  50 ,  74.89 ,  0.42 ,  18.95
2 ,  4 ,  95672 ,  255 ,  8 ,  76.87 ,  0.43 ,  19.35
2 ,  4 ,  95693 ,  255 ,  8 ,  78.64 ,  0.44 ,  19.74
2 ,  4 ,  95717 ,  255 ,  8 ,  80.29 ,  0.45 ,  20.14
2 ,  4 ,  95738 ,  255 ,  8 ,  81.61 ,  0.46 ,  20.34
2 ,  4 ,  95760 ,  255 ,  8 ,  82.71 ,  0.47 ,  20.64
2 ,  4 ,  95781 ,  53 ,  255 ,  83.70 ,  0.47 ,  20.84
2 ,  4 ,  95804 ,  53 ,  255 ,  83.59 ,  0.48 ,  20.94
2 ,  4 ,  95825 ,  53 ,  255 ,  79.30 ,  0.47 ,  20.74
2 ,  4 ,  95847 ,  53 ,  255 ,  74.67 ,  0.45 ,  20.04
2 ,  4 ,  95868 ,  53 ,  255 ,  69.94 ,  0.42 ,  19.15
2 ,  4 ,  95890 ,  227 ,  20 ,  65.09 ,  0.38 ,  18.16
2 ,  4 ,  95913 ,  227 ,  20 ,  64.98 ,  0.36 ,  17.76
2 ,  4 ,  95935 ,  227 ,  20 ,  65.31 ,  0.36 ,  17.76
2 ,  4 ,  95956 ,  227 ,  20 ,  65.20 ,  0.36 ,  17.76
2 ,  4 ,  95978 ,  227 ,  20 ,  65.20 ,  0.36 ,  17.76
2 ,  4 ,  96000 ,  237 ,  28 ,  65.42 ,  0.36 ,  17.76
2 ,  4 ,  96021 ,  237 ,  28 ,  66.19 ,  0.36 ,  17.76
2 ,  4 ,  96043 ,  237 ,  28 ,  67.29 ,  0.37 ,  17.76
2 ,  4 ,  96064 ,  237 ,  28 ,  68.50 ,  0.37 ,  17.86
2 ,  4 ,  96087 ,  237 ,  28 ,  69.60 ,  0.38 ,  18.16
2 ,  4 ,  96110 ,  15 ,  232 ,  70.71 ,  0.39 ,  18.36
2 ,  4 ,  96132 ,  15 ,  232 ,  70.60 ,  0.40 ,  18.45
2 ,  4 ,  96153 ,  15 ,  232 ,  69.83 ,  0.39 ,  18.45
2 ,  4 ,  96175 ,  15 ,  232 ,  67.95 ,  0.38 ,  18.26
2 ,  4 ,  96196 ,  15 ,  232 ,  65.97 ,  0.37 ,  17.96
2 ,  4 ,  96218 ,  242 ,  59 ,  64.10 ,  0.35 ,  17.56
2 ,  4 ,  96239 ,  242 ,  59 ,  63.99 ,  0.35 ,  17.46
2 ,  4 ,  96261 ,  242 ,  59 ,  63.88 ,  0.35 ,  17.46
2 ,  4 ,  96282 ,  242 ,  59 ,  63.99 ,  0.34 ,  17.46
2 ,  4 ,  96307 ,  242 ,  59 ,  65.20 ,  0.34 ,  17.36
2 ,  4 ,  96328 ,  246 ,  38 ,  66.74 ,  0.35 ,  17.46
2 ,  4 ,  96350 ,  246 ,  38 ,  68.50 ,  0.37 ,  17.86
2 ,  4 ,  96371 ,  246 ,  38 ,  70.49 ,  0.38 ,  18.16
2 ,  4 ,  96393 ,  246 ,  38 ,  72.25 ,  0.40 ,  18.55
2 ,  4 ,  96414 ,  246 ,  38 ,  73.79 ,  0.41 ,  18.95
2 ,  4 ,  96441 ,  231 ,  23 ,  75.44 ,  0.42 ,  19.25
2 ,  4 ,  96462 ,  231 ,  23 ,  76.32 ,  0.43 ,  19.45
2 ,  4 ,  96484 ,  231 ,  23 ,  76.87 ,  0.43 ,  19.65
2 ,  4 ,  96507 ,  231 ,  23 ,  77.20 ,  0.44 ,  19.74
2 ,  4 ,  96529 ,  231 ,  23 ,  77.64 ,  0.44 ,  19.74
2 ,  4 ,  96550 ,  54 ,  243 ,  77.86 ,  0.44 ,  19.84
2 ,  4 ,  96573 ,  54 ,  243 ,  77.64 ,  0.45 ,  19.94
2 ,  4 ,  96594 ,  54 ,  243 ,  75.44 ,  0.44 ,  19.84
2 ,  4 ,  96616 ,  54 ,  243 ,  72.36 ,  0.43 ,  19.45
2 ,  4 ,  96637 ,  54 ,  243 ,  68.83 ,  0.41 ,  18.95
2 ,  4 ,  96659 ,  220 ,  77 ,  65.64 ,  0.38 ,  18.26
2 ,  4 ,  96680 ,  220 ,  77 ,  65.53 ,  0.36 ,  17.86
2 ,  4 ,  96704 ,  220 ,  77 ,  65.42 ,  0.36 ,  17.86
2 ,  4 ,  96726 ,  220 ,  77 ,  65.42 ,  0.36 ,  17.86
2 ,  4 ,  96747 ,  220 ,  77 ,  65.42 ,  0.36 ,  17.76
2 ,  4 ,  96769 ,  236 ,  70 ,  65.42 ,  0.36 ,  17.86
2 ,  4 ,  96790 ,  236 ,  70 ,  65.64 ,  0.35 ,  17.86
2 ,  4 ,  96812 ,  236 ,  70 ,  66.63 ,  0.36 ,  17.76
2 ,  4 ,  96833 ,  236 ,  70 ,  67.73 ,  0.37 ,  17.86
2 ,  4 ,  96855 ,  236 ,  70 ,  68.83 ,  0.37 ,  18.06
2 ,  4 ,  96876 ,  35 ,  237 ,  69.83 ,  0.38 ,  18.26
2 ,  4 ,  96899 ,  35 ,  237 ,  69.71 ,  0.38 ,  18.26
2 ,  4 ,  96922 ,  35 ,  237 ,  68.50 ,  0.38 ,  18.26
2 ,  4 ,  96944 ,  35 ,  237 ,  66.41 ,  0.37 ,  18.06
2 ,  4 ,  96965 ,  35 ,  237 ,  64.32 ,  0.36 ,  17.76
2 ,  4 ,  96987 ,  23 ,  233 ,  62.23 ,  0.34 ,  17.26
2 ,  4 ,  97008 ,  23 ,  233 ,  60.35 ,  0.32 ,  16.87
2 ,  4 ,  97030 ,  23 ,  233 ,  58.70 ,  0.30 ,  16.27
2 ,  4 ,  97051 ,  23 ,  233 ,  57.16 ,  0.29 ,  15.97
2 ,  4 ,  97073 ,  23 ,  233 ,  55.84 ,  0.27 ,  15.48
2 ,  4 ,  97094 ,  55 ,  255 ,  54.63 ,  0.25 ,  15.08
2 ,  4 ,  97119 ,  55 ,  255 ,  52.87 ,  0.24 ,  14.68
2 ,  4 ,  97140 ,  55 ,  255 ,  51.10 ,  0.22 ,  14.09
2 ,  4 ,  97162 ,  55 ,  255 ,  49.34 ,  0.21 ,  13.49
2 ,  4 ,  97183 ,  55 ,  255 ,  47.58 ,  0.19 ,  12.90
2 ,  4 ,  97205 ,  245 ,  30 ,  45.93 ,  0.17 ,  12.30
2 ,  4 ,  97226 ,  245 ,  30 ,  46.26 ,  0.16 ,  12.10
2 ,  4 ,  97248 ,  245 ,  30 ,  46.37 ,  0.16 ,  12.01
2 ,  4 ,  97269 ,  245 ,  30 ,  48.46 ,  0.16 ,  12.01
2 ,  4 ,  97291 ,  245 ,  30 ,  51.76 ,  0.18 ,  12.60
2 ,  4 ,  97314 ,  28 ,  255 ,  55.73 ,  0.21 ,  13.59
2 ,  4 ,  97336 ,  28 ,  255 ,  55.84 ,  0.22 ,  14.09
2 ,  4 ,  97357 ,  28 ,  255 ,  55.29 ,  0.22 ,  14.09
2 ,  4 ,  97379 ,  28 ,  255 ,  53.53 ,  0.21 ,  13.79
2 ,  4 ,  97400 ,  28 ,  255 ,  51.43 ,  0.20 ,  13.49
2 ,  4 ,  97422 ,  69 ,  242 ,  49.45 ,  0.18 ,  13.00
2 ,  4 ,  97444 ,  69 ,  242 ,  47.80 ,  0.17 ,  12.50
2 ,  4 ,  97466 ,  69 ,  242 ,  46.37 ,  0.16 ,  12.10
2 ,  4 ,  97487 ,  69 ,  242 ,  45.05 ,  0.15 ,  11.61
2 ,  4 ,  97511 ,  69 ,  242 ,  43.72 ,  0.13 ,  11.21
2 ,  4 ,  97532 ,  255 ,  32 ,  42.62 ,  0.12 ,  10.81
2 ,  4 ,  97554 ,  255 ,  32 ,  42.84 ,  0.12 ,  10.72
2 ,  4 ,  97575 ,  255 ,  32 ,  43.72 ,  0.12 ,  10.62
2 ,  4 ,  97597 ,  255 ,  32 ,  47.25 ,  0.13 ,  10.91
2 ,  4 ,  97618 ,  255 ,  32 ,  51.87 ,  0.16 ,  12.01
2 ,  4 ,  97640 ,  211 ,  26 ,  56.61 ,  0.20 ,  13.39
2 ,  4 ,  97661 ,  211 ,  26 ,  59.14 ,  0.23 ,  14.29
2 ,  4 ,  97683 ,  211 ,  26 ,  60.57 ,  0.24 ,  14.78
2 ,  4 ,  97708 ,  211 ,  26 ,  61.57 ,  0.26 ,  15.08
2 ,  4 ,  97729 ,  211 ,  26 ,  62.45 ,  0.27 ,  15.38
2 ,  4 ,  97751 ,  223 ,  53 ,  63.00 ,  0.27 ,  15.58
2 ,  4 ,  97772 ,  223 ,  53 ,  63.88 ,  0.28 ,  15.78
2 ,  4 ,  97794 ,  223 ,  53 ,  64.76 ,  0.29 ,  16.07
2 ,  4 ,  97815 ,  223 ,  53 ,  65.53 ,  0.30 ,  16.37
2 ,  4 ,  97837 ,  223 ,  53 ,  66.52 ,  0.31 ,  16.57
2 ,  4 ,  97858 ,  0 ,  230 ,  67.18 ,  0.32 ,  16.77
2 ,  4 ,  97880 ,  0 ,  230 ,  66.96 ,  0.32 ,  16.87
2 ,  4 ,  97903 ,  0 ,  230 ,  66.41 ,  0.32 ,  16.87
2 ,  4 ,  97925 ,  0 ,  230 ,  64.76 ,  0.31 ,  16.77
2 ,  4 ,  97946 ,  0 ,  230 ,  63.22 ,  0.30 ,  16.57
2 ,  4 ,  97968 ,  30 ,  238 ,  61.57 ,  0.29 ,  16.27
2 ,  4 ,  97989 ,  30 ,  238 ,  59.91 ,  0.28 ,  15.97
2 ,  4 ,  98011 ,  30 ,  238 ,  58.26 ,  0.26 ,  15.58
2 ,  4 ,  98032 ,  30 ,  238 ,  56.72 ,  0.25 ,  15.08
2 ,  4 ,  98054 ,  30 ,  238 ,  55.18 ,  0.23 ,  14.68
2 ,  4 ,  98076 ,  237 ,  38 ,  53.86 ,  0.22 ,  14.29
2 ,  4 ,  98098 ,  237 ,  38 ,  53.97 ,  0.22 ,  14.19
2 ,  4 ,  98121 ,  237 ,  38 ,  53.97 ,  0.21 ,  14.09
2 ,  4 ,  98143 ,  237 ,  38 ,  54.19 ,  0.21 ,  14.09
2 ,  4 ,  98164 ,  237 ,  38 ,  56.17 ,  0.22 ,  14.19
2 ,  4 ,  98186 ,  242 ,  75 ,  58.37 ,  0.23 ,  14.59
2 ,  4 ,  98207 ,  242 ,  75 ,  60.68 ,  0.25 ,  15.08
2 ,  4 ,  98229 ,  242 ,  75 ,  63.00 ,  0.28 ,  15.68
2 ,  4 ,  98250 ,  242 ,  75 ,  65.20 ,  0.30 ,  16.27
2 ,  4 ,  98272 ,  242 ,  75 ,  67.07 ,  0.31 ,  16.67
2 ,  4 ,  98293 ,  56 ,  247 ,  68.72 ,  0.33 ,  17.16
2 ,  4 ,  98318 ,  56 ,  247 ,  68.28 ,  0.33 ,  17.26
2 ,  4 ,  98339 ,  56 ,  247 ,  66.74 ,  0.33 ,  17.26
2 ,  4 ,  98361 ,  56 ,  247 ,  64.21 ,  0.31 ,  16.97
2 ,  4 ,  98382 ,  56 ,  247 ,  61.46 ,  0.29 ,  16.37
2 ,  4 ,  98404 ,  13 ,  255 ,  58.70 ,  0.26 ,  15.78
2 ,  4 ,  98425 ,  13 ,  255 ,  56.06 ,  0.24 ,  15.08
2 ,  4 ,  98448 ,  13 ,  255 ,  53.53 ,  0.22 ,  14.39
2 ,  4 ,  98469 ,  13 ,  255 ,  50.99 ,  0.20 ,  13.69
2 ,  4 ,  98491 ,  13 ,  255 ,  48.90 ,  0.18 ,  13.10
2 ,  4 ,  98514 ,  232 ,  63 ,  46.70 ,  0.16 ,  12.30
2 ,  4 ,  98536 ,  232 ,  63 ,  46.81 ,  0.15 ,  12.10
2 ,  4 ,  98557 ,  232 ,  63 ,  46.81 ,  0.15 ,  12.01
2 ,  4 ,  98579 ,  232 ,  63 ,  47.47 ,  0.15 ,  12.01
2 ,  4 ,  98600 ,  232 ,  63 ,  49.45 ,  0.16 ,  12.10
2 ,  4 ,  98622 ,  36 ,  221 ,  51.98 ,  0.17 ,  12.60
2 ,  4 ,  98643 ,  36 ,  221 ,  52.09 ,  0.18 ,  12.90
2 ,  4 ,  98665 ,  36 ,  221 ,  51.98 ,  0.18 ,  12.90
2 ,  4 ,  98686 ,  36 ,  221 ,  51.87 ,  0.18 ,  12.90
2 ,  4 ,  98711 ,  36 ,  221 ,  51.76 ,  0.18 ,  12.80
2 ,  4 ,  98733 ,  0 ,  255 ,  51.65 ,  0.18 ,  12.90
2 ,  4 ,  98754 ,  0 ,  255 ,  50.77 ,  0.17 ,  12.80
2 ,  4 ,  98776 ,  0 ,  255 ,  49.12 ,  0.16 ,  12.70
2 ,  4 ,  98797 ,  0 ,  255 ,  47.58 ,  0.15 ,  12.20
2 ,  4 ,  98819 ,  0 ,  255 ,  45.82 ,  0.14 ,  11.81
2 ,  4 ,  98840 ,  14 ,  255 ,  44.28 ,  0.13 ,  11.31
2 ,  4 ,  98862 ,  14 ,  255 ,  42.84 ,  0.12 ,  10.91
2 ,  4 ,  98883 ,  14 ,  255 ,  41.41 ,  0.11 ,  10.42
2 ,  4 ,  98922 ,  14 ,  255 ,  39.21 ,  0.09 ,  9.72
2 ,  4 ,  98944 ,  24 ,  255 ,  38.11 ,  0.09 ,  9.23
2 ,  4 ,  98966 ,  24 ,  255 ,  37.12 ,  0.08 ,  8.93
2 ,  4 ,  98988 ,  24 ,  255 ,  36.13 ,  0.08 ,  8.53
2 ,  4 ,  99009 ,  24 ,  255 ,  35.25 ,  0.08 ,  8.24
2 ,  4 ,  99031 ,  24 ,  255 ,  34.36 ,  0.07 ,  7.94
2 ,  4 ,  99052 ,  22 ,  241 ,  33.48 ,  0.07 ,  7.64
2 ,  4 ,  99074 ,  22 ,  241 ,  32.93 ,  0.07 ,  7.34
2 ,  4 ,  99095 ,  22 ,  241 ,  32.49 ,  0.06 ,  7.24
2 ,  4 ,  99119 ,  22 ,  241 ,  32.16 ,  0.07 ,  7.04
2 ,  4 ,  99140 ,  22 ,  241 ,  31.72 ,  0.06 ,  6.95
2 ,  4 ,  99162 ,  11 ,  245 ,  31.39 ,  0.06 ,  6.75
2 ,  4 ,  99183 ,  11 ,  245 ,  30.95 ,  0.06 ,  6.65
2 ,  4 ,  99205 ,  11 ,  245 ,  30.51 ,  0.06 ,  6.55
2 ,  4 ,  99226 ,  11 ,  245 ,  30.18 ,  0.06 ,  6.35
2 ,  4 ,  99248 ,  11 ,  245 ,  29.85 ,  0.06 ,  6.25
2 ,  4 ,  99269 ,  28 ,  233 ,  29.52 ,  0.06 ,  6.15
2 ,  4 ,  99291 ,  28 ,  233 ,  29.30 ,  0.06 ,  5.95
2 ,  4 ,  99312 ,  28 ,  233 ,  29.19 ,  0.05 ,  5.95
2 ,  4 ,  99336 ,  28 ,  233 ,  29.08 ,  0.06 ,  5.85
2 ,  4 ,  99357 ,  28 ,  233 ,  29.08 ,  0.05 ,  5.85
2 ,  4 ,  99379 ,  52 ,  253 ,  28.97 ,  0.06 ,  5.85
2 ,  4 ,  99400 ,  52 ,  253 ,  28.75 ,  0.05 ,  5.75
2 ,  4 ,  99422 ,  52 ,  253 ,  28.31 ,  0.05 ,  5.66
2 ,  4 ,  99443 ,  52 ,  253 ,  27.87 ,  0.05 ,  5.56
2 ,  4 ,  99465 ,  52 ,  253 ,  27.43 ,  0.05 ,  5.46
2 ,  4 ,  99486 ,  255 ,  19 ,  27.10 ,  0.05 ,  5.36
2 ,  4 ,  99508 ,  255 ,  19 ,  27.21 ,  0.05 ,  5.36
2 ,  4 ,  99531 ,  255 ,  19 ,  29.74 ,  0.05 ,  5.26
2 ,  4 ,  99553 ,  255 ,  19 ,  35.69 ,  0.07 ,  6.15
2 ,  4 ,  99574 ,  255 ,  19 ,  42.18 ,  0.09 ,  7.64
2 ,  4 ,  99596 ,  229 ,  39 ,  48.35 ,  0.13 ,  9.33
2 ,  4 ,  99618 ,  229 ,  39 ,  51.98 ,  0.17 ,  10.72
2 ,  4 ,  99640 ,  229 ,  39 ,  55.18 ,  0.20 ,  11.91
2 ,  4 ,  99661 ,  229 ,  39 ,  57.71 ,  0.22 ,  12.80
2 ,  4 ,  99683 ,  229 ,  39 ,  59.80 ,  0.24 ,  13.49
2 ,  4 ,  99704 ,  57 ,  252 ,  61.57 ,  0.26 ,  14.19
2 ,  4 ,  99728 ,  57 ,  252 ,  61.24 ,  0.27 ,  14.39
2 ,  4 ,  99749 ,  57 ,  252 ,  60.13 ,  0.27 ,  14.49
2 ,  4 ,  99771 ,  57 ,  252 ,  57.60 ,  0.25 ,  14.09
2 ,  4 ,  99792 ,  57 ,  252 ,  55.07 ,  0.23 ,  13.69
2 ,  4 ,  99814 ,  44 ,  224 ,  52.65 ,  0.21 ,  13.10
2 ,  4 ,  99835 ,  44 ,  224 ,  50.99 ,  0.19 ,  12.50
2 ,  4 ,  99857 ,  44 ,  224 ,  49.67 ,  0.18 ,  12.10
2 ,  4 ,  99878 ,  44 ,  224 ,  48.57 ,  0.17 ,  11.81
2 ,  4 ,  99900 ,  44 ,  224 ,  47.58 ,  0.16 ,  11.51
2 ,  4 ,  99924 ,  68 ,  230 ,  46.59 ,  0.15 ,  11.21
2 ,  4 ,  99946 ,  68 ,  230 ,  45.71 ,  0.14 ,  10.91
2 ,  4 ,  99968 ,  68 ,  230 ,  44.83 ,  0.13 ,  10.62
2 ,  4 ,  99989 ,  68 ,  230 ,  43.95 ,  0.13 ,  10.42
2 ,  4 ,  100011 ,  68 ,  230 ,  43.17 ,  0.12 ,  10.12
2 ,  4 ,  100032 ,  44 ,  249 ,  42.40 ,  0.11 ,  9.92
2 ,  4 ,  100054 ,  44 ,  249 ,  41.52 ,  0.11 ,  9.62
2 ,  4 ,  100075 ,  44 ,  249 ,  40.42 ,  0.10 ,  9.33
2 ,  4 ,  100097 ,  44 ,  249 ,  39.43 ,  0.09 ,  9.03
2 ,  4 ,  100118 ,  44 ,  249 ,  38.44 ,  0.09 ,  8.73
2 ,  4 ,  100143 ,  254 ,  9 ,  37.34 ,  0.08 ,  8.43
2 ,  4 ,  100164 ,  254 ,  9 ,  37.67 ,  0.08 ,  8.33
2 ,  4 ,  100186 ,  254 ,  9 ,  37.89 ,  0.08 ,  8.24
2 ,  4 ,  100207 ,  254 ,  9 ,  42.40 ,  0.09 ,  8.53
2 ,  4 ,  100229 ,  254 ,  9 ,  47.47 ,  0.12 ,  9.82
2 ,  4 ,  100250 ,  72 ,  241 ,  52.54 ,  0.16 ,  11.21
2 ,  4 ,  100272 ,  72 ,  241 ,  52.76 ,  0.18 ,  11.91
2 ,  4 ,  100293 ,  72 ,  241 ,  52.31 ,  0.18 ,  11.91
2 ,  4 ,  100315 ,  72 ,  241 ,  51.43 ,  0.18 ,  11.91
2 ,  4 ,  100338 ,  72 ,  241 ,  50.11 ,  0.17 ,  11.81
2 ,  4 ,  100360 ,  236 ,  78 ,  49.01 ,  0.16 ,  11.51
2 ,  4 ,  100381 ,  236 ,  78 ,  49.01 ,  0.16 ,  11.41
2 ,  4 ,  100404 ,  236 ,  78 ,  48.79 ,  0.16 ,  11.41
2 ,  4 ,  100425 ,  236 ,  78 ,  50.44 ,  0.16 ,  11.41
2 ,  4 ,  100447 ,  236 ,  78 ,  52.87 ,  0.18 ,  11.81
2 ,  4 ,  100468 ,  228 ,  81 ,  55.29 ,  0.20 ,  12.40
2 ,  4 ,  100490 ,  228 ,  81 ,  57.38 ,  0.22 ,  13.10
2 ,  4 ,  100511 ,  228 ,  81 ,  59.14 ,  0.23 ,  13.69
2 ,  4 ,  100535 ,  228 ,  81 ,  60.68 ,  0.26 ,  14.19
2 ,  4 ,  100556 ,  228 ,  81 ,  62.01 ,  0.27 ,  14.59
2 ,  4 ,  100579 ,  232 ,  36 ,  63.11 ,  0.28 ,  14.98
2 ,  4 ,  100600 ,  232 ,  36 ,  64.10 ,  0.29 ,  15.28
2 ,  4 ,  100622 ,  232 ,  36 ,  65.09 ,  0.31 ,  15.58
2 ,  4 ,  100643 ,  232 ,  36 ,  65.97 ,  0.31 ,  15.88
2 ,  4 ,  100665 ,  232 ,  36 ,  66.85 ,  0.32 ,  16.17
2 ,  4 ,  100686 ,  32 ,  238 ,  67.62 ,  0.33 ,  16.37
2 ,  4 ,  100708 ,  32 ,  238 ,  67.40 ,  0.33 ,  16.47
2 ,  4 ,  100731 ,  32 ,  238 ,  66.52 ,  0.33 ,  16.47
2 ,  4 ,  100754 ,  32 ,  238 ,  64.32 ,  0.32 ,  16.27
2 ,  4 ,  100775 ,  32 ,  238 ,  62.23 ,  0.30 ,  16.07
2 ,  4 ,  100797 ,  225 ,  37 ,  60.24 ,  0.29 ,  15.58
2 ,  4 ,  100818 ,  225 ,  37 ,  60.13 ,  0.28 ,  15.38
2 ,  4 ,  100840 ,  225 ,  37 ,  60.02 ,  0.28 ,  15.38
2 ,  4 ,  100862 ,  225 ,  37 ,  60.02 ,  0.28 ,  15.38
2 ,  4 ,  100884 ,  225 ,  37 ,  59.91 ,  0.27 ,  15.28
2 ,  4 ,  100907 ,  255 ,  36 ,  60.35 ,  0.27 ,  15.28
2 ,  4 ,  100930 ,  255 ,  36 ,  62.56 ,  0.28 ,  15.38
2 ,  4 ,  100952 ,  255 ,  36 ,  65.42 ,  0.31 ,  15.97
2 ,  4 ,  100973 ,  255 ,  36 ,  68.50 ,  0.34 ,  16.67
2 ,  4 ,  100996 ,  255 ,  36 ,  71.26 ,  0.37 ,  17.36
2 ,  4 ,  101017 ,  226 ,  38 ,  73.79 ,  0.39 ,  18.06
2 ,  4 ,  101039 ,  226 ,  38 ,  75.11 ,  0.41 ,  18.36
2 ,  4 ,  101060 ,  226 ,  38 ,  75.55 ,  0.41 ,  18.65
2 ,  4 ,  101082 ,  226 ,  38 ,  75.99 ,  0.41 ,  18.75
2 ,  4 ,  101104 ,  226 ,  38 ,  76.21 ,  0.42 ,  18.95
2 ,  4 ,  101128 ,  240 ,  27 ,  76.54 ,  0.42 ,  19.05
2 ,  4 ,  101149 ,  240 ,  27 ,  77.09 ,  0.43 ,  19.15
2 ,  4 ,  101171 ,  240 ,  27 ,  77.64 ,  0.43 ,  19.35
2 ,  4 ,  101193 ,  240 ,  27 ,  78.30 ,  0.44 ,  19.55
2 ,  4 ,  101215 ,  240 ,  27 ,  78.86 ,  0.45 ,  19.65
2 ,  4 ,  101236 ,  233 ,  36 ,  79.52 ,  0.45 ,  19.84
2 ,  4 ,  101258 ,  233 ,  36 ,  80.07 ,  0.45 ,  19.94
2 ,  4 ,  101279 ,  233 ,  36 ,  80.40 ,  0.46 ,  20.04
2 ,  4 ,  101302 ,  233 ,  36 ,  80.62 ,  0.46 ,  20.14
2 ,  4 ,  101332 ,  233 ,  36 ,  81.06 ,  0.46 ,  20.24
2 ,  4 ,  101354 ,  62 ,  218 ,  81.50 ,  0.46 ,  20.34
2 ,  4 ,  101376 ,  62 ,  218 ,  81.17 ,  0.47 ,  20.34
2 ,  4 ,  101398 ,  62 ,  218 ,  79.96 ,  0.46 ,  20.34
2 ,  4 ,  101420 ,  62 ,  218 ,  77.86 ,  0.46 ,  20.14
2 ,  4 ,  101441 ,  62 ,  218 ,  75.77 ,  0.45 ,  19.84
2 ,  4 ,  101464 ,  67 ,  250 ,  73.79 ,  0.43 ,  19.65
2 ,  4 ,  101485 ,  67 ,  250 ,  71.15 ,  0.42 ,  19.15
2 ,  4 ,  101507 ,  67 ,  250 ,  67.62 ,  0.39 ,  18.45
2 ,  4 ,  101531 ,  67 ,  250 ,  63.77 ,  0.36 ,  17.56
2 ,  4 ,  101553 ,  67 ,  250 ,  60.57 ,  0.33 ,  16.67
2 ,  4 ,  101574 ,  1 ,  242 ,  57.71 ,  0.29 ,  15.88
2 ,  4 ,  101596 ,  1 ,  242 ,  55.07 ,  0.26 ,  15.08
2 ,  4 ,  101617 ,  1 ,  242 ,  52.76 ,  0.23 ,  14.39
2 ,  4 ,  101639 ,  1 ,  242 ,  50.88 ,  0.22 ,  13.69
2 ,  4 ,  101660 ,  1 ,  242 ,  49.01 ,  0.20 ,  13.00
2 ,  4 ,  101682 ,  18 ,  251 ,  47.36 ,  0.18 ,  12.50
2 ,  4 ,  101703 ,  18 ,  251 ,  45.82 ,  0.16 ,  11.91
2 ,  4 ,  101728 ,  18 ,  251 ,  43.95 ,  0.14 ,  11.31
2 ,  4 ,  101749 ,  18 ,  251 ,  42.51 ,  0.13 ,  10.72
2 ,  4 ,  101771 ,  18 ,  251 ,  41.08 ,  0.12 ,  10.22
2 ,  4 ,  101792 ,  21 ,  238 ,  39.65 ,  0.11 ,  9.72
2 ,  4 ,  101814 ,  21 ,  238 ,  38.66 ,  0.10 ,  9.33
2 ,  4 ,  101835 ,  21 ,  238 ,  37.78 ,  0.09 ,  9.03
2 ,  4 ,  101857 ,  21 ,  238 ,  37.01 ,  0.09 ,  8.73
2 ,  4 ,  101878 ,  21 ,  238 ,  36.24 ,  0.08 ,  8.43
2 ,  4 ,  101900 ,  220 ,  72 ,  35.58 ,  0.08 ,  8.14
2 ,  4 ,  101924 ,  220 ,  72 ,  35.80 ,  0.08 ,  8.14
2 ,  4 ,  101946 ,  220 ,  72 ,  35.80 ,  0.08 ,  8.04
2 ,  4 ,  101967 ,  220 ,  72 ,  37.12 ,  0.08 ,  8.04
2 ,  4 ,  101989 ,  220 ,  72 ,  39.54 ,  0.09 ,  8.24
2 ,  4 ,  102010 ,  218 ,  21 ,  42.18 ,  0.10 ,  8.83
2 ,  4 ,  102032 ,  218 ,  21 ,  44.50 ,  0.12 ,  9.43
2 ,  4 ,  102053 ,  218 ,  21 ,  46.59 ,  0.13 ,  10.02
2 ,  4 ,  102075 ,  218 ,  21 ,  48.35 ,  0.14 ,  10.52
2 ,  4 ,  102096 ,  218 ,  21 ,  50.00 ,  0.15 ,  11.01
2 ,  4 ,  102120 ,  222 ,  59 ,  51.54 ,  0.17 ,  11.51
2 ,  4 ,  102142 ,  222 ,  59 ,  52.87 ,  0.18 ,  11.91
2 ,  4 ,  102164 ,  222 ,  59 ,  54.19 ,  0.19 ,  12.30
2 ,  4 ,  102185 ,  222 ,  59 ,  55.29 ,  0.21 ,  12.70
2 ,  4 ,  102207 ,  222 ,  59 ,  56.39 ,  0.22 ,  13.10
2 ,  4 ,  102228 ,  237 ,  58 ,  57.38 ,  0.22 ,  13.39
2 ,  4 ,  102250 ,  237 ,  58 ,  58.48 ,  0.23 ,  13.69
2 ,  4 ,  102272 ,  237 ,  58 ,  59.91 ,  0.24 ,  14.19
2 ,  4 ,  102293 ,  237 ,  58 ,  61.46 ,  0.26 ,  14.59
2 ,  4 ,  102318 ,  237 ,  58 ,  63.00 ,  0.27 ,  15.08
2 ,  4 ,  102339 ,  253 ,  39 ,  64.32 ,  0.29 ,  15.48
2 ,  4 ,  102361 ,  253 ,  39 ,  65.97 ,  0.30 ,  15.97
2 ,  4 ,  102382 ,  253 ,  39 ,  68.06 ,  0.32 ,  16.57
2 ,  4 ,  102404 ,  253 ,  39 ,  70.16 ,  0.35 ,  17.16
2 ,  4 ,  102425 ,  253 ,  39 ,  72.14 ,  0.37 ,  17.66
2 ,  4 ,  102447 ,  58 ,  251 ,  73.79 ,  0.39 ,  18.16
2 ,  4 ,  102468 ,  58 ,  251 ,  73.57 ,  0.39 ,  18.26
2 ,  4 ,  102490 ,  58 ,  251 ,  71.37 ,  0.38 ,  18.16
2 ,  4 ,  102514 ,  58 ,  251 ,  67.29 ,  0.36 ,  17.76
2 ,  4 ,  102536 ,  58 ,  251 ,  63.88 ,  0.33 ,  16.97
2 ,  4 ,  102557 ,  66 ,  238 ,  60.46 ,  0.30 ,  16.17
2 ,  4 ,  102579 ,  66 ,  238 ,  57.60 ,  0.27 ,  15.38
2 ,  4 ,  102600 ,  66 ,  238 ,  55.07 ,  0.24 ,  14.68
2 ,  4 ,  102622 ,  66 ,  238 ,  52.98 ,  0.22 ,  13.99
2 ,  4 ,  102643 ,  66 ,  238 ,  51.10 ,  0.20 ,  13.39
2 ,  4 ,  102666 ,  48 ,  243 ,  49.45 ,  0.19 ,  12.80
2 ,  4 ,  102687 ,  48 ,  243 ,  47.69 ,  0.17 ,  12.30
2 ,  4 ,  102711 ,  48 ,  243 ,  45.93 ,  0.15 ,  11.71
2 ,  4 ,  102732 ,  48 ,  243 ,  44.50 ,  0.14 ,  11.21
2 ,  4 ,  102754 ,  48 ,  243 ,  43.06 ,  0.12 ,  10.72
2 ,  4 ,  102775 ,  21 ,  254 ,  41.85 ,  0.11 ,  10.22
2 ,  4 ,  102797 ,  21 ,  254 ,  40.53 ,  0.10 ,  9.82
2 ,  4 ,  102818 ,  21 ,  254 ,  39.21 ,  0.10 ,  9.43
2 ,  4 ,  102840 ,  21 ,  254 ,  37.78 ,  0.09 ,  9.03
2 ,  4 ,  102862 ,  21 ,  254 ,  36.68 ,  0.08 ,  8.53
2 ,  4 ,  102884 ,  241 ,  21 ,  35.47 ,  0.07 ,  8.24
2 ,  4 ,  102907 ,  241 ,  21 ,  35.69 ,  0.08 ,  8.04
2 ,  4 ,  102930 ,  241 ,  21 ,  35.80 ,  0.08 ,  8.04
2 ,  4 ,  102951 ,  241 ,  21 ,  39.43 ,  0.08 ,  8.14
2 ,  4 ,  102973 ,  241 ,  21 ,  43.39 ,  0.10 ,  9.13
2 ,  4 ,  103000 ,  221 ,  0 ,  48.46 ,  0.13 ,  10.42
2 ,  4 ,  103021 ,  221 ,  0 ,  51.87 ,  0.16 ,  11.41
2 ,  4 ,  103043 ,  221 ,  0 ,  54.19 ,  0.18 ,  12.20
2 ,  4 ,  103064 ,  221 ,  0 ,  55.95 ,  0.20 ,  12.80
2 ,  4 ,  103086 ,  221 ,  0 ,  57.60 ,  0.22 ,  13.30
2 ,  4 ,  103109 ,  15 ,  224 ,  58.92 ,  0.23 ,  13.79
2 ,  4 ,  103132 ,  15 ,  224 ,  58.70 ,  0.24 ,  13.99
2 ,  4 ,  103153 ,  15 ,  224 ,  58.37 ,  0.23 ,  13.99
2 ,  4 ,  103175 ,  15 ,  224 ,  58.15 ,  0.23 ,  13.99
2 ,  4 ,  103196 ,  15 ,  224 ,  57.38 ,  0.23 ,  13.89
2 ,  4 ,  103218 ,  51 ,  255 ,  56.39 ,  0.22 ,  13.89
2 ,  4 ,  103239 ,  51 ,  255 ,  54.96 ,  0.22 ,  13.79
2 ,  4 ,  103261 ,  51 ,  255 ,  52.98 ,  0.21 ,  13.30
2 ,  4 ,  103282 ,  51 ,  255 ,  50.77 ,  0.19 ,  12.80
2 ,  4 ,  103307 ,  51 ,  255 ,  48.57 ,  0.16 ,  12.10
2 ,  4 ,  103328 ,  239 ,  40 ,  46.70 ,  0.15 ,  11.61
2 ,  4 ,  103350 ,  239 ,  40 ,  46.92 ,  0.14 ,  11.41
2 ,  4 ,  103371 ,  239 ,  40 ,  46.81 ,  0.14 ,  11.41
2 ,  4 ,  103393 ,  239 ,  40 ,  48.24 ,  0.14 ,  11.41
2 ,  4 ,  103414 ,  239 ,  40 ,  50.88 ,  0.16 ,  11.71
2 ,  4 ,  103436 ,  11 ,  241 ,  53.86 ,  0.18 ,  12.40
2 ,  4 ,  103457 ,  11 ,  241 ,  53.86 ,  0.19 ,  12.70
2 ,  4 ,  103479 ,  11 ,  241 ,  53.53 ,  0.20 ,  12.70
2 ,  4 ,  103503 ,  11 ,  241 ,  52.42 ,  0.19 ,  12.70
2 ,  4 ,  103525 ,  11 ,  241 ,  51.32 ,  0.18 ,  12.50
2 ,  4 ,  103546 ,  67 ,  247 ,  50.11 ,  0.17 ,  12.40
2 ,  4 ,  103568 ,  67 ,  247 ,  48.79 ,  0.16 ,  12.01
2 ,  4 ,  103589 ,  67 ,  247 ,  47.58 ,  0.15 ,  11.71
2 ,  4 ,  103611 ,  67 ,  247 ,  46.26 ,  0.14 ,  11.41
2 ,  4 ,  103632 ,  67 ,  247 ,  45.16 ,  0.13 ,  11.01
2 ,  4 ,  103654 ,  245 ,  14 ,  44.06 ,  0.12 ,  10.72
2 ,  4 ,  103675 ,  245 ,  14 ,  44.28 ,  0.12 ,  10.62
2 ,  4 ,  103700 ,  245 ,  14 ,  44.17 ,  0.12 ,  10.52
2 ,  4 ,  103721 ,  245 ,  14 ,  47.25 ,  0.13 ,  10.62
2 ,  4 ,  103743 ,  245 ,  14 ,  50.77 ,  0.15 ,  11.51
2 ,  4 ,  103764 ,  242 ,  69 ,  54.52 ,  0.18 ,  12.40
2 ,  4 ,  103786 ,  242 ,  69 ,  57.93 ,  0.21 ,  13.39
2 ,  4 ,  103808 ,  242 ,  69 ,  60.79 ,  0.24 ,  14.19
2 ,  4 ,  103829 ,  242 ,  69 ,  63.22 ,  0.26 ,  14.98
2 ,  4 ,  103851 ,  242 ,  69 ,  65.31 ,  0.28 ,  15.58
2 ,  4 ,  103873 ,  234 ,  60 ,  67.07 ,  0.30 ,  16.17
2 ,  4 ,  103897 ,  234 ,  60 ,  68.50 ,  0.32 ,  16.67
2 ,  4 ,  103918 ,  234 ,  60 ,  69.49 ,  0.33 ,  16.97
2 ,  4 ,  103940 ,  234 ,  60 ,  70.27 ,  0.35 ,  17.16
2 ,  4 ,  103961 ,  234 ,  60 ,  71.04 ,  0.35 ,  17.36
2 ,  4 ,  103983 ,  255 ,  33 ,  71.59 ,  0.36 ,  17.66
2 ,  4 ,  104004 ,  255 ,  33 ,  72.80 ,  0.37 ,  17.86
2 ,  4 ,  104026 ,  255 ,  33 ,  74.12 ,  0.38 ,  18.26
2 ,  4 ,  104048 ,  255 ,  33 ,  75.55 ,  0.40 ,  18.55
2 ,  4 ,  104070 ,  255 ,  33 ,  76.98 ,  0.41 ,  18.95
2 ,  4 ,  104093 ,  0 ,  235 ,  78.41 ,  0.43 ,  19.25
2 ,  4 ,  104115 ,  0 ,  235 ,  77.97 ,  0.43 ,  19.45
2 ,  4 ,  104136 ,  0 ,  235 ,  76.21 ,  0.43 ,  19.45
2 ,  4 ,  104158 ,  0 ,  235 ,  73.46 ,  0.41 ,  19.05
2 ,  4 ,  104179 ,  0 ,  235 ,  70.49 ,  0.39 ,  18.65
2 ,  4 ,  104201 ,  65 ,  224 ,  67.84 ,  0.37 ,  18.16
2 ,  4 ,  104222 ,  65 ,  224 ,  65.53 ,  0.35 ,  17.56
2 ,  4 ,  104244 ,  65 ,  224 ,  63.66 ,  0.33 ,  17.07
2 ,  4 ,  104266 ,  65 ,  224 ,  62.01 ,  0.31 ,  16.67
2 ,  4 ,  104290 ,  65 ,  224 ,  60.13 ,  0.29 ,  16.17
2 ,  4 ,  104311 ,  53 ,  255 ,  58.81 ,  0.27 ,  15.78
2 ,  4 ,  104333 ,  53 ,  255 ,  57.05 ,  0.26 ,  15.28
2 ,  4 ,  104354 ,  53 ,  255 ,  54.85 ,  0.23 ,  14.68
2 ,  4 ,  104376 ,  53 ,  255 ,  52.65 ,  0.21 ,  14.09
2 ,  4 ,  104397 ,  53 ,  255 ,  50.55 ,  0.19 ,  13.39
2 ,  4 ,  104419 ,  53 ,  234 ,  48.57 ,  0.17 ,  12.70
2 ,  4 ,  104441 ,  53 ,  234 ,  47.03 ,  0.16 ,  12.20
2 ,  4 ,  104463 ,  53 ,  234 ,  45.82 ,  0.14 ,  11.71
2 ,  4 ,  104486 ,  53 ,  234 ,  44.61 ,  0.13 ,  11.31
2 ,  4 ,  104508 ,  53 ,  234 ,  43.61 ,  0.12 ,  10.91
2 ,  4 ,  104529 ,  222 ,  55 ,  42.62 ,  0.11 ,  10.62
2 ,  4 ,  104551 ,  222 ,  55 ,  42.95 ,  0.11 ,  10.52
2 ,  4 ,  104572 ,  222 ,  55 ,  42.84 ,  0.11 ,  10.42
2 ,  4 ,  104595 ,  222 ,  55 ,  43.50 ,  0.11 ,  10.42
2 ,  4 ,  104616 ,  222 ,  55 ,  45.16 ,  0.11 ,  10.52
2 ,  4 ,  104638 ,  243 ,  79 ,  47.36 ,  0.13 ,  10.91
2 ,  4 ,  104659 ,  243 ,  79 ,  50.11 ,  0.14 ,  11.41
2 ,  4 ,  104683 ,  243 ,  79 ,  53.75 ,  0.17 ,  12.40
2 ,  4 ,  104705 ,  243 ,  79 ,  56.94 ,  0.20 ,  13.30
2 ,  4 ,  104726 ,  243 ,  79 ,  59.80 ,  0.22 ,  14.19
2 ,  4 ,  104748 ,  223 ,  55 ,  62.34 ,  0.25 ,  14.98
2 ,  4 ,  104770 ,  223 ,  55 ,  64.10 ,  0.27 ,  15.48
2 ,  4 ,  104792 ,  223 ,  55 ,  65.09 ,  0.28 ,  15.88
2 ,  4 ,  104813 ,  223 ,  55 ,  65.97 ,  0.29 ,  16.17
2 ,  4 ,  104835 ,  223 ,  55 ,  66.63 ,  0.30 ,  16.37
2 ,  4 ,  104856 ,  235 ,  3 ,  67.29 ,  0.31 ,  16.57
2 ,  4 ,  104880 ,  235 ,  3 ,  68.17 ,  0.32 ,  16.77
2 ,  4 ,  104901 ,  235 ,  3 ,  69.05 ,  0.33 ,  17.07
2 ,  4 ,  104923 ,  235 ,  3 ,  69.94 ,  0.34 ,  17.26
2 ,  4 ,  104944 ,  235 ,  3 ,  70.71 ,  0.35 ,  17.56
2 ,  4 ,  104967 ,  240 ,  29 ,  71.48 ,  0.35 ,  17.76
2 ,  4 ,  104988 ,  240 ,  29 ,  72.25 ,  0.36 ,  17.96
2 ,  4 ,  105010 ,  240 ,  29 ,  73.02 ,  0.37 ,  18.16
2 ,  4 ,  105031 ,  240 ,  29 ,  73.79 ,  0.38 ,  18.36
2 ,  4 ,  105054 ,  240 ,  29 ,  74.56 ,  0.39 ,  18.55
2 ,  4 ,  105077 ,  63 ,  238 ,  75.22 ,  0.39 ,  18.75
2 ,  4 ,  105099 ,  63 ,  238 ,  75.00 ,  0.40 ,  18.85
2 ,  4 ,  105120 ,  63 ,  238 ,  73.35 ,  0.39 ,  18.85
2 ,  4 ,  105142 ,  63 ,  238 ,  70.82 ,  0.37 ,  18.45
2 ,  4 ,  105163 ,  63 ,  238 ,  68.06 ,  0.36 ,  18.06
2 ,  4 ,  105185 ,  4 ,  246 ,  65.31 ,  0.33 ,  17.56
2 ,  4 ,  105206 ,  4 ,  246 ,  62.78 ,  0.31 ,  16.87
2 ,  4 ,  105229 ,  4 ,  246 ,  60.13 ,  0.28 ,  16.27
2 ,  4 ,  105250 ,  4 ,  246 ,  57.71 ,  0.26 ,  15.58
2 ,  4 ,  105274 ,  4 ,  246 ,  55.29 ,  0.23 ,  14.88
2 ,  4 ,  105295 ,  2 ,  255 ,  53.31 ,  0.22 ,  14.29
2 ,  4 ,  105317 ,  2 ,  255 ,  51.10 ,  0.20 ,  13.59
2 ,  4 ,  105338 ,  2 ,  255 ,  49.34 ,  0.18 ,  13.00
2 ,  4 ,  105360 ,  2 ,  255 ,  47.47 ,  0.16 ,  12.40
2 ,  4 ,  105381 ,  2 ,  255 ,  45.71 ,  0.14 ,  11.81
2 ,  4 ,  105403 ,  43 ,  241 ,  44.06 ,  0.13 ,  11.31
2 ,  4 ,  105424 ,  43 ,  241 ,  42.73 ,  0.12 ,  10.81
2 ,  4 ,  105447 ,  43 ,  241 ,  41.63 ,  0.11 ,  10.42
2 ,  4 ,  105470 ,  43 ,  241 ,  40.53 ,  0.10 ,  10.02
2 ,  4 ,  105492 ,  43 ,  241 ,  39.54 ,  0.10 ,  9.72
2 ,  4 ,  105513 ,  217 ,  43 ,  38.66 ,  0.09 ,  9.33
2 ,  4 ,  105535 ,  217 ,  43 ,  38.88 ,  0.09 ,  9.23
2 ,  4 ,  105556 ,  217 ,  43 ,  38.88 ,  0.09 ,  9.23
2 ,  4 ,  105578 ,  217 ,  43 ,  39.10 ,  0.08 ,  9.13
2 ,  4 ,  105600 ,  217 ,  43 ,  41.08 ,  0.09 ,  9.13
2 ,  4 ,  105621 ,  218 ,  14 ,  43.17 ,  0.10 ,  9.53
2 ,  4 ,  105643 ,  218 ,  14 ,  45.16 ,  0.11 ,  9.92
2 ,  4 ,  105667 ,  218 ,  14 ,  47.25 ,  0.12 ,  10.52
2 ,  4 ,  105689 ,  218 ,  14 ,  48.90 ,  0.13 ,  11.01
2 ,  4 ,  105710 ,  218 ,  14 ,  50.44 ,  0.15 ,  11.41
2 ,  4 ,  105732 ,  232 ,  39 ,  51.76 ,  0.16 ,  11.81
2 ,  4 ,  105753 ,  232 ,  39 ,  53.20 ,  0.17 ,  12.20
2 ,  4 ,  105775 ,  232 ,  39 ,  54.96 ,  0.19 ,  12.70
2 ,  4 ,  105796 ,  232 ,  39 ,  56.72 ,  0.20 ,  13.30
2 ,  4 ,  105818 ,  232 ,  39 ,  58.37 ,  0.22 ,  13.79
2 ,  4 ,  105839 ,  69 ,  230 ,  59.80 ,  0.23 ,  14.19
2 ,  4 ,  105864 ,  69 ,  230 ,  59.47 ,  0.23 ,  14.39
2 ,  4 ,  105885 ,  69 ,  230 ,  59.25 ,  0.23 ,  14.39
2 ,  4 ,  105907 ,  69 ,  230 ,  58.59 ,  0.23 ,  14.29
2 ,  4 ,  105928 ,  69 ,  230 ,  57.27 ,  0.22 ,  14.29
2 ,  4 ,  105950 ,  2 ,  225 ,  56.06 ,  0.22 ,  14.19
2 ,  4 ,  105971 ,  2 ,  225 ,  55.07 ,  0.21 ,  13.89
2 ,  4 ,  105993 ,  2 ,  225 ,  54.19 ,  0.20 ,  13.69
2 ,  4 ,  106014 ,  2 ,  225 ,  53.42 ,  0.20 ,  13.49
2 ,  4 ,  106036 ,  2 ,  225 ,  52.76 ,  0.19 ,  13.30
2 ,  4 ,  106060 ,  233 ,  52 ,  52.09 ,  0.18 ,  13.10
2 ,  4 ,  106082 ,  233 ,  52 ,  51.98 ,  0.18 ,  13.10
2 ,  4 ,  106103 ,  233 ,  52 ,  52.09 ,  0.18 ,  13.00
2 ,  4 ,  106125 ,  233 ,  52 ,  52.09 ,  0.18 ,  13.10
2 ,  4 ,  106146 ,  233 ,  52 ,  54.08 ,  0.19 ,  13.10
2 ,  4 ,  106168 ,  53 ,  237 ,  56.17 ,  0.20 ,  13.39
2 ,  4 ,  106189 ,  53 ,  237 ,  56.06 ,  0.21 ,  13.59
2 ,  4 ,  106211 ,  53 ,  237 ,  55.84 ,  0.21 ,  13.59
2 ,  4 ,  106233 ,  53 ,  237 ,  54.96 ,  0.20 ,  13.59
2 ,  4 ,  106257 ,  53 ,  237 ,  53.75 ,  0.19 ,  13.49
2 ,  4 ,  106278 ,  53 ,  255 ,  52.54 ,  0.19 ,  13.30
2 ,  4 ,  106300 ,  53 ,  255 ,  50.99 ,  0.18 ,  13.00
2 ,  4 ,  106321 ,  53 ,  255 ,  49.23 ,  0.16 ,  12.50
2 ,  4 ,  106343 ,  53 ,  255 ,  47.47 ,  0.15 ,  12.01
2 ,  4 ,  106364 ,  53 ,  255 ,  45.82 ,  0.13 ,  11.51
2 ,  4 ,  106386 ,  232 ,  40 ,  44.17 ,  0.12 ,  11.01
2 ,  4 ,  106408 ,  232 ,  40 ,  44.39 ,  0.12 ,  10.81
2 ,  4 ,  106430 ,  232 ,  40 ,  44.28 ,  0.12 ,  10.81
2 ,  4 ,  106449 ,  232 ,  40 ,  45.71 ,  0.12 ,  10.81
2 ,  4 ,  106471 ,  232 ,  40 ,  47.69 ,  0.13 ,  11.01
2 ,  4 ,  106492 ,  239 ,  42 ,  50.33 ,  0.14 ,  11.61
2 ,  4 ,  106514 ,  239 ,  42 ,  53.09 ,  0.17 ,  12.30
2 ,  4 ,  106535 ,  239 ,  42 ,  55.95 ,  0.19 ,  13.00
2 ,  4 ,  106557 ,  239 ,  42 ,  58.59 ,  0.21 ,  13.79
2 ,  4 ,  106578 ,  239 ,  42 ,  60.79 ,  0.23 ,  14.49
2 ,  4 ,  106600 ,  224 ,  29 ,  62.78 ,  0.26 ,  15.08
2 ,  4 ,  106622 ,  224 ,  29 ,  64.21 ,  0.27 ,  15.48
2 ,  4 ,  106646 ,  224 ,  29 ,  65.20 ,  0.28 ,  15.88
2 ,  4 ,  106668 ,  224 ,  29 ,  65.97 ,  0.29 ,  16.07
2 ,  4 ,  106689 ,  224 ,  29 ,  66.52 ,  0.30 ,  16.27
2 ,  4 ,  106711 ,  233 ,  18 ,  67.18 ,  0.30 ,  16.47
2 ,  4 ,  106732 ,  233 ,  18 ,  67.84 ,  0.31 ,  16.67
2 ,  4 ,  106754 ,  233 ,  18 ,  68.61 ,  0.32 ,  16.87
2 ,  4 ,  106775 ,  233 ,  18 ,  69.38 ,  0.33 ,  17.07
2 ,  4 ,  106798 ,  233 ,  18 ,  69.94 ,  0.34 ,  17.26
2 ,  4 ,  106819 ,  42 ,  236 ,  70.71 ,  0.34 ,  17.46
2 ,  4 ,  106843 ,  42 ,  236 ,  70.27 ,  0.34 ,  17.56
2 ,  4 ,  106864 ,  42 ,  236 ,  68.83 ,  0.34 ,  17.56
2 ,  4 ,  106886 ,  42 ,  236 ,  67.07 ,  0.33 ,  17.36
2 ,  4 ,  106907 ,  42 ,  236 ,  64.76 ,  0.32 ,  16.97
2 ,  4 ,  106929 ,  230 ,  38 ,  62.67 ,  0.29 ,  16.57
2 ,  4 ,  106951 ,  230 ,  38 ,  62.67 ,  0.29 ,  16.37
2 ,  4 ,  106973 ,  230 ,  38 ,  62.56 ,  0.28 ,  16.37
2 ,  4 ,  106998 ,  230 ,  38 ,  62.45 ,  0.29 ,  16.27
2 ,  4 ,  107020 ,  230 ,  38 ,  62.56 ,  0.29 ,  16.27
2 ,  4 ,  107043 ,  230 ,  21 ,  63.44 ,  0.29 ,  16.27
2 ,  4 ,  107065 ,  230 ,  21 ,  64.32 ,  0.29 ,  16.37
2 ,  4 ,  107086 ,  230 ,  21 ,  65.20 ,  0.30 ,  16.37
2 ,  4 ,  107108 ,  230 ,  21 ,  66.08 ,  0.31 ,  16.57
2 ,  4 ,  107130 ,  230 ,  21 ,  66.74 ,  0.31 ,  16.77
2 ,  4 ,  107152 ,  0 ,  227 ,  67.40 ,  0.32 ,  16.87
2 ,  4 ,  107173 ,  0 ,  227 ,  67.18 ,  0.32 ,  16.97
2 ,  4 ,  107195 ,  0 ,  227 ,  67.18 ,  0.32 ,  16.97
2 ,  4 ,  107216 ,  0 ,  227 ,  65.42 ,  0.32 ,  16.87
2 ,  4 ,  107236 ,  0 ,  227 ,  63.99 ,  0.31 ,  16.77
2 ,  4 ,  107258 ,  28 ,  238 ,  62.67 ,  0.29 ,  16.57
2 ,  4 ,  107280 ,  28 ,  238 ,  61.01 ,  0.28 ,  16.17
2 ,  4 ,  107301 ,  28 ,  238 ,  59.36 ,  0.27 ,  15.78
2 ,  4 ,  107323 ,  28 ,  238 ,  57.71 ,  0.25 ,  15.38
2 ,  4 ,  107344 ,  28 ,  238 ,  56.17 ,  0.23 ,  14.98
2 ,  4 ,  107366 ,  217 ,  62 ,  54.74 ,  0.22 ,  14.49
2 ,  4 ,  107388 ,  217 ,  62 ,  54.85 ,  0.22 ,  14.39
2 ,  4 ,  107410 ,  217 ,  62 ,  54.85 ,  0.22 ,  14.29
2 ,  4 ,  107429 ,  217 ,  62 ,  54.85 ,  0.22 ,  14.29
2 ,  4 ,  107451 ,  217 ,  62 ,  54.74 ,  0.21 ,  14.29
2 ,  4 ,  107472 ,  217 ,  65 ,  55.07 ,  0.21 ,  14.29
2 ,  4 ,  107495 ,  217 ,  65 ,  55.84 ,  0.21 ,  14.29
2 ,  4 ,  107516 ,  217 ,  65 ,  56.61 ,  0.22 ,  14.29
2 ,  4 ,  107538 ,  217 ,  65 ,  57.27 ,  0.22 ,  14.29
2 ,  4 ,  107559 ,  217 ,  65 ,  57.93 ,  0.22 ,  14.49
2 ,  4 ,  107581 ,  255 ,  86 ,  58.48 ,  0.23 ,  14.59
2 ,  4 ,  107602 ,  255 ,  86 ,  60.13 ,  0.24 ,  14.88
2 ,  4 ,  107634 ,  255 ,  86 ,  64.54 ,  0.28 ,  15.88
2 ,  4 ,  107656 ,  255 ,  86 ,  67.73 ,  0.30 ,  16.67
2 ,  4 ,  107677 ,  255 ,  86 ,  70.71 ,  0.33 ,  17.36
2 ,  4 ,  107700 ,  228 ,  22 ,  73.24 ,  0.36 ,  18.06
2 ,  4 ,  107721 ,  228 ,  22 ,  74.78 ,  0.38 ,  18.45
2 ,  4 ,  107743 ,  228 ,  22 ,  75.44 ,  0.39 ,  18.75
2 ,  4 ,  107765 ,  228 ,  22 ,  75.88 ,  0.39 ,  18.85
2 ,  4 ,  107787 ,  228 ,  22 ,  76.32 ,  0.40 ,  18.95
2 ,  4 ,  107808 ,  42 ,  247 ,  76.65 ,  0.40 ,  19.15
2 ,  4 ,  107833 ,  42 ,  247 ,  76.32 ,  0.41 ,  19.15
2 ,  4 ,  107854 ,  42 ,  247 ,  73.90 ,  0.40 ,  18.95
2 ,  4 ,  107876 ,  42 ,  247 ,  70.27 ,  0.37 ,  18.65
2 ,  4 ,  107897 ,  42 ,  247 ,  66.74 ,  0.34 ,  17.86
2 ,  4 ,  107919 ,  28 ,  249 ,  63.55 ,  0.32 ,  17.16
2 ,  4 ,  107940 ,  28 ,  249 ,  60.24 ,  0.29 ,  16.37
2 ,  4 ,  107962 ,  28 ,  249 ,  57.49 ,  0.26 ,  15.68
2 ,  4 ,  107983 ,  28 ,  249 ,  54.96 ,  0.23 ,  14.88
2 ,  4 ,  108006 ,  28 ,  249 ,  52.65 ,  0.22 ,  14.19
2 ,  4 ,  108029 ,  8 ,  229 ,  50.33 ,  0.19 ,  13.39
2 ,  4 ,  108051 ,  8 ,  229 ,  48.68 ,  0.17 ,  12.80
2 ,  4 ,  108072 ,  8 ,  229 ,  47.36 ,  0.16 ,  12.40
2 ,  4 ,  108094 ,  8 ,  229 ,  46.37 ,  0.14 ,  12.10
2 ,  4 ,  108115 ,  8 ,  229 ,  45.38 ,  0.13 ,  11.71
2 ,  4 ,  108137 ,  48 ,  243 ,  44.50 ,  0.13 ,  11.31
2 ,  4 ,  108158 ,  48 ,  243 ,  43.50 ,  0.12 ,  11.01
2 ,  4 ,  108181 ,  48 ,  243 ,  42.40 ,  0.11 ,  10.72
2 ,  4 ,  108203 ,  48 ,  243 ,  41.30 ,  0.10 ,  10.32
2 ,  4 ,  108226 ,  48 ,  243 ,  40.31 ,  0.10 ,  10.02
2 ,  4 ,  108248 ,  17 ,  243 ,  39.32 ,  0.09 ,  9.62
2 ,  4 ,  108269 ,  17 ,  243 ,  38.44 ,  0.08 ,  9.23
2 ,  4 ,  108291 ,  17 ,  243 ,  37.56 ,  0.08 ,  9.03
2 ,  4 ,  108312 ,  17 ,  243 ,  36.79 ,  0.08 ,  8.73
2 ,  4 ,  108334 ,  17 ,  243 ,  36.02 ,  0.08 ,  8.43
2 ,  4 ,  108355 ,  222 ,  0 ,  35.25 ,  0.08 ,  8.24
2 ,  4 ,  108377 ,  222 ,  0 ,  35.58 ,  0.07 ,  8.14
2 ,  4 ,  108398 ,  222 ,  0 ,  35.47 ,  0.07 ,  8.14
2 ,  4 ,  108420 ,  222 ,  0 ,  36.79 ,  0.07 ,  8.14
2 ,  4 ,  108444 ,  222 ,  0 ,  39.54 ,  0.08 ,  8.33
2 ,  4 ,  108466 ,  242 ,  21 ,  42.29 ,  0.09 ,  8.93
2 ,  4 ,  108487 ,  242 ,  21 ,  45.49 ,  0.11 ,  9.72
2 ,  4 ,  108509 ,  242 ,  21 ,  49.12 ,  0.13 ,  10.72
2 ,  4 ,  108530 ,  242 ,  21 ,  52.76 ,  0.16 ,  11.71
2 ,  4 ,  108552 ,  242 ,  21 ,  55.84 ,  0.19 ,  12.80
2 ,  4 ,  108573 ,  223 ,  38 ,  58.70 ,  0.22 ,  13.69
2 ,  4 ,  108595 ,  223 ,  38 ,  60.68 ,  0.24 ,  14.39
2 ,  4 ,  108616 ,  223 ,  38 ,  62.01 ,  0.25 ,  14.78
2 ,  4 ,  108641 ,  223 ,  38 ,  63.11 ,  0.27 ,  15.18
2 ,  4 ,  108662 ,  223 ,  38 ,  63.88 ,  0.27 ,  15.48
2 ,  4 ,  108684 ,  236 ,  44 ,  64.65 ,  0.29 ,  15.78
2 ,  4 ,  108705 ,  236 ,  44 ,  65.64 ,  0.29 ,  15.97
2 ,  4 ,  108727 ,  236 ,  44 ,  66.63 ,  0.31 ,  16.27
2 ,  4 ,  108748 ,  236 ,  44 ,  67.62 ,  0.32 ,  16.57
2 ,  4 ,  108771 ,  236 ,  44 ,  68.61 ,  0.33 ,  16.87
2 ,  4 ,  108792 ,  224 ,  15 ,  69.49 ,  0.34 ,  17.16
2 ,  4 ,  108814 ,  224 ,  15 ,  70.16 ,  0.35 ,  17.36
2 ,  4 ,  108837 ,  224 ,  15 ,  70.49 ,  0.35 ,  17.46
2 ,  4 ,  108859 ,  224 ,  15 ,  70.93 ,  0.36 ,  17.66
2 ,  4 ,  108880 ,  224 ,  15 ,  71.26 ,  0.36 ,  17.76
2 ,  4 ,  108903 ,  16 ,  238 ,  71.59 ,  0.36 ,  17.86
2 ,  4 ,  108924 ,  16 ,  238 ,  71.37 ,  0.37 ,  17.86
2 ,  4 ,  108946 ,  16 ,  238 ,  70.27 ,  0.36 ,  17.86
2 ,  4 ,  108967 ,  16 ,  238 ,  67.84 ,  0.35 ,  17.66
2 ,  4 ,  108990 ,  16 ,  238 ,  65.42 ,  0.33 ,  17.26
2 ,  4 ,  109011 ,  248 ,  10 ,  63.11 ,  0.31 ,  16.77
2 ,  4 ,  109035 ,  248 ,  10 ,  63.11 ,  0.30 ,  16.57
2 ,  4 ,  109057 ,  248 ,  10 ,  63.00 ,  0.30 ,  16.57
2 ,  4 ,  109078 ,  248 ,  10 ,  63.33 ,  0.30 ,  16.57
2 ,  4 ,  109100 ,  248 ,  10 ,  65.09 ,  0.31 ,  16.57
2 ,  4 ,  109121 ,  235 ,  19 ,  67.40 ,  0.32 ,  16.87
2 ,  4 ,  109144 ,  235 ,  19 ,  69.16 ,  0.34 ,  17.36
2 ,  4 ,  109165 ,  235 ,  19 ,  70.60 ,  0.36 ,  17.66
2 ,  4 ,  109187 ,  235 ,  19 ,  71.81 ,  0.37 ,  17.96
2 ,  4 ,  109208 ,  235 ,  19 ,  72.80 ,  0.38 ,  18.16
2 ,  4 ,  109232 ,  244 ,  33 ,  73.68 ,  0.39 ,  18.45
2 ,  4 ,  109253 ,  244 ,  33 ,  74.56 ,  0.40 ,  18.65
2 ,  4 ,  109276 ,  244 ,  33 ,  75.55 ,  0.41 ,  18.85
2 ,  4 ,  109297 ,  244 ,  33 ,  76.32 ,  0.41 ,  19.05
2 ,  4 ,  109319 ,  244 ,  33 ,  77.20 ,  0.42 ,  19.25
2 ,  4 ,  109340 ,  238 ,  26 ,  77.86 ,  0.43 ,  19.45
2 ,  4 ,  109362 ,  238 ,  26 ,  78.41 ,  0.43 ,  19.55
2 ,  4 ,  109383 ,  238 ,  26 ,  78.86 ,  0.43 ,  19.74
2 ,  4 ,  109405 ,  238 ,  26 ,  79.19 ,  0.43 ,  19.84
2 ,  4 ,  109429 ,  238 ,  26 ,  79.63 ,  0.44 ,  19.94
2 ,  4 ,  109451 ,  41 ,  226 ,  79.96 ,  0.44 ,  20.04
2 ,  4 ,  109472 ,  41 ,  226 ,  79.74 ,  0.44 ,  20.04
2 ,  4 ,  109494 ,  41 ,  226 ,  78.08 ,  0.44 ,  20.04
2 ,  4 ,  109515 ,  41 ,  226 ,  75.88 ,  0.43 ,  19.74
2 ,  4 ,  109537 ,  41 ,  226 ,  73.35 ,  0.42 ,  19.45
2 ,  4 ,  109558 ,  240 ,  62 ,  71.26 ,  0.40 ,  19.05
2 ,  4 ,  109580 ,  240 ,  62 ,  70.93 ,  0.39 ,  18.85
2 ,  4 ,  109601 ,  240 ,  62 ,  70.82 ,  0.39 ,  18.85
2 ,  4 ,  109626 ,  240 ,  62 ,  70.71 ,  0.39 ,  18.85
2 ,  4 ,  109647 ,  240 ,  62 ,  70.93 ,  0.39 ,  18.85
2 ,  4 ,  109669 ,  23 ,  255 ,  71.70 ,  0.39 ,  18.85
2 ,  4 ,  109690 ,  23 ,  255 ,  71.48 ,  0.39 ,  18.85
2 ,  4 ,  109712 ,  23 ,  255 ,  69.60 ,  0.39 ,  18.65
2 ,  4 ,  109733 ,  23 ,  255 ,  66.41 ,  0.36 ,  18.16
2 ,  4 ,  109755 ,  23 ,  255 ,  63.00 ,  0.33 ,  17.36
2 ,  4 ,  109777 ,  45 ,  216 ,  59.47 ,  0.30 ,  16.47
2 ,  4 ,  109799 ,  45 ,  216 ,  57.16 ,  0.27 ,  15.78
2 ,  4 ,  109822 ,  45 ,  216 ,  55.40 ,  0.25 ,  15.18
2 ,  4 ,  109844 ,  45 ,  216 ,  53.97 ,  0.23 ,  14.68
2 ,  4 ,  109865 ,  45 ,  216 ,  52.87 ,  0.22 ,  14.29
2 ,  4 ,  109887 ,  80 ,  242 ,  51.76 ,  0.21 ,  13.99
2 ,  4 ,  109910 ,  80 ,  242 ,  50.44 ,  0.19 ,  13.59
2 ,  4 ,  109931 ,  80 ,  242 ,  48.90 ,  0.18 ,  13.10
2 ,  4 ,  109953 ,  80 ,  242 ,  47.47 ,  0.17 ,  12.60
2 ,  4 ,  109974 ,  80 ,  242 ,  46.15 ,  0.15 ,  12.10
2 ,  4 ,  109998 ,  21 ,  244 ,  44.83 ,  0.14 ,  11.61
2 ,  4 ,  110019 ,  21 ,  244 ,  43.50 ,  0.13 ,  11.11
2 ,  4 ,  110041 ,  21 ,  244 ,  42.29 ,  0.12 ,  10.72
2 ,  4 ,  110063 ,  21 ,  244 ,  41.19 ,  0.11 ,  10.32
2 ,  4 ,  110085 ,  21 ,  244 ,  40.09 ,  0.10 ,  9.92
2 ,  4 ,  110106 ,  252 ,  49 ,  39.10 ,  0.09 ,  9.62
2 ,  4 ,  110128 ,  252 ,  49 ,  39.43 ,  0.09 ,  9.53
2 ,  4 ,  110149 ,  252 ,  49 ,  39.43 ,  0.09 ,  9.43
2 ,  4 ,  110171 ,  252 ,  49 ,  43.50 ,  0.10 ,  9.62
2 ,  4 ,  110192 ,  252 ,  49 ,  48.02 ,  0.13 ,  10.81
2 ,  4 ,  110216 ,  5 ,  251 ,  53.42 ,  0.16 ,  12.20
2 ,  4 ,  110237 ,  5 ,  251 ,  53.53 ,  0.18 ,  12.80
2 ,  4 ,  110260 ,  5 ,  251 ,  52.76 ,  0.18 ,  12.80
2 ,  4 ,  110281 ,  5 ,  251 ,  51.54 ,  0.17 ,  12.70
2 ,  4 ,  110303 ,  5 ,  251 ,  49.78 ,  0.16 ,  12.50
2 ,  4 ,  110324 ,  73 ,  230 ,  48.13 ,  0.15 ,  12.01
2 ,  4 ,  110346 ,  73 ,  230 ,  46.81 ,  0.14 ,  11.61
2 ,  4 ,  110367 ,  73 ,  230 ,  45.82 ,  0.13 ,  11.31
2 ,  4 ,  110389 ,  73 ,  230 ,  44.94 ,  0.12 ,  11.11
2 ,  4 ,  110412 ,  73 ,  230 ,  44.17 ,  0.11 ,  10.81
2 ,  4 ,  110435 ,  211 ,  0 ,  43.39 ,  0.11 ,  10.62
2 ,  4 ,  110456 ,  211 ,  0 ,  43.61 ,  0.11 ,  10.52
2 ,  4 ,  110478 ,  211 ,  0 ,  43.50 ,  0.11 ,  10.52
2 ,  4 ,  110499 ,  211 ,  0 ,  43.61 ,  0.11 ,  10.52
2 ,  4 ,  110521 ,  211 ,  0 ,  44.17 ,  0.11 ,  10.52
2 ,  4 ,  110542 ,  242 ,  30 ,  45.27 ,  0.11 ,  10.52
2 ,  4 ,  110564 ,  242 ,  30 ,  47.47 ,  0.12 ,  10.81
2 ,  4 ,  110585 ,  242 ,  30 ,  50.66 ,  0.14 ,  11.51
2 ,  4 ,  110610 ,  242 ,  30 ,  54.30 ,  0.17 ,  12.50
2 ,  4 ,  110631 ,  242 ,  30 ,  57.38 ,  0.20 ,  13.39
2 ,  4 ,  110653 ,  255 ,  10 ,  60.02 ,  0.22 ,  14.19
2 ,  4 ,  110674 ,  255 ,  10 ,  62.89 ,  0.25 ,  14.98
2 ,  4 ,  110696 ,  255 ,  10 ,  65.64 ,  0.28 ,  15.88
2 ,  4 ,  110717 ,  255 ,  10 ,  68.28 ,  0.30 ,  16.57
2 ,  4 ,  110739 ,  255 ,  10 ,  70.71 ,  0.33 ,  17.26
2 ,  4 ,  110760 ,  207 ,  5 ,  72.80 ,  0.35 ,  17.76
2 ,  4 ,  110782 ,  207 ,  5 ,  73.46 ,  0.36 ,  18.16
2 ,  4 ,  110807 ,  207 ,  5 ,  73.24 ,  0.37 ,  18.26
2 ,  4 ,  110828 ,  207 ,  5 ,  73.02 ,  0.37 ,  18.26
2 ,  4 ,  110850 ,  207 ,  5 ,  72.91 ,  0.37 ,  18.26
2 ,  4 ,  110871 ,  236 ,  79 ,  72.69 ,  0.37 ,  18.26
2 ,  4 ,  110893 ,  236 ,  79 ,  72.69 ,  0.37 ,  18.26
2 ,  4 ,  110914 ,  236 ,  79 ,  73.13 ,  0.37 ,  18.36
2 ,  4 ,  110936 ,  236 ,  79 ,  73.79 ,  0.38 ,  18.45
2 ,  4 ,  110958 ,  236 ,  79 ,  74.45 ,  0.38 ,  18.65
2 ,  4 ,  110980 ,  246 ,  42 ,  75.00 ,  0.39 ,  18.85
2 ,  4 ,  111004 ,  246 ,  42 ,  75.99 ,  0.40 ,  19.05
2 ,  4 ,  111026 ,  246 ,  42 ,  76.87 ,  0.41 ,  19.25
2 ,  4 ,  111047 ,  246 ,  42 ,  77.86 ,  0.42 ,  19.45
2 ,  4 ,  111074 ,  246 ,  42 ,  78.97 ,  0.43 ,  19.65
2 ,  4 ,  111095 ,  246 ,  64 ,  79.74 ,  0.43 ,  19.84
2 ,  4 ,  111117 ,  246 ,  64 ,  80.51 ,  0.44 ,  20.04
2 ,  4 ,  111138 ,  246 ,  64 ,  81.06 ,  0.44 ,  20.24
2 ,  4 ,  111160 ,  246 ,  64 ,  81.72 ,  0.44 ,  20.34
2 ,  4 ,  111182 ,  246 ,  64 ,  82.27 ,  0.45 ,  20.54
2 ,  4 ,  111206 ,  241 ,  44 ,  82.82 ,  0.46 ,  20.64
2 ,  4 ,  111227 ,  241 ,  44 ,  83.26 ,  0.46 ,  20.74
2 ,  4 ,  111249 ,  241 ,  44 ,  83.59 ,  0.46 ,  20.84
2 ,  4 ,  111270 ,  241 ,  44 ,  84.03 ,  0.46 ,  20.84
2 ,  4 ,  111292 ,  241 ,  44 ,  84.25 ,  0.46 ,  20.94
2 ,  4 ,  111313 ,  255 ,  28 ,  84.58 ,  0.47 ,  21.03
2 ,  4 ,  111336 ,  255 ,  28 ,  85.02 ,  0.47 ,  21.13
2 ,  4 ,  111357 ,  255 ,  28 ,  85.68 ,  0.47 ,  21.23
2 ,  4 ,  111379 ,  255 ,  28 ,  86.34 ,  0.48 ,  21.33
2 ,  4 ,  111403 ,  255 ,  28 ,  87.00 ,  0.48 ,  21.53
2 ,  4 ,  111424 ,  210 ,  49 ,  87.56 ,  0.48 ,  21.63
2 ,  4 ,  111446 ,  210 ,  49 ,  87.56 ,  0.48 ,  21.73
2 ,  4 ,  111468 ,  210 ,  49 ,  87.34 ,  0.48 ,  21.73
2 ,  4 ,  111490 ,  210 ,  49 ,  87.12 ,  0.48 ,  21.73
2 ,  4 ,  111511 ,  210 ,  49 ,  86.78 ,  0.48 ,  21.73
2 ,  4 ,  111533 ,  47 ,  243 ,  86.56 ,  0.48 ,  21.73
2 ,  4 ,  111554 ,  47 ,  243 ,  85.24 ,  0.48 ,  21.73
2 ,  4 ,  111576 ,  47 ,  243 ,  83.04 ,  0.48 ,  21.53
2 ,  4 ,  111599 ,  47 ,  243 ,  78.41 ,  0.46 ,  20.84
2 ,  4 ,  111622 ,  47 ,  243 ,  74.12 ,  0.44 ,  20.24
2 ,  4 ,  111643 ,  72 ,  238 ,  70.27 ,  0.41 ,  19.35
2 ,  4 ,  111665 ,  72 ,  238 ,  66.74 ,  0.38 ,  18.65
2 ,  4 ,  111686 ,  72 ,  238 ,  63.77 ,  0.35 ,  17.96
2 ,  4 ,  111708 ,  72 ,  238 ,  61.13 ,  0.32 ,  17.16
2 ,  4 ,  111729 ,  72 ,  238 ,  58.70 ,  0.29 ,  16.47
2 ,  4 ,  111751 ,  5 ,  255 ,  56.50 ,  0.27 ,  15.88
2 ,  4 ,  111772 ,  5 ,  255 ,  54.41 ,  0.24 ,  15.18
2 ,  4 ,  111797 ,  5 ,  255 ,  51.87 ,  0.22 ,  14.39
2 ,  4 ,  111818 ,  5 ,  255 ,  49.78 ,  0.20 ,  13.69
2 ,  4 ,  111840 ,  5 ,  255 ,  47.80 ,  0.18 ,  13.00
2 ,  4 ,  111861 ,  230 ,  22 ,  45.93 ,  0.16 ,  12.30
2 ,  4 ,  111883 ,  230 ,  22 ,  46.37 ,  0.15 ,  12.01
2 ,  4 ,  111904 ,  230 ,  22 ,  46.37 ,  0.15 ,  12.01
2 ,  4 ,  111926 ,  230 ,  22 ,  46.92 ,  0.15 ,  12.01
2 ,  4 ,  111947 ,  230 ,  22 ,  49.12 ,  0.15 ,  12.10
2 ,  4 ,  111969 ,  55 ,  216 ,  51.43 ,  0.17 ,  12.60
2 ,  4 ,  111993 ,  55 ,  216 ,  51.43 ,  0.17 ,  12.80
2 ,  4 ,  112015 ,  55 ,  216 ,  51.43 ,  0.17 ,  12.80
2 ,  4 ,  112036 ,  55 ,  216 ,  51.32 ,  0.17 ,  12.80
2 ,  4 ,  112058 ,  55 ,  216 ,  51.21 ,  0.17 ,  12.80
2 ,  4 ,  112079 ,  57 ,  236 ,  51.21 ,  0.17 ,  12.80
2 ,  4 ,  112101 ,  57 ,  236 ,  51.10 ,  0.17 ,  12.80
2 ,  4 ,  112122 ,  57 ,  236 ,  50.33 ,  0.17 ,  12.70
2 ,  4 ,  112144 ,  57 ,  236 ,  49.56 ,  0.16 ,  12.70
2 ,  4 ,  112166 ,  57 ,  236 ,  48.68 ,  0.15 ,  12.60
2 ,  4 ,  112190 ,  59 ,  245 ,  47.91 ,  0.15 ,  12.30
2 ,  4 ,  112211 ,  59 ,  245 ,  47.03 ,  0.14 ,  12.10
2 ,  4 ,  112233 ,  59 ,  245 ,  46.15 ,  0.13 ,  11.91
2 ,  4 ,  112254 ,  59 ,  245 ,  45.27 ,  0.12 ,  11.61
2 ,  4 ,  112276 ,  59 ,  245 ,  44.39 ,  0.12 ,  11.31
2 ,  4 ,  112297 ,  12 ,  241 ,  43.50 ,  0.11 ,  11.01
2 ,  4 ,  112320 ,  12 ,  241 ,  42.84 ,  0.10 ,  10.81
2 ,  4 ,  112342 ,  12 ,  241 ,  42.07 ,  0.10 ,  10.52
2 ,  4 ,  112363 ,  12 ,  241 ,  41.52 ,  0.10 ,  10.32
2 ,  4 ,  112387 ,  12 ,  241 ,  40.86 ,  0.09 ,  10.12
2 ,  4 ,  112408 ,  33 ,  242 ,  40.31 ,  0.09 ,  9.92
2 ,  4 ,  112430 ,  33 ,  242 ,  39.76 ,  0.09 ,  9.72
2 ,  4 ,  112451 ,  33 ,  242 ,  39.21 ,  0.08 ,  9.53
2 ,  4 ,  112473 ,  33 ,  242 ,  38.77 ,  0.08 ,  9.33
2 ,  4 ,  112495 ,  33 ,  242 ,  38.33 ,  0.08 ,  9.13
2 ,  4 ,  112517 ,  217 ,  1 ,  37.89 ,  0.08 ,  9.03
2 ,  4 ,  112538 ,  217 ,  1 ,  38.00 ,  0.07 ,  8.93
2 ,  4 ,  112560 ,  217 ,  1 ,  38.00 ,  0.08 ,  8.93
2 ,  4 ,  112583 ,  217 ,  1 ,  38.55 ,  0.08 ,  8.93
2 ,  4 ,  112605 ,  217 ,  1 ,  40.53 ,  0.08 ,  8.93
2 ,  4 ,  112626 ,  68 ,  239 ,  42.62 ,  0.09 ,  9.33
2 ,  4 ,  112648 ,  68 ,  239 ,  42.84 ,  0.09 ,  9.53
2 ,  4 ,  112669 ,  68 ,  239 ,  42.73 ,  0.09 ,  9.53
2 ,  4 ,  112691 ,  68 ,  239 ,  42.62 ,  0.09 ,  9.53
2 ,  4 ,  112712 ,  68 ,  239 ,  42.51 ,  0.09 ,  9.53
2 ,  4 ,  112734 ,  61 ,  226 ,  42.07 ,  0.09 ,  9.53
2 ,  4 ,  112755 ,  61 ,  226 ,  41.74 ,  0.09 ,  9.53
2 ,  4 ,  112780 ,  61 ,  226 ,  41.52 ,  0.09 ,  9.43
2 ,  4 ,  112801 ,  61 ,  226 ,  41.30 ,  0.08 ,  9.53
2 ,  4 ,  112823 ,  61 ,  226 ,  41.19 ,  0.09 ,  9.43
2 ,  4 ,  112844 ,  57 ,  234 ,  40.97 ,  0.08 ,  9.43
2 ,  4 ,  112866 ,  57 ,  234 ,  40.75 ,  0.08 ,  9.43
2 ,  4 ,  112887 ,  57 ,  234 ,  40.42 ,  0.08 ,  9.43
2 ,  4 ,  112909 ,  57 ,  234 ,  40.20 ,  0.08 ,  9.33
2 ,  4 ,  112930 ,  57 ,  234 ,  40.09 ,  0.08 ,  9.33
2 ,  4 ,  112952 ,  35 ,  239 ,  39.87 ,  0.08 ,  9.23
2 ,  4 ,  112976 ,  35 ,  239 ,  39.54 ,  0.07 ,  9.23
2 ,  4 ,  112998 ,  35 ,  239 ,  39.32 ,  0.07 ,  9.13
2 ,  4 ,  113019 ,  35 ,  239 ,  39.10 ,  0.07 ,  9.03
2 ,  4 ,  113042 ,  35 ,  239 ,  38.77 ,  0.07 ,  8.93
2 ,  4 ,  113063 ,  44 ,  244 ,  38.55 ,  0.07 ,  8.93
2 ,  4 ,  113085 ,  44 ,  244 ,  38.33 ,  0.07 ,  8.83
2 ,  4 ,  113106 ,  44 ,  244 ,  37.89 ,  0.07 ,  8.73
2 ,  4 ,  113128 ,  44 ,  244 ,  37.67 ,  0.06 ,  8.63
2 ,  4 ,  113149 ,  44 ,  244 ,  37.23 ,  0.06 ,  8.53
2 ,  4 ,  113173 ,  242 ,  41 ,  36.90 ,  0.06 ,  8.43
2 ,  4 ,  113195 ,  242 ,  41 ,  37.01 ,  0.06 ,  8.33
2 ,  4 ,  113216 ,  242 ,  41 ,  36.90 ,  0.06 ,  8.33
2 ,  4 ,  113238 ,  242 ,  41 ,  40.75 ,  0.07 ,  8.53
2 ,  4 ,  113259 ,  242 ,  41 ,  44.72 ,  0.09 ,  9.43
2 ,  4 ,  113282 ,  17 ,  228 ,  48.79 ,  0.11 ,  10.52
2 ,  4 ,  113303 ,  17 ,  228 ,  48.90 ,  0.13 ,  10.91
2 ,  4 ,  113325 ,  17 ,  228 ,  48.46 ,  0.13 ,  10.91
2 ,  4 ,  113346 ,  17 ,  228 ,  48.35 ,  0.13 ,  10.91
2 ,  4 ,  113370 ,  17 ,  228 ,  48.02 ,  0.13 ,  10.91
2 ,  4 ,  113391 ,  223 ,  53 ,  47.91 ,  0.13 ,  10.91
2 ,  4 ,  113414 ,  223 ,  53 ,  47.80 ,  0.13 ,  10.91
2 ,  4 ,  113435 ,  223 ,  53 ,  47.69 ,  0.13 ,  10.91
2 ,  4 ,  113457 ,  223 ,  53 ,  47.58 ,  0.13 ,  10.91
2 ,  4 ,  113478 ,  223 ,  53 ,  48.68 ,  0.13 ,  10.91
2 ,  4 ,  113500 ,  66 ,  241 ,  50.22 ,  0.14 ,  11.21
2 ,  4 ,  113522 ,  66 ,  241 ,  50.33 ,  0.14 ,  11.41
2 ,  4 ,  113544 ,  66 ,  241 ,  50.00 ,  0.14 ,  11.41
2 ,  4 ,  113567 ,  66 ,  241 ,  49.45 ,  0.14 ,  11.41
2 ,  4 ,  113590 ,  66 ,  241 ,  48.46 ,  0.14 ,  11.31
2 ,  4 ,  113611 ,  217 ,  7 ,  47.47 ,  0.13 ,  11.21
2 ,  4 ,  113633 ,  217 ,  7 ,  47.47 ,  0.13 ,  11.21
2 ,  4 ,  113654 ,  217 ,  7 ,  47.25 ,  0.13 ,  11.21
2 ,  4 ,  113676 ,  217 ,  7 ,  47.25 ,  0.13 ,  11.21
2 ,  4 ,  113697 ,  217 ,  7 ,  48.24 ,  0.13 ,  11.21
2 ,  4 ,  113734 ,  234 ,  31 ,  50.33 ,  0.14 ,  11.41
2 ,  4 ,  113756 ,  234 ,  31 ,  52.09 ,  0.16 ,  11.81
2 ,  4 ,  113780 ,  234 ,  31 ,  54.19 ,  0.17 ,  12.30
2 ,  4 ,  113802 ,  234 ,  31 ,  56.50 ,  0.19 ,  13.00
2 ,  4 ,  113823 ,  234 ,  31 ,  58.37 ,  0.21 ,  13.59
2 ,  4 ,  113845 ,  255 ,  53 ,  60.13 ,  0.22 ,  14.19
2 ,  4 ,  113867 ,  255 ,  53 ,  62.34 ,  0.25 ,  14.78
2 ,  4 ,  113889 ,  255 ,  53 ,  65.09 ,  0.27 ,  15.48
2 ,  4 ,  113910 ,  255 ,  53 ,  67.73 ,  0.30 ,  16.27
2 ,  4 ,  113932 ,  255 ,  53 ,  70.27 ,  0.32 ,  17.07
2 ,  4 ,  113953 ,  255 ,  15 ,  72.47 ,  0.35 ,  17.66
2 ,  4 ,  113985 ,  255 ,  15 ,  74.34 ,  0.37 ,  18.16
2 ,  4 ,  114007 ,  255 ,  15 ,  76.76 ,  0.39 ,  18.85
2 ,  4 ,  114028 ,  255 ,  15 ,  78.19 ,  0.41 ,  19.25
2 ,  4 ,  114051 ,  255 ,  15 ,  79.41 ,  0.42 ,  19.55
2 ,  4 ,  114072 ,  50 ,  220 ,  80.51 ,  0.43 ,  19.84
2 ,  4 ,  114094 ,  50 ,  220 ,  80.29 ,  0.43 ,  19.94
2 ,  4 ,  114116 ,  50 ,  220 ,  78.53 ,  0.43 ,  19.94
2 ,  4 ,  114138 ,  50 ,  220 ,  76.76 ,  0.42 ,  19.74
2 ,  4 ,  114159 ,  50 ,  220 ,  74.56 ,  0.41 ,  19.55
2 ,  4 ,  114184 ,  255 ,  64 ,  72.58 ,  0.39 ,  19.15
2 ,  4 ,  114205 ,  255 ,  64 ,  72.25 ,  0.39 ,  19.05
2 ,  4 ,  114227 ,  255 ,  64 ,  72.14 ,  0.39 ,  19.05
2 ,  4 ,  114248 ,  255 ,  64 ,  72.03 ,  0.39 ,  19.05
2 ,  4 ,  114270 ,  255 ,  64 ,  73.68 ,  0.39 ,  18.95
2 ,  4 ,  114292 ,  39 ,  235 ,  75.44 ,  0.40 ,  19.15
2 ,  4 ,  114314 ,  39 ,  235 ,  75.33 ,  0.41 ,  19.25
2 ,  4 ,  114335 ,  39 ,  235 ,  73.57 ,  0.40 ,  19.25
2 ,  4 ,  114357 ,  39 ,  235 ,  71.37 ,  0.39 ,  18.95
2 ,  4 ,  114380 ,  39 ,  235 ,  68.83 ,  0.37 ,  18.55
2 ,  4 ,  114402 ,  29 ,  246 ,  66.30 ,  0.35 ,  17.96
2 ,  4 ,  114424 ,  29 ,  246 ,  63.77 ,  0.32 ,  17.36
2 ,  4 ,  114446 ,  29 ,  246 ,  61.13 ,  0.30 ,  16.77
2 ,  4 ,  114467 ,  29 ,  246 ,  58.70 ,  0.27 ,  16.07
2 ,  4 ,  114489 ,  29 ,  246 ,  56.39 ,  0.25 ,  15.38
2 ,  4 ,  114510 ,  0 ,  255 ,  54.30 ,  0.23 ,  14.78
2 ,  4 ,  114532 ,  0 ,  255 ,  52.31 ,  0.21 ,  14.09
2 ,  4 ,  114553 ,  0 ,  255 ,  50.33 ,  0.19 ,  13.49
2 ,  4 ,  114578 ,  0 ,  255 ,  48.35 ,  0.17 ,  12.80
2 ,  4 ,  114599 ,  0 ,  255 ,  46.48 ,  0.15 ,  12.10
2 ,  4 ,  114621 ,  18 ,  252 ,  44.83 ,  0.14 ,  11.61
2 ,  4 ,  114642 ,  18 ,  252 ,  43.39 ,  0.12 ,  11.01
2 ,  4 ,  114664 ,  18 ,  252 ,  41.85 ,  0.11 ,  10.62
2 ,  4 ,  114685 ,  18 ,  252 ,  40.53 ,  0.10 ,  10.12
2 ,  4 ,  114707 ,  18 ,  252 ,  39.21 ,  0.09 ,  9.72
2 ,  4 ,  114728 ,  77 ,  231 ,  38.11 ,  0.09 ,  9.23
2 ,  4 ,  114750 ,  77 ,  231 ,  37.23 ,  0.08 ,  8.93
2 ,  4 ,  114771 ,  77 ,  231 ,  36.79 ,  0.08 ,  8.73
2 ,  4 ,  114796 ,  77 ,  231 ,  36.24 ,  0.07 ,  8.53
2 ,  4 ,  114818 ,  77 ,  231 ,  35.80 ,  0.07 ,  8.33
2 ,  4 ,  114839 ,  59 ,  248 ,  35.47 ,  0.07 ,  8.24
2 ,  4 ,  114861 ,  59 ,  248 ,  34.91 ,  0.07 ,  8.04
2 ,  4 ,  114882 ,  59 ,  248 ,  34.25 ,  0.07 ,  7.84
2 ,  4 ,  114904 ,  59 ,  248 ,  33.59 ,  0.06 ,  7.64
2 ,  4 ,  114925 ,  59 ,  248 ,  32.93 ,  0.06 ,  7.44
2 ,  4 ,  114947 ,  238 ,  38 ,  32.38 ,  0.06 ,  7.24
2 ,  4 ,  114969 ,  238 ,  38 ,  32.60 ,  0.06 ,  7.24
2 ,  4 ,  114993 ,  238 ,  38 ,  33.48 ,  0.06 ,  7.14
2 ,  4 ,  115014 ,  238 ,  38 ,  36.90 ,  0.07 ,  7.44
2 ,  4 ,  115036 ,  238 ,  38 ,  41.19 ,  0.08 ,  8.33
2 ,  4 ,  115057 ,  63 ,  226 ,  45.38 ,  0.11 ,  9.43
2 ,  4 ,  115079 ,  63 ,  226 ,  45.71 ,  0.12 ,  9.92
2 ,  4 ,  115100 ,  63 ,  226 ,  45.49 ,  0.12 ,  9.92
2 ,  4 ,  115122 ,  63 ,  226 ,  45.27 ,  0.12 ,  9.92
2 ,  4 ,  115143 ,  63 ,  226 ,  45.16 ,  0.12 ,  9.92
2 ,  4 ,  115166 ,  38 ,  227 ,  44.94 ,  0.12 ,  9.92
2 ,  4 ,  115189 ,  38 ,  227 ,  44.83 ,  0.12 ,  9.92
2 ,  4 ,  115211 ,  38 ,  227 ,  44.72 ,  0.12 ,  9.92
2 ,  4 ,  115232 ,  38 ,  227 ,  44.61 ,  0.12 ,  9.92
2 ,  4 ,  115254 ,  38 ,  227 ,  44.50 ,  0.12 ,  9.92
2 ,  4 ,  115275 ,  49 ,  255 ,  44.50 ,  0.12 ,  9.92
2 ,  4 ,  115297 ,  49 ,  255 ,  43.84 ,  0.11 ,  9.92
2 ,  4 ,  115318 ,  49 ,  255 ,  42.84 ,  0.11 ,  9.82
2 ,  4 ,  115341 ,  49 ,  255 ,  41.63 ,  0.10 ,  9.53
2 ,  4 ,  115362 ,  49 ,  255 ,  40.42 ,  0.09 ,  9.33
2 ,  4 ,  115386 ,  231 ,  11 ,  39.10 ,  0.09 ,  8.93
2 ,  4 ,  115407 ,  231 ,  11 ,  39.32 ,  0.08 ,  8.83
2 ,  4 ,  115429 ,  231 ,  11 ,  39.21 ,  0.08 ,  8.83
2 ,  4 ,  115450 ,  231 ,  11 ,  40.75 ,  0.09 ,  8.83
2 ,  4 ,  115472 ,  231 ,  11 ,  43.72 ,  0.10 ,  9.23
2 ,  4 ,  115493 ,  244 ,  41 ,  46.81 ,  0.12 ,  9.92
2 ,  4 ,  115515 ,  244 ,  41 ,  50.11 ,  0.14 ,  10.81
2 ,  4 ,  115537 ,  244 ,  41 ,  53.53 ,  0.17 ,  11.71
2 ,  4 ,  115559 ,  244 ,  41 ,  56.83 ,  0.20 ,  12.80
2 ,  4 ,  115582 ,  244 ,  41 ,  59.91 ,  0.23 ,  13.79
2 ,  4 ,  115604 ,  237 ,  18 ,  62.34 ,  0.25 ,  14.59
2 ,  4 ,  115625 ,  237 ,  18 ,  64.43 ,  0.28 ,  15.28
2 ,  4 ,  115648 ,  237 ,  18 ,  65.97 ,  0.29 ,  15.78
2 ,  4 ,  115670 ,  237 ,  18 ,  67.29 ,  0.31 ,  16.27
2 ,  4 ,  115691 ,  237 ,  18 ,  68.39 ,  0.32 ,  16.67
2 ,  4 ,  115713 ,  255 ,  61 ,  69.49 ,  0.33 ,  16.97
2 ,  4 ,  115735 ,  255 ,  61 ,  70.82 ,  0.35 ,  17.26
2 ,  4 ,  115757 ,  255 ,  61 ,  72.36 ,  0.36 ,  17.76
2 ,  4 ,  115780 ,  255 ,  61 ,  74.01 ,  0.38 ,  18.16
2 ,  4 ,  115802 ,  255 ,  61 ,  75.44 ,  0.40 ,  18.55
2 ,  4 ,  115823 ,  211 ,  71 ,  76.76 ,  0.41 ,  18.95
2 ,  4 ,  115846 ,  211 ,  71 ,  77.20 ,  0.41 ,  19.15
2 ,  4 ,  115867 ,  211 ,  71 ,  76.98 ,  0.42 ,  19.15
2 ,  4 ,  115889 ,  211 ,  71 ,  76.76 ,  0.42 ,  19.15
2 ,  4 ,  115910 ,  211 ,  71 ,  76.54 ,  0.42 ,  19.15
2 ,  4 ,  115932 ,  235 ,  42 ,  76.32 ,  0.41 ,  19.15
2 ,  4 ,  115953 ,  235 ,  42 ,  76.21 ,  0.42 ,  19.15
2 ,  4 ,  115978 ,  235 ,  42 ,  76.32 ,  0.42 ,  19.25
2 ,  4 ,  115999 ,  235 ,  42 ,  76.65 ,  0.42 ,  19.25
2 ,  4 ,  116021 ,  235 ,  42 ,  76.98 ,  0.43 ,  19.35
2 ,  4 ,  116042 ,  27 ,  247 ,  77.31 ,  0.43 ,  19.45
2 ,  4 ,  116064 ,  27 ,  247 ,  77.09 ,  0.43 ,  19.45
2 ,  4 ,  116085 ,  27 ,  247 ,  74.67 ,  0.42 ,  19.45
2 ,  4 ,  116107 ,  27 ,  247 ,  71.37 ,  0.40 ,  18.95
2 ,  4 ,  116128 ,  27 ,  247 ,  67.84 ,  0.38 ,  18.26
2 ,  4 ,  116151 ,  10 ,  252 ,  64.43 ,  0.35 ,  17.46
2 ,  4 ,  116174 ,  10 ,  252 ,  60.68 ,  0.31 ,  16.67
2 ,  4 ,  116196 ,  10 ,  252 ,  57.71 ,  0.28 ,  15.78
2 ,  4 ,  116217 ,  10 ,  252 ,  54.85 ,  0.25 ,  14.88
2 ,  4 ,  116239 ,  10 ,  252 ,  52.31 ,  0.22 ,  14.09
2 ,  4 ,  116261 ,  236 ,  62 ,  50.00 ,  0.20 ,  13.39
2 ,  4 ,  116283 ,  236 ,  62 ,  50.22 ,  0.19 ,  13.00
2 ,  4 ,  116304 ,  236 ,  62 ,  50.22 ,  0.18 ,  13.00
2 ,  4 ,  116326 ,  236 ,  62 ,  50.88 ,  0.18 ,  13.00
2 ,  4 ,  116347 ,  236 ,  62 ,  53.09 ,  0.19 ,  13.10
2 ,  4 ,  116371 ,  0 ,  244 ,  55.73 ,  0.21 ,  13.69
2 ,  4 ,  116392 ,  0 ,  244 ,  55.62 ,  0.22 ,  13.89
2 ,  4 ,  116415 ,  0 ,  244 ,  55.07 ,  0.22 ,  13.89
2 ,  4 ,  116436 ,  0 ,  244 ,  54.19 ,  0.21 ,  13.79
2 ,  4 ,  116458 ,  0 ,  244 ,  52.65 ,  0.20 ,  13.69
2 ,  4 ,  116480 ,  51 ,  230 ,  51.21 ,  0.18 ,  13.30
2 ,  4 ,  116501 ,  51 ,  230 ,  50.00 ,  0.17 ,  13.00
2 ,  4 ,  116523 ,  51 ,  230 ,  49.12 ,  0.16 ,  12.70
2 ,  4 ,  116544 ,  51 ,  230 ,  48.24 ,  0.16 ,  12.40
2 ,  4 ,  116569 ,  51 ,  230 ,  47.36 ,  0.15 ,  12.10
2 ,  4 ,  116590 ,  50 ,  241 ,  46.70 ,  0.14 ,  11.91
2 ,  4 ,  116612 ,  50 ,  241 ,  45.93 ,  0.13 ,  11.61
2 ,  4 ,  116633 ,  50 ,  241 ,  45.05 ,  0.13 ,  11.41
2 ,  4 ,  116655 ,  50 ,  241 ,  44.28 ,  0.12 ,  11.11
2 ,  4 ,  116676 ,  50 ,  241 ,  43.50 ,  0.11 ,  10.81
2 ,  4 ,  116698 ,  213 ,  43 ,  42.84 ,  0.11 ,  10.62
2 ,  4 ,  116719 ,  213 ,  43 ,  42.95 ,  0.10 ,  10.42
2 ,  4 ,  116742 ,  213 ,  43 ,  42.95 ,  0.11 ,  10.52
2 ,  4 ,  116765 ,  213 ,  43 ,  42.95 ,  0.10 ,  10.42
2 ,  4 ,  116787 ,  213 ,  43 ,  44.06 ,  0.10 ,  10.42
2 ,  4 ,  116808 ,  241 ,  50 ,  45.38 ,  0.11 ,  10.42
2 ,  4 ,  116830 ,  241 ,  50 ,  47.69 ,  0.12 ,  10.91
2 ,  4 ,  116851 ,  241 ,  50 ,  50.88 ,  0.15 ,  11.61
2 ,  4 ,  116874 ,  241 ,  50 ,  54.08 ,  0.17 ,  12.50
2 ,  4 ,  116895 ,  241 ,  50 ,  57.16 ,  0.20 ,  13.39
2 ,  4 ,  116917 ,  53 ,  255 ,  59.80 ,  0.22 ,  14.19
2 ,  4 ,  116938 ,  53 ,  255 ,  59.69 ,  0.22 ,  14.49
2 ,  4 ,  116962 ,  53 ,  255 ,  58.59 ,  0.22 ,  14.49
2 ,  4 ,  116983 ,  53 ,  255 ,  56.17 ,  0.22 ,  14.19
2 ,  4 ,  117006 ,  53 ,  255 ,  53.86 ,  0.20 ,  13.69
2 ,  4 ,  117027 ,  240 ,  48 ,  51.43 ,  0.18 ,  13.20
2 ,  4 ,  117049 ,  240 ,  48 ,  51.43 ,  0.17 ,  12.90
2 ,  4 ,  117070 ,  240 ,  48 ,  51.43 ,  0.17 ,  12.90
2 ,  4 ,  117092 ,  240 ,  48 ,  52.42 ,  0.17 ,  12.90
2 ,  4 ,  117113 ,  240 ,  48 ,  54.63 ,  0.18 ,  13.10
2 ,  4 ,  117135 ,  252 ,  54 ,  57.27 ,  0.20 ,  13.69
2 ,  4 ,  117159 ,  252 ,  54 ,  60.46 ,  0.23 ,  14.49
2 ,  4 ,  117181 ,  252 ,  54 ,  63.55 ,  0.26 ,  15.28
2 ,  4 ,  117202 ,  252 ,  54 ,  66.30 ,  0.28 ,  16.07
2 ,  4 ,  117224 ,  252 ,  54 ,  68.83 ,  0.31 ,  16.77
2 ,  4 ,  117245 ,  1 ,  234 ,  71.04 ,  0.33 ,  17.36
2 ,  4 ,  117267 ,  1 ,  234 ,  70.93 ,  0.34 ,  17.66
2 ,  4 ,  117288 ,  1 ,  234 ,  69.83 ,  0.34 ,  17.66
2 ,  4 ,  117311 ,  1 ,  234 ,  67.73 ,  0.33 ,  17.46
2 ,  4 ,  117332 ,  1 ,  234 ,  65.42 ,  0.31 ,  17.26
2 ,  4 ,  117356 ,  58 ,  237 ,  63.22 ,  0.30 ,  16.67
2 ,  4 ,  117378 ,  58 ,  237 ,  61.35 ,  0.28 ,  16.17
2 ,  4 ,  117404 ,  58 ,  237 ,  59.03 ,  0.25 ,  15.58
2 ,  4 ,  117427 ,  58 ,  237 ,  57.38 ,  0.24 ,  15.18
2 ,  4 ,  117448 ,  58 ,  237 ,  55.95 ,  0.23 ,  14.78
2 ,  4 ,  117470 ,  51 ,  255 ,  54.52 ,  0.21 ,  14.39
2 ,  4 ,  117491 ,  51 ,  255 ,  52.87 ,  0.20 ,  13.89
2 ,  4 ,  117513 ,  51 ,  255 ,  50.99 ,  0.18 ,  13.39
2 ,  4 ,  117534 ,  51 ,  255 ,  49.12 ,  0.17 ,  12.80
2 ,  4 ,  117559 ,  51 ,  255 ,  47.03 ,  0.15 ,  12.20
2 ,  4 ,  117580 ,  13 ,  237 ,  45.38 ,  0.13 ,  11.71
2 ,  4 ,  117602 ,  13 ,  237 ,  44.17 ,  0.12 ,  11.21
2 ,  4 ,  117623 ,  13 ,  237 ,  43.06 ,  0.11 ,  10.81
2 ,  4 ,  117645 ,  13 ,  237 ,  42.07 ,  0.11 ,  10.52
2 ,  4 ,  117666 ,  13 ,  237 ,  41.08 ,  0.10 ,  10.22
