MS, MPT, t (s), PWMi, PWMe, Pressure (Psi), LW (V), Displacement (mm)
2 ,  2 ,  26602 ,  0 ,  255 ,  12.45 ,  0.01 ,  1.79
2 ,  2 ,  26621 ,  195 ,  0 ,  12.01 ,  0.01 ,  1.69
2 ,  2 ,  26641 ,  195 ,  0 ,  12.12 ,  0.01 ,  1.69
2 ,  2 ,  26663 ,  195 ,  0 ,  12.34 ,  0.01 ,  1.69
2 ,  2 ,  26683 ,  195 ,  0 ,  14.32 ,  0.01 ,  1.69
2 ,  2 ,  26702 ,  195 ,  0 ,  16.96 ,  0.02 ,  1.79
2 ,  2 ,  26722 ,  195 ,  0 ,  19.72 ,  0.02 ,  1.98
2 ,  2 ,  26741 ,  195 ,  0 ,  22.25 ,  0.02 ,  2.28
2 ,  2 ,  26763 ,  195 ,  0 ,  24.78 ,  0.03 ,  2.58
2 ,  2 ,  26782 ,  195 ,  0 ,  27.21 ,  0.03 ,  2.98
2 ,  2 ,  26802 ,  195 ,  0 ,  29.19 ,  0.03 ,  3.27
2 ,  2 ,  26821 ,  195 ,  0 ,  30.73 ,  0.04 ,  3.57
2 ,  2 ,  26841 ,  195 ,  0 ,  32.27 ,  0.04 ,  3.87
2 ,  2 ,  26859 ,  195 ,  0 ,  33.48 ,  0.05 ,  4.07
2 ,  2 ,  26878 ,  195 ,  0 ,  34.58 ,  0.05 ,  4.27
2 ,  2 ,  26898 ,  195 ,  0 ,  35.69 ,  0.06 ,  4.46
2 ,  2 ,  26917 ,  195 ,  0 ,  36.57 ,  0.06 ,  4.66
2 ,  2 ,  26937 ,  195 ,  0 ,  37.45 ,  0.06 ,  4.86
2 ,  2 ,  26958 ,  195 ,  0 ,  38.22 ,  0.07 ,  5.16
2 ,  2 ,  26978 ,  195 ,  0 ,  38.88 ,  0.07 ,  5.26
2 ,  2 ,  26996 ,  195 ,  0 ,  39.54 ,  0.08 ,  5.46
2 ,  2 ,  27016 ,  195 ,  0 ,  40.20 ,  0.08 ,  5.56
2 ,  2 ,  27035 ,  195 ,  0 ,  40.64 ,  0.08 ,  5.66
2 ,  2 ,  27055 ,  195 ,  0 ,  41.30 ,  0.08 ,  5.75
2 ,  2 ,  27074 ,  195 ,  0 ,  41.63 ,  0.08 ,  5.95
2 ,  2 ,  27092 ,  195 ,  0 ,  42.07 ,  0.09 ,  6.05
2 ,  2 ,  27112 ,  195 ,  0 ,  42.40 ,  0.09 ,  6.15
2 ,  2 ,  27133 ,  195 ,  0 ,  42.84 ,  0.09 ,  6.25
2 ,  2 ,  27153 ,  195 ,  0 ,  43.17 ,  0.09 ,  6.35
2 ,  2 ,  27172 ,  195 ,  0 ,  43.50 ,  0.09 ,  6.45
2 ,  2 ,  27192 ,  195 ,  0 ,  43.84 ,  0.10 ,  6.55
2 ,  2 ,  27210 ,  195 ,  0 ,  44.17 ,  0.10 ,  6.55
2 ,  2 ,  27230 ,  195 ,  0 ,  44.50 ,  0.10 ,  6.65
2 ,  2 ,  27249 ,  195 ,  0 ,  44.61 ,  0.10 ,  6.75
2 ,  2 ,  27269 ,  195 ,  0 ,  44.94 ,  0.10 ,  6.85
2 ,  2 ,  27288 ,  195 ,  0 ,  45.05 ,  0.11 ,  6.85
2 ,  2 ,  27307 ,  195 ,  0 ,  45.38 ,  0.11 ,  6.95
2 ,  2 ,  27329 ,  195 ,  0 ,  45.60 ,  0.11 ,  7.04
2 ,  2 ,  27347 ,  195 ,  0 ,  45.82 ,  0.11 ,  7.04
2 ,  2 ,  27367 ,  195 ,  0 ,  45.93 ,  0.11 ,  7.14
2 ,  2 ,  27386 ,  195 ,  0 ,  46.15 ,  0.11 ,  7.14
2 ,  2 ,  27406 ,  195 ,  0 ,  46.26 ,  0.11 ,  7.24
2 ,  2 ,  27425 ,  195 ,  0 ,  46.48 ,  0.11 ,  7.24
2 ,  2 ,  27444 ,  195 ,  0 ,  46.59 ,  0.11 ,  7.34
2 ,  2 ,  27463 ,  195 ,  0 ,  46.70 ,  0.12 ,  7.34
2 ,  2 ,  27483 ,  195 ,  0 ,  46.92 ,  0.12 ,  7.34
2 ,  2 ,  27504 ,  195 ,  0 ,  47.03 ,  0.12 ,  7.44
2 ,  2 ,  27524 ,  195 ,  0 ,  47.14 ,  0.11 ,  7.54
2 ,  2 ,  27543 ,  195 ,  0 ,  47.25 ,  0.12 ,  7.54
2 ,  2 ,  27563 ,  195 ,  0 ,  47.36 ,  0.12 ,  7.54
2 ,  2 ,  27581 ,  195 ,  0 ,  47.47 ,  0.12 ,  7.64
2 ,  2 ,  27600 ,  195 ,  0 ,  47.69 ,  0.12 ,  7.64
2 ,  2 ,  27620 ,  195 ,  0 ,  47.69 ,  0.12 ,  7.74
2 ,  2 ,  27639 ,  195 ,  0 ,  47.80 ,  0.12 ,  7.64
2 ,  2 ,  27659 ,  195 ,  0 ,  47.91 ,  0.12 ,  7.74
2 ,  2 ,  27677 ,  195 ,  0 ,  48.02 ,  0.12 ,  7.74
2 ,  2 ,  27699 ,  195 ,  0 ,  48.13 ,  0.12 ,  7.84
2 ,  2 ,  27718 ,  195 ,  0 ,  48.24 ,  0.12 ,  7.84
2 ,  2 ,  27738 ,  195 ,  0 ,  48.35 ,  0.13 ,  7.84
2 ,  2 ,  27757 ,  195 ,  0 ,  48.35 ,  0.13 ,  7.84
2 ,  2 ,  27777 ,  195 ,  0 ,  48.46 ,  0.13 ,  7.94
2 ,  2 ,  27796 ,  195 ,  0 ,  48.57 ,  0.13 ,  7.94
2 ,  2 ,  27814 ,  195 ,  0 ,  48.68 ,  0.13 ,  7.94
2 ,  2 ,  27834 ,  195 ,  0 ,  48.68 ,  0.13 ,  8.04
2 ,  2 ,  27853 ,  195 ,  0 ,  48.68 ,  0.13 ,  8.04
2 ,  2 ,  27875 ,  195 ,  0 ,  48.79 ,  0.13 ,  8.04
2 ,  2 ,  27894 ,  195 ,  0 ,  48.90 ,  0.14 ,  8.04
2 ,  2 ,  27914 ,  195 ,  0 ,  48.90 ,  0.13 ,  8.04
2 ,  2 ,  27932 ,  195 ,  0 ,  49.01 ,  0.13 ,  8.14
2 ,  2 ,  27952 ,  195 ,  0 ,  49.12 ,  0.13 ,  8.14
2 ,  2 ,  27971 ,  195 ,  0 ,  49.12 ,  0.13 ,  8.14
2 ,  2 ,  27991 ,  195 ,  0 ,  49.23 ,  0.14 ,  8.14
2 ,  2 ,  28010 ,  195 ,  0 ,  49.23 ,  0.13 ,  8.14
2 ,  2 ,  28029 ,  195 ,  0 ,  49.34 ,  0.13 ,  8.24
2 ,  2 ,  28048 ,  195 ,  0 ,  49.34 ,  0.13 ,  8.24
2 ,  2 ,  28069 ,  195 ,  0 ,  49.34 ,  0.13 ,  8.24
2 ,  2 ,  28089 ,  195 ,  0 ,  49.45 ,  0.13 ,  8.14
2 ,  2 ,  28108 ,  195 ,  0 ,  49.45 ,  0.13 ,  8.24
2 ,  2 ,  28128 ,  195 ,  0 ,  49.56 ,  0.13 ,  8.24
2 ,  2 ,  28147 ,  195 ,  0 ,  49.56 ,  0.13 ,  8.33
2 ,  2 ,  28167 ,  195 ,  0 ,  49.67 ,  0.14 ,  8.33
2 ,  2 ,  28185 ,  195 ,  0 ,  49.67 ,  0.14 ,  8.33
2 ,  2 ,  28205 ,  195 ,  0 ,  49.78 ,  0.13 ,  8.33
2 ,  2 ,  28224 ,  195 ,  0 ,  49.78 ,  0.14 ,  8.33
2 ,  2 ,  28246 ,  195 ,  0 ,  49.78 ,  0.14 ,  8.33
2 ,  2 ,  28265 ,  195 ,  0 ,  49.78 ,  0.14 ,  8.33
2 ,  2 ,  28284 ,  195 ,  0 ,  49.89 ,  0.14 ,  8.33
2 ,  2 ,  28304 ,  195 ,  0 ,  49.78 ,  0.13 ,  8.33
2 ,  2 ,  28322 ,  195 ,  0 ,  49.89 ,  0.14 ,  8.43
2 ,  2 ,  28342 ,  195 ,  0 ,  50.00 ,  0.14 ,  8.43
2 ,  2 ,  28361 ,  195 ,  0 ,  50.00 ,  0.14 ,  8.43
2 ,  2 ,  28381 ,  195 ,  0 ,  50.00 ,  0.14 ,  8.43
2 ,  2 ,  28400 ,  195 ,  0 ,  50.00 ,  0.14 ,  8.43
2 ,  2 ,  28419 ,  195 ,  0 ,  50.00 ,  0.14 ,  8.43
2 ,  2 ,  28441 ,  195 ,  0 ,  50.11 ,  0.14 ,  8.43
2 ,  2 ,  28461 ,  195 ,  0 ,  50.11 ,  0.14 ,  8.43
2 ,  2 ,  28480 ,  195 ,  0 ,  50.11 ,  0.14 ,  8.43
2 ,  2 ,  28498 ,  195 ,  0 ,  50.11 ,  0.14 ,  8.53
2 ,  2 ,  28518 ,  195 ,  0 ,  50.11 ,  0.14 ,  8.53
2 ,  2 ,  28537 ,  195 ,  0 ,  50.22 ,  0.14 ,  8.53
2 ,  2 ,  28557 ,  195 ,  0 ,  50.22 ,  0.14 ,  8.43
2 ,  2 ,  28576 ,  195 ,  0 ,  50.22 ,  0.14 ,  8.53
2 ,  2 ,  28596 ,  195 ,  0 ,  50.22 ,  0.14 ,  8.53
2 ,  2 ,  28617 ,  195 ,  0 ,  50.33 ,  0.14 ,  8.53
2 ,  2 ,  28636 ,  195 ,  0 ,  50.33 ,  0.14 ,  8.53
2 ,  2 ,  28655 ,  195 ,  0 ,  50.33 ,  0.14 ,  8.53
2 ,  2 ,  28675 ,  195 ,  0 ,  50.33 ,  0.14 ,  8.53
2 ,  2 ,  28694 ,  195 ,  0 ,  50.33 ,  0.14 ,  8.53
2 ,  2 ,  28713 ,  195 ,  0 ,  50.33 ,  0.14 ,  8.53
2 ,  2 ,  28733 ,  195 ,  0 ,  50.44 ,  0.14 ,  8.53
2 ,  2 ,  28751 ,  195 ,  0 ,  50.44 ,  0.14 ,  8.63
2 ,  2 ,  28771 ,  195 ,  0 ,  50.44 ,  0.15 ,  8.53
2 ,  2 ,  28790 ,  195 ,  0 ,  50.44 ,  0.14 ,  8.53
2 ,  2 ,  28812 ,  195 ,  0 ,  50.44 ,  0.14 ,  8.63
2 ,  2 ,  28831 ,  195 ,  0 ,  50.44 ,  0.14 ,  8.63
2 ,  2 ,  28851 ,  195 ,  0 ,  50.44 ,  0.14 ,  8.63
2 ,  2 ,  28870 ,  195 ,  0 ,  50.55 ,  0.14 ,  8.63
2 ,  2 ,  28904 ,  195 ,  0 ,  50.55 ,  0.14 ,  8.63
2 ,  2 ,  28923 ,  195 ,  0 ,  50.55 ,  0.15 ,  8.63
2 ,  2 ,  28943 ,  195 ,  0 ,  50.55 ,  0.14 ,  8.63
2 ,  2 ,  28961 ,  195 ,  0 ,  50.55 ,  0.14 ,  8.63
2 ,  2 ,  28981 ,  195 ,  0 ,  50.55 ,  0.14 ,  8.63
2 ,  2 ,  29002 ,  195 ,  0 ,  50.55 ,  0.14 ,  8.73
2 ,  2 ,  29022 ,  195 ,  0 ,  50.55 ,  0.14 ,  8.63
2 ,  2 ,  29041 ,  195 ,  0 ,  50.55 ,  0.14 ,  8.63
2 ,  2 ,  29061 ,  195 ,  0 ,  50.55 ,  0.15 ,  8.63
2 ,  2 ,  29079 ,  195 ,  0 ,  50.66 ,  0.15 ,  8.73
2 ,  2 ,  29099 ,  195 ,  0 ,  50.55 ,  0.15 ,  8.73
2 ,  2 ,  29118 ,  195 ,  0 ,  50.66 ,  0.14 ,  8.63
2 ,  2 ,  29137 ,  195 ,  0 ,  50.66 ,  0.15 ,  8.73
2 ,  2 ,  29157 ,  195 ,  0 ,  50.66 ,  0.14 ,  8.73
2 ,  2 ,  29176 ,  195 ,  0 ,  50.66 ,  0.14 ,  8.73
2 ,  2 ,  29198 ,  195 ,  0 ,  50.66 ,  0.14 ,  8.73
2 ,  2 ,  29216 ,  195 ,  0 ,  50.66 ,  0.15 ,  8.73
2 ,  2 ,  29236 ,  195 ,  0 ,  50.66 ,  0.14 ,  8.73
2 ,  2 ,  29255 ,  195 ,  0 ,  50.66 ,  0.15 ,  8.73
2 ,  2 ,  29275 ,  195 ,  0 ,  50.66 ,  0.15 ,  8.73
2 ,  2 ,  29294 ,  195 ,  0 ,  50.66 ,  0.14 ,  8.73
2 ,  2 ,  29313 ,  195 ,  0 ,  50.77 ,  0.15 ,  8.73
2 ,  2 ,  29332 ,  195 ,  0 ,  50.77 ,  0.15 ,  8.73
2 ,  2 ,  29351 ,  195 ,  0 ,  50.77 ,  0.15 ,  8.73
2 ,  2 ,  29373 ,  195 ,  0 ,  50.77 ,  0.15 ,  8.73
2 ,  2 ,  29392 ,  195 ,  0 ,  50.77 ,  0.14 ,  8.73
2 ,  2 ,  29412 ,  195 ,  0 ,  50.66 ,  0.15 ,  8.73
2 ,  2 ,  29431 ,  195 ,  0 ,  50.77 ,  0.15 ,  8.73
2 ,  2 ,  29450 ,  195 ,  0 ,  50.77 ,  0.14 ,  8.83
2 ,  2 ,  29469 ,  195 ,  0 ,  50.77 ,  0.14 ,  8.83
2 ,  2 ,  29489 ,  195 ,  0 ,  50.77 ,  0.15 ,  8.83
2 ,  2 ,  29508 ,  195 ,  0 ,  50.77 ,  0.15 ,  8.73
2 ,  2 ,  29528 ,  195 ,  0 ,  50.77 ,  0.14 ,  8.83
2 ,  2 ,  29547 ,  195 ,  0 ,  50.77 ,  0.15 ,  8.83
2 ,  2 ,  29569 ,  0 ,  255 ,  50.77 ,  0.15 ,  8.83
2 ,  2 ,  29587 ,  0 ,  255 ,  50.66 ,  0.15 ,  8.83
2 ,  2 ,  29606 ,  0 ,  255 ,  50.55 ,  0.15 ,  8.73
2 ,  2 ,  29626 ,  0 ,  255 ,  50.55 ,  0.15 ,  8.83
2 ,  2 ,  29645 ,  0 ,  255 ,  48.24 ,  0.14 ,  8.73
2 ,  2 ,  29665 ,  0 ,  255 ,  45.71 ,  0.12 ,  8.43
2 ,  2 ,  29683 ,  0 ,  255 ,  43.17 ,  0.11 ,  8.04
2 ,  2 ,  29703 ,  0 ,  255 ,  40.75 ,  0.10 ,  7.54
2 ,  2 ,  29722 ,  0 ,  255 ,  38.55 ,  0.08 ,  7.04
2 ,  2 ,  29744 ,  0 ,  255 ,  36.13 ,  0.07 ,  6.55
2 ,  2 ,  29763 ,  0 ,  255 ,  34.14 ,  0.06 ,  6.15
2 ,  2 ,  29783 ,  0 ,  255 ,  32.38 ,  0.05 ,  5.66
2 ,  2 ,  29802 ,  0 ,  255 ,  30.73 ,  0.04 ,  5.36
2 ,  2 ,  29820 ,  0 ,  255 ,  29.08 ,  0.04 ,  4.96
2 ,  2 ,  29840 ,  0 ,  255 ,  27.76 ,  0.03 ,  4.66
2 ,  2 ,  29859 ,  0 ,  255 ,  26.32 ,  0.03 ,  4.37
2 ,  2 ,  29879 ,  0 ,  255 ,  25.11 ,  0.03 ,  4.17
2 ,  2 ,  29898 ,  0 ,  255 ,  23.90 ,  0.03 ,  3.87
2 ,  2 ,  29917 ,  0 ,  255 ,  22.80 ,  0.02 ,  3.67
2 ,  2 ,  29938 ,  0 ,  255 ,  21.70 ,  0.02 ,  3.47
2 ,  2 ,  29958 ,  0 ,  255 ,  20.82 ,  0.02 ,  3.27
2 ,  2 ,  29977 ,  0 ,  255 ,  19.83 ,  0.02 ,  3.08
2 ,  2 ,  29997 ,  0 ,  255 ,  18.95 ,  0.02 ,  2.98
2 ,  2 ,  30016 ,  0 ,  255 ,  18.29 ,  0.02 ,  2.78
2 ,  2 ,  30034 ,  0 ,  255 ,  17.51 ,  0.01 ,  2.68
2 ,  2 ,  30054 ,  0 ,  255 ,  16.85 ,  0.01 ,  2.58
2 ,  2 ,  30073 ,  0 ,  255 ,  16.19 ,  0.02 ,  2.38
2 ,  2 ,  30093 ,  0 ,  255 ,  15.53 ,  0.02 ,  2.38
2 ,  2 ,  30114 ,  0 ,  255 ,  14.98 ,  0.01 ,  2.28
2 ,  2 ,  30134 ,  0 ,  255 ,  14.43 ,  0.01 ,  2.08
2 ,  2 ,  30152 ,  0 ,  255 ,  13.88 ,  0.01 ,  2.08
2 ,  2 ,  30172 ,  0 ,  255 ,  13.44 ,  0.01 ,  1.98
