MS, MPT, t (s), PWMi, PWMe, Pressure (Psi), LW (V), Displacement (mm)
4 ,  1 ,  59551 ,  0 ,  255 ,  11.02 ,  0.02 ,  1.79
4 ,  1 ,  59571 ,  205 ,  0 ,  10.58 ,  0.02 ,  1.69
4 ,  1 ,  59590 ,  205 ,  0 ,  10.69 ,  0.02 ,  1.69
4 ,  1 ,  59611 ,  205 ,  0 ,  10.91 ,  0.02 ,  1.69
4 ,  1 ,  59631 ,  205 ,  0 ,  13.99 ,  0.02 ,  1.69
4 ,  1 ,  59651 ,  205 ,  0 ,  17.40 ,  0.03 ,  1.89
4 ,  1 ,  59671 ,  205 ,  0 ,  21.04 ,  0.03 ,  2.28
4 ,  1 ,  59691 ,  205 ,  0 ,  24.45 ,  0.04 ,  2.78
4 ,  1 ,  59713 ,  205 ,  0 ,  27.54 ,  0.04 ,  3.27
4 ,  1 ,  59732 ,  205 ,  0 ,  30.62 ,  0.05 ,  3.87
4 ,  1 ,  59752 ,  205 ,  0 ,  32.93 ,  0.06 ,  4.27
4 ,  1 ,  59771 ,  205 ,  0 ,  34.91 ,  0.07 ,  4.66
4 ,  1 ,  59791 ,  205 ,  0 ,  36.68 ,  0.07 ,  5.06
4 ,  1 ,  59811 ,  205 ,  0 ,  38.11 ,  0.08 ,  5.36
4 ,  1 ,  59831 ,  205 ,  0 ,  39.43 ,  0.09 ,  5.75
4 ,  1 ,  59850 ,  205 ,  0 ,  40.53 ,  0.09 ,  6.05
4 ,  1 ,  59870 ,  205 ,  0 ,  41.63 ,  0.10 ,  6.25
4 ,  1 ,  59889 ,  205 ,  0 ,  42.51 ,  0.11 ,  6.55
4 ,  1 ,  59912 ,  205 ,  0 ,  43.39 ,  0.11 ,  6.85
4 ,  1 ,  59931 ,  205 ,  0 ,  44.17 ,  0.11 ,  7.04
4 ,  1 ,  59951 ,  205 ,  0 ,  44.83 ,  0.12 ,  7.24
4 ,  1 ,  59970 ,  205 ,  0 ,  45.60 ,  0.12 ,  7.44
4 ,  1 ,  59991 ,  205 ,  0 ,  46.15 ,  0.13 ,  7.64
4 ,  1 ,  60010 ,  205 ,  0 ,  46.70 ,  0.13 ,  7.74
4 ,  1 ,  60029 ,  205 ,  0 ,  47.25 ,  0.13 ,  7.84
4 ,  1 ,  60049 ,  205 ,  0 ,  47.69 ,  0.14 ,  8.04
4 ,  1 ,  60068 ,  205 ,  0 ,  48.24 ,  0.14 ,  8.24
4 ,  1 ,  60091 ,  205 ,  0 ,  48.68 ,  0.14 ,  8.33
4 ,  1 ,  60110 ,  205 ,  0 ,  49.12 ,  0.15 ,  8.43
4 ,  1 ,  60130 ,  205 ,  0 ,  49.56 ,  0.15 ,  8.63
4 ,  1 ,  60149 ,  205 ,  0 ,  50.00 ,  0.16 ,  8.73
4 ,  1 ,  60169 ,  205 ,  0 ,  50.22 ,  0.16 ,  8.83
4 ,  1 ,  60189 ,  205 ,  0 ,  50.66 ,  0.16 ,  8.93
4 ,  1 ,  60209 ,  205 ,  0 ,  50.88 ,  0.16 ,  9.03
4 ,  1 ,  60228 ,  205 ,  0 ,  51.21 ,  0.17 ,  9.13
4 ,  1 ,  60248 ,  205 ,  0 ,  51.65 ,  0.17 ,  9.23
4 ,  1 ,  60267 ,  205 ,  0 ,  51.87 ,  0.17 ,  9.33
4 ,  1 ,  60290 ,  205 ,  0 ,  52.20 ,  0.17 ,  9.43
4 ,  1 ,  60309 ,  205 ,  0 ,  52.42 ,  0.17 ,  9.53
4 ,  1 ,  60328 ,  205 ,  0 ,  52.65 ,  0.18 ,  9.62
4 ,  1 ,  60348 ,  205 ,  0 ,  52.87 ,  0.18 ,  9.72
4 ,  1 ,  60368 ,  205 ,  0 ,  53.09 ,  0.18 ,  9.72
4 ,  1 ,  60388 ,  205 ,  0 ,  53.31 ,  0.18 ,  9.82
4 ,  1 ,  60407 ,  205 ,  0 ,  53.42 ,  0.19 ,  9.92
4 ,  1 ,  60427 ,  205 ,  0 ,  53.64 ,  0.19 ,  9.92
4 ,  1 ,  60446 ,  205 ,  0 ,  53.86 ,  0.19 ,  10.02
4 ,  1 ,  60469 ,  205 ,  0 ,  54.08 ,  0.19 ,  10.02
4 ,  1 ,  60488 ,  205 ,  0 ,  54.30 ,  0.19 ,  10.12
4 ,  1 ,  60508 ,  205 ,  0 ,  54.41 ,  0.19 ,  10.22
4 ,  1 ,  60527 ,  205 ,  0 ,  54.52 ,  0.19 ,  10.22
4 ,  1 ,  60548 ,  205 ,  0 ,  54.63 ,  0.20 ,  10.22
4 ,  1 ,  60567 ,  205 ,  0 ,  54.85 ,  0.20 ,  10.32
4 ,  1 ,  60587 ,  205 ,  0 ,  54.96 ,  0.20 ,  10.42
4 ,  1 ,  60606 ,  205 ,  0 ,  55.07 ,  0.20 ,  10.42
4 ,  1 ,  60626 ,  205 ,  0 ,  55.18 ,  0.20 ,  10.42
4 ,  1 ,  60646 ,  205 ,  0 ,  55.29 ,  0.20 ,  10.52
4 ,  1 ,  60667 ,  205 ,  0 ,  55.51 ,  0.20 ,  10.52
4 ,  1 ,  60687 ,  205 ,  0 ,  55.62 ,  0.20 ,  10.62
4 ,  1 ,  60707 ,  205 ,  0 ,  55.73 ,  0.21 ,  10.62
4 ,  1 ,  60727 ,  205 ,  0 ,  55.73 ,  0.21 ,  10.62
4 ,  1 ,  60746 ,  205 ,  0 ,  55.95 ,  0.21 ,  10.62
4 ,  1 ,  60766 ,  205 ,  0 ,  55.95 ,  0.21 ,  10.62
4 ,  1 ,  60786 ,  205 ,  0 ,  56.06 ,  0.21 ,  10.72
4 ,  1 ,  60806 ,  205 ,  0 ,  56.06 ,  0.21 ,  10.72
4 ,  1 ,  60825 ,  205 ,  0 ,  56.28 ,  0.21 ,  10.81
4 ,  1 ,  60847 ,  205 ,  0 ,  56.28 ,  0.21 ,  10.81
4 ,  1 ,  60867 ,  205 ,  0 ,  56.39 ,  0.21 ,  10.81
4 ,  1 ,  60887 ,  205 ,  0 ,  56.50 ,  0.21 ,  10.91
4 ,  1 ,  60906 ,  205 ,  0 ,  56.50 ,  0.21 ,  10.91
4 ,  1 ,  60925 ,  205 ,  0 ,  56.61 ,  0.21 ,  10.91
4 ,  1 ,  60946 ,  205 ,  0 ,  56.72 ,  0.21 ,  10.91
4 ,  1 ,  60965 ,  205 ,  0 ,  56.72 ,  0.22 ,  11.01
4 ,  1 ,  60985 ,  205 ,  0 ,  56.83 ,  0.22 ,  11.01
4 ,  1 ,  61004 ,  205 ,  0 ,  56.83 ,  0.22 ,  11.01
4 ,  1 ,  61022 ,  205 ,  0 ,  56.94 ,  0.21 ,  11.01
4 ,  1 ,  61042 ,  205 ,  0 ,  56.94 ,  0.21 ,  11.11
4 ,  1 ,  61062 ,  205 ,  0 ,  57.05 ,  0.22 ,  11.11
4 ,  1 ,  61081 ,  205 ,  0 ,  57.05 ,  0.22 ,  11.11
4 ,  1 ,  61101 ,  205 ,  0 ,  57.16 ,  0.22 ,  11.11
4 ,  1 ,  61121 ,  205 ,  0 ,  57.16 ,  0.22 ,  11.21
4 ,  1 ,  61140 ,  205 ,  0 ,  57.27 ,  0.22 ,  11.21
4 ,  1 ,  61160 ,  205 ,  0 ,  57.27 ,  0.22 ,  11.21
4 ,  1 ,  61179 ,  205 ,  0 ,  57.27 ,  0.22 ,  11.21
4 ,  1 ,  61199 ,  205 ,  0 ,  57.38 ,  0.22 ,  11.21
4 ,  1 ,  61221 ,  205 ,  0 ,  57.38 ,  0.22 ,  11.21
4 ,  1 ,  61241 ,  205 ,  0 ,  57.49 ,  0.22 ,  11.31
4 ,  1 ,  61260 ,  205 ,  0 ,  57.49 ,  0.22 ,  11.31
4 ,  1 ,  61281 ,  205 ,  0 ,  57.60 ,  0.22 ,  11.31
4 ,  1 ,  61300 ,  205 ,  0 ,  57.60 ,  0.22 ,  11.31
4 ,  1 ,  61320 ,  205 ,  0 ,  57.60 ,  0.22 ,  11.31
4 ,  1 ,  61339 ,  205 ,  0 ,  57.60 ,  0.22 ,  11.31
4 ,  1 ,  61360 ,  205 ,  0 ,  57.71 ,  0.22 ,  11.31
4 ,  1 ,  61379 ,  205 ,  0 ,  57.71 ,  0.22 ,  11.41
4 ,  1 ,  61401 ,  205 ,  0 ,  57.82 ,  0.22 ,  11.41
4 ,  1 ,  61420 ,  205 ,  0 ,  57.82 ,  0.22 ,  11.41
4 ,  1 ,  61441 ,  205 ,  0 ,  57.82 ,  0.22 ,  11.41
4 ,  1 ,  61464 ,  205 ,  0 ,  57.82 ,  0.22 ,  11.41
4 ,  1 ,  61484 ,  205 ,  0 ,  57.82 ,  0.22 ,  11.41
4 ,  1 ,  61503 ,  205 ,  0 ,  57.93 ,  0.22 ,  11.51
4 ,  1 ,  61522 ,  205 ,  0 ,  57.93 ,  0.22 ,  11.41
4 ,  1 ,  61543 ,  205 ,  0 ,  57.93 ,  0.22 ,  11.51
4 ,  1 ,  61562 ,  205 ,  0 ,  58.04 ,  0.22 ,  11.51
4 ,  1 ,  61584 ,  205 ,  0 ,  58.04 ,  0.23 ,  11.51
4 ,  1 ,  61604 ,  205 ,  0 ,  58.04 ,  0.22 ,  11.51
4 ,  1 ,  61624 ,  205 ,  0 ,  58.04 ,  0.22 ,  11.51
4 ,  1 ,  61643 ,  205 ,  0 ,  58.04 ,  0.22 ,  11.51
4 ,  1 ,  61663 ,  205 ,  0 ,  58.04 ,  0.22 ,  11.51
4 ,  1 ,  61682 ,  205 ,  0 ,  58.15 ,  0.22 ,  11.51
4 ,  1 ,  61703 ,  205 ,  0 ,  58.15 ,  0.22 ,  11.61
4 ,  1 ,  61722 ,  205 ,  0 ,  58.15 ,  0.22 ,  11.61
4 ,  1 ,  61742 ,  205 ,  0 ,  58.15 ,  0.22 ,  11.61
4 ,  1 ,  61761 ,  205 ,  0 ,  58.26 ,  0.22 ,  11.61
4 ,  1 ,  61784 ,  205 ,  0 ,  58.15 ,  0.23 ,  11.61
4 ,  1 ,  61803 ,  205 ,  0 ,  58.15 ,  0.22 ,  11.61
4 ,  1 ,  61822 ,  205 ,  0 ,  58.26 ,  0.22 ,  11.61
4 ,  1 ,  61842 ,  205 ,  0 ,  58.37 ,  0.23 ,  11.61
4 ,  1 ,  61862 ,  205 ,  0 ,  58.26 ,  0.23 ,  11.71
4 ,  1 ,  61882 ,  205 ,  0 ,  58.26 ,  0.23 ,  11.71
4 ,  1 ,  61901 ,  205 ,  0 ,  58.37 ,  0.22 ,  11.71
4 ,  1 ,  61921 ,  205 ,  0 ,  58.37 ,  0.23 ,  11.61
4 ,  1 ,  61940 ,  205 ,  0 ,  58.37 ,  0.23 ,  11.61
4 ,  1 ,  61963 ,  205 ,  0 ,  58.37 ,  0.23 ,  11.61
4 ,  1 ,  61982 ,  205 ,  0 ,  58.37 ,  0.23 ,  11.61
4 ,  1 ,  62002 ,  205 ,  0 ,  58.37 ,  0.23 ,  11.71
4 ,  1 ,  62022 ,  205 ,  0 ,  58.37 ,  0.23 ,  11.71
4 ,  1 ,  62042 ,  205 ,  0 ,  58.37 ,  0.23 ,  11.71
4 ,  1 ,  62061 ,  205 ,  0 ,  58.48 ,  0.23 ,  11.71
4 ,  1 ,  62081 ,  205 ,  0 ,  58.48 ,  0.23 ,  11.71
4 ,  1 ,  62101 ,  205 ,  0 ,  58.37 ,  0.23 ,  11.81
4 ,  1 ,  62120 ,  205 ,  0 ,  58.48 ,  0.23 ,  11.81
4 ,  1 ,  62142 ,  205 ,  0 ,  58.48 ,  0.24 ,  11.81
4 ,  1 ,  62161 ,  205 ,  0 ,  58.48 ,  0.23 ,  11.81
4 ,  1 ,  62182 ,  205 ,  0 ,  58.48 ,  0.23 ,  11.81
4 ,  1 ,  62201 ,  205 ,  0 ,  58.48 ,  0.23 ,  11.81
4 ,  1 ,  62221 ,  205 ,  0 ,  58.48 ,  0.23 ,  11.81
4 ,  1 ,  62240 ,  205 ,  0 ,  58.48 ,  0.23 ,  11.81
4 ,  1 ,  62261 ,  205 ,  0 ,  58.48 ,  0.23 ,  11.81
4 ,  1 ,  62280 ,  205 ,  0 ,  58.59 ,  0.23 ,  11.81
4 ,  1 ,  62300 ,  205 ,  0 ,  58.59 ,  0.23 ,  11.81
4 ,  1 ,  62321 ,  205 ,  0 ,  58.59 ,  0.23 ,  11.81
4 ,  1 ,  62342 ,  205 ,  0 ,  58.59 ,  0.23 ,  11.81
4 ,  1 ,  62361 ,  205 ,  0 ,  58.48 ,  0.23 ,  11.81
4 ,  1 ,  62381 ,  205 ,  0 ,  58.59 ,  0.24 ,  11.81
4 ,  1 ,  62400 ,  205 ,  0 ,  58.59 ,  0.23 ,  11.81
4 ,  1 ,  62420 ,  205 ,  0 ,  58.59 ,  0.23 ,  11.91
4 ,  1 ,  62440 ,  205 ,  0 ,  58.59 ,  0.23 ,  11.91
4 ,  1 ,  62459 ,  205 ,  0 ,  58.59 ,  0.24 ,  11.91
4 ,  1 ,  62479 ,  205 ,  0 ,  58.59 ,  0.23 ,  11.91
4 ,  1 ,  62498 ,  205 ,  0 ,  58.59 ,  0.24 ,  11.91
4 ,  1 ,  62521 ,  0 ,  255 ,  58.70 ,  0.23 ,  11.91
4 ,  1 ,  62540 ,  0 ,  255 ,  58.48 ,  0.23 ,  11.91
4 ,  1 ,  62560 ,  0 ,  255 ,  58.37 ,  0.23 ,  11.91
4 ,  1 ,  62580 ,  0 ,  255 ,  58.59 ,  0.23 ,  11.91
4 ,  1 ,  62600 ,  0 ,  255 ,  53.86 ,  0.21 ,  11.41
4 ,  1 ,  62619 ,  0 ,  255 ,  50.55 ,  0.19 ,  10.91
4 ,  1 ,  62639 ,  0 ,  255 ,  47.47 ,  0.17 ,  10.32
4 ,  1 ,  62658 ,  0 ,  255 ,  44.61 ,  0.14 ,  9.62
4 ,  1 ,  62679 ,  0 ,  255 ,  42.07 ,  0.13 ,  8.93
4 ,  1 ,  62700 ,  0 ,  255 ,  39.43 ,  0.10 ,  8.24
4 ,  1 ,  62720 ,  0 ,  255 ,  37.23 ,  0.09 ,  7.64
4 ,  1 ,  62739 ,  0 ,  255 ,  35.02 ,  0.08 ,  7.14
4 ,  1 ,  62758 ,  0 ,  255 ,  33.15 ,  0.07 ,  6.65
4 ,  1 ,  62779 ,  0 ,  255 ,  31.39 ,  0.06 ,  6.15
4 ,  1 ,  62798 ,  0 ,  255 ,  29.74 ,  0.05 ,  5.75
4 ,  1 ,  62818 ,  0 ,  255 ,  28.31 ,  0.04 ,  5.36
4 ,  1 ,  62837 ,  0 ,  255 ,  26.88 ,  0.05 ,  5.06
4 ,  1 ,  62857 ,  0 ,  255 ,  25.44 ,  0.04 ,  4.76
4 ,  1 ,  62876 ,  0 ,  255 ,  24.23 ,  0.04 ,  4.46
4 ,  1 ,  62899 ,  0 ,  255 ,  22.91 ,  0.04 ,  4.17
4 ,  1 ,  62918 ,  0 ,  255 ,  21.81 ,  0.04 ,  3.97
4 ,  1 ,  62938 ,  0 ,  255 ,  20.82 ,  0.03 ,  3.67
4 ,  1 ,  62957 ,  0 ,  255 ,  19.94 ,  0.03 ,  3.47
4 ,  1 ,  62978 ,  0 ,  255 ,  18.95 ,  0.03 ,  3.27
4 ,  1 ,  62997 ,  0 ,  255 ,  18.18 ,  0.03 ,  3.18
4 ,  1 ,  63016 ,  0 ,  255 ,  17.40 ,  0.03 ,  2.98
4 ,  1 ,  63036 ,  0 ,  255 ,  16.63 ,  0.03 ,  2.88
4 ,  1 ,  63055 ,  0 ,  255 ,  15.86 ,  0.03 ,  2.68
4 ,  1 ,  63078 ,  0 ,  255 ,  15.20 ,  0.03 ,  2.58
4 ,  1 ,  63097 ,  0 ,  255 ,  14.54 ,  0.03 ,  2.48
4 ,  1 ,  63117 ,  0 ,  255 ,  14.10 ,  0.03 ,  2.38
4 ,  1 ,  63136 ,  0 ,  255 ,  13.55 ,  0.03 ,  2.28
4 ,  1 ,  63156 ,  0 ,  255 ,  13.00 ,  0.02 ,  2.18
4 ,  1 ,  63175 ,  0 ,  255 ,  12.56 ,  0.02 ,  2.08
4 ,  1 ,  63196 ,  0 ,  255 ,  12.12 ,  0.03 ,  1.98
