MS, MPT, t (s), PWMi, PWMe, Pressure (Psi), LW (V), Displacement (mm)
5 ,  5 ,  93243 ,  0 ,  255 ,  9.37 ,  0.03 ,  1.79
5 ,  5 ,  93265 ,  210 ,  0 ,  9.03 ,  0.03 ,  1.69
5 ,  5 ,  93288 ,  210 ,  0 ,  9.14 ,  0.03 ,  1.69
5 ,  5 ,  93310 ,  210 ,  0 ,  10.80 ,  0.03 ,  1.69
5 ,  5 ,  93332 ,  210 ,  0 ,  14.54 ,  0.03 ,  1.69
5 ,  5 ,  93355 ,  210 ,  0 ,  19.17 ,  0.04 ,  2.18
5 ,  5 ,  93377 ,  210 ,  0 ,  23.68 ,  0.05 ,  2.78
5 ,  5 ,  93400 ,  210 ,  0 ,  27.87 ,  0.06 ,  3.47
5 ,  5 ,  93421 ,  210 ,  0 ,  31.28 ,  0.07 ,  4.17
5 ,  5 ,  93446 ,  210 ,  0 ,  34.58 ,  0.07 ,  4.86
5 ,  5 ,  93468 ,  210 ,  0 ,  37.01 ,  0.09 ,  5.46
5 ,  5 ,  93491 ,  210 ,  0 ,  39.10 ,  0.10 ,  5.85
5 ,  5 ,  93512 ,  210 ,  0 ,  40.64 ,  0.11 ,  6.35
5 ,  5 ,  93535 ,  210 ,  0 ,  42.18 ,  0.12 ,  6.75
5 ,  5 ,  93556 ,  210 ,  0 ,  43.39 ,  0.12 ,  7.14
5 ,  5 ,  93579 ,  210 ,  0 ,  44.50 ,  0.13 ,  7.54
5 ,  5 ,  93601 ,  210 ,  0 ,  45.60 ,  0.14 ,  7.84
5 ,  5 ,  93623 ,  210 ,  0 ,  46.59 ,  0.14 ,  8.14
5 ,  5 ,  93647 ,  210 ,  0 ,  47.47 ,  0.15 ,  8.43
5 ,  5 ,  93670 ,  210 ,  0 ,  48.24 ,  0.16 ,  8.63
5 ,  5 ,  93691 ,  210 ,  0 ,  48.90 ,  0.17 ,  8.93
5 ,  5 ,  93714 ,  210 ,  0 ,  49.67 ,  0.17 ,  9.13
5 ,  5 ,  93735 ,  210 ,  0 ,  50.22 ,  0.18 ,  9.33
5 ,  5 ,  93758 ,  210 ,  0 ,  50.88 ,  0.18 ,  9.53
5 ,  5 ,  93780 ,  210 ,  0 ,  51.43 ,  0.19 ,  9.72
5 ,  5 ,  93802 ,  210 ,  0 ,  51.98 ,  0.19 ,  9.92
5 ,  5 ,  93825 ,  210 ,  0 ,  52.54 ,  0.20 ,  10.12
5 ,  5 ,  93849 ,  210 ,  0 ,  52.98 ,  0.20 ,  10.22
5 ,  5 ,  93871 ,  210 ,  0 ,  53.42 ,  0.21 ,  10.42
5 ,  5 ,  93893 ,  210 ,  0 ,  53.86 ,  0.21 ,  10.62
5 ,  5 ,  93915 ,  210 ,  0 ,  54.30 ,  0.22 ,  10.72
5 ,  5 ,  93937 ,  210 ,  0 ,  54.63 ,  0.22 ,  10.91
5 ,  5 ,  93960 ,  210 ,  0 ,  55.07 ,  0.22 ,  11.01
5 ,  5 ,  93981 ,  210 ,  0 ,  55.51 ,  0.22 ,  11.11
5 ,  5 ,  94004 ,  210 ,  0 ,  55.73 ,  0.22 ,  11.21
5 ,  5 ,  94026 ,  210 ,  0 ,  56.06 ,  0.23 ,  11.41
5 ,  5 ,  94048 ,  210 ,  0 ,  56.39 ,  0.23 ,  11.51
5 ,  5 ,  94072 ,  210 ,  0 ,  56.61 ,  0.23 ,  11.51
5 ,  5 ,  94095 ,  210 ,  0 ,  56.94 ,  0.24 ,  11.71
5 ,  5 ,  94116 ,  210 ,  0 ,  57.16 ,  0.24 ,  11.81
5 ,  5 ,  94139 ,  210 ,  0 ,  57.38 ,  0.24 ,  11.81
5 ,  5 ,  94161 ,  210 ,  0 ,  57.71 ,  0.24 ,  11.91
5 ,  5 ,  94183 ,  210 ,  0 ,  57.93 ,  0.25 ,  12.01
5 ,  5 ,  94205 ,  210 ,  0 ,  58.04 ,  0.25 ,  12.10
5 ,  5 ,  94228 ,  210 ,  0 ,  58.26 ,  0.26 ,  12.10
5 ,  5 ,  94249 ,  210 ,  0 ,  58.48 ,  0.26 ,  12.20
5 ,  5 ,  94274 ,  210 ,  0 ,  58.59 ,  0.26 ,  12.30
5 ,  5 ,  94297 ,  210 ,  0 ,  58.81 ,  0.26 ,  12.30
5 ,  5 ,  94318 ,  210 ,  0 ,  59.03 ,  0.26 ,  12.40
5 ,  5 ,  94341 ,  210 ,  0 ,  59.14 ,  0.26 ,  12.50
5 ,  5 ,  94363 ,  210 ,  0 ,  59.25 ,  0.27 ,  12.50
5 ,  5 ,  94386 ,  210 ,  0 ,  59.36 ,  0.27 ,  12.60
5 ,  5 ,  94407 ,  210 ,  0 ,  59.58 ,  0.27 ,  12.60
5 ,  5 ,  94430 ,  210 ,  0 ,  59.69 ,  0.27 ,  12.70
5 ,  5 ,  94452 ,  210 ,  0 ,  59.80 ,  0.27 ,  12.70
5 ,  5 ,  94476 ,  210 ,  0 ,  59.91 ,  0.27 ,  12.80
5 ,  5 ,  94498 ,  210 ,  0 ,  60.02 ,  0.27 ,  12.80
5 ,  5 ,  94521 ,  210 ,  0 ,  60.13 ,  0.27 ,  12.90
5 ,  5 ,  94542 ,  210 ,  0 ,  60.24 ,  0.27 ,  12.90
5 ,  5 ,  94565 ,  210 ,  0 ,  60.35 ,  0.27 ,  12.90
5 ,  5 ,  94587 ,  210 ,  0 ,  60.46 ,  0.28 ,  13.00
5 ,  5 ,  94609 ,  210 ,  0 ,  60.57 ,  0.27 ,  13.00
5 ,  5 ,  94631 ,  210 ,  0 ,  60.68 ,  0.28 ,  13.10
5 ,  5 ,  94653 ,  210 ,  0 ,  60.79 ,  0.28 ,  13.10
5 ,  5 ,  94675 ,  210 ,  0 ,  60.79 ,  0.28 ,  13.00
5 ,  5 ,  94700 ,  210 ,  0 ,  60.90 ,  0.28 ,  13.10
5 ,  5 ,  94723 ,  210 ,  0 ,  61.01 ,  0.28 ,  13.20
5 ,  5 ,  94744 ,  210 ,  0 ,  61.13 ,  0.28 ,  13.20
5 ,  5 ,  94767 ,  210 ,  0 ,  61.13 ,  0.28 ,  13.20
5 ,  5 ,  94789 ,  210 ,  0 ,  61.24 ,  0.28 ,  13.20
5 ,  5 ,  94811 ,  210 ,  0 ,  61.35 ,  0.28 ,  13.30
5 ,  5 ,  94833 ,  210 ,  0 ,  61.35 ,  0.28 ,  13.30
5 ,  5 ,  94855 ,  210 ,  0 ,  61.35 ,  0.28 ,  13.30
5 ,  5 ,  94936 ,  210 ,  0 ,  61.57 ,  0.29 ,  13.39
5 ,  5 ,  94960 ,  210 ,  0 ,  61.68 ,  0.29 ,  13.39
5 ,  5 ,  94983 ,  210 ,  0 ,  61.79 ,  0.29 ,  13.49
5 ,  5 ,  95005 ,  210 ,  0 ,  61.79 ,  0.29 ,  13.49
5 ,  5 ,  95027 ,  210 ,  0 ,  61.79 ,  0.29 ,  13.49
5 ,  5 ,  95049 ,  210 ,  0 ,  61.79 ,  0.29 ,  13.49
5 ,  5 ,  95072 ,  210 ,  0 ,  61.90 ,  0.30 ,  13.49
5 ,  5 ,  95093 ,  210 ,  0 ,  61.90 ,  0.29 ,  13.59
5 ,  5 ,  95116 ,  210 ,  0 ,  62.01 ,  0.30 ,  13.59
5 ,  5 ,  95137 ,  210 ,  0 ,  62.01 ,  0.30 ,  13.59
5 ,  5 ,  95162 ,  210 ,  0 ,  62.12 ,  0.30 ,  13.59
5 ,  5 ,  95184 ,  210 ,  0 ,  62.12 ,  0.30 ,  13.59
5 ,  5 ,  95206 ,  210 ,  0 ,  62.12 ,  0.30 ,  13.59
5 ,  5 ,  95228 ,  210 ,  0 ,  62.23 ,  0.29 ,  13.59
5 ,  5 ,  95251 ,  210 ,  0 ,  62.23 ,  0.30 ,  13.69
5 ,  5 ,  95272 ,  210 ,  0 ,  62.23 ,  0.30 ,  13.69
5 ,  5 ,  95295 ,  210 ,  0 ,  62.23 ,  0.30 ,  13.69
5 ,  5 ,  95318 ,  210 ,  0 ,  62.34 ,  0.30 ,  13.69
5 ,  5 ,  95339 ,  210 ,  0 ,  62.34 ,  0.30 ,  13.69
5 ,  5 ,  95362 ,  210 ,  0 ,  62.34 ,  0.30 ,  13.69
5 ,  5 ,  95386 ,  210 ,  0 ,  62.45 ,  0.30 ,  13.69
5 ,  5 ,  95408 ,  210 ,  0 ,  62.45 ,  0.30 ,  13.79
5 ,  5 ,  95430 ,  210 ,  0 ,  62.45 ,  0.30 ,  13.69
5 ,  5 ,  95453 ,  210 ,  0 ,  62.45 ,  0.30 ,  13.79
5 ,  5 ,  95474 ,  210 ,  0 ,  62.56 ,  0.30 ,  13.79
5 ,  5 ,  95497 ,  210 ,  0 ,  62.56 ,  0.30 ,  13.79
5 ,  5 ,  95518 ,  210 ,  0 ,  62.56 ,  0.30 ,  13.79
5 ,  5 ,  95541 ,  210 ,  0 ,  62.56 ,  0.30 ,  13.79
5 ,  5 ,  95563 ,  210 ,  0 ,  62.56 ,  0.30 ,  13.79
5 ,  5 ,  95588 ,  210 ,  0 ,  62.56 ,  0.30 ,  13.79
5 ,  5 ,  95609 ,  210 ,  0 ,  62.67 ,  0.30 ,  13.79
5 ,  5 ,  95632 ,  210 ,  0 ,  62.67 ,  0.30 ,  13.89
5 ,  5 ,  95653 ,  210 ,  0 ,  62.67 ,  0.31 ,  13.89
5 ,  5 ,  95676 ,  210 ,  0 ,  62.67 ,  0.30 ,  13.89
5 ,  5 ,  95698 ,  210 ,  0 ,  62.67 ,  0.31 ,  13.89
5 ,  5 ,  95720 ,  210 ,  0 ,  62.67 ,  0.30 ,  13.89
5 ,  5 ,  95742 ,  210 ,  0 ,  62.67 ,  0.30 ,  13.89
5 ,  5 ,  95765 ,  210 ,  0 ,  62.78 ,  0.30 ,  13.89
5 ,  5 ,  95789 ,  210 ,  0 ,  62.78 ,  0.30 ,  13.89
5 ,  5 ,  95811 ,  210 ,  0 ,  62.78 ,  0.30 ,  13.89
5 ,  5 ,  95834 ,  210 ,  0 ,  62.78 ,  0.31 ,  13.89
5 ,  5 ,  95855 ,  210 ,  0 ,  62.78 ,  0.31 ,  13.89
5 ,  5 ,  95878 ,  210 ,  0 ,  62.78 ,  0.30 ,  13.89
5 ,  5 ,  95899 ,  210 ,  0 ,  62.89 ,  0.31 ,  13.99
5 ,  5 ,  95922 ,  210 ,  0 ,  62.89 ,  0.31 ,  13.99
5 ,  5 ,  95944 ,  210 ,  0 ,  62.89 ,  0.31 ,  13.99
5 ,  5 ,  95966 ,  210 ,  0 ,  62.89 ,  0.30 ,  13.99
5 ,  5 ,  95988 ,  210 ,  0 ,  62.89 ,  0.30 ,  13.99
5 ,  5 ,  96013 ,  210 ,  0 ,  62.89 ,  0.30 ,  13.99
5 ,  5 ,  96034 ,  210 ,  0 ,  62.89 ,  0.31 ,  13.99
5 ,  5 ,  96057 ,  210 ,  0 ,  62.89 ,  0.31 ,  13.99
5 ,  5 ,  96079 ,  210 ,  0 ,  62.89 ,  0.31 ,  13.99
5 ,  5 ,  96101 ,  210 ,  0 ,  62.89 ,  0.31 ,  13.99
5 ,  5 ,  96123 ,  210 ,  0 ,  62.89 ,  0.31 ,  13.99
5 ,  5 ,  96146 ,  210 ,  0 ,  62.89 ,  0.31 ,  13.99
5 ,  5 ,  96167 ,  210 ,  0 ,  63.00 ,  0.31 ,  13.99
5 ,  5 ,  96190 ,  210 ,  0 ,  63.00 ,  0.31 ,  13.99
5 ,  5 ,  96215 ,  0 ,  255 ,  63.00 ,  0.31 ,  14.09
5 ,  5 ,  96236 ,  0 ,  255 ,  62.78 ,  0.31 ,  13.99
5 ,  5 ,  96259 ,  0 ,  255 ,  62.67 ,  0.31 ,  13.99
5 ,  5 ,  96281 ,  0 ,  255 ,  59.91 ,  0.29 ,  13.69
5 ,  5 ,  96303 ,  0 ,  255 ,  55.18 ,  0.26 ,  12.90
5 ,  5 ,  96325 ,  0 ,  255 ,  51.32 ,  0.22 ,  12.01
5 ,  5 ,  96347 ,  0 ,  255 ,  47.80 ,  0.20 ,  11.11
5 ,  5 ,  96369 ,  0 ,  255 ,  44.61 ,  0.17 ,  10.22
5 ,  5 ,  96392 ,  0 ,  255 ,  41.63 ,  0.15 ,  9.33
5 ,  5 ,  96415 ,  0 ,  255 ,  38.66 ,  0.12 ,  8.43
5 ,  5 ,  96438 ,  0 ,  255 ,  36.24 ,  0.11 ,  7.84
5 ,  5 ,  96460 ,  0 ,  255 ,  33.92 ,  0.10 ,  7.34
5 ,  5 ,  96482 ,  0 ,  255 ,  31.83 ,  0.08 ,  6.85
5 ,  5 ,  96504 ,  0 ,  255 ,  30.07 ,  0.08 ,  6.25
5 ,  5 ,  96526 ,  0 ,  255 ,  28.31 ,  0.07 ,  5.75
5 ,  5 ,  96548 ,  0 ,  255 ,  26.66 ,  0.06 ,  5.36
5 ,  5 ,  96570 ,  0 ,  255 ,  25.11 ,  0.06 ,  4.96
5 ,  5 ,  96592 ,  0 ,  255 ,  23.68 ,  0.05 ,  4.66
5 ,  5 ,  96615 ,  0 ,  255 ,  22.36 ,  0.05 ,  4.37
5 ,  5 ,  96638 ,  0 ,  255 ,  21.04 ,  0.05 ,  4.07
5 ,  5 ,  96661 ,  0 ,  255 ,  19.94 ,  0.05 ,  3.77
5 ,  5 ,  96683 ,  0 ,  255 ,  18.84 ,  0.05 ,  3.57
5 ,  5 ,  96705 ,  0 ,  255 ,  17.85 ,  0.04 ,  3.27
5 ,  5 ,  96728 ,  0 ,  255 ,  16.96 ,  0.04 ,  3.18
5 ,  5 ,  96749 ,  0 ,  255 ,  16.19 ,  0.04 ,  2.98
5 ,  5 ,  96772 ,  0 ,  255 ,  15.42 ,  0.04 ,  2.88
5 ,  5 ,  96793 ,  0 ,  255 ,  14.65 ,  0.04 ,  2.68
5 ,  5 ,  96816 ,  0 ,  255 ,  13.99 ,  0.04 ,  2.58
5 ,  5 ,  96840 ,  0 ,  255 ,  13.33 ,  0.04 ,  2.38
5 ,  5 ,  96862 ,  0 ,  255 ,  12.67 ,  0.04 ,  2.28
5 ,  5 ,  96884 ,  0 ,  255 ,  12.12 ,  0.04 ,  2.18
5 ,  5 ,  96906 ,  0 ,  255 ,  11.68 ,  0.03 ,  2.18
5 ,  5 ,  96928 ,  0 ,  255 ,  11.13 ,  0.04 ,  2.08
5 ,  5 ,  96951 ,  0 ,  255 ,  10.69 ,  0.04 ,  1.98
