MS, MPT, t (s), PWMi, PWMe, Pressure (Psi), LW (V), Displacement (mm)
5 ,  3 ,  85707 ,  0 ,  255 ,  9.92 ,  0.03 ,  1.79
5 ,  3 ,  85729 ,  210 ,  0 ,  9.59 ,  0.03 ,  1.69
5 ,  3 ,  85751 ,  210 ,  0 ,  9.70 ,  0.03 ,  1.69
5 ,  3 ,  85774 ,  210 ,  0 ,  11.02 ,  0.03 ,  1.69
5 ,  3 ,  85795 ,  210 ,  0 ,  14.87 ,  0.03 ,  1.79
5 ,  3 ,  85818 ,  210 ,  0 ,  19.39 ,  0.04 ,  2.28
5 ,  3 ,  85840 ,  210 ,  0 ,  23.90 ,  0.04 ,  2.88
5 ,  3 ,  85862 ,  210 ,  0 ,  27.98 ,  0.05 ,  3.47
5 ,  3 ,  85884 ,  210 ,  0 ,  31.50 ,  0.06 ,  4.17
5 ,  3 ,  85909 ,  210 ,  0 ,  34.69 ,  0.07 ,  4.86
5 ,  3 ,  85931 ,  210 ,  0 ,  37.12 ,  0.08 ,  5.36
5 ,  3 ,  85953 ,  210 ,  0 ,  39.10 ,  0.09 ,  5.85
5 ,  3 ,  85975 ,  210 ,  0 ,  40.86 ,  0.11 ,  6.35
5 ,  3 ,  85997 ,  210 ,  0 ,  42.29 ,  0.11 ,  6.75
5 ,  3 ,  86019 ,  210 ,  0 ,  43.61 ,  0.12 ,  7.14
5 ,  3 ,  86041 ,  210 ,  0 ,  44.72 ,  0.13 ,  7.44
5 ,  3 ,  86063 ,  210 ,  0 ,  45.60 ,  0.14 ,  7.74
5 ,  3 ,  86085 ,  210 ,  0 ,  46.59 ,  0.14 ,  8.04
5 ,  3 ,  86110 ,  210 ,  0 ,  47.58 ,  0.15 ,  8.33
5 ,  3 ,  86131 ,  210 ,  0 ,  48.35 ,  0.16 ,  8.63
5 ,  3 ,  86154 ,  210 ,  0 ,  49.01 ,  0.17 ,  8.83
5 ,  3 ,  86175 ,  210 ,  0 ,  49.67 ,  0.17 ,  9.03
5 ,  3 ,  86198 ,  210 ,  0 ,  50.33 ,  0.17 ,  9.23
5 ,  3 ,  86219 ,  210 ,  0 ,  50.99 ,  0.18 ,  9.53
5 ,  3 ,  86242 ,  210 ,  0 ,  51.54 ,  0.18 ,  9.62
5 ,  3 ,  86263 ,  210 ,  0 ,  51.98 ,  0.19 ,  9.82
5 ,  3 ,  86286 ,  210 ,  0 ,  52.42 ,  0.20 ,  10.02
5 ,  3 ,  86310 ,  210 ,  0 ,  52.98 ,  0.20 ,  10.22
5 ,  3 ,  86332 ,  210 ,  0 ,  53.42 ,  0.21 ,  10.32
5 ,  3 ,  86354 ,  210 ,  0 ,  53.86 ,  0.21 ,  10.52
5 ,  3 ,  86376 ,  210 ,  0 ,  54.41 ,  0.21 ,  10.62
5 ,  3 ,  86398 ,  210 ,  0 ,  54.74 ,  0.22 ,  10.81
5 ,  3 ,  86420 ,  210 ,  0 ,  55.07 ,  0.22 ,  10.81
5 ,  3 ,  86443 ,  210 ,  0 ,  55.40 ,  0.22 ,  11.01
5 ,  3 ,  86464 ,  210 ,  0 ,  55.84 ,  0.22 ,  11.11
5 ,  3 ,  86487 ,  210 ,  0 ,  56.17 ,  0.22 ,  11.21
5 ,  3 ,  86509 ,  210 ,  0 ,  56.39 ,  0.23 ,  11.41
5 ,  3 ,  86533 ,  210 ,  0 ,  56.72 ,  0.23 ,  11.51
5 ,  3 ,  86555 ,  210 ,  0 ,  56.94 ,  0.23 ,  11.61
5 ,  3 ,  86577 ,  210 ,  0 ,  57.16 ,  0.23 ,  11.71
5 ,  3 ,  86599 ,  210 ,  0 ,  57.49 ,  0.23 ,  11.71
5 ,  3 ,  86621 ,  210 ,  0 ,  57.71 ,  0.24 ,  11.81
5 ,  3 ,  86643 ,  210 ,  0 ,  57.82 ,  0.24 ,  11.91
5 ,  3 ,  86666 ,  210 ,  0 ,  58.04 ,  0.24 ,  12.01
5 ,  3 ,  86687 ,  210 ,  0 ,  58.26 ,  0.24 ,  12.01
5 ,  3 ,  86710 ,  210 ,  0 ,  58.48 ,  0.25 ,  12.10
5 ,  3 ,  86733 ,  210 ,  0 ,  58.70 ,  0.25 ,  12.20
5 ,  3 ,  86756 ,  210 ,  0 ,  58.81 ,  0.25 ,  12.20
5 ,  3 ,  86777 ,  210 ,  0 ,  58.92 ,  0.25 ,  12.30
5 ,  3 ,  86800 ,  210 ,  0 ,  59.14 ,  0.25 ,  12.30
5 ,  3 ,  86822 ,  210 ,  0 ,  59.25 ,  0.25 ,  12.40
5 ,  3 ,  86844 ,  210 ,  0 ,  59.36 ,  0.26 ,  12.40
5 ,  3 ,  86866 ,  210 ,  0 ,  59.58 ,  0.26 ,  12.50
5 ,  3 ,  86889 ,  210 ,  0 ,  59.69 ,  0.26 ,  12.50
5 ,  3 ,  86910 ,  210 ,  0 ,  59.80 ,  0.26 ,  12.60
5 ,  3 ,  86935 ,  210 ,  0 ,  59.91 ,  0.26 ,  12.60
5 ,  3 ,  86958 ,  210 ,  0 ,  60.13 ,  0.26 ,  12.70
5 ,  3 ,  86979 ,  210 ,  0 ,  60.24 ,  0.27 ,  12.70
5 ,  3 ,  87002 ,  210 ,  0 ,  60.24 ,  0.27 ,  12.80
5 ,  3 ,  87023 ,  210 ,  0 ,  60.46 ,  0.26 ,  12.80
5 ,  3 ,  87046 ,  210 ,  0 ,  60.57 ,  0.27 ,  12.80
5 ,  3 ,  87067 ,  210 ,  0 ,  60.57 ,  0.27 ,  12.90
5 ,  3 ,  87090 ,  210 ,  0 ,  60.68 ,  0.27 ,  12.90
5 ,  3 ,  87111 ,  210 ,  0 ,  60.79 ,  0.27 ,  12.90
5 ,  3 ,  87134 ,  210 ,  0 ,  60.90 ,  0.27 ,  13.00
5 ,  3 ,  87158 ,  210 ,  0 ,  60.90 ,  0.27 ,  13.00
5 ,  3 ,  87180 ,  210 ,  0 ,  61.01 ,  0.28 ,  13.00
5 ,  3 ,  87202 ,  210 ,  0 ,  61.13 ,  0.28 ,  13.10
5 ,  3 ,  87224 ,  210 ,  0 ,  61.13 ,  0.28 ,  13.10
5 ,  3 ,  87246 ,  210 ,  0 ,  61.24 ,  0.27 ,  13.10
5 ,  3 ,  87268 ,  210 ,  0 ,  61.24 ,  0.28 ,  13.20
5 ,  3 ,  87290 ,  210 ,  0 ,  61.35 ,  0.28 ,  13.20
5 ,  3 ,  87312 ,  210 ,  0 ,  61.46 ,  0.28 ,  13.20
5 ,  3 ,  87334 ,  210 ,  0 ,  61.46 ,  0.28 ,  13.20
5 ,  3 ,  87359 ,  210 ,  0 ,  61.57 ,  0.28 ,  13.30
5 ,  3 ,  87380 ,  210 ,  0 ,  61.57 ,  0.28 ,  13.30
5 ,  3 ,  87403 ,  210 ,  0 ,  61.57 ,  0.28 ,  13.30
5 ,  3 ,  87425 ,  210 ,  0 ,  61.68 ,  0.28 ,  13.30
5 ,  3 ,  87447 ,  210 ,  0 ,  61.79 ,  0.28 ,  13.30
5 ,  3 ,  87470 ,  210 ,  0 ,  61.79 ,  0.28 ,  13.39
5 ,  3 ,  87491 ,  210 ,  0 ,  61.79 ,  0.28 ,  13.39
5 ,  3 ,  87514 ,  210 ,  0 ,  61.90 ,  0.28 ,  13.39
5 ,  3 ,  87535 ,  210 ,  0 ,  62.01 ,  0.28 ,  13.39
5 ,  3 ,  87560 ,  210 ,  0 ,  62.01 ,  0.29 ,  13.39
5 ,  3 ,  87581 ,  210 ,  0 ,  62.01 ,  0.29 ,  13.49
5 ,  3 ,  87604 ,  210 ,  0 ,  62.12 ,  0.29 ,  13.49
5 ,  3 ,  87625 ,  210 ,  0 ,  62.12 ,  0.29 ,  13.49
5 ,  3 ,  87648 ,  210 ,  0 ,  62.12 ,  0.29 ,  13.49
5 ,  3 ,  87670 ,  210 ,  0 ,  62.23 ,  0.29 ,  13.49
5 ,  3 ,  87692 ,  210 ,  0 ,  62.23 ,  0.29 ,  13.49
5 ,  3 ,  87714 ,  210 ,  0 ,  62.23 ,  0.29 ,  13.49
5 ,  3 ,  87736 ,  210 ,  0 ,  62.23 ,  0.29 ,  13.49
5 ,  3 ,  87758 ,  210 ,  0 ,  62.34 ,  0.29 ,  13.59
5 ,  3 ,  87782 ,  210 ,  0 ,  62.34 ,  0.29 ,  13.59
5 ,  3 ,  87804 ,  210 ,  0 ,  62.34 ,  0.29 ,  13.59
5 ,  3 ,  87827 ,  210 ,  0 ,  62.45 ,  0.29 ,  13.59
5 ,  3 ,  87848 ,  210 ,  0 ,  62.45 ,  0.29 ,  13.59
5 ,  3 ,  87871 ,  210 ,  0 ,  62.45 ,  0.29 ,  13.59
5 ,  3 ,  87892 ,  210 ,  0 ,  62.45 ,  0.29 ,  13.59
5 ,  3 ,  87915 ,  210 ,  0 ,  62.45 ,  0.29 ,  13.59
5 ,  3 ,  87937 ,  210 ,  0 ,  62.56 ,  0.29 ,  13.59
5 ,  3 ,  87959 ,  210 ,  0 ,  62.56 ,  0.29 ,  13.69
5 ,  3 ,  87984 ,  210 ,  0 ,  62.56 ,  0.29 ,  13.69
5 ,  3 ,  88005 ,  210 ,  0 ,  62.56 ,  0.29 ,  13.69
5 ,  3 ,  88028 ,  210 ,  0 ,  62.56 ,  0.29 ,  13.69
5 ,  3 ,  88049 ,  210 ,  0 ,  62.56 ,  0.29 ,  13.69
5 ,  3 ,  88072 ,  210 ,  0 ,  62.67 ,  0.30 ,  13.69
5 ,  3 ,  88093 ,  210 ,  0 ,  62.67 ,  0.30 ,  13.79
5 ,  3 ,  88116 ,  210 ,  0 ,  62.67 ,  0.29 ,  13.69
5 ,  3 ,  88137 ,  210 ,  0 ,  62.67 ,  0.30 ,  13.69
5 ,  3 ,  88160 ,  210 ,  0 ,  62.67 ,  0.30 ,  13.79
5 ,  3 ,  88184 ,  210 ,  0 ,  62.78 ,  0.29 ,  13.79
5 ,  3 ,  88206 ,  210 ,  0 ,  62.78 ,  0.29 ,  13.79
5 ,  3 ,  88228 ,  210 ,  0 ,  62.78 ,  0.29 ,  13.79
5 ,  3 ,  88250 ,  210 ,  0 ,  62.78 ,  0.29 ,  13.79
5 ,  3 ,  88272 ,  210 ,  0 ,  62.78 ,  0.30 ,  13.79
5 ,  3 ,  88294 ,  210 ,  0 ,  62.78 ,  0.30 ,  13.79
5 ,  3 ,  88316 ,  210 ,  0 ,  62.78 ,  0.29 ,  13.79
5 ,  3 ,  88338 ,  210 ,  0 ,  62.89 ,  0.30 ,  13.79
5 ,  3 ,  88360 ,  210 ,  0 ,  62.78 ,  0.29 ,  13.79
5 ,  3 ,  88382 ,  210 ,  0 ,  62.89 ,  0.29 ,  13.79
5 ,  3 ,  88407 ,  210 ,  0 ,  62.89 ,  0.30 ,  13.79
5 ,  3 ,  88429 ,  210 ,  0 ,  62.89 ,  0.30 ,  13.79
5 ,  3 ,  88451 ,  210 ,  0 ,  62.89 ,  0.30 ,  13.89
5 ,  3 ,  88473 ,  210 ,  0 ,  62.89 ,  0.30 ,  13.89
5 ,  3 ,  88495 ,  210 ,  0 ,  62.89 ,  0.30 ,  13.89
5 ,  3 ,  88517 ,  210 ,  0 ,  62.89 ,  0.30 ,  13.89
5 ,  3 ,  88539 ,  210 ,  0 ,  62.89 ,  0.30 ,  13.89
5 ,  3 ,  88561 ,  210 ,  0 ,  62.89 ,  0.30 ,  13.89
5 ,  3 ,  88587 ,  210 ,  0 ,  62.89 ,  0.29 ,  13.89
5 ,  3 ,  88611 ,  210 ,  0 ,  63.00 ,  0.30 ,  13.89
5 ,  3 ,  88633 ,  210 ,  0 ,  63.00 ,  0.30 ,  13.89
5 ,  3 ,  88655 ,  210 ,  0 ,  62.89 ,  0.29 ,  13.89
5 ,  3 ,  88677 ,  0 ,  255 ,  63.00 ,  0.30 ,  13.89
5 ,  3 ,  88699 ,  0 ,  255 ,  62.89 ,  0.30 ,  13.89
5 ,  3 ,  88721 ,  0 ,  255 ,  62.78 ,  0.30 ,  13.89
5 ,  3 ,  88743 ,  0 ,  255 ,  59.80 ,  0.28 ,  13.59
5 ,  3 ,  88765 ,  0 ,  255 ,  55.07 ,  0.26 ,  12.80
5 ,  3 ,  88787 ,  0 ,  255 ,  51.32 ,  0.22 ,  11.91
5 ,  3 ,  88812 ,  0 ,  255 ,  47.47 ,  0.19 ,  10.91
5 ,  3 ,  88834 ,  0 ,  255 ,  44.28 ,  0.17 ,  10.02
5 ,  3 ,  88856 ,  0 ,  255 ,  41.41 ,  0.13 ,  9.13
5 ,  3 ,  88878 ,  0 ,  255 ,  38.77 ,  0.12 ,  8.43
5 ,  3 ,  88900 ,  0 ,  255 ,  36.24 ,  0.10 ,  7.94
5 ,  3 ,  88922 ,  0 ,  255 ,  34.03 ,  0.09 ,  7.34
5 ,  3 ,  88943 ,  0 ,  255 ,  32.05 ,  0.08 ,  6.75
5 ,  3 ,  88966 ,  0 ,  255 ,  30.07 ,  0.07 ,  6.25
5 ,  3 ,  88987 ,  0 ,  255 ,  28.31 ,  0.06 ,  5.75
5 ,  3 ,  89010 ,  0 ,  255 ,  26.77 ,  0.06 ,  5.36
5 ,  3 ,  89034 ,  0 ,  255 ,  25.00 ,  0.05 ,  4.96
5 ,  3 ,  89056 ,  0 ,  255 ,  23.68 ,  0.05 ,  4.56
5 ,  3 ,  89078 ,  0 ,  255 ,  22.36 ,  0.04 ,  4.27
5 ,  3 ,  89100 ,  0 ,  255 ,  21.15 ,  0.04 ,  4.07
5 ,  3 ,  89122 ,  0 ,  255 ,  20.05 ,  0.04 ,  3.77
5 ,  3 ,  89144 ,  0 ,  255 ,  18.95 ,  0.04 ,  3.57
5 ,  3 ,  89166 ,  0 ,  255 ,  17.96 ,  0.04 ,  3.37
5 ,  3 ,  89188 ,  0 ,  255 ,  17.07 ,  0.04 ,  3.18
5 ,  3 ,  89209 ,  0 ,  255 ,  16.30 ,  0.04 ,  2.98
5 ,  3 ,  89234 ,  0 ,  255 ,  15.42 ,  0.04 ,  2.78
5 ,  3 ,  89256 ,  0 ,  255 ,  14.76 ,  0.04 ,  2.68
5 ,  3 ,  89278 ,  0 ,  255 ,  13.99 ,  0.04 ,  2.58
5 ,  3 ,  89300 ,  0 ,  255 ,  13.44 ,  0.04 ,  2.38
5 ,  3 ,  89322 ,  0 ,  255 ,  12.78 ,  0.03 ,  2.28
5 ,  3 ,  89345 ,  0 ,  255 ,  12.23 ,  0.03 ,  2.28
5 ,  3 ,  89366 ,  0 ,  255 ,  11.79 ,  0.03 ,  2.18
5 ,  3 ,  89389 ,  0 ,  255 ,  11.24 ,  0.03 ,  2.08
5 ,  3 ,  89410 ,  0 ,  255 ,  10.80 ,  0.03 ,  1.89
