MS, MPT, t (s), PWMi, PWMe, Pressure (Psi), LW (V), Displacement (mm)
6 ,  5 ,  112124 ,  0 ,  255 ,  9.03 ,  0.04 ,  1.69
6 ,  5 ,  112147 ,  215 ,  0 ,  8.59 ,  0.04 ,  1.69
6 ,  5 ,  112169 ,  215 ,  0 ,  8.70 ,  0.04 ,  1.69
6 ,  5 ,  112192 ,  215 ,  0 ,  10.69 ,  0.04 ,  1.69
6 ,  5 ,  112215 ,  215 ,  0 ,  15.42 ,  0.04 ,  1.79
6 ,  5 ,  112237 ,  215 ,  0 ,  20.60 ,  0.05 ,  2.48
6 ,  5 ,  112260 ,  215 ,  0 ,  25.55 ,  0.06 ,  3.18
6 ,  5 ,  112282 ,  215 ,  0 ,  29.96 ,  0.07 ,  3.97
6 ,  5 ,  112308 ,  215 ,  0 ,  33.70 ,  0.09 ,  4.76
6 ,  5 ,  112330 ,  215 ,  0 ,  37.23 ,  0.10 ,  5.56
6 ,  5 ,  112353 ,  215 ,  0 ,  39.65 ,  0.11 ,  6.15
6 ,  5 ,  112374 ,  215 ,  0 ,  41.74 ,  0.12 ,  6.85
6 ,  5 ,  112397 ,  215 ,  0 ,  43.50 ,  0.14 ,  7.34
6 ,  5 ,  112419 ,  215 ,  0 ,  45.05 ,  0.15 ,  7.84
6 ,  5 ,  112442 ,  215 ,  0 ,  46.37 ,  0.16 ,  8.24
6 ,  5 ,  112464 ,  215 ,  0 ,  47.58 ,  0.17 ,  8.63
6 ,  5 ,  112487 ,  215 ,  0 ,  48.57 ,  0.18 ,  8.93
6 ,  5 ,  112508 ,  215 ,  0 ,  49.56 ,  0.18 ,  9.23
6 ,  5 ,  112534 ,  215 ,  0 ,  50.55 ,  0.19 ,  9.62
6 ,  5 ,  112556 ,  215 ,  0 ,  51.32 ,  0.20 ,  9.92
6 ,  5 ,  112578 ,  215 ,  0 ,  52.09 ,  0.21 ,  10.22
6 ,  5 ,  112601 ,  215 ,  0 ,  52.87 ,  0.21 ,  10.42
6 ,  5 ,  112623 ,  215 ,  0 ,  53.53 ,  0.22 ,  10.72
6 ,  5 ,  112646 ,  215 ,  0 ,  54.19 ,  0.22 ,  10.91
6 ,  5 ,  112668 ,  215 ,  0 ,  54.74 ,  0.24 ,  11.11
6 ,  5 ,  112691 ,  215 ,  0 ,  55.29 ,  0.24 ,  11.31
6 ,  5 ,  112712 ,  215 ,  0 ,  55.84 ,  0.24 ,  11.51
6 ,  5 ,  112738 ,  215 ,  0 ,  56.50 ,  0.24 ,  11.71
6 ,  5 ,  112759 ,  215 ,  0 ,  56.94 ,  0.25 ,  11.91
6 ,  5 ,  112782 ,  215 ,  0 ,  57.49 ,  0.26 ,  12.10
6 ,  5 ,  112804 ,  215 ,  0 ,  57.93 ,  0.27 ,  12.20
6 ,  5 ,  112827 ,  215 ,  0 ,  58.26 ,  0.26 ,  12.40
6 ,  5 ,  112849 ,  215 ,  0 ,  58.70 ,  0.27 ,  12.50
6 ,  5 ,  112872 ,  215 ,  0 ,  59.03 ,  0.27 ,  12.70
6 ,  5 ,  112894 ,  215 ,  0 ,  59.47 ,  0.28 ,  12.80
6 ,  5 ,  112916 ,  215 ,  0 ,  59.80 ,  0.29 ,  12.90
6 ,  5 ,  112942 ,  215 ,  0 ,  60.24 ,  0.29 ,  13.10
6 ,  5 ,  112963 ,  215 ,  0 ,  60.57 ,  0.29 ,  13.20
6 ,  5 ,  112986 ,  215 ,  0 ,  60.79 ,  0.29 ,  13.30
6 ,  5 ,  113008 ,  215 ,  0 ,  61.13 ,  0.30 ,  13.39
6 ,  5 ,  113031 ,  215 ,  0 ,  61.46 ,  0.30 ,  13.49
6 ,  5 ,  113053 ,  215 ,  0 ,  61.57 ,  0.30 ,  13.59
6 ,  5 ,  113076 ,  215 ,  0 ,  61.90 ,  0.30 ,  13.69
6 ,  5 ,  113098 ,  215 ,  0 ,  62.12 ,  0.32 ,  13.79
6 ,  5 ,  113121 ,  215 ,  0 ,  62.34 ,  0.31 ,  13.79
6 ,  5 ,  113145 ,  215 ,  0 ,  62.56 ,  0.32 ,  13.89
6 ,  5 ,  113168 ,  215 ,  0 ,  62.67 ,  0.32 ,  13.99
6 ,  5 ,  113189 ,  215 ,  0 ,  62.89 ,  0.32 ,  14.09
6 ,  5 ,  113212 ,  215 ,  0 ,  63.11 ,  0.32 ,  14.19
6 ,  5 ,  113234 ,  215 ,  0 ,  63.33 ,  0.32 ,  14.19
6 ,  5 ,  113257 ,  215 ,  0 ,  63.44 ,  0.32 ,  14.29
6 ,  5 ,  113280 ,  215 ,  0 ,  63.66 ,  0.33 ,  14.29
6 ,  5 ,  113302 ,  215 ,  0 ,  63.77 ,  0.34 ,  14.39
6 ,  5 ,  113325 ,  215 ,  0 ,  63.88 ,  0.33 ,  14.39
6 ,  5 ,  113345 ,  215 ,  0 ,  63.99 ,  0.33 ,  14.49
6 ,  5 ,  113367 ,  215 ,  0 ,  64.10 ,  0.34 ,  14.49
6 ,  5 ,  113389 ,  215 ,  0 ,  64.21 ,  0.33 ,  14.59
6 ,  5 ,  113412 ,  215 ,  0 ,  64.43 ,  0.34 ,  14.59
6 ,  5 ,  113434 ,  215 ,  0 ,  64.54 ,  0.34 ,  14.68
6 ,  5 ,  113457 ,  215 ,  0 ,  64.65 ,  0.34 ,  14.68
6 ,  5 ,  113479 ,  215 ,  0 ,  64.76 ,  0.34 ,  14.78
6 ,  5 ,  113502 ,  215 ,  0 ,  64.87 ,  0.34 ,  14.78
6 ,  5 ,  113524 ,  215 ,  0 ,  64.87 ,  0.34 ,  14.78
6 ,  5 ,  113549 ,  215 ,  0 ,  64.98 ,  0.34 ,  14.88
6 ,  5 ,  113571 ,  215 ,  0 ,  65.09 ,  0.34 ,  14.88
6 ,  5 ,  113593 ,  215 ,  0 ,  65.20 ,  0.35 ,  14.88
6 ,  5 ,  113615 ,  215 ,  0 ,  65.31 ,  0.35 ,  14.98
6 ,  5 ,  113638 ,  215 ,  0 ,  65.42 ,  0.35 ,  14.88
6 ,  5 ,  113660 ,  215 ,  0 ,  65.42 ,  0.35 ,  14.98
6 ,  5 ,  113683 ,  215 ,  0 ,  65.53 ,  0.35 ,  14.98
6 ,  5 ,  113705 ,  215 ,  0 ,  65.64 ,  0.35 ,  15.08
6 ,  5 ,  113728 ,  215 ,  0 ,  65.64 ,  0.35 ,  15.08
6 ,  5 ,  113751 ,  215 ,  0 ,  65.75 ,  0.35 ,  15.08
6 ,  5 ,  113775 ,  215 ,  0 ,  65.75 ,  0.35 ,  15.08
6 ,  5 ,  113798 ,  215 ,  0 ,  65.86 ,  0.35 ,  15.18
6 ,  5 ,  113819 ,  215 ,  0 ,  65.86 ,  0.36 ,  15.18
6 ,  5 ,  113845 ,  215 ,  0 ,  65.97 ,  0.36 ,  15.28
6 ,  5 ,  113867 ,  215 ,  0 ,  66.08 ,  0.36 ,  15.18
6 ,  5 ,  113890 ,  215 ,  0 ,  66.19 ,  0.36 ,  15.18
6 ,  5 ,  113912 ,  215 ,  0 ,  66.19 ,  0.36 ,  15.28
6 ,  5 ,  113935 ,  215 ,  0 ,  66.19 ,  0.36 ,  15.28
6 ,  5 ,  113957 ,  215 ,  0 ,  66.19 ,  0.36 ,  15.28
6 ,  5 ,  113982 ,  215 ,  0 ,  66.30 ,  0.36 ,  15.28
6 ,  5 ,  114004 ,  215 ,  0 ,  66.30 ,  0.37 ,  15.38
6 ,  5 ,  114027 ,  215 ,  0 ,  66.41 ,  0.37 ,  15.38
6 ,  5 ,  114050 ,  215 ,  0 ,  66.41 ,  0.36 ,  15.38
6 ,  5 ,  114071 ,  215 ,  0 ,  66.52 ,  0.36 ,  15.38
6 ,  5 ,  114094 ,  215 ,  0 ,  66.52 ,  0.36 ,  15.38
6 ,  5 ,  114116 ,  215 ,  0 ,  66.52 ,  0.36 ,  15.38
6 ,  5 ,  114139 ,  215 ,  0 ,  66.52 ,  0.36 ,  15.48
6 ,  5 ,  114161 ,  215 ,  0 ,  66.63 ,  0.36 ,  15.48
6 ,  5 ,  114186 ,  215 ,  0 ,  66.63 ,  0.36 ,  15.48
6 ,  5 ,  114208 ,  215 ,  0 ,  66.74 ,  0.37 ,  15.48
6 ,  5 ,  114231 ,  215 ,  0 ,  66.74 ,  0.36 ,  15.48
6 ,  5 ,  114253 ,  215 ,  0 ,  66.74 ,  0.36 ,  15.48
6 ,  5 ,  114275 ,  215 ,  0 ,  66.74 ,  0.36 ,  15.48
6 ,  5 ,  114297 ,  215 ,  0 ,  66.85 ,  0.37 ,  15.48
6 ,  5 ,  114320 ,  215 ,  0 ,  66.85 ,  0.36 ,  15.48
6 ,  5 ,  114342 ,  215 ,  0 ,  66.85 ,  0.37 ,  15.58
6 ,  5 ,  114365 ,  215 ,  0 ,  66.85 ,  0.37 ,  15.58
6 ,  5 ,  114390 ,  215 ,  0 ,  66.96 ,  0.37 ,  15.58
6 ,  5 ,  114412 ,  215 ,  0 ,  66.96 ,  0.37 ,  15.58
6 ,  5 ,  114435 ,  215 ,  0 ,  66.96 ,  0.37 ,  15.58
6 ,  5 ,  114457 ,  215 ,  0 ,  66.96 ,  0.37 ,  15.68
6 ,  5 ,  114479 ,  215 ,  0 ,  67.07 ,  0.37 ,  15.68
6 ,  5 ,  114501 ,  215 ,  0 ,  67.07 ,  0.37 ,  15.68
6 ,  5 ,  114524 ,  215 ,  0 ,  67.07 ,  0.37 ,  15.68
6 ,  5 ,  114546 ,  215 ,  0 ,  67.07 ,  0.37 ,  15.68
6 ,  5 ,  114569 ,  215 ,  0 ,  67.07 ,  0.38 ,  15.68
6 ,  5 ,  114593 ,  215 ,  0 ,  67.18 ,  0.37 ,  15.68
6 ,  5 ,  114616 ,  215 ,  0 ,  67.07 ,  0.37 ,  15.68
6 ,  5 ,  114638 ,  215 ,  0 ,  67.18 ,  0.37 ,  15.68
6 ,  5 ,  114661 ,  215 ,  0 ,  67.18 ,  0.37 ,  15.68
6 ,  5 ,  114682 ,  215 ,  0 ,  67.18 ,  0.37 ,  15.68
6 ,  5 ,  114705 ,  215 ,  0 ,  67.18 ,  0.37 ,  15.78
6 ,  5 ,  114727 ,  215 ,  0 ,  67.18 ,  0.38 ,  15.78
6 ,  5 ,  114750 ,  215 ,  0 ,  67.18 ,  0.37 ,  15.78
6 ,  5 ,  114772 ,  215 ,  0 ,  67.29 ,  0.38 ,  15.78
6 ,  5 ,  114793 ,  215 ,  0 ,  67.29 ,  0.38 ,  15.78
6 ,  5 ,  114816 ,  215 ,  0 ,  67.18 ,  0.38 ,  15.78
6 ,  5 ,  114837 ,  215 ,  0 ,  67.29 ,  0.38 ,  15.78
6 ,  5 ,  114860 ,  215 ,  0 ,  67.29 ,  0.38 ,  15.78
6 ,  5 ,  114882 ,  215 ,  0 ,  67.29 ,  0.37 ,  15.78
6 ,  5 ,  114905 ,  215 ,  0 ,  67.29 ,  0.38 ,  15.78
6 ,  5 ,  114927 ,  215 ,  0 ,  67.29 ,  0.37 ,  15.78
6 ,  5 ,  114950 ,  215 ,  0 ,  67.29 ,  0.38 ,  15.78
6 ,  5 ,  114972 ,  215 ,  0 ,  67.29 ,  0.38 ,  15.78
6 ,  5 ,  114997 ,  215 ,  0 ,  67.40 ,  0.38 ,  15.78
6 ,  5 ,  115019 ,  215 ,  0 ,  67.40 ,  0.38 ,  15.78
6 ,  5 ,  115042 ,  215 ,  0 ,  67.40 ,  0.38 ,  15.78
6 ,  5 ,  115063 ,  215 ,  0 ,  67.40 ,  0.38 ,  15.78
6 ,  5 ,  115086 ,  0 ,  255 ,  67.40 ,  0.38 ,  15.78
6 ,  5 ,  115108 ,  0 ,  255 ,  67.29 ,  0.38 ,  15.78
6 ,  5 ,  115131 ,  0 ,  255 ,  67.18 ,  0.38 ,  15.88
6 ,  5 ,  115153 ,  0 ,  255 ,  62.78 ,  0.35 ,  15.38
6 ,  5 ,  115176 ,  0 ,  255 ,  57.82 ,  0.32 ,  14.39
6 ,  5 ,  115198 ,  0 ,  255 ,  53.53 ,  0.28 ,  13.39
6 ,  5 ,  115223 ,  0 ,  255 ,  49.23 ,  0.24 ,  12.20
6 ,  5 ,  115246 ,  0 ,  255 ,  45.82 ,  0.21 ,  11.11
6 ,  5 ,  115267 ,  0 ,  255 ,  42.73 ,  0.17 ,  10.22
6 ,  5 ,  115290 ,  0 ,  255 ,  39.87 ,  0.15 ,  9.23
6 ,  5 ,  115312 ,  0 ,  255 ,  37.34 ,  0.12 ,  8.43
6 ,  5 ,  115335 ,  0 ,  255 ,  34.91 ,  0.11 ,  7.94
6 ,  5 ,  115357 ,  0 ,  255 ,  32.71 ,  0.09 ,  7.24
6 ,  5 ,  115380 ,  0 ,  255 ,  30.73 ,  0.09 ,  6.75
6 ,  5 ,  115401 ,  0 ,  255 ,  28.75 ,  0.08 ,  6.15
6 ,  5 ,  115426 ,  0 ,  255 ,  26.88 ,  0.08 ,  5.66
6 ,  5 ,  115448 ,  0 ,  255 ,  25.22 ,  0.07 ,  5.26
6 ,  5 ,  115471 ,  0 ,  255 ,  23.90 ,  0.07 ,  4.86
6 ,  5 ,  115493 ,  0 ,  255 ,  22.36 ,  0.06 ,  4.56
6 ,  5 ,  115516 ,  0 ,  255 ,  21.15 ,  0.06 ,  4.27
6 ,  5 ,  115538 ,  0 ,  255 ,  19.94 ,  0.06 ,  3.97
6 ,  5 ,  115560 ,  0 ,  255 ,  18.95 ,  0.05 ,  3.67
6 ,  5 ,  115582 ,  0 ,  255 ,  17.96 ,  0.06 ,  3.47
6 ,  5 ,  115605 ,  0 ,  255 ,  16.96 ,  0.05 ,  3.27
6 ,  5 ,  115630 ,  0 ,  255 ,  15.97 ,  0.05 ,  3.08
6 ,  5 ,  115652 ,  0 ,  255 ,  15.20 ,  0.05 ,  2.88
6 ,  5 ,  115675 ,  0 ,  255 ,  14.32 ,  0.05 ,  2.78
6 ,  5 ,  115696 ,  0 ,  255 ,  13.66 ,  0.05 ,  2.58
6 ,  5 ,  115719 ,  0 ,  255 ,  13.00 ,  0.05 ,  2.48
6 ,  5 ,  115741 ,  0 ,  255 ,  12.45 ,  0.05 ,  2.38
6 ,  5 ,  115764 ,  0 ,  255 ,  11.90 ,  0.05 ,  2.28
6 ,  5 ,  115786 ,  0 ,  255 ,  11.35 ,  0.05 ,  2.18
6 ,  5 ,  115808 ,  0 ,  255 ,  10.80 ,  0.05 ,  2.08
6 ,  5 ,  115833 ,  0 ,  255 ,  10.36 ,  0.04 ,  1.98
