MS, MPT, t (s), PWMi, PWMe, Pressure (Psi), LW (V), Displacement (mm)
10 ,  3 ,  179784 ,  0 ,  255 ,  8.59 ,  0.09 ,  1.59
10 ,  3 ,  179809 ,  235 ,  0 ,  8.04 ,  0.09 ,  1.49
10 ,  3 ,  179834 ,  235 ,  0 ,  8.15 ,  0.08 ,  1.49
10 ,  3 ,  179860 ,  235 ,  0 ,  13.22 ,  0.09 ,  1.79
10 ,  3 ,  179886 ,  235 ,  0 ,  21.04 ,  0.09 ,  2.68
10 ,  3 ,  179910 ,  235 ,  0 ,  29.08 ,  0.11 ,  3.97
10 ,  3 ,  179936 ,  235 ,  0 ,  36.02 ,  0.14 ,  5.56
10 ,  3 ,  179961 ,  235 ,  0 ,  41.63 ,  0.17 ,  7.04
10 ,  3 ,  179989 ,  235 ,  0 ,  46.37 ,  0.20 ,  8.53
10 ,  3 ,  180015 ,  235 ,  0 ,  49.78 ,  0.23 ,  9.82
10 ,  3 ,  180039 ,  235 ,  0 ,  52.42 ,  0.26 ,  10.81
10 ,  3 ,  180065 ,  235 ,  0 ,  54.85 ,  0.28 ,  11.71
10 ,  3 ,  180089 ,  235 ,  0 ,  56.83 ,  0.30 ,  12.50
10 ,  3 ,  180115 ,  235 ,  0 ,  58.59 ,  0.32 ,  13.20
10 ,  3 ,  180141 ,  235 ,  0 ,  60.13 ,  0.34 ,  13.79
10 ,  3 ,  180165 ,  235 ,  0 ,  61.46 ,  0.36 ,  14.29
10 ,  3 ,  180191 ,  235 ,  0 ,  62.78 ,  0.38 ,  14.78
10 ,  3 ,  180218 ,  235 ,  0 ,  63.99 ,  0.39 ,  15.28
10 ,  3 ,  180243 ,  235 ,  0 ,  65.09 ,  0.40 ,  15.68
10 ,  3 ,  180269 ,  235 ,  0 ,  66.08 ,  0.42 ,  15.97
10 ,  3 ,  180294 ,  235 ,  0 ,  66.96 ,  0.43 ,  16.27
10 ,  3 ,  180319 ,  235 ,  0 ,  67.84 ,  0.43 ,  16.57
10 ,  3 ,  180344 ,  235 ,  0 ,  68.61 ,  0.44 ,  16.87
10 ,  3 ,  180370 ,  235 ,  0 ,  69.49 ,  0.44 ,  17.16
10 ,  3 ,  180395 ,  235 ,  0 ,  70.27 ,  0.45 ,  17.36
10 ,  3 ,  180420 ,  235 ,  0 ,  70.93 ,  0.46 ,  17.66
10 ,  3 ,  180448 ,  235 ,  0 ,  71.70 ,  0.46 ,  17.86
10 ,  3 ,  180472 ,  235 ,  0 ,  72.36 ,  0.47 ,  18.06
10 ,  3 ,  180498 ,  235 ,  0 ,  73.02 ,  0.47 ,  18.26
10 ,  3 ,  180524 ,  235 ,  0 ,  73.57 ,  0.48 ,  18.45
10 ,  3 ,  180548 ,  235 ,  0 ,  74.23 ,  0.48 ,  18.55
10 ,  3 ,  180574 ,  235 ,  0 ,  74.67 ,  0.48 ,  18.75
10 ,  3 ,  180599 ,  235 ,  0 ,  75.33 ,  0.48 ,  18.95
10 ,  3 ,  180624 ,  235 ,  0 ,  75.77 ,  0.49 ,  19.05
10 ,  3 ,  180649 ,  235 ,  0 ,  76.21 ,  0.49 ,  19.25
10 ,  3 ,  180677 ,  235 ,  0 ,  76.76 ,  0.49 ,  19.35
10 ,  3 ,  180702 ,  235 ,  0 ,  77.20 ,  0.49 ,  19.45
10 ,  3 ,  180727 ,  235 ,  0 ,  77.75 ,  0.50 ,  19.65
10 ,  3 ,  180753 ,  235 ,  0 ,  78.08 ,  0.50 ,  19.74
10 ,  3 ,  180777 ,  235 ,  0 ,  78.41 ,  0.50 ,  19.74
10 ,  3 ,  180803 ,  235 ,  0 ,  78.86 ,  0.50 ,  19.94
10 ,  3 ,  180829 ,  235 ,  0 ,  79.19 ,  0.50 ,  20.04
10 ,  3 ,  180853 ,  235 ,  0 ,  79.52 ,  0.50 ,  20.14
10 ,  3 ,  180879 ,  235 ,  0 ,  79.85 ,  0.50 ,  20.14
10 ,  3 ,  180907 ,  235 ,  0 ,  80.18 ,  0.50 ,  20.24
10 ,  3 ,  180931 ,  235 ,  0 ,  80.51 ,  0.51 ,  20.34
10 ,  3 ,  180957 ,  235 ,  0 ,  80.73 ,  0.51 ,  20.34
10 ,  3 ,  180982 ,  235 ,  0 ,  80.95 ,  0.51 ,  20.44
10 ,  3 ,  181007 ,  235 ,  0 ,  81.17 ,  0.51 ,  20.54
10 ,  3 ,  181032 ,  235 ,  0 ,  81.39 ,  0.51 ,  20.64
10 ,  3 ,  181057 ,  235 ,  0 ,  81.61 ,  0.51 ,  20.64
10 ,  3 ,  181083 ,  235 ,  0 ,  81.83 ,  0.51 ,  20.74
10 ,  3 ,  181108 ,  235 ,  0 ,  82.05 ,  0.51 ,  20.74
10 ,  3 ,  181136 ,  235 ,  0 ,  82.16 ,  0.51 ,  20.74
10 ,  3 ,  181160 ,  235 ,  0 ,  82.38 ,  0.51 ,  20.84
10 ,  3 ,  181186 ,  235 ,  0 ,  82.49 ,  0.51 ,  20.94
10 ,  3 ,  181212 ,  235 ,  0 ,  82.60 ,  0.51 ,  20.94
10 ,  3 ,  181236 ,  235 ,  0 ,  82.71 ,  0.51 ,  20.94
10 ,  3 ,  181262 ,  235 ,  0 ,  82.93 ,  0.51 ,  20.94
10 ,  3 ,  181286 ,  235 ,  0 ,  83.04 ,  0.51 ,  21.03
10 ,  3 ,  181312 ,  235 ,  0 ,  83.15 ,  0.51 ,  21.03
10 ,  3 ,  181338 ,  235 ,  0 ,  83.26 ,  0.51 ,  21.13
10 ,  3 ,  181365 ,  235 ,  0 ,  83.37 ,  0.51 ,  21.13
10 ,  3 ,  181390 ,  235 ,  0 ,  83.48 ,  0.51 ,  21.13
10 ,  3 ,  181415 ,  235 ,  0 ,  83.59 ,  0.51 ,  21.13
10 ,  3 ,  181441 ,  235 ,  0 ,  83.59 ,  0.51 ,  21.23
10 ,  3 ,  181466 ,  235 ,  0 ,  83.70 ,  0.51 ,  21.23
10 ,  3 ,  181491 ,  235 ,  0 ,  83.81 ,  0.51 ,  21.23
10 ,  3 ,  181516 ,  235 ,  0 ,  83.81 ,  0.52 ,  21.23
10 ,  3 ,  181541 ,  235 ,  0 ,  83.92 ,  0.51 ,  21.33
10 ,  3 ,  181567 ,  235 ,  0 ,  84.03 ,  0.52 ,  21.33
10 ,  3 ,  181595 ,  235 ,  0 ,  84.14 ,  0.51 ,  21.33
10 ,  3 ,  181619 ,  235 ,  0 ,  84.14 ,  0.51 ,  21.33
10 ,  3 ,  181645 ,  235 ,  0 ,  84.25 ,  0.52 ,  21.33
10 ,  3 ,  181670 ,  235 ,  0 ,  84.36 ,  0.52 ,  21.33
10 ,  3 ,  181695 ,  235 ,  0 ,  84.36 ,  0.51 ,  21.43
10 ,  3 ,  181721 ,  235 ,  0 ,  84.36 ,  0.52 ,  21.43
10 ,  3 ,  181745 ,  235 ,  0 ,  84.47 ,  0.52 ,  21.43
10 ,  3 ,  181771 ,  235 ,  0 ,  84.47 ,  0.51 ,  21.43
10 ,  3 ,  181796 ,  235 ,  0 ,  84.58 ,  0.52 ,  21.43
10 ,  3 ,  181824 ,  235 ,  0 ,  84.58 ,  0.52 ,  21.43
10 ,  3 ,  181849 ,  235 ,  0 ,  84.69 ,  0.52 ,  21.53
10 ,  3 ,  181874 ,  235 ,  0 ,  84.69 ,  0.52 ,  21.53
10 ,  3 ,  181900 ,  235 ,  0 ,  84.69 ,  0.52 ,  21.53
10 ,  3 ,  181928 ,  235 ,  0 ,  84.80 ,  0.51 ,  21.53
10 ,  3 ,  181954 ,  235 ,  0 ,  84.80 ,  0.52 ,  21.53
10 ,  3 ,  181979 ,  235 ,  0 ,  84.80 ,  0.51 ,  21.53
10 ,  3 ,  182004 ,  235 ,  0 ,  84.91 ,  0.52 ,  21.53
10 ,  3 ,  182030 ,  235 ,  0 ,  84.91 ,  0.52 ,  21.53
10 ,  3 ,  182056 ,  235 ,  0 ,  84.91 ,  0.52 ,  21.63
10 ,  3 ,  182082 ,  235 ,  0 ,  84.91 ,  0.52 ,  21.63
10 ,  3 ,  182108 ,  235 ,  0 ,  85.02 ,  0.52 ,  21.63
10 ,  3 ,  182132 ,  235 ,  0 ,  85.02 ,  0.52 ,  21.63
10 ,  3 ,  182158 ,  235 ,  0 ,  85.02 ,  0.52 ,  21.63
10 ,  3 ,  182183 ,  235 ,  0 ,  85.02 ,  0.52 ,  21.63
10 ,  3 ,  182208 ,  235 ,  0 ,  85.02 ,  0.52 ,  21.63
10 ,  3 ,  182234 ,  235 ,  0 ,  85.02 ,  0.52 ,  21.73
10 ,  3 ,  182259 ,  235 ,  0 ,  85.13 ,  0.52 ,  21.63
10 ,  3 ,  182286 ,  235 ,  0 ,  85.13 ,  0.52 ,  21.73
10 ,  3 ,  182311 ,  235 ,  0 ,  85.13 ,  0.52 ,  21.73
10 ,  3 ,  182337 ,  235 ,  0 ,  85.13 ,  0.52 ,  21.73
10 ,  3 ,  182362 ,  235 ,  0 ,  85.13 ,  0.52 ,  21.73
10 ,  3 ,  182387 ,  235 ,  0 ,  85.24 ,  0.52 ,  21.73
10 ,  3 ,  182413 ,  235 ,  0 ,  85.24 ,  0.52 ,  21.73
10 ,  3 ,  182437 ,  235 ,  0 ,  85.24 ,  0.52 ,  21.73
10 ,  3 ,  182463 ,  235 ,  0 ,  85.24 ,  0.52 ,  21.73
10 ,  3 ,  182489 ,  235 ,  0 ,  85.24 ,  0.52 ,  21.73
10 ,  3 ,  182515 ,  235 ,  0 ,  85.24 ,  0.52 ,  21.73
10 ,  3 ,  182541 ,  235 ,  0 ,  85.35 ,  0.52 ,  21.73
10 ,  3 ,  182566 ,  235 ,  0 ,  85.24 ,  0.52 ,  21.83
10 ,  3 ,  182591 ,  235 ,  0 ,  85.35 ,  0.52 ,  21.73
10 ,  3 ,  182617 ,  235 ,  0 ,  85.35 ,  0.52 ,  21.83
10 ,  3 ,  182642 ,  235 ,  0 ,  85.35 ,  0.52 ,  21.83
10 ,  3 ,  182667 ,  235 ,  0 ,  85.35 ,  0.52 ,  21.83
10 ,  3 ,  182692 ,  235 ,  0 ,  85.35 ,  0.52 ,  21.83
10 ,  3 ,  182717 ,  235 ,  0 ,  85.35 ,  0.52 ,  21.83
10 ,  3 ,  182745 ,  0 ,  255 ,  85.35 ,  0.52 ,  21.83
10 ,  3 ,  182770 ,  0 ,  255 ,  83.48 ,  0.52 ,  21.83
10 ,  3 ,  182796 ,  0 ,  255 ,  77.97 ,  0.51 ,  21.13
10 ,  3 ,  182820 ,  0 ,  255 ,  70.71 ,  0.50 ,  20.04
10 ,  3 ,  182846 ,  0 ,  255 ,  63.77 ,  0.47 ,  18.55
10 ,  3 ,  182871 ,  0 ,  255 ,  57.49 ,  0.43 ,  16.87
10 ,  3 ,  182896 ,  0 ,  255 ,  51.87 ,  0.37 ,  15.18
10 ,  3 ,  182922 ,  0 ,  255 ,  47.14 ,  0.30 ,  13.49
10 ,  3 ,  182946 ,  0 ,  255 ,  43.06 ,  0.25 ,  11.81
10 ,  3 ,  182974 ,  0 ,  255 ,  39.10 ,  0.21 ,  10.22
10 ,  3 ,  183000 ,  0 ,  255 ,  35.80 ,  0.18 ,  8.93
10 ,  3 ,  183024 ,  0 ,  255 ,  33.04 ,  0.16 ,  7.94
10 ,  3 ,  183050 ,  0 ,  255 ,  30.40 ,  0.14 ,  7.04
10 ,  3 ,  183075 ,  0 ,  255 ,  27.98 ,  0.13 ,  6.15
10 ,  3 ,  183100 ,  0 ,  255 ,  25.66 ,  0.13 ,  5.56
10 ,  3 ,  183126 ,  0 ,  255 ,  23.68 ,  0.12 ,  4.96
10 ,  3 ,  183150 ,  0 ,  255 ,  21.92 ,  0.11 ,  4.56
10 ,  3 ,  183176 ,  0 ,  255 ,  20.38 ,  0.11 ,  4.07
10 ,  3 ,  183203 ,  0 ,  255 ,  18.62 ,  0.11 ,  3.67
10 ,  3 ,  183228 ,  0 ,  255 ,  17.29 ,  0.10 ,  3.37
10 ,  3 ,  183254 ,  0 ,  255 ,  15.97 ,  0.10 ,  3.08
10 ,  3 ,  183278 ,  0 ,  255 ,  14.87 ,  0.10 ,  2.88
10 ,  3 ,  183304 ,  0 ,  255 ,  13.77 ,  0.10 ,  2.58
10 ,  3 ,  183329 ,  0 ,  255 ,  12.78 ,  0.09 ,  2.38
10 ,  3 ,  183354 ,  0 ,  255 ,  12.01 ,  0.10 ,  2.28
10 ,  3 ,  183379 ,  0 ,  255 ,  11.13 ,  0.09 ,  2.08
10 ,  3 ,  183404 ,  0 ,  255 ,  10.47 ,  0.09 ,  1.98
