MS, MPT, t (s), PWMi, PWMe, Pressure (Psi), LW (V), Displacement (mm)
13 ,  2 ,  229079 ,  0 ,  255 ,  1.77 ,  0.13 ,  0.79
13 ,  2 ,  229106 ,  250 ,  0 ,  0.89 ,  0.13 ,  0.69
13 ,  2 ,  229135 ,  250 ,  0 ,  2.32 ,  0.13 ,  0.69
13 ,  2 ,  229163 ,  250 ,  0 ,  11.68 ,  0.14 ,  1.39
13 ,  2 ,  229190 ,  250 ,  0 ,  24.23 ,  0.15 ,  3.08
13 ,  2 ,  229219 ,  250 ,  0 ,  35.58 ,  0.19 ,  5.46
13 ,  2 ,  229246 ,  250 ,  0 ,  44.28 ,  0.24 ,  8.04
13 ,  2 ,  229275 ,  250 ,  0 ,  50.66 ,  0.29 ,  10.42
13 ,  2 ,  229305 ,  250 ,  0 ,  55.84 ,  0.35 ,  12.40
13 ,  2 ,  229334 ,  250 ,  0 ,  59.69 ,  0.40 ,  13.99
13 ,  2 ,  229361 ,  250 ,  0 ,  62.78 ,  0.43 ,  15.18
13 ,  2 ,  229389 ,  250 ,  0 ,  65.31 ,  0.45 ,  16.17
13 ,  2 ,  229416 ,  250 ,  0 ,  67.62 ,  0.47 ,  17.07
13 ,  2 ,  229444 ,  250 ,  0 ,  69.49 ,  0.49 ,  17.66
13 ,  2 ,  229473 ,  250 ,  0 ,  71.26 ,  0.50 ,  18.26
13 ,  2 ,  229500 ,  250 ,  0 ,  72.80 ,  0.50 ,  18.75
13 ,  2 ,  229528 ,  250 ,  0 ,  74.23 ,  0.51 ,  19.25
13 ,  2 ,  229559 ,  250 ,  0 ,  75.55 ,  0.51 ,  19.55
13 ,  2 ,  229586 ,  250 ,  0 ,  76.76 ,  0.51 ,  19.94
13 ,  2 ,  229614 ,  250 ,  0 ,  77.86 ,  0.52 ,  20.24
13 ,  2 ,  229643 ,  250 ,  0 ,  78.97 ,  0.52 ,  20.64
13 ,  2 ,  229670 ,  250 ,  0 ,  79.96 ,  0.52 ,  20.84
13 ,  2 ,  229698 ,  250 ,  0 ,  80.84 ,  0.52 ,  21.13
13 ,  2 ,  229726 ,  250 ,  0 ,  81.72 ,  0.52 ,  21.33
13 ,  2 ,  229754 ,  250 ,  0 ,  82.60 ,  0.52 ,  21.53
13 ,  2 ,  229782 ,  250 ,  0 ,  83.48 ,  0.52 ,  21.73
13 ,  2 ,  229812 ,  250 ,  0 ,  84.25 ,  0.52 ,  21.93
13 ,  2 ,  229840 ,  250 ,  0 ,  85.02 ,  0.52 ,  22.13
13 ,  2 ,  229868 ,  250 ,  0 ,  85.68 ,  0.53 ,  22.32
13 ,  2 ,  229896 ,  250 ,  0 ,  86.45 ,  0.52 ,  22.42
13 ,  2 ,  229923 ,  250 ,  0 ,  87.12 ,  0.52 ,  22.62
13 ,  2 ,  229952 ,  250 ,  0 ,  87.67 ,  0.52 ,  22.72
13 ,  2 ,  229980 ,  250 ,  0 ,  88.33 ,  0.52 ,  22.92
13 ,  2 ,  230007 ,  250 ,  0 ,  88.88 ,  0.53 ,  23.02
13 ,  2 ,  230039 ,  250 ,  0 ,  89.54 ,  0.53 ,  23.12
13 ,  2 ,  230069 ,  250 ,  0 ,  90.09 ,  0.53 ,  23.22
13 ,  2 ,  230097 ,  250 ,  0 ,  90.53 ,  0.52 ,  23.32
13 ,  2 ,  230125 ,  250 ,  0 ,  91.08 ,  0.53 ,  23.42
13 ,  2 ,  230153 ,  250 ,  0 ,  91.41 ,  0.52 ,  23.51
13 ,  2 ,  230180 ,  250 ,  0 ,  91.85 ,  0.53 ,  23.61
13 ,  2 ,  230209 ,  250 ,  0 ,  92.29 ,  0.53 ,  23.71
13 ,  2 ,  230237 ,  250 ,  0 ,  92.73 ,  0.53 ,  23.81
13 ,  2 ,  230264 ,  250 ,  0 ,  93.06 ,  0.53 ,  23.81
13 ,  2 ,  230292 ,  250 ,  0 ,  93.39 ,  0.52 ,  23.91
13 ,  2 ,  230323 ,  250 ,  0 ,  93.72 ,  0.53 ,  24.01
13 ,  2 ,  230350 ,  250 ,  0 ,  93.83 ,  0.53 ,  24.01
13 ,  2 ,  230378 ,  250 ,  0 ,  94.16 ,  0.52 ,  24.11
13 ,  2 ,  230407 ,  250 ,  0 ,  94.38 ,  0.53 ,  24.11
13 ,  2 ,  230434 ,  250 ,  0 ,  94.60 ,  0.52 ,  24.21
13 ,  2 ,  230462 ,  250 ,  0 ,  94.82 ,  0.53 ,  24.21
13 ,  2 ,  230490 ,  250 ,  0 ,  94.93 ,  0.53 ,  24.21
13 ,  2 ,  230518 ,  250 ,  0 ,  95.04 ,  0.52 ,  24.31
13 ,  2 ,  230546 ,  250 ,  0 ,  95.15 ,  0.53 ,  24.31
13 ,  2 ,  230576 ,  250 ,  0 ,  95.26 ,  0.53 ,  24.31
13 ,  2 ,  230604 ,  250 ,  0 ,  95.26 ,  0.53 ,  24.41
13 ,  2 ,  230632 ,  250 ,  0 ,  95.37 ,  0.53 ,  24.41
13 ,  2 ,  230660 ,  250 ,  0 ,  95.48 ,  0.53 ,  24.41
13 ,  2 ,  230687 ,  250 ,  0 ,  95.59 ,  0.53 ,  24.41
13 ,  2 ,  230716 ,  250 ,  0 ,  95.59 ,  0.53 ,  24.41
13 ,  2 ,  230744 ,  250 ,  0 ,  95.59 ,  0.52 ,  24.41
13 ,  2 ,  230771 ,  250 ,  0 ,  95.70 ,  0.53 ,  24.51
13 ,  2 ,  230799 ,  250 ,  0 ,  95.59 ,  0.53 ,  24.51
13 ,  2 ,  230830 ,  250 ,  0 ,  95.70 ,  0.52 ,  24.51
13 ,  2 ,  230857 ,  250 ,  0 ,  95.70 ,  0.53 ,  24.51
13 ,  2 ,  230885 ,  250 ,  0 ,  95.70 ,  0.52 ,  24.51
13 ,  2 ,  230914 ,  250 ,  0 ,  95.82 ,  0.53 ,  24.51
13 ,  2 ,  230941 ,  250 ,  0 ,  95.82 ,  0.53 ,  24.51
13 ,  2 ,  230969 ,  250 ,  0 ,  95.82 ,  0.53 ,  24.51
13 ,  2 ,  230996 ,  250 ,  0 ,  95.82 ,  0.53 ,  24.61
13 ,  2 ,  231025 ,  250 ,  0 ,  95.82 ,  0.52 ,  24.61
13 ,  2 ,  231053 ,  250 ,  0 ,  95.82 ,  0.53 ,  24.61
13 ,  2 ,  231083 ,  250 ,  0 ,  95.82 ,  0.53 ,  24.61
13 ,  2 ,  231111 ,  250 ,  0 ,  95.82 ,  0.53 ,  24.61
13 ,  2 ,  231139 ,  250 ,  0 ,  95.82 ,  0.53 ,  24.61
13 ,  2 ,  231166 ,  250 ,  0 ,  95.82 ,  0.52 ,  24.61
13 ,  2 ,  231194 ,  250 ,  0 ,  95.82 ,  0.53 ,  24.61
13 ,  2 ,  231223 ,  250 ,  0 ,  95.82 ,  0.52 ,  24.61
13 ,  2 ,  231250 ,  250 ,  0 ,  95.93 ,  0.53 ,  24.61
13 ,  2 ,  231278 ,  250 ,  0 ,  95.93 ,  0.53 ,  24.61
13 ,  2 ,  231306 ,  250 ,  0 ,  95.93 ,  0.53 ,  24.61
13 ,  2 ,  231336 ,  250 ,  0 ,  95.93 ,  0.53 ,  24.61
13 ,  2 ,  231364 ,  250 ,  0 ,  95.93 ,  0.53 ,  24.61
13 ,  2 ,  231392 ,  250 ,  0 ,  95.82 ,  0.53 ,  24.61
13 ,  2 ,  231419 ,  250 ,  0 ,  95.82 ,  0.53 ,  24.71
13 ,  2 ,  231448 ,  250 ,  0 ,  95.82 ,  0.53 ,  24.71
13 ,  2 ,  231476 ,  250 ,  0 ,  95.93 ,  0.52 ,  24.61
13 ,  2 ,  231503 ,  250 ,  0 ,  95.82 ,  0.53 ,  24.71
13 ,  2 ,  231531 ,  250 ,  0 ,  95.82 ,  0.53 ,  24.71
13 ,  2 ,  231560 ,  250 ,  0 ,  95.93 ,  0.52 ,  24.71
13 ,  2 ,  231589 ,  250 ,  0 ,  95.93 ,  0.53 ,  24.71
13 ,  2 ,  231617 ,  250 ,  0 ,  95.93 ,  0.52 ,  24.71
13 ,  2 ,  231646 ,  250 ,  0 ,  95.82 ,  0.52 ,  24.71
13 ,  2 ,  231673 ,  250 ,  0 ,  95.93 ,  0.53 ,  24.71
13 ,  2 ,  231701 ,  250 ,  0 ,  95.93 ,  0.53 ,  24.71
13 ,  2 ,  231729 ,  250 ,  0 ,  95.93 ,  0.53 ,  24.71
13 ,  2 ,  231757 ,  250 ,  0 ,  95.82 ,  0.53 ,  24.71
13 ,  2 ,  231785 ,  250 ,  0 ,  95.93 ,  0.52 ,  24.71
13 ,  2 ,  231813 ,  250 ,  0 ,  95.93 ,  0.53 ,  24.71
13 ,  2 ,  231843 ,  250 ,  0 ,  95.93 ,  0.53 ,  24.71
13 ,  2 ,  231871 ,  250 ,  0 ,  95.82 ,  0.53 ,  24.71
13 ,  2 ,  231899 ,  250 ,  0 ,  95.93 ,  0.53 ,  24.71
13 ,  2 ,  231926 ,  250 ,  0 ,  95.93 ,  0.53 ,  24.71
13 ,  2 ,  231955 ,  250 ,  0 ,  95.93 ,  0.53 ,  24.71
13 ,  2 ,  231983 ,  250 ,  0 ,  95.93 ,  0.53 ,  24.71
13 ,  2 ,  232010 ,  250 ,  0 ,  95.93 ,  0.52 ,  24.71
13 ,  2 ,  232038 ,  0 ,  255 ,  95.93 ,  0.53 ,  24.71
13 ,  2 ,  232067 ,  0 ,  255 ,  91.85 ,  0.53 ,  24.61
13 ,  2 ,  232096 ,  0 ,  255 ,  82.16 ,  0.52 ,  23.42
13 ,  2 ,  232124 ,  0 ,  255 ,  71.37 ,  0.52 ,  21.73
13 ,  2 ,  232153 ,  0 ,  255 ,  62.12 ,  0.51 ,  19.45
13 ,  2 ,  232180 ,  0 ,  255 ,  54.08 ,  0.47 ,  16.97
13 ,  2 ,  232208 ,  0 ,  255 ,  47.47 ,  0.39 ,  14.59
13 ,  2 ,  232236 ,  0 ,  255 ,  41.74 ,  0.30 ,  12.20
13 ,  2 ,  232264 ,  0 ,  255 ,  36.35 ,  0.24 ,  10.02
13 ,  2 ,  232292 ,  0 ,  255 ,  31.50 ,  0.21 ,  8.04
13 ,  2 ,  232320 ,  0 ,  255 ,  27.10 ,  0.19 ,  6.55
13 ,  2 ,  232349 ,  0 ,  255 ,  22.36 ,  0.17 ,  5.16
13 ,  2 ,  232378 ,  0 ,  255 ,  18.62 ,  0.16 ,  4.07
13 ,  2 ,  232406 ,  0 ,  255 ,  14.98 ,  0.15 ,  3.27
13 ,  2 ,  232433 ,  0 ,  255 ,  11.90 ,  0.15 ,  2.58
13 ,  2 ,  232461 ,  0 ,  255 ,  9.03 ,  0.15 ,  2.08
13 ,  2 ,  232488 ,  0 ,  255 ,  6.50 ,  0.14 ,  1.59
