MS, MPT, t (s), PWMi, PWMe, Pressure (Psi), LW (V), Displacement (mm)
14 ,  2 ,  246536 ,  0 ,  255 ,  1.55 ,  0.15 ,  0.79
14 ,  2 ,  246565 ,  255 ,  0 ,  0.67 ,  0.14 ,  0.69
14 ,  2 ,  246596 ,  255 ,  0 ,  2.98 ,  0.13 ,  0.60
14 ,  2 ,  246626 ,  255 ,  0 ,  14.32 ,  0.15 ,  1.69
14 ,  2 ,  246657 ,  255 ,  0 ,  29.08 ,  0.18 ,  3.87
14 ,  2 ,  246687 ,  255 ,  0 ,  41.30 ,  0.23 ,  6.95
14 ,  2 ,  246717 ,  255 ,  0 ,  50.22 ,  0.30 ,  10.12
14 ,  2 ,  246748 ,  255 ,  0 ,  56.61 ,  0.37 ,  12.70
14 ,  2 ,  246780 ,  255 ,  0 ,  61.79 ,  0.43 ,  14.88
14 ,  2 ,  246810 ,  255 ,  0 ,  65.53 ,  0.47 ,  16.27
14 ,  2 ,  246841 ,  255 ,  0 ,  68.50 ,  0.48 ,  17.36
14 ,  2 ,  246871 ,  255 ,  0 ,  70.93 ,  0.50 ,  18.26
14 ,  2 ,  246901 ,  255 ,  0 ,  73.02 ,  0.50 ,  18.95
14 ,  2 ,  246931 ,  255 ,  0 ,  74.89 ,  0.51 ,  19.55
14 ,  2 ,  246962 ,  255 ,  0 ,  76.43 ,  0.52 ,  20.04
14 ,  2 ,  246991 ,  255 ,  0 ,  77.86 ,  0.52 ,  20.44
14 ,  2 ,  247022 ,  255 ,  0 ,  79.30 ,  0.52 ,  20.74
14 ,  2 ,  247054 ,  255 ,  0 ,  80.51 ,  0.52 ,  21.13
14 ,  2 ,  247085 ,  255 ,  0 ,  81.72 ,  0.52 ,  21.43
14 ,  2 ,  247114 ,  255 ,  0 ,  82.71 ,  0.52 ,  21.73
14 ,  2 ,  247145 ,  255 ,  0 ,  83.70 ,  0.53 ,  22.03
14 ,  2 ,  247175 ,  255 ,  0 ,  84.69 ,  0.53 ,  22.22
14 ,  2 ,  247205 ,  255 ,  0 ,  85.57 ,  0.53 ,  22.32
14 ,  2 ,  247235 ,  255 ,  0 ,  86.45 ,  0.52 ,  22.62
14 ,  2 ,  247266 ,  255 ,  0 ,  87.23 ,  0.52 ,  22.82
14 ,  2 ,  247296 ,  255 ,  0 ,  88.00 ,  0.53 ,  23.02
14 ,  2 ,  247328 ,  255 ,  0 ,  88.77 ,  0.53 ,  23.22
14 ,  2 ,  247358 ,  255 ,  0 ,  89.54 ,  0.53 ,  23.32
14 ,  2 ,  247389 ,  255 ,  0 ,  90.20 ,  0.53 ,  23.42
14 ,  2 ,  247418 ,  255 ,  0 ,  90.75 ,  0.53 ,  23.61
14 ,  2 ,  247449 ,  255 ,  0 ,  91.41 ,  0.52 ,  23.71
14 ,  2 ,  247479 ,  255 ,  0 ,  91.96 ,  0.53 ,  23.81
14 ,  2 ,  247508 ,  255 ,  0 ,  92.51 ,  0.53 ,  23.91
14 ,  2 ,  247539 ,  255 ,  0 ,  93.06 ,  0.53 ,  24.01
14 ,  2 ,  247569 ,  255 ,  0 ,  93.50 ,  0.53 ,  24.11
14 ,  2 ,  247602 ,  255 ,  0 ,  94.05 ,  0.52 ,  24.21
14 ,  2 ,  247632 ,  255 ,  0 ,  94.49 ,  0.53 ,  24.31
14 ,  2 ,  247662 ,  255 ,  0 ,  94.93 ,  0.53 ,  24.41
14 ,  2 ,  247693 ,  255 ,  0 ,  95.26 ,  0.53 ,  24.51
14 ,  2 ,  247723 ,  255 ,  0 ,  95.59 ,  0.53 ,  24.51
14 ,  2 ,  247752 ,  255 ,  0 ,  95.82 ,  0.53 ,  24.61
14 ,  2 ,  247783 ,  255 ,  0 ,  96.15 ,  0.53 ,  24.61
14 ,  2 ,  247813 ,  255 ,  0 ,  96.26 ,  0.53 ,  24.71
14 ,  2 ,  247843 ,  255 ,  0 ,  96.48 ,  0.53 ,  24.71
14 ,  2 ,  247876 ,  255 ,  0 ,  96.59 ,  0.53 ,  24.80
14 ,  2 ,  247906 ,  255 ,  0 ,  96.70 ,  0.53 ,  24.71
14 ,  2 ,  247937 ,  255 ,  0 ,  96.81 ,  0.53 ,  24.80
14 ,  2 ,  247966 ,  255 ,  0 ,  96.81 ,  0.53 ,  24.80
14 ,  2 ,  247997 ,  255 ,  0 ,  96.81 ,  0.53 ,  24.90
14 ,  2 ,  248027 ,  255 ,  0 ,  96.92 ,  0.53 ,  24.90
14 ,  2 ,  248057 ,  255 ,  0 ,  97.03 ,  0.52 ,  24.90
14 ,  2 ,  248087 ,  255 ,  0 ,  96.92 ,  0.53 ,  24.90
14 ,  2 ,  248122 ,  255 ,  0 ,  96.92 ,  0.53 ,  24.90
14 ,  2 ,  248154 ,  255 ,  0 ,  97.03 ,  0.53 ,  25.00
14 ,  2 ,  248184 ,  255 ,  0 ,  97.03 ,  0.53 ,  24.90
14 ,  2 ,  248214 ,  255 ,  0 ,  97.03 ,  0.53 ,  25.00
14 ,  2 ,  248245 ,  255 ,  0 ,  97.03 ,  0.53 ,  25.00
14 ,  2 ,  248274 ,  255 ,  0 ,  97.03 ,  0.53 ,  25.00
14 ,  2 ,  248305 ,  255 ,  0 ,  97.03 ,  0.53 ,  25.00
14 ,  2 ,  248335 ,  255 ,  0 ,  97.03 ,  0.53 ,  25.00
14 ,  2 ,  248366 ,  255 ,  0 ,  96.92 ,  0.53 ,  25.00
14 ,  2 ,  248395 ,  255 ,  0 ,  97.03 ,  0.53 ,  25.00
14 ,  2 ,  248428 ,  255 ,  0 ,  96.92 ,  0.53 ,  24.90
14 ,  2 ,  248458 ,  255 ,  0 ,  96.92 ,  0.53 ,  25.00
14 ,  2 ,  248488 ,  255 ,  0 ,  96.92 ,  0.52 ,  25.00
14 ,  2 ,  248518 ,  255 ,  0 ,  97.03 ,  0.53 ,  25.00
14 ,  2 ,  248549 ,  255 ,  0 ,  97.03 ,  0.53 ,  25.00
14 ,  2 ,  248579 ,  255 ,  0 ,  97.03 ,  0.53 ,  25.00
14 ,  2 ,  248609 ,  255 ,  0 ,  96.92 ,  0.53 ,  25.00
14 ,  2 ,  248639 ,  255 ,  0 ,  96.92 ,  0.53 ,  25.00
14 ,  2 ,  248669 ,  255 ,  0 ,  96.92 ,  0.52 ,  25.00
14 ,  2 ,  248701 ,  255 ,  0 ,  96.92 ,  0.53 ,  25.00
14 ,  2 ,  248732 ,  255 ,  0 ,  96.92 ,  0.53 ,  25.10
14 ,  2 ,  248762 ,  255 ,  0 ,  96.92 ,  0.52 ,  25.10
14 ,  2 ,  248792 ,  255 ,  0 ,  96.92 ,  0.53 ,  25.10
14 ,  2 ,  248822 ,  255 ,  0 ,  96.92 ,  0.53 ,  25.10
14 ,  2 ,  248852 ,  255 ,  0 ,  96.92 ,  0.53 ,  25.10
14 ,  2 ,  248883 ,  255 ,  0 ,  96.92 ,  0.53 ,  25.10
14 ,  2 ,  248912 ,  255 ,  0 ,  96.92 ,  0.53 ,  25.10
14 ,  2 ,  248943 ,  255 ,  0 ,  96.92 ,  0.53 ,  25.10
14 ,  2 ,  248975 ,  255 ,  0 ,  96.92 ,  0.53 ,  25.10
14 ,  2 ,  249006 ,  255 ,  0 ,  96.92 ,  0.53 ,  25.10
14 ,  2 ,  249035 ,  255 ,  0 ,  96.92 ,  0.52 ,  25.10
14 ,  2 ,  249066 ,  255 ,  0 ,  96.92 ,  0.53 ,  25.10
14 ,  2 ,  249096 ,  255 ,  0 ,  96.92 ,  0.53 ,  25.10
14 ,  2 ,  249126 ,  255 ,  0 ,  96.92 ,  0.53 ,  25.10
14 ,  2 ,  249156 ,  255 ,  0 ,  96.92 ,  0.53 ,  25.10
14 ,  2 ,  249187 ,  255 ,  0 ,  96.92 ,  0.53 ,  25.10
14 ,  2 ,  249217 ,  255 ,  0 ,  96.92 ,  0.52 ,  25.10
14 ,  2 ,  249249 ,  255 ,  0 ,  96.92 ,  0.53 ,  25.10
14 ,  2 ,  249279 ,  255 ,  0 ,  96.92 ,  0.52 ,  25.10
14 ,  2 ,  249310 ,  255 ,  0 ,  96.92 ,  0.52 ,  25.10
14 ,  2 ,  249339 ,  255 ,  0 ,  96.92 ,  0.53 ,  25.10
14 ,  2 ,  249370 ,  255 ,  0 ,  96.92 ,  0.53 ,  25.10
14 ,  2 ,  249400 ,  255 ,  0 ,  96.92 ,  0.53 ,  25.10
14 ,  2 ,  249431 ,  255 ,  0 ,  96.92 ,  0.53 ,  25.10
14 ,  2 ,  249460 ,  255 ,  0 ,  96.92 ,  0.53 ,  25.10
14 ,  2 ,  249491 ,  0 ,  255 ,  96.92 ,  0.52 ,  25.10
14 ,  2 ,  249523 ,  0 ,  255 ,  91.41 ,  0.53 ,  24.80
14 ,  2 ,  249553 ,  0 ,  255 ,  81.17 ,  0.52 ,  23.61
14 ,  2 ,  249583 ,  0 ,  255 ,  69.38 ,  0.52 ,  21.43
14 ,  2 ,  249614 ,  0 ,  255 ,  59.80 ,  0.51 ,  18.95
14 ,  2 ,  249644 ,  0 ,  255 ,  51.65 ,  0.46 ,  16.37
14 ,  2 ,  249674 ,  0 ,  255 ,  44.94 ,  0.37 ,  13.69
14 ,  2 ,  249704 ,  0 ,  255 ,  38.88 ,  0.28 ,  11.11
14 ,  2 ,  249734 ,  0 ,  255 ,  33.48 ,  0.23 ,  8.93
14 ,  2 ,  249764 ,  0 ,  255 ,  28.53 ,  0.21 ,  7.04
14 ,  2 ,  249797 ,  0 ,  255 ,  23.46 ,  0.19 ,  5.46
14 ,  2 ,  249827 ,  0 ,  255 ,  19.17 ,  0.18 ,  4.27
14 ,  2 ,  249857 ,  0 ,  255 ,  15.31 ,  0.17 ,  3.37
14 ,  2 ,  249887 ,  0 ,  255 ,  11.90 ,  0.16 ,  2.68
14 ,  2 ,  249917 ,  0 ,  255 ,  8.92 ,  0.16 ,  2.08
14 ,  2 ,  249947 ,  0 ,  255 ,  6.17 ,  0.15 ,  1.59
