MS, MPT, t (s), PWMi, PWMe, Pressure (Psi), LW (V), Displacement (mm)
14 ,  3 ,  250028 ,  0 ,  255 ,  1.55 ,  0.14 ,  0.79
14 ,  3 ,  250058 ,  255 ,  0 ,  0.67 ,  0.14 ,  0.69
14 ,  3 ,  250089 ,  255 ,  0 ,  2.98 ,  0.14 ,  0.60
14 ,  3 ,  250119 ,  255 ,  0 ,  14.32 ,  0.15 ,  1.69
14 ,  3 ,  250149 ,  255 ,  0 ,  28.97 ,  0.18 ,  3.97
14 ,  3 ,  250179 ,  255 ,  0 ,  41.30 ,  0.23 ,  7.04
14 ,  3 ,  250210 ,  255 ,  0 ,  50.11 ,  0.30 ,  10.12
14 ,  3 ,  250241 ,  255 ,  0 ,  56.61 ,  0.37 ,  12.70
14 ,  3 ,  250273 ,  255 ,  0 ,  61.79 ,  0.43 ,  14.88
14 ,  3 ,  250303 ,  255 ,  0 ,  65.53 ,  0.47 ,  16.27
14 ,  3 ,  250334 ,  255 ,  0 ,  68.39 ,  0.49 ,  17.36
14 ,  3 ,  250363 ,  255 ,  0 ,  70.93 ,  0.50 ,  18.26
14 ,  3 ,  250394 ,  255 ,  0 ,  72.91 ,  0.50 ,  18.95
14 ,  3 ,  250424 ,  255 ,  0 ,  74.78 ,  0.51 ,  19.55
14 ,  3 ,  250455 ,  255 ,  0 ,  76.32 ,  0.51 ,  20.04
14 ,  3 ,  250484 ,  255 ,  0 ,  77.86 ,  0.52 ,  20.44
14 ,  3 ,  250515 ,  255 ,  0 ,  79.08 ,  0.52 ,  20.74
14 ,  3 ,  250548 ,  255 ,  0 ,  80.51 ,  0.52 ,  21.13
14 ,  3 ,  250577 ,  255 ,  0 ,  81.61 ,  0.52 ,  21.43
14 ,  3 ,  250608 ,  255 ,  0 ,  82.60 ,  0.52 ,  21.73
14 ,  3 ,  250638 ,  255 ,  0 ,  83.59 ,  0.52 ,  21.93
14 ,  3 ,  250669 ,  255 ,  0 ,  84.58 ,  0.52 ,  22.22
14 ,  3 ,  250698 ,  255 ,  0 ,  85.46 ,  0.53 ,  22.42
14 ,  3 ,  250729 ,  255 ,  0 ,  86.34 ,  0.52 ,  22.72
14 ,  3 ,  250759 ,  255 ,  0 ,  87.12 ,  0.52 ,  22.92
14 ,  3 ,  250789 ,  255 ,  0 ,  87.89 ,  0.53 ,  23.02
14 ,  3 ,  250821 ,  255 ,  0 ,  88.66 ,  0.53 ,  23.22
14 ,  3 ,  250852 ,  255 ,  0 ,  89.43 ,  0.53 ,  23.32
14 ,  3 ,  250883 ,  255 ,  0 ,  90.09 ,  0.53 ,  23.51
14 ,  3 ,  250912 ,  255 ,  0 ,  90.64 ,  0.53 ,  23.61
14 ,  3 ,  250943 ,  255 ,  0 ,  91.30 ,  0.53 ,  23.71
14 ,  3 ,  250974 ,  255 ,  0 ,  91.85 ,  0.53 ,  23.81
14 ,  3 ,  251003 ,  255 ,  0 ,  92.40 ,  0.52 ,  23.91
14 ,  3 ,  251034 ,  255 ,  0 ,  92.95 ,  0.53 ,  24.11
14 ,  3 ,  251064 ,  255 ,  0 ,  93.39 ,  0.53 ,  24.21
14 ,  3 ,  251097 ,  255 ,  0 ,  93.94 ,  0.53 ,  24.21
14 ,  3 ,  251126 ,  255 ,  0 ,  94.38 ,  0.53 ,  24.31
14 ,  3 ,  251157 ,  255 ,  0 ,  94.82 ,  0.53 ,  24.41
14 ,  3 ,  251187 ,  255 ,  0 ,  95.15 ,  0.53 ,  24.51
14 ,  3 ,  251217 ,  255 ,  0 ,  95.48 ,  0.53 ,  24.61
14 ,  3 ,  251247 ,  255 ,  0 ,  95.82 ,  0.53 ,  24.61
14 ,  3 ,  251278 ,  255 ,  0 ,  96.04 ,  0.53 ,  24.71
14 ,  3 ,  251308 ,  255 ,  0 ,  96.26 ,  0.53 ,  24.71
14 ,  3 ,  251338 ,  255 ,  0 ,  96.37 ,  0.52 ,  24.80
14 ,  3 ,  251371 ,  255 ,  0 ,  96.59 ,  0.53 ,  24.80
14 ,  3 ,  251401 ,  255 ,  0 ,  96.70 ,  0.52 ,  24.80
14 ,  3 ,  251431 ,  255 ,  0 ,  96.81 ,  0.53 ,  24.80
14 ,  3 ,  251461 ,  255 ,  0 ,  96.81 ,  0.53 ,  24.80
14 ,  3 ,  251492 ,  255 ,  0 ,  96.81 ,  0.53 ,  24.90
14 ,  3 ,  251522 ,  255 ,  0 ,  96.92 ,  0.53 ,  24.90
14 ,  3 ,  251552 ,  255 ,  0 ,  96.92 ,  0.53 ,  24.90
14 ,  3 ,  251582 ,  255 ,  0 ,  96.92 ,  0.53 ,  24.90
14 ,  3 ,  251613 ,  255 ,  0 ,  97.03 ,  0.53 ,  24.90
14 ,  3 ,  251645 ,  255 ,  0 ,  97.03 ,  0.52 ,  25.00
14 ,  3 ,  251675 ,  255 ,  0 ,  96.92 ,  0.53 ,  25.00
14 ,  3 ,  251706 ,  255 ,  0 ,  97.03 ,  0.53 ,  25.00
14 ,  3 ,  251736 ,  255 ,  0 ,  96.92 ,  0.53 ,  25.00
14 ,  3 ,  251766 ,  255 ,  0 ,  97.03 ,  0.53 ,  25.00
14 ,  3 ,  251796 ,  255 ,  0 ,  97.03 ,  0.53 ,  25.00
14 ,  3 ,  251827 ,  255 ,  0 ,  97.03 ,  0.53 ,  25.00
14 ,  3 ,  251856 ,  255 ,  0 ,  96.92 ,  0.53 ,  25.00
14 ,  3 ,  251887 ,  255 ,  0 ,  97.03 ,  0.53 ,  25.00
14 ,  3 ,  251919 ,  255 ,  0 ,  97.03 ,  0.53 ,  25.00
14 ,  3 ,  251950 ,  255 ,  0 ,  97.03 ,  0.53 ,  25.10
14 ,  3 ,  251979 ,  255 ,  0 ,  97.03 ,  0.53 ,  25.00
14 ,  3 ,  252010 ,  255 ,  0 ,  97.03 ,  0.52 ,  25.10
14 ,  3 ,  252040 ,  255 ,  0 ,  97.03 ,  0.53 ,  25.10
14 ,  3 ,  252070 ,  255 ,  0 ,  97.03 ,  0.53 ,  25.10
14 ,  3 ,  252100 ,  255 ,  0 ,  97.03 ,  0.53 ,  25.10
14 ,  3 ,  252131 ,  255 ,  0 ,  96.92 ,  0.53 ,  25.10
14 ,  3 ,  252161 ,  255 ,  0 ,  97.03 ,  0.53 ,  25.10
14 ,  3 ,  252193 ,  255 ,  0 ,  96.92 ,  0.53 ,  25.00
14 ,  3 ,  252223 ,  255 ,  0 ,  97.03 ,  0.53 ,  25.10
14 ,  3 ,  252254 ,  255 ,  0 ,  96.92 ,  0.53 ,  25.10
14 ,  3 ,  252283 ,  255 ,  0 ,  96.92 ,  0.53 ,  25.10
14 ,  3 ,  252314 ,  255 ,  0 ,  96.92 ,  0.53 ,  25.10
14 ,  3 ,  252344 ,  255 ,  0 ,  96.92 ,  0.53 ,  25.10
14 ,  3 ,  252375 ,  255 ,  0 ,  96.92 ,  0.53 ,  25.10
14 ,  3 ,  252404 ,  255 ,  0 ,  96.92 ,  0.53 ,  25.20
14 ,  3 ,  252435 ,  255 ,  0 ,  96.92 ,  0.53 ,  25.10
14 ,  3 ,  252468 ,  255 ,  0 ,  96.92 ,  0.53 ,  25.10
14 ,  3 ,  252497 ,  255 ,  0 ,  96.92 ,  0.53 ,  25.20
14 ,  3 ,  252528 ,  255 ,  0 ,  96.92 ,  0.53 ,  25.10
14 ,  3 ,  252558 ,  255 ,  0 ,  97.03 ,  0.53 ,  25.10
14 ,  3 ,  252589 ,  255 ,  0 ,  96.92 ,  0.53 ,  25.20
14 ,  3 ,  252618 ,  255 ,  0 ,  96.92 ,  0.53 ,  25.10
14 ,  3 ,  252649 ,  255 ,  0 ,  96.92 ,  0.53 ,  25.10
14 ,  3 ,  252679 ,  255 ,  0 ,  96.92 ,  0.52 ,  25.20
14 ,  3 ,  252709 ,  255 ,  0 ,  96.92 ,  0.53 ,  25.20
14 ,  3 ,  252741 ,  255 ,  0 ,  96.92 ,  0.53 ,  25.20
14 ,  3 ,  252772 ,  255 ,  0 ,  96.92 ,  0.53 ,  25.20
14 ,  3 ,  252802 ,  255 ,  0 ,  96.92 ,  0.53 ,  25.20
14 ,  3 ,  252832 ,  255 ,  0 ,  96.92 ,  0.53 ,  25.20
14 ,  3 ,  252862 ,  255 ,  0 ,  97.03 ,  0.53 ,  25.20
14 ,  3 ,  252893 ,  255 ,  0 ,  96.92 ,  0.52 ,  25.20
14 ,  3 ,  252922 ,  255 ,  0 ,  96.92 ,  0.53 ,  25.20
14 ,  3 ,  252953 ,  255 ,  0 ,  96.92 ,  0.52 ,  25.20
14 ,  3 ,  252984 ,  0 ,  255 ,  96.92 ,  0.53 ,  25.20
14 ,  3 ,  253016 ,  0 ,  255 ,  91.52 ,  0.53 ,  24.90
14 ,  3 ,  253046 ,  0 ,  255 ,  81.17 ,  0.53 ,  23.61
14 ,  3 ,  253076 ,  0 ,  255 ,  69.38 ,  0.52 ,  21.43
14 ,  3 ,  253107 ,  0 ,  255 ,  59.69 ,  0.51 ,  18.95
14 ,  3 ,  253136 ,  0 ,  255 ,  51.54 ,  0.46 ,  16.27
14 ,  3 ,  253167 ,  0 ,  255 ,  44.83 ,  0.37 ,  13.59
14 ,  3 ,  253197 ,  0 ,  255 ,  38.77 ,  0.28 ,  11.11
14 ,  3 ,  253228 ,  0 ,  255 ,  33.37 ,  0.23 ,  8.83
14 ,  3 ,  253257 ,  0 ,  255 ,  28.31 ,  0.20 ,  7.04
14 ,  3 ,  253290 ,  0 ,  255 ,  23.46 ,  0.19 ,  5.46
14 ,  3 ,  253320 ,  0 ,  255 ,  19.17 ,  0.18 ,  4.27
14 ,  3 ,  253350 ,  0 ,  255 ,  15.20 ,  0.17 ,  3.37
14 ,  3 ,  253380 ,  0 ,  255 ,  11.79 ,  0.17 ,  2.58
14 ,  3 ,  253411 ,  0 ,  255 ,  8.81 ,  0.16 ,  2.08
14 ,  3 ,  253441 ,  0 ,  255 ,  6.17 ,  0.16 ,  1.59
