MS, MPT, t (s), PWMi, PWMe, Pressure (Psi), LW (V), Displacement (mm)
17 ,  2 ,  299489 ,  0 ,  245 ,  10.03 ,  0.14 ,  1.79
17 ,  2 ,  299522 ,  255 ,  0 ,  9.70 ,  0.14 ,  1.79
17 ,  2 ,  299554 ,  255 ,  0 ,  11.46 ,  0.14 ,  1.69
17 ,  2 ,  299587 ,  255 ,  0 ,  22.69 ,  0.15 ,  2.98
17 ,  2 ,  299620 ,  255 ,  0 ,  36.35 ,  0.20 ,  5.66
17 ,  2 ,  299654 ,  255 ,  0 ,  47.36 ,  0.27 ,  8.93
17 ,  2 ,  299686 ,  255 ,  0 ,  55.29 ,  0.35 ,  12.01
17 ,  2 ,  299719 ,  255 ,  0 ,  61.01 ,  0.43 ,  14.49
17 ,  2 ,  299755 ,  255 ,  0 ,  65.64 ,  0.47 ,  16.37
17 ,  2 ,  299788 ,  255 ,  0 ,  69.05 ,  0.49 ,  17.66
17 ,  2 ,  299821 ,  255 ,  0 ,  71.70 ,  0.50 ,  18.55
17 ,  2 ,  299853 ,  255 ,  0 ,  73.90 ,  0.51 ,  19.35
17 ,  2 ,  299886 ,  255 ,  0 ,  75.88 ,  0.52 ,  19.94
17 ,  2 ,  299919 ,  255 ,  0 ,  77.53 ,  0.52 ,  20.54
17 ,  2 ,  299952 ,  255 ,  0 ,  78.97 ,  0.52 ,  20.94
17 ,  2 ,  299985 ,  255 ,  0 ,  80.40 ,  0.52 ,  21.33
17 ,  2 ,  300018 ,  255 ,  0 ,  81.61 ,  0.52 ,  21.63
17 ,  2 ,  300053 ,  255 ,  0 ,  82.82 ,  0.52 ,  22.03
17 ,  2 ,  300086 ,  255 ,  0 ,  83.92 ,  0.52 ,  22.32
17 ,  2 ,  300119 ,  255 ,  0 ,  84.91 ,  0.53 ,  22.52
17 ,  2 ,  300151 ,  255 ,  0 ,  85.79 ,  0.53 ,  22.82
17 ,  2 ,  300184 ,  255 ,  0 ,  86.67 ,  0.53 ,  23.02
17 ,  2 ,  300217 ,  255 ,  0 ,  87.56 ,  0.52 ,  23.22
17 ,  2 ,  300251 ,  255 ,  0 ,  88.44 ,  0.53 ,  23.42
17 ,  2 ,  300283 ,  255 ,  0 ,  89.21 ,  0.53 ,  23.51
17 ,  2 ,  300320 ,  255 ,  0 ,  89.98 ,  0.53 ,  23.71
17 ,  2 ,  300356 ,  255 ,  0 ,  90.75 ,  0.53 ,  23.91
17 ,  2 ,  300389 ,  255 ,  0 ,  91.30 ,  0.53 ,  24.01
17 ,  2 ,  300422 ,  255 ,  0 ,  91.96 ,  0.53 ,  24.21
17 ,  2 ,  300454 ,  255 ,  0 ,  92.51 ,  0.53 ,  24.31
17 ,  2 ,  300487 ,  255 ,  0 ,  93.06 ,  0.52 ,  24.41
17 ,  2 ,  300520 ,  255 ,  0 ,  93.61 ,  0.53 ,  24.41
17 ,  2 ,  300553 ,  255 ,  0 ,  94.05 ,  0.53 ,  24.51
17 ,  2 ,  300585 ,  255 ,  0 ,  94.60 ,  0.52 ,  24.71
17 ,  2 ,  300618 ,  255 ,  0 ,  94.93 ,  0.53 ,  24.71
17 ,  2 ,  300654 ,  255 ,  0 ,  95.37 ,  0.53 ,  24.80
17 ,  2 ,  300687 ,  255 ,  0 ,  95.70 ,  0.52 ,  24.90
17 ,  2 ,  300720 ,  255 ,  0 ,  95.93 ,  0.52 ,  25.00
17 ,  2 ,  300752 ,  255 ,  0 ,  96.15 ,  0.52 ,  25.00
17 ,  2 ,  300785 ,  255 ,  0 ,  96.37 ,  0.53 ,  25.10
17 ,  2 ,  300818 ,  255 ,  0 ,  96.48 ,  0.53 ,  25.10
17 ,  2 ,  300851 ,  255 ,  0 ,  96.59 ,  0.53 ,  25.10
17 ,  2 ,  300883 ,  255 ,  0 ,  96.70 ,  0.53 ,  25.20
17 ,  2 ,  300916 ,  255 ,  0 ,  96.81 ,  0.52 ,  25.20
17 ,  2 ,  300952 ,  255 ,  0 ,  96.81 ,  0.53 ,  25.20
17 ,  2 ,  300985 ,  255 ,  0 ,  96.81 ,  0.53 ,  25.20
17 ,  2 ,  301018 ,  255 ,  0 ,  96.92 ,  0.53 ,  25.20
17 ,  2 ,  301050 ,  255 ,  0 ,  96.92 ,  0.53 ,  25.20
17 ,  2 ,  301083 ,  255 ,  0 ,  96.92 ,  0.53 ,  25.30
17 ,  2 ,  301116 ,  255 ,  0 ,  96.92 ,  0.53 ,  25.30
17 ,  2 ,  301149 ,  255 ,  0 ,  96.92 ,  0.53 ,  25.30
17 ,  2 ,  301181 ,  255 ,  0 ,  96.92 ,  0.53 ,  25.20
17 ,  2 ,  301215 ,  255 ,  0 ,  96.92 ,  0.53 ,  25.30
17 ,  2 ,  301250 ,  255 ,  0 ,  96.92 ,  0.53 ,  25.40
17 ,  2 ,  301283 ,  255 ,  0 ,  96.92 ,  0.53 ,  25.30
17 ,  2 ,  301316 ,  255 ,  0 ,  96.92 ,  0.53 ,  25.30
17 ,  2 ,  301348 ,  255 ,  0 ,  96.92 ,  0.53 ,  25.40
17 ,  2 ,  301381 ,  255 ,  0 ,  96.92 ,  0.53 ,  25.40
17 ,  2 ,  301414 ,  255 ,  0 ,  96.92 ,  0.53 ,  25.40
17 ,  2 ,  301447 ,  255 ,  0 ,  96.92 ,  0.53 ,  25.40
17 ,  2 ,  301480 ,  255 ,  0 ,  96.92 ,  0.53 ,  25.40
17 ,  2 ,  301513 ,  255 ,  0 ,  96.92 ,  0.53 ,  25.40
17 ,  2 ,  301548 ,  255 ,  0 ,  96.92 ,  0.53 ,  25.40
17 ,  2 ,  301581 ,  255 ,  0 ,  96.92 ,  0.53 ,  25.40
17 ,  2 ,  301614 ,  255 ,  0 ,  96.92 ,  0.52 ,  25.40
17 ,  2 ,  301646 ,  255 ,  0 ,  96.92 ,  0.53 ,  25.40
17 ,  2 ,  301679 ,  255 ,  0 ,  96.92 ,  0.53 ,  25.40
17 ,  2 ,  301712 ,  255 ,  0 ,  96.92 ,  0.53 ,  25.40
17 ,  2 ,  301746 ,  255 ,  0 ,  96.92 ,  0.53 ,  25.40
17 ,  2 ,  301778 ,  255 ,  0 ,  96.92 ,  0.53 ,  25.40
17 ,  2 ,  301811 ,  255 ,  0 ,  96.92 ,  0.53 ,  25.40
17 ,  2 ,  301846 ,  255 ,  0 ,  96.81 ,  0.53 ,  25.40
17 ,  2 ,  301879 ,  255 ,  0 ,  96.92 ,  0.53 ,  25.40
17 ,  2 ,  301912 ,  255 ,  0 ,  96.92 ,  0.53 ,  25.40
17 ,  2 ,  301944 ,  255 ,  0 ,  96.92 ,  0.53 ,  25.40
17 ,  2 ,  301977 ,  255 ,  0 ,  96.92 ,  0.53 ,  25.40
17 ,  2 ,  302011 ,  255 ,  0 ,  96.92 ,  0.53 ,  25.50
17 ,  2 ,  302044 ,  255 ,  0 ,  96.92 ,  0.52 ,  25.50
17 ,  2 ,  302076 ,  255 ,  0 ,  96.81 ,  0.53 ,  25.50
17 ,  2 ,  302109 ,  255 ,  0 ,  96.81 ,  0.53 ,  25.50
17 ,  2 ,  302144 ,  255 ,  0 ,  96.92 ,  0.53 ,  25.50
17 ,  2 ,  302177 ,  255 ,  0 ,  96.92 ,  0.53 ,  25.50
17 ,  2 ,  302210 ,  255 ,  0 ,  96.92 ,  0.53 ,  25.50
17 ,  2 ,  302242 ,  255 ,  0 ,  96.92 ,  0.53 ,  25.50
17 ,  2 ,  302276 ,  255 ,  0 ,  96.92 ,  0.52 ,  25.50
17 ,  2 ,  302309 ,  255 ,  0 ,  96.81 ,  0.53 ,  25.50
17 ,  2 ,  302342 ,  255 ,  0 ,  96.92 ,  0.53 ,  25.50
17 ,  2 ,  302374 ,  255 ,  0 ,  96.81 ,  0.53 ,  25.50
17 ,  2 ,  302407 ,  255 ,  0 ,  96.81 ,  0.53 ,  25.50
17 ,  2 ,  302442 ,  0 ,  245 ,  96.92 ,  0.53 ,  25.50
17 ,  2 ,  302475 ,  0 ,  245 ,  91.63 ,  0.53 ,  25.20
17 ,  2 ,  302508 ,  0 ,  245 ,  81.83 ,  0.53 ,  24.01
17 ,  2 ,  302541 ,  0 ,  245 ,  71.70 ,  0.52 ,  22.13
17 ,  2 ,  302574 ,  0 ,  245 ,  63.33 ,  0.52 ,  20.04
17 ,  2 ,  302607 ,  0 ,  245 ,  56.50 ,  0.50 ,  17.86
17 ,  2 ,  302640 ,  0 ,  245 ,  50.88 ,  0.45 ,  15.78
17 ,  2 ,  302672 ,  0 ,  245 ,  46.26 ,  0.39 ,  13.89
17 ,  2 ,  302705 ,  0 ,  245 ,  42.29 ,  0.32 ,  12.10
17 ,  2 ,  302740 ,  0 ,  245 ,  38.66 ,  0.27 ,  10.52
17 ,  2 ,  302773 ,  0 ,  245 ,  35.80 ,  0.24 ,  9.33
17 ,  2 ,  302807 ,  0 ,  245 ,  33.04 ,  0.22 ,  8.24
17 ,  2 ,  302839 ,  0 ,  245 ,  30.73 ,  0.21 ,  7.34
17 ,  2 ,  302872 ,  0 ,  245 ,  28.53 ,  0.20 ,  6.65
17 ,  2 ,  302905 ,  0 ,  245 ,  26.55 ,  0.19 ,  5.95
17 ,  2 ,  302938 ,  0 ,  245 ,  24.78 ,  0.18 ,  5.46
17 ,  2 ,  302970 ,  0 ,  245 ,  23.13 ,  0.17 ,  4.96
17 ,  2 ,  303003 ,  0 ,  245 ,  21.70 ,  0.17 ,  4.56
17 ,  2 ,  303038 ,  0 ,  245 ,  20.38 ,  0.17 ,  4.17
17 ,  2 ,  303071 ,  0 ,  245 ,  19.17 ,  0.16 ,  3.87
17 ,  2 ,  303104 ,  0 ,  245 ,  18.07 ,  0.16 ,  3.57
17 ,  2 ,  303136 ,  0 ,  245 ,  17.07 ,  0.16 ,  3.37
17 ,  2 ,  303169 ,  0 ,  245 ,  16.19 ,  0.16 ,  3.18
17 ,  2 ,  303202 ,  0 ,  245 ,  15.42 ,  0.16 ,  2.98
17 ,  2 ,  303235 ,  0 ,  245 ,  14.76 ,  0.15 ,  2.78
17 ,  2 ,  303267 ,  0 ,  245 ,  14.10 ,  0.15 ,  2.58
17 ,  2 ,  303300 ,  0 ,  245 ,  13.44 ,  0.15 ,  2.48
17 ,  2 ,  303336 ,  0 ,  245 ,  12.78 ,  0.15 ,  2.38
17 ,  2 ,  303369 ,  0 ,  245 ,  12.23 ,  0.14 ,  2.28
17 ,  2 ,  303401 ,  0 ,  245 ,  11.79 ,  0.14 ,  2.18
17 ,  2 ,  303435 ,  0 ,  245 ,  11.35 ,  0.14 ,  2.08
17 ,  2 ,  303468 ,  0 ,  245 ,  11.02 ,  0.14 ,  1.98
