MS, MPT, t (s), PWMi, PWMe, Pressure (Psi), LW (V), Displacement (mm)
19 ,  4 ,  359113 ,  0 ,  235 ,  13.55 ,  0.10 ,  2.08
19 ,  4 ,  359149 ,  255 ,  0 ,  13.55 ,  0.10 ,  1.98
19 ,  4 ,  359185 ,  255 ,  0 ,  14.98 ,  0.10 ,  1.98
19 ,  4 ,  359221 ,  255 ,  0 ,  27.76 ,  0.12 ,  3.57
19 ,  4 ,  359257 ,  255 ,  0 ,  41.52 ,  0.18 ,  6.45
19 ,  4 ,  359292 ,  255 ,  0 ,  51.76 ,  0.26 ,  9.82
19 ,  4 ,  359328 ,  255 ,  0 ,  59.03 ,  0.35 ,  12.80
19 ,  4 ,  359364 ,  255 ,  0 ,  64.32 ,  0.42 ,  14.98
19 ,  4 ,  359402 ,  255 ,  0 ,  68.50 ,  0.47 ,  16.67
19 ,  4 ,  359438 ,  255 ,  0 ,  71.48 ,  0.49 ,  17.86
19 ,  4 ,  359474 ,  255 ,  0 ,  74.01 ,  0.50 ,  18.75
19 ,  4 ,  359510 ,  255 ,  0 ,  75.99 ,  0.51 ,  19.45
19 ,  4 ,  359545 ,  255 ,  0 ,  77.75 ,  0.51 ,  20.04
19 ,  4 ,  359580 ,  255 ,  0 ,  79.41 ,  0.52 ,  20.54
19 ,  4 ,  359616 ,  255 ,  0 ,  80.84 ,  0.52 ,  20.94
19 ,  4 ,  359652 ,  255 ,  0 ,  82.05 ,  0.52 ,  21.33
19 ,  4 ,  359688 ,  255 ,  0 ,  83.26 ,  0.52 ,  21.63
19 ,  4 ,  359726 ,  255 ,  0 ,  84.47 ,  0.53 ,  22.03
19 ,  4 ,  359761 ,  255 ,  0 ,  85.46 ,  0.52 ,  22.32
19 ,  4 ,  359797 ,  255 ,  0 ,  86.45 ,  0.53 ,  22.62
19 ,  4 ,  359833 ,  255 ,  0 ,  87.45 ,  0.52 ,  22.82
19 ,  4 ,  359869 ,  255 ,  0 ,  88.33 ,  0.52 ,  23.02
19 ,  4 ,  359904 ,  255 ,  0 ,  89.10 ,  0.53 ,  23.22
19 ,  4 ,  359940 ,  255 ,  0 ,  89.87 ,  0.52 ,  23.42
19 ,  4 ,  359975 ,  255 ,  0 ,  90.53 ,  0.52 ,  23.51
19 ,  4 ,  360011 ,  255 ,  0 ,  91.30 ,  0.53 ,  23.71
19 ,  4 ,  360049 ,  255 ,  0 ,  91.96 ,  0.52 ,  23.91
19 ,  4 ,  360085 ,  255 ,  0 ,  92.51 ,  0.53 ,  24.01
19 ,  4 ,  360121 ,  255 ,  0 ,  93.17 ,  0.53 ,  24.11
19 ,  4 ,  360157 ,  255 ,  0 ,  93.72 ,  0.53 ,  24.31
19 ,  4 ,  360193 ,  255 ,  0 ,  94.16 ,  0.53 ,  24.41
19 ,  4 ,  360227 ,  255 ,  0 ,  94.60 ,  0.52 ,  24.51
19 ,  4 ,  360263 ,  255 ,  0 ,  95.04 ,  0.53 ,  24.61
19 ,  4 ,  360299 ,  255 ,  0 ,  95.48 ,  0.53 ,  24.71
19 ,  4 ,  360335 ,  255 ,  0 ,  95.82 ,  0.53 ,  24.80
19 ,  4 ,  360373 ,  255 ,  0 ,  96.04 ,  0.52 ,  24.80
19 ,  4 ,  360409 ,  255 ,  0 ,  96.26 ,  0.53 ,  24.90
19 ,  4 ,  360444 ,  255 ,  0 ,  96.37 ,  0.53 ,  24.90
19 ,  4 ,  360480 ,  255 ,  0 ,  96.48 ,  0.53 ,  25.00
19 ,  4 ,  360515 ,  255 ,  0 ,  96.59 ,  0.53 ,  25.00
19 ,  4 ,  360551 ,  255 ,  0 ,  96.70 ,  0.53 ,  25.00
19 ,  4 ,  360587 ,  255 ,  0 ,  96.81 ,  0.53 ,  25.00
19 ,  4 ,  360623 ,  255 ,  0 ,  96.81 ,  0.53 ,  25.10
19 ,  4 ,  360658 ,  255 ,  0 ,  96.92 ,  0.53 ,  25.10
19 ,  4 ,  360696 ,  255 ,  0 ,  96.92 ,  0.53 ,  25.10
19 ,  4 ,  360732 ,  255 ,  0 ,  96.92 ,  0.53 ,  25.20
19 ,  4 ,  360768 ,  255 ,  0 ,  96.92 ,  0.53 ,  25.10
19 ,  4 ,  360803 ,  255 ,  0 ,  96.92 ,  0.53 ,  25.20
19 ,  4 ,  360843 ,  255 ,  0 ,  96.92 ,  0.53 ,  25.20
19 ,  4 ,  360879 ,  255 ,  0 ,  96.92 ,  0.53 ,  25.20
19 ,  4 ,  360914 ,  255 ,  0 ,  96.92 ,  0.53 ,  25.20
19 ,  4 ,  360950 ,  255 ,  0 ,  96.92 ,  0.53 ,  25.10
19 ,  4 ,  360986 ,  255 ,  0 ,  96.92 ,  0.53 ,  25.20
19 ,  4 ,  361024 ,  255 ,  0 ,  96.92 ,  0.53 ,  25.20
19 ,  4 ,  361060 ,  255 ,  0 ,  96.92 ,  0.53 ,  25.20
19 ,  4 ,  361095 ,  255 ,  0 ,  96.92 ,  0.53 ,  25.20
19 ,  4 ,  361131 ,  255 ,  0 ,  96.92 ,  0.53 ,  25.30
19 ,  4 ,  361166 ,  255 ,  0 ,  96.92 ,  0.53 ,  25.30
19 ,  4 ,  361202 ,  255 ,  0 ,  96.92 ,  0.53 ,  25.20
19 ,  4 ,  361238 ,  255 ,  0 ,  96.81 ,  0.53 ,  25.30
19 ,  4 ,  361274 ,  255 ,  0 ,  96.92 ,  0.53 ,  25.20
19 ,  4 ,  361309 ,  255 ,  0 ,  96.92 ,  0.53 ,  25.30
19 ,  4 ,  361348 ,  255 ,  0 ,  96.92 ,  0.52 ,  25.30
19 ,  4 ,  361382 ,  255 ,  0 ,  96.81 ,  0.52 ,  25.30
19 ,  4 ,  361418 ,  255 ,  0 ,  96.92 ,  0.53 ,  25.30
19 ,  4 ,  361454 ,  255 ,  0 ,  96.81 ,  0.53 ,  25.30
19 ,  4 ,  361490 ,  255 ,  0 ,  96.81 ,  0.53 ,  25.30
19 ,  4 ,  361526 ,  255 ,  0 ,  96.81 ,  0.53 ,  25.30
19 ,  4 ,  361562 ,  255 ,  0 ,  96.81 ,  0.53 ,  25.30
19 ,  4 ,  361596 ,  255 ,  0 ,  96.81 ,  0.52 ,  25.30
19 ,  4 ,  361632 ,  255 ,  0 ,  96.81 ,  0.53 ,  25.40
19 ,  4 ,  361670 ,  255 ,  0 ,  96.81 ,  0.52 ,  25.40
19 ,  4 ,  361706 ,  255 ,  0 ,  96.92 ,  0.53 ,  25.40
19 ,  4 ,  361742 ,  255 ,  0 ,  96.81 ,  0.53 ,  25.40
19 ,  4 ,  361778 ,  255 ,  0 ,  96.81 ,  0.53 ,  25.40
19 ,  4 ,  361814 ,  255 ,  0 ,  96.81 ,  0.53 ,  25.40
19 ,  4 ,  361849 ,  255 ,  0 ,  96.81 ,  0.53 ,  25.40
19 ,  4 ,  361884 ,  255 ,  0 ,  96.81 ,  0.53 ,  25.40
19 ,  4 ,  361920 ,  255 ,  0 ,  96.81 ,  0.53 ,  25.40
19 ,  4 ,  361956 ,  255 ,  0 ,  96.81 ,  0.53 ,  25.40
19 ,  4 ,  361994 ,  255 ,  0 ,  96.81 ,  0.53 ,  25.40
19 ,  4 ,  362030 ,  255 ,  0 ,  96.81 ,  0.53 ,  25.40
19 ,  4 ,  362065 ,  0 ,  235 ,  96.81 ,  0.53 ,  25.40
19 ,  4 ,  362101 ,  0 ,  235 ,  91.74 ,  0.53 ,  25.10
19 ,  4 ,  362137 ,  0 ,  235 ,  82.38 ,  0.52 ,  23.91
19 ,  4 ,  362173 ,  0 ,  235 ,  73.68 ,  0.52 ,  22.32
19 ,  4 ,  362208 ,  0 ,  235 ,  66.41 ,  0.52 ,  20.54
19 ,  4 ,  362244 ,  0 ,  235 ,  60.57 ,  0.50 ,  18.85
19 ,  4 ,  362279 ,  0 ,  235 ,  55.73 ,  0.47 ,  17.16
19 ,  4 ,  362317 ,  0 ,  235 ,  51.43 ,  0.43 ,  15.58
19 ,  4 ,  362353 ,  0 ,  235 ,  48.13 ,  0.37 ,  14.09
19 ,  4 ,  362389 ,  0 ,  235 ,  45.27 ,  0.33 ,  12.80
19 ,  4 ,  362425 ,  0 ,  235 ,  42.73 ,  0.28 ,  11.71
19 ,  4 ,  362461 ,  0 ,  235 ,  40.42 ,  0.25 ,  10.81
19 ,  4 ,  362496 ,  0 ,  235 ,  38.44 ,  0.23 ,  9.92
19 ,  4 ,  362531 ,  0 ,  235 ,  36.68 ,  0.22 ,  9.13
19 ,  4 ,  362567 ,  0 ,  235 ,  34.91 ,  0.20 ,  8.53
19 ,  4 ,  362603 ,  0 ,  235 ,  33.48 ,  0.19 ,  7.94
19 ,  4 ,  362641 ,  0 ,  235 ,  31.94 ,  0.18 ,  7.34
19 ,  4 ,  362677 ,  0 ,  235 ,  30.73 ,  0.17 ,  6.95
19 ,  4 ,  362713 ,  0 ,  235 ,  29.63 ,  0.17 ,  6.55
19 ,  4 ,  362747 ,  0 ,  235 ,  28.53 ,  0.16 ,  6.15
19 ,  4 ,  362783 ,  0 ,  235 ,  27.54 ,  0.16 ,  5.85
19 ,  4 ,  362819 ,  0 ,  235 ,  26.66 ,  0.15 ,  5.56
19 ,  4 ,  362855 ,  0 ,  235 ,  25.88 ,  0.15 ,  5.36
19 ,  4 ,  362891 ,  0 ,  235 ,  25.22 ,  0.14 ,  5.06
19 ,  4 ,  362926 ,  0 ,  235 ,  24.56 ,  0.14 ,  4.96
19 ,  4 ,  362963 ,  0 ,  235 ,  23.90 ,  0.14 ,  4.76
19 ,  4 ,  362999 ,  0 ,  235 ,  23.35 ,  0.14 ,  4.56
19 ,  4 ,  363035 ,  0 ,  235 ,  22.91 ,  0.14 ,  4.46
19 ,  4 ,  363071 ,  0 ,  235 ,  22.36 ,  0.14 ,  4.27
19 ,  4 ,  363107 ,  0 ,  235 ,  21.92 ,  0.13 ,  4.17
19 ,  4 ,  363142 ,  0 ,  235 ,  21.59 ,  0.13 ,  4.07
19 ,  4 ,  363177 ,  0 ,  235 ,  21.26 ,  0.13 ,  3.97
19 ,  4 ,  363213 ,  0 ,  235 ,  20.93 ,  0.13 ,  3.87
19 ,  4 ,  363249 ,  0 ,  235 ,  20.60 ,  0.13 ,  3.77
19 ,  4 ,  363287 ,  0 ,  235 ,  20.27 ,  0.13 ,  3.67
19 ,  4 ,  363323 ,  0 ,  235 ,  20.05 ,  0.13 ,  3.67
19 ,  4 ,  363359 ,  0 ,  235 ,  19.72 ,  0.13 ,  3.57
19 ,  4 ,  363394 ,  0 ,  235 ,  19.61 ,  0.13 ,  3.47
19 ,  4 ,  363429 ,  0 ,  235 ,  19.28 ,  0.13 ,  3.47
19 ,  4 ,  363465 ,  0 ,  235 ,  19.06 ,  0.12 ,  3.37
19 ,  4 ,  363501 ,  0 ,  235 ,  18.84 ,  0.13 ,  3.27
19 ,  4 ,  363537 ,  0 ,  235 ,  18.62 ,  0.13 ,  3.27
19 ,  4 ,  363572 ,  0 ,  235 ,  18.40 ,  0.12 ,  3.18
19 ,  4 ,  363610 ,  0 ,  235 ,  18.29 ,  0.12 ,  3.18
19 ,  4 ,  363645 ,  0 ,  235 ,  18.07 ,  0.12 ,  3.08
19 ,  4 ,  363681 ,  0 ,  235 ,  17.96 ,  0.12 ,  3.08
19 ,  4 ,  363717 ,  0 ,  235 ,  17.73 ,  0.12 ,  3.08
19 ,  4 ,  363753 ,  0 ,  235 ,  17.62 ,  0.12 ,  2.98
19 ,  4 ,  363788 ,  0 ,  235 ,  17.51 ,  0.12 ,  2.98
19 ,  4 ,  363824 ,  0 ,  235 ,  17.29 ,  0.12 ,  2.88
19 ,  4 ,  363859 ,  0 ,  235 ,  17.18 ,  0.12 ,  2.88
19 ,  4 ,  363895 ,  0 ,  235 ,  17.07 ,  0.12 ,  2.88
19 ,  4 ,  363931 ,  0 ,  235 ,  16.96 ,  0.12 ,  2.88
19 ,  4 ,  363969 ,  0 ,  235 ,  16.74 ,  0.12 ,  2.78
19 ,  4 ,  364005 ,  0 ,  235 ,  16.74 ,  0.12 ,  2.78
19 ,  4 ,  364040 ,  0 ,  235 ,  16.52 ,  0.12 ,  2.78
19 ,  4 ,  364076 ,  0 ,  235 ,  16.52 ,  0.11 ,  2.68
19 ,  4 ,  364112 ,  0 ,  235 ,  16.30 ,  0.12 ,  2.68
19 ,  4 ,  364147 ,  0 ,  235 ,  16.19 ,  0.12 ,  2.68
19 ,  4 ,  364183 ,  0 ,  235 ,  16.08 ,  0.11 ,  2.68
19 ,  4 ,  364219 ,  0 ,  235 ,  16.08 ,  0.11 ,  2.58
19 ,  4 ,  364255 ,  0 ,  235 ,  15.97 ,  0.11 ,  2.58
19 ,  4 ,  364293 ,  0 ,  235 ,  15.86 ,  0.11 ,  2.58
19 ,  4 ,  364328 ,  0 ,  235 ,  15.75 ,  0.11 ,  2.58
19 ,  4 ,  364363 ,  0 ,  235 ,  15.64 ,  0.11 ,  2.48
19 ,  4 ,  364399 ,  0 ,  235 ,  15.53 ,  0.11 ,  2.48
19 ,  4 ,  364435 ,  0 ,  235 ,  15.53 ,  0.11 ,  2.48
19 ,  4 ,  364471 ,  0 ,  235 ,  15.42 ,  0.11 ,  2.48
19 ,  4 ,  364507 ,  0 ,  235 ,  15.31 ,  0.11 ,  2.48
19 ,  4 ,  364541 ,  0 ,  235 ,  15.31 ,  0.11 ,  2.38
19 ,  4 ,  364577 ,  0 ,  235 ,  15.20 ,  0.11 ,  2.38
19 ,  4 ,  364615 ,  0 ,  235 ,  15.20 ,  0.11 ,  2.38
19 ,  4 ,  364651 ,  0 ,  235 ,  15.09 ,  0.11 ,  2.38
19 ,  4 ,  364687 ,  0 ,  235 ,  14.98 ,  0.11 ,  2.38
19 ,  4 ,  364723 ,  0 ,  235 ,  14.98 ,  0.11 ,  2.38
19 ,  4 ,  364758 ,  0 ,  235 ,  14.87 ,  0.11 ,  2.28
19 ,  4 ,  364793 ,  0 ,  235 ,  14.76 ,  0.11 ,  2.28
19 ,  4 ,  364829 ,  0 ,  235 ,  14.76 ,  0.11 ,  2.28
19 ,  4 ,  364865 ,  0 ,  235 ,  14.65 ,  0.11 ,  2.28
19 ,  4 ,  364901 ,  0 ,  235 ,  14.65 ,  0.11 ,  2.28
19 ,  4 ,  364939 ,  0 ,  235 ,  14.54 ,  0.11 ,  2.28
19 ,  4 ,  364975 ,  0 ,  235 ,  14.54 ,  0.11 ,  2.28
19 ,  4 ,  365009 ,  0 ,  235 ,  14.43 ,  0.11 ,  2.28
19 ,  4 ,  365045 ,  0 ,  235 ,  14.43 ,  0.11 ,  2.18
19 ,  4 ,  365081 ,  0 ,  235 ,  14.32 ,  0.11 ,  2.18
19 ,  4 ,  365117 ,  0 ,  235 ,  14.32 ,  0.11 ,  2.18
19 ,  4 ,  365153 ,  0 ,  235 ,  14.21 ,  0.11 ,  2.18
19 ,  4 ,  365188 ,  0 ,  235 ,  14.21 ,  0.10 ,  2.18
19 ,  4 ,  365223 ,  0 ,  235 ,  14.10 ,  0.10 ,  2.18
19 ,  4 ,  365261 ,  0 ,  235 ,  14.10 ,  0.11 ,  2.18
19 ,  4 ,  365297 ,  0 ,  235 ,  14.10 ,  0.11 ,  2.18
19 ,  4 ,  365333 ,  0 ,  235 ,  14.10 ,  0.10 ,  2.08
19 ,  4 ,  365369 ,  0 ,  235 ,  13.99 ,  0.11 ,  2.08
19 ,  4 ,  365404 ,  0 ,  235 ,  13.99 ,  0.10 ,  2.08
19 ,  4 ,  365440 ,  0 ,  235 ,  13.88 ,  0.11 ,  2.08
19 ,  4 ,  365475 ,  0 ,  235 ,  13.77 ,  0.10 ,  2.08
19 ,  4 ,  365511 ,  0 ,  235 ,  13.77 ,  0.10 ,  2.08
19 ,  4 ,  365547 ,  0 ,  235 ,  13.77 ,  0.10 ,  2.08
19 ,  4 ,  365585 ,  0 ,  235 ,  13.66 ,  0.10 ,  2.08
19 ,  4 ,  365620 ,  0 ,  235 ,  13.66 ,  0.10 ,  2.08
19 ,  4 ,  365656 ,  0 ,  235 ,  13.66 ,  0.10 ,  2.08
19 ,  4 ,  365691 ,  0 ,  235 ,  13.55 ,  0.10 ,  1.98
