MS, MPT, t (s), PWMi, PWMe, Pressure (Psi), LW (V), Displacement (mm)
19 ,  1 ,  339594 ,  0 ,  240 ,  11.90 ,  0.12 ,  1.98
19 ,  1 ,  339628 ,  255 ,  0 ,  11.79 ,  0.12 ,  1.89
19 ,  1 ,  339661 ,  255 ,  0 ,  13.00 ,  0.12 ,  1.89
19 ,  1 ,  339695 ,  255 ,  0 ,  24.56 ,  0.13 ,  3.18
19 ,  1 ,  339728 ,  255 ,  0 ,  38.22 ,  0.18 ,  5.85
19 ,  1 ,  339762 ,  255 ,  0 ,  48.68 ,  0.26 ,  9.13
19 ,  1 ,  339795 ,  255 ,  0 ,  56.28 ,  0.34 ,  12.10
19 ,  1 ,  339829 ,  255 ,  0 ,  61.90 ,  0.42 ,  14.39
19 ,  1 ,  339865 ,  255 ,  0 ,  66.30 ,  0.46 ,  16.27
19 ,  1 ,  339899 ,  255 ,  0 ,  69.49 ,  0.49 ,  17.56
19 ,  1 ,  339933 ,  255 ,  0 ,  72.25 ,  0.50 ,  18.45
19 ,  1 ,  339965 ,  255 ,  0 ,  74.34 ,  0.51 ,  19.25
19 ,  1 ,  339999 ,  255 ,  0 ,  76.21 ,  0.51 ,  19.84
19 ,  1 ,  340033 ,  255 ,  0 ,  77.75 ,  0.52 ,  20.44
19 ,  1 ,  340066 ,  255 ,  0 ,  79.30 ,  0.52 ,  20.84
19 ,  1 ,  340100 ,  255 ,  0 ,  80.62 ,  0.52 ,  21.23
19 ,  1 ,  340133 ,  255 ,  0 ,  81.83 ,  0.52 ,  21.63
19 ,  1 ,  340169 ,  255 ,  0 ,  83.04 ,  0.52 ,  21.83
19 ,  1 ,  340202 ,  255 ,  0 ,  84.03 ,  0.52 ,  22.22
19 ,  1 ,  340236 ,  255 ,  0 ,  85.02 ,  0.53 ,  22.42
19 ,  1 ,  340270 ,  255 ,  0 ,  85.90 ,  0.53 ,  22.72
19 ,  1 ,  340302 ,  255 ,  0 ,  86.89 ,  0.53 ,  22.92
19 ,  1 ,  340336 ,  255 ,  0 ,  87.67 ,  0.52 ,  23.12
19 ,  1 ,  340370 ,  255 ,  0 ,  88.44 ,  0.53 ,  23.32
19 ,  1 ,  340404 ,  255 ,  0 ,  89.32 ,  0.53 ,  23.51
19 ,  1 ,  340436 ,  255 ,  0 ,  89.98 ,  0.53 ,  23.61
19 ,  1 ,  340472 ,  255 ,  0 ,  90.75 ,  0.53 ,  23.81
19 ,  1 ,  340506 ,  255 ,  0 ,  91.30 ,  0.53 ,  23.91
19 ,  1 ,  340540 ,  255 ,  0 ,  91.85 ,  0.53 ,  24.11
19 ,  1 ,  340573 ,  255 ,  0 ,  92.51 ,  0.53 ,  24.21
19 ,  1 ,  340606 ,  255 ,  0 ,  93.06 ,  0.53 ,  24.31
19 ,  1 ,  340640 ,  255 ,  0 ,  93.50 ,  0.53 ,  24.41
19 ,  1 ,  340673 ,  255 ,  0 ,  93.94 ,  0.52 ,  24.51
19 ,  1 ,  340707 ,  255 ,  0 ,  94.49 ,  0.52 ,  24.61
19 ,  1 ,  340741 ,  255 ,  0 ,  94.82 ,  0.53 ,  24.71
19 ,  1 ,  340776 ,  255 ,  0 ,  95.26 ,  0.53 ,  24.80
19 ,  1 ,  340809 ,  255 ,  0 ,  95.59 ,  0.53 ,  24.80
19 ,  1 ,  340843 ,  255 ,  0 ,  95.93 ,  0.52 ,  24.90
19 ,  1 ,  340877 ,  255 ,  0 ,  96.04 ,  0.53 ,  25.00
19 ,  1 ,  340910 ,  255 ,  0 ,  96.26 ,  0.53 ,  25.00
19 ,  1 ,  340943 ,  255 ,  0 ,  96.48 ,  0.53 ,  25.00
19 ,  1 ,  340977 ,  255 ,  0 ,  96.59 ,  0.52 ,  25.10
19 ,  1 ,  341011 ,  255 ,  0 ,  96.59 ,  0.53 ,  25.10
19 ,  1 ,  341044 ,  255 ,  0 ,  96.70 ,  0.53 ,  25.20
19 ,  1 ,  341080 ,  255 ,  0 ,  96.81 ,  0.53 ,  25.20
19 ,  1 ,  341113 ,  255 ,  0 ,  96.81 ,  0.53 ,  25.20
19 ,  1 ,  341147 ,  255 ,  0 ,  96.81 ,  0.53 ,  25.20
19 ,  1 ,  341180 ,  255 ,  0 ,  96.81 ,  0.53 ,  25.20
19 ,  1 ,  341214 ,  255 ,  0 ,  96.92 ,  0.53 ,  25.30
19 ,  1 ,  341248 ,  255 ,  0 ,  96.92 ,  0.52 ,  25.30
19 ,  1 ,  341280 ,  255 ,  0 ,  96.92 ,  0.53 ,  25.30
19 ,  1 ,  341314 ,  255 ,  0 ,  96.92 ,  0.53 ,  25.30
19 ,  1 ,  341348 ,  255 ,  0 ,  96.92 ,  0.53 ,  25.30
19 ,  1 ,  341384 ,  255 ,  0 ,  96.92 ,  0.53 ,  25.30
19 ,  1 ,  341416 ,  255 ,  0 ,  96.92 ,  0.53 ,  25.30
19 ,  1 ,  341450 ,  255 ,  0 ,  96.92 ,  0.53 ,  25.30
19 ,  1 ,  341484 ,  255 ,  0 ,  96.92 ,  0.53 ,  25.30
19 ,  1 ,  341517 ,  255 ,  0 ,  96.92 ,  0.53 ,  25.40
19 ,  1 ,  341551 ,  255 ,  0 ,  96.92 ,  0.53 ,  25.40
19 ,  1 ,  341584 ,  255 ,  0 ,  96.92 ,  0.53 ,  25.40
19 ,  1 ,  341618 ,  255 ,  0 ,  96.92 ,  0.53 ,  25.40
19 ,  1 ,  341651 ,  255 ,  0 ,  96.92 ,  0.53 ,  25.40
19 ,  1 ,  341688 ,  255 ,  0 ,  96.81 ,  0.53 ,  25.40
19 ,  1 ,  341722 ,  255 ,  0 ,  96.81 ,  0.52 ,  25.40
19 ,  1 ,  341754 ,  255 ,  0 ,  96.92 ,  0.53 ,  25.40
19 ,  1 ,  341788 ,  255 ,  0 ,  96.81 ,  0.53 ,  25.40
19 ,  1 ,  341822 ,  255 ,  0 ,  96.92 ,  0.53 ,  25.40
19 ,  1 ,  341855 ,  255 ,  0 ,  96.92 ,  0.53 ,  25.40
19 ,  1 ,  341889 ,  255 ,  0 ,  96.92 ,  0.53 ,  25.40
19 ,  1 ,  341922 ,  255 ,  0 ,  96.92 ,  0.53 ,  25.40
19 ,  1 ,  341955 ,  255 ,  0 ,  96.81 ,  0.53 ,  25.40
19 ,  1 ,  341991 ,  255 ,  0 ,  96.81 ,  0.53 ,  25.40
19 ,  1 ,  342025 ,  255 ,  0 ,  96.92 ,  0.53 ,  25.40
19 ,  1 ,  342059 ,  255 ,  0 ,  96.81 ,  0.53 ,  25.40
19 ,  1 ,  342091 ,  255 ,  0 ,  96.81 ,  0.53 ,  25.50
19 ,  1 ,  342125 ,  255 ,  0 ,  96.81 ,  0.53 ,  25.50
19 ,  1 ,  342159 ,  255 ,  0 ,  96.92 ,  0.53 ,  25.50
19 ,  1 ,  342193 ,  255 ,  0 ,  96.81 ,  0.53 ,  25.50
19 ,  1 ,  342225 ,  255 ,  0 ,  96.81 ,  0.53 ,  25.50
19 ,  1 ,  342259 ,  255 ,  0 ,  96.81 ,  0.53 ,  25.40
19 ,  1 ,  342295 ,  255 ,  0 ,  96.92 ,  0.53 ,  25.50
19 ,  1 ,  342329 ,  255 ,  0 ,  96.81 ,  0.53 ,  25.50
19 ,  1 ,  342362 ,  255 ,  0 ,  96.81 ,  0.53 ,  25.50
19 ,  1 ,  342395 ,  255 ,  0 ,  96.81 ,  0.53 ,  25.50
19 ,  1 ,  342429 ,  255 ,  0 ,  96.81 ,  0.53 ,  25.50
19 ,  1 ,  342462 ,  255 ,  0 ,  96.81 ,  0.53 ,  25.50
19 ,  1 ,  342496 ,  255 ,  0 ,  96.81 ,  0.53 ,  25.50
19 ,  1 ,  342530 ,  255 ,  0 ,  96.81 ,  0.53 ,  25.50
19 ,  1 ,  342563 ,  0 ,  235 ,  96.81 ,  0.52 ,  25.50
19 ,  1 ,  342598 ,  0 ,  235 ,  91.63 ,  0.53 ,  25.20
19 ,  1 ,  342632 ,  0 ,  235 ,  83.04 ,  0.53 ,  24.11
19 ,  1 ,  342666 ,  0 ,  235 ,  74.45 ,  0.53 ,  22.52
19 ,  1 ,  342700 ,  0 ,  235 ,  67.40 ,  0.52 ,  20.94
19 ,  1 ,  342732 ,  0 ,  235 ,  61.57 ,  0.51 ,  19.25
19 ,  1 ,  342766 ,  0 ,  235 ,  56.72 ,  0.49 ,  17.66
19 ,  1 ,  342800 ,  0 ,  235 ,  52.65 ,  0.45 ,  16.17
19 ,  1 ,  342833 ,  0 ,  235 ,  49.23 ,  0.41 ,  14.78
19 ,  1 ,  342866 ,  0 ,  235 ,  46.37 ,  0.36 ,  13.49
19 ,  1 ,  342902 ,  0 ,  235 ,  43.61 ,  0.31 ,  12.30
19 ,  1 ,  342936 ,  0 ,  235 ,  41.30 ,  0.28 ,  11.31
19 ,  1 ,  342969 ,  0 ,  235 ,  39.32 ,  0.25 ,  10.42
19 ,  1 ,  343003 ,  0 ,  235 ,  37.45 ,  0.23 ,  9.62
19 ,  1 ,  343036 ,  0 ,  235 ,  35.80 ,  0.22 ,  8.93
19 ,  1 ,  343069 ,  0 ,  235 ,  34.14 ,  0.21 ,  8.33
19 ,  1 ,  343103 ,  0 ,  235 ,  32.82 ,  0.19 ,  7.84
19 ,  1 ,  343137 ,  0 ,  235 ,  31.50 ,  0.19 ,  7.34
19 ,  1 ,  343170 ,  0 ,  235 ,  30.29 ,  0.18 ,  6.95
19 ,  1 ,  343205 ,  0 ,  235 ,  29.19 ,  0.17 ,  6.55
19 ,  1 ,  343239 ,  0 ,  235 ,  28.09 ,  0.17 ,  6.15
19 ,  1 ,  343273 ,  0 ,  235 ,  27.21 ,  0.16 ,  5.85
19 ,  1 ,  343306 ,  0 ,  235 ,  26.43 ,  0.16 ,  5.56
19 ,  1 ,  343340 ,  0 ,  235 ,  25.66 ,  0.16 ,  5.36
19 ,  1 ,  343372 ,  0 ,  235 ,  24.89 ,  0.16 ,  5.16
19 ,  1 ,  343406 ,  0 ,  235 ,  24.34 ,  0.16 ,  4.96
19 ,  1 ,  343440 ,  0 ,  235 ,  23.79 ,  0.15 ,  4.76
19 ,  1 ,  343473 ,  0 ,  235 ,  23.13 ,  0.15 ,  4.56
19 ,  1 ,  343508 ,  0 ,  235 ,  22.69 ,  0.15 ,  4.46
19 ,  1 ,  343542 ,  0 ,  235 ,  22.14 ,  0.14 ,  4.37
19 ,  1 ,  343576 ,  0 ,  235 ,  21.81 ,  0.15 ,  4.17
19 ,  1 ,  343609 ,  0 ,  235 ,  21.37 ,  0.14 ,  4.07
19 ,  1 ,  343643 ,  0 ,  235 ,  20.93 ,  0.14 ,  3.97
19 ,  1 ,  343676 ,  0 ,  235 ,  20.60 ,  0.14 ,  3.97
19 ,  1 ,  343709 ,  0 ,  235 ,  20.38 ,  0.14 ,  3.87
19 ,  1 ,  343743 ,  0 ,  235 ,  20.05 ,  0.14 ,  3.77
19 ,  1 ,  343776 ,  0 ,  235 ,  19.83 ,  0.13 ,  3.67
19 ,  1 ,  343812 ,  0 ,  235 ,  19.50 ,  0.14 ,  3.57
19 ,  1 ,  343845 ,  0 ,  235 ,  19.28 ,  0.14 ,  3.47
19 ,  1 ,  343879 ,  0 ,  235 ,  19.06 ,  0.13 ,  3.47
19 ,  1 ,  343912 ,  0 ,  235 ,  18.84 ,  0.13 ,  3.37
19 ,  1 ,  343946 ,  0 ,  235 ,  18.62 ,  0.13 ,  3.37
19 ,  1 ,  343980 ,  0 ,  235 ,  18.40 ,  0.13 ,  3.27
19 ,  1 ,  344012 ,  0 ,  235 ,  18.18 ,  0.13 ,  3.27
19 ,  1 ,  344046 ,  0 ,  235 ,  17.96 ,  0.13 ,  3.18
19 ,  1 ,  344079 ,  0 ,  235 ,  17.85 ,  0.13 ,  3.18
19 ,  1 ,  344115 ,  0 ,  235 ,  17.62 ,  0.13 ,  3.08
19 ,  1 ,  344148 ,  0 ,  235 ,  17.40 ,  0.13 ,  3.08
19 ,  1 ,  344182 ,  0 ,  235 ,  17.29 ,  0.13 ,  2.98
19 ,  1 ,  344215 ,  0 ,  235 ,  17.18 ,  0.13 ,  2.98
19 ,  1 ,  344249 ,  0 ,  235 ,  16.96 ,  0.14 ,  2.98
19 ,  1 ,  344283 ,  0 ,  235 ,  16.85 ,  0.13 ,  2.88
19 ,  1 ,  344315 ,  0 ,  235 ,  16.74 ,  0.13 ,  2.88
19 ,  1 ,  344349 ,  0 ,  235 ,  16.63 ,  0.12 ,  2.78
19 ,  1 ,  344383 ,  0 ,  235 ,  16.41 ,  0.13 ,  2.78
19 ,  1 ,  344416 ,  0 ,  235 ,  16.30 ,  0.12 ,  2.78
19 ,  1 ,  344452 ,  0 ,  235 ,  16.19 ,  0.12 ,  2.68
19 ,  1 ,  344485 ,  0 ,  235 ,  16.08 ,  0.12 ,  2.68
19 ,  1 ,  344518 ,  0 ,  235 ,  15.97 ,  0.12 ,  2.68
19 ,  1 ,  344552 ,  0 ,  235 ,  15.86 ,  0.12 ,  2.68
19 ,  1 ,  344586 ,  0 ,  235 ,  15.75 ,  0.12 ,  2.58
19 ,  1 ,  344619 ,  0 ,  235 ,  15.64 ,  0.12 ,  2.58
19 ,  1 ,  344652 ,  0 ,  235 ,  15.53 ,  0.12 ,  2.58
19 ,  1 ,  344686 ,  0 ,  235 ,  15.53 ,  0.12 ,  2.58
19 ,  1 ,  344719 ,  0 ,  235 ,  15.42 ,  0.12 ,  2.48
19 ,  1 ,  344759 ,  0 ,  235 ,  15.31 ,  0.12 ,  2.48
19 ,  1 ,  344793 ,  0 ,  235 ,  15.20 ,  0.12 ,  2.48
19 ,  1 ,  344826 ,  0 ,  235 ,  15.09 ,  0.12 ,  2.48
19 ,  1 ,  344859 ,  0 ,  235 ,  15.09 ,  0.12 ,  2.48
19 ,  1 ,  344893 ,  0 ,  235 ,  14.98 ,  0.11 ,  2.38
19 ,  1 ,  344927 ,  0 ,  235 ,  14.87 ,  0.12 ,  2.38
19 ,  1 ,  344960 ,  0 ,  235 ,  14.87 ,  0.12 ,  2.38
19 ,  1 ,  344993 ,  0 ,  235 ,  14.76 ,  0.12 ,  2.38
19 ,  1 ,  345027 ,  0 ,  235 ,  14.65 ,  0.12 ,  2.38
19 ,  1 ,  345062 ,  0 ,  235 ,  14.65 ,  0.12 ,  2.38
19 ,  1 ,  345096 ,  0 ,  235 ,  14.54 ,  0.12 ,  2.28
19 ,  1 ,  345129 ,  0 ,  235 ,  14.54 ,  0.12 ,  2.28
19 ,  1 ,  345162 ,  0 ,  235 ,  14.43 ,  0.11 ,  2.28
19 ,  1 ,  345196 ,  0 ,  235 ,  14.32 ,  0.11 ,  2.28
19 ,  1 ,  345230 ,  0 ,  235 ,  14.32 ,  0.11 ,  2.18
19 ,  1 ,  345263 ,  0 ,  235 ,  14.32 ,  0.12 ,  2.28
19 ,  1 ,  345296 ,  0 ,  235 ,  14.21 ,  0.11 ,  2.28
19 ,  1 ,  345330 ,  0 ,  235 ,  14.10 ,  0.11 ,  2.18
19 ,  1 ,  345365 ,  0 ,  235 ,  14.10 ,  0.11 ,  2.18
19 ,  1 ,  345399 ,  0 ,  235 ,  14.10 ,  0.12 ,  2.18
19 ,  1 ,  345433 ,  0 ,  235 ,  13.99 ,  0.11 ,  2.18
19 ,  1 ,  345465 ,  0 ,  235 ,  13.88 ,  0.11 ,  2.18
19 ,  1 ,  345499 ,  0 ,  235 ,  13.88 ,  0.11 ,  2.18
19 ,  1 ,  345533 ,  0 ,  235 ,  13.77 ,  0.11 ,  2.18
19 ,  1 ,  345566 ,  0 ,  235 ,  13.77 ,  0.11 ,  2.08
19 ,  1 ,  345600 ,  0 ,  235 ,  13.77 ,  0.11 ,  2.18
19 ,  1 ,  345633 ,  0 ,  235 ,  13.66 ,  0.11 ,  2.08
19 ,  1 ,  345668 ,  0 ,  235 ,  13.66 ,  0.11 ,  2.08
19 ,  1 ,  345702 ,  0 ,  235 ,  13.55 ,  0.11 ,  2.08
19 ,  1 ,  345736 ,  0 ,  235 ,  13.55 ,  0.11 ,  2.08
19 ,  1 ,  345768 ,  0 ,  235 ,  13.55 ,  0.11 ,  2.08
19 ,  1 ,  345802 ,  0 ,  235 ,  13.55 ,  0.11 ,  2.08
19 ,  1 ,  345836 ,  0 ,  235 ,  13.44 ,  0.10 ,  2.08
19 ,  1 ,  345869 ,  0 ,  235 ,  13.44 ,  0.11 ,  2.08
19 ,  1 ,  345903 ,  0 ,  235 ,  13.33 ,  0.11 ,  2.08
19 ,  1 ,  345936 ,  0 ,  235 ,  13.33 ,  0.11 ,  1.98
