MS, MPT, t (s), PWMi, PWMe, Pressure (Psi), LW (V), Displacement (mm)
21 ,  2 ,  437870 ,  0 ,  225 ,  14.21 ,  0.08 ,  1.98
21 ,  2 ,  437906 ,  255 ,  0 ,  14.21 ,  0.08 ,  1.98
21 ,  2 ,  437942 ,  255 ,  0 ,  15.31 ,  0.08 ,  1.98
21 ,  2 ,  437978 ,  255 ,  0 ,  28.64 ,  0.10 ,  3.47
21 ,  2 ,  438014 ,  255 ,  0 ,  42.62 ,  0.16 ,  6.35
21 ,  2 ,  438050 ,  255 ,  0 ,  52.98 ,  0.23 ,  9.72
21 ,  2 ,  438086 ,  255 ,  0 ,  60.24 ,  0.32 ,  12.60
21 ,  2 ,  438123 ,  255 ,  0 ,  65.42 ,  0.40 ,  14.78
21 ,  2 ,  438161 ,  255 ,  0 ,  69.49 ,  0.44 ,  16.47
21 ,  2 ,  438197 ,  255 ,  0 ,  72.47 ,  0.47 ,  17.66
21 ,  2 ,  438234 ,  255 ,  0 ,  74.89 ,  0.49 ,  18.45
21 ,  2 ,  438269 ,  255 ,  0 ,  76.87 ,  0.50 ,  19.25
21 ,  2 ,  438305 ,  255 ,  0 ,  78.64 ,  0.51 ,  19.84
21 ,  2 ,  438341 ,  255 ,  0 ,  80.18 ,  0.51 ,  20.34
21 ,  2 ,  438377 ,  255 ,  0 ,  81.50 ,  0.51 ,  20.74
21 ,  2 ,  438413 ,  255 ,  0 ,  82.82 ,  0.52 ,  21.13
21 ,  2 ,  438449 ,  255 ,  0 ,  83.92 ,  0.52 ,  21.43
21 ,  2 ,  438488 ,  255 ,  0 ,  85.13 ,  0.52 ,  21.73
21 ,  2 ,  438523 ,  255 ,  0 ,  86.23 ,  0.53 ,  22.03
21 ,  2 ,  438559 ,  255 ,  0 ,  87.12 ,  0.52 ,  22.32
21 ,  2 ,  438595 ,  255 ,  0 ,  88.11 ,  0.53 ,  22.62
21 ,  2 ,  438631 ,  255 ,  0 ,  88.88 ,  0.52 ,  22.82
21 ,  2 ,  438668 ,  255 ,  0 ,  89.76 ,  0.53 ,  23.02
21 ,  2 ,  438704 ,  255 ,  0 ,  90.53 ,  0.53 ,  23.22
21 ,  2 ,  438739 ,  255 ,  0 ,  91.30 ,  0.52 ,  23.32
21 ,  2 ,  438775 ,  255 ,  0 ,  91.96 ,  0.52 ,  23.51
21 ,  2 ,  438813 ,  255 ,  0 ,  92.62 ,  0.53 ,  23.71
21 ,  2 ,  438850 ,  255 ,  0 ,  93.28 ,  0.53 ,  23.81
21 ,  2 ,  438886 ,  255 ,  0 ,  93.83 ,  0.53 ,  24.01
21 ,  2 ,  438922 ,  255 ,  0 ,  94.38 ,  0.53 ,  24.11
21 ,  2 ,  438958 ,  255 ,  0 ,  94.82 ,  0.53 ,  24.21
21 ,  2 ,  438993 ,  255 ,  0 ,  95.26 ,  0.52 ,  24.31
21 ,  2 ,  439029 ,  255 ,  0 ,  95.70 ,  0.53 ,  24.41
21 ,  2 ,  439065 ,  255 ,  0 ,  96.04 ,  0.53 ,  24.51
21 ,  2 ,  439102 ,  255 ,  0 ,  96.26 ,  0.53 ,  24.51
21 ,  2 ,  439140 ,  255 ,  0 ,  96.48 ,  0.53 ,  24.61
21 ,  2 ,  439176 ,  255 ,  0 ,  96.59 ,  0.53 ,  24.61
21 ,  2 ,  439212 ,  255 ,  0 ,  96.70 ,  0.53 ,  24.71
21 ,  2 ,  439247 ,  255 ,  0 ,  96.81 ,  0.53 ,  24.71
21 ,  2 ,  439284 ,  255 ,  0 ,  96.81 ,  0.52 ,  24.80
21 ,  2 ,  439320 ,  255 ,  0 ,  96.92 ,  0.53 ,  24.80
21 ,  2 ,  439356 ,  255 ,  0 ,  96.92 ,  0.52 ,  24.80
21 ,  2 ,  439392 ,  255 ,  0 ,  96.92 ,  0.53 ,  24.80
21 ,  2 ,  439428 ,  255 ,  0 ,  96.92 ,  0.53 ,  24.90
21 ,  2 ,  439467 ,  255 ,  0 ,  97.03 ,  0.53 ,  24.90
21 ,  2 ,  439502 ,  255 ,  0 ,  96.92 ,  0.52 ,  24.90
21 ,  2 ,  439538 ,  255 ,  0 ,  96.92 ,  0.53 ,  24.90
21 ,  2 ,  439574 ,  255 ,  0 ,  97.03 ,  0.53 ,  25.00
21 ,  2 ,  439610 ,  255 ,  0 ,  97.03 ,  0.53 ,  24.90
21 ,  2 ,  439646 ,  255 ,  0 ,  97.03 ,  0.53 ,  25.00
21 ,  2 ,  439682 ,  255 ,  0 ,  97.03 ,  0.52 ,  25.00
21 ,  2 ,  439718 ,  255 ,  0 ,  96.92 ,  0.53 ,  25.00
21 ,  2 ,  439754 ,  255 ,  0 ,  97.03 ,  0.52 ,  25.00
21 ,  2 ,  439792 ,  255 ,  0 ,  96.92 ,  0.53 ,  25.00
21 ,  2 ,  439828 ,  255 ,  0 ,  96.92 ,  0.53 ,  25.00
21 ,  2 ,  439864 ,  255 ,  0 ,  96.92 ,  0.53 ,  25.00
21 ,  2 ,  439900 ,  255 ,  0 ,  96.92 ,  0.53 ,  25.00
21 ,  2 ,  439937 ,  255 ,  0 ,  96.92 ,  0.53 ,  25.00
21 ,  2 ,  439972 ,  255 ,  0 ,  96.92 ,  0.53 ,  25.10
21 ,  2 ,  440008 ,  255 ,  0 ,  96.92 ,  0.52 ,  25.10
21 ,  2 ,  440044 ,  255 ,  0 ,  96.92 ,  0.53 ,  25.10
21 ,  2 ,  440080 ,  255 ,  0 ,  96.92 ,  0.53 ,  25.10
21 ,  2 ,  440119 ,  255 ,  0 ,  96.92 ,  0.53 ,  25.10
21 ,  2 ,  440155 ,  255 ,  0 ,  96.81 ,  0.52 ,  25.10
21 ,  2 ,  440190 ,  255 ,  0 ,  96.92 ,  0.53 ,  25.10
21 ,  2 ,  440226 ,  255 ,  0 ,  96.92 ,  0.52 ,  25.10
21 ,  2 ,  440262 ,  255 ,  0 ,  96.81 ,  0.53 ,  25.10
21 ,  2 ,  440298 ,  255 ,  0 ,  96.92 ,  0.53 ,  25.10
21 ,  2 ,  440334 ,  255 ,  0 ,  96.92 ,  0.53 ,  25.10
21 ,  2 ,  440371 ,  255 ,  0 ,  96.92 ,  0.52 ,  25.10
21 ,  2 ,  440407 ,  255 ,  0 ,  96.81 ,  0.53 ,  25.10
21 ,  2 ,  440444 ,  255 ,  0 ,  96.92 ,  0.53 ,  25.20
21 ,  2 ,  440480 ,  255 ,  0 ,  96.81 ,  0.53 ,  25.10
21 ,  2 ,  440516 ,  255 ,  0 ,  96.92 ,  0.53 ,  25.20
21 ,  2 ,  440553 ,  255 ,  0 ,  96.81 ,  0.53 ,  25.20
21 ,  2 ,  440589 ,  255 ,  0 ,  96.81 ,  0.53 ,  25.20
21 ,  2 ,  440625 ,  255 ,  0 ,  96.81 ,  0.53 ,  25.10
21 ,  2 ,  440660 ,  255 ,  0 ,  96.81 ,  0.53 ,  25.20
21 ,  2 ,  440697 ,  255 ,  0 ,  96.81 ,  0.53 ,  25.20
21 ,  2 ,  440733 ,  255 ,  0 ,  96.81 ,  0.52 ,  25.20
21 ,  2 ,  440771 ,  255 ,  0 ,  96.81 ,  0.52 ,  25.20
21 ,  2 ,  440807 ,  255 ,  0 ,  96.92 ,  0.53 ,  25.20
21 ,  2 ,  440844 ,  0 ,  225 ,  96.81 ,  0.53 ,  25.20
21 ,  2 ,  440880 ,  0 ,  225 ,  92.51 ,  0.52 ,  25.00
21 ,  2 ,  440915 ,  0 ,  225 ,  84.58 ,  0.53 ,  24.01
21 ,  2 ,  440951 ,  0 ,  225 ,  77.09 ,  0.52 ,  22.72
21 ,  2 ,  440987 ,  0 ,  225 ,  70.82 ,  0.52 ,  21.33
21 ,  2 ,  441023 ,  0 ,  225 ,  65.75 ,  0.51 ,  20.04
21 ,  2 ,  441059 ,  0 ,  225 ,  61.57 ,  0.50 ,  18.75
21 ,  2 ,  441098 ,  0 ,  225 ,  57.71 ,  0.47 ,  17.56
21 ,  2 ,  441134 ,  0 ,  225 ,  54.74 ,  0.44 ,  16.37
21 ,  2 ,  441169 ,  0 ,  225 ,  52.09 ,  0.40 ,  15.38
21 ,  2 ,  441205 ,  0 ,  225 ,  49.89 ,  0.36 ,  14.49
21 ,  2 ,  441241 ,  0 ,  225 ,  47.91 ,  0.33 ,  13.59
21 ,  2 ,  441277 ,  0 ,  225 ,  46.26 ,  0.30 ,  12.80
21 ,  2 ,  441314 ,  0 ,  225 ,  44.72 ,  0.27 ,  12.10
21 ,  2 ,  441350 ,  0 ,  225 ,  43.17 ,  0.25 ,  11.51
21 ,  2 ,  441385 ,  0 ,  225 ,  41.96 ,  0.23 ,  10.91
21 ,  2 ,  441423 ,  0 ,  225 ,  40.64 ,  0.22 ,  10.32
21 ,  2 ,  441459 ,  0 ,  225 ,  39.54 ,  0.20 ,  9.92
21 ,  2 ,  441495 ,  0 ,  225 ,  38.66 ,  0.19 ,  9.43
21 ,  2 ,  441532 ,  0 ,  225 ,  37.78 ,  0.18 ,  9.03
21 ,  2 ,  441568 ,  0 ,  225 ,  36.90 ,  0.17 ,  8.73
21 ,  2 ,  441604 ,  0 ,  225 ,  36.13 ,  0.17 ,  8.43
21 ,  2 ,  441639 ,  0 ,  225 ,  35.47 ,  0.16 ,  8.14
21 ,  2 ,  441675 ,  0 ,  225 ,  34.80 ,  0.16 ,  7.94
21 ,  2 ,  441711 ,  0 ,  225 ,  34.25 ,  0.15 ,  7.64
21 ,  2 ,  441749 ,  0 ,  225 ,  33.59 ,  0.15 ,  7.44
21 ,  2 ,  441801 ,  0 ,  225 ,  32.93 ,  0.14 ,  7.14
21 ,  2 ,  441838 ,  0 ,  225 ,  32.49 ,  0.14 ,  7.04
21 ,  2 ,  441874 ,  0 ,  225 ,  32.05 ,  0.14 ,  6.85
21 ,  2 ,  441910 ,  0 ,  225 ,  31.61 ,  0.13 ,  6.75
21 ,  2 ,  441946 ,  0 ,  225 ,  31.28 ,  0.13 ,  6.65
21 ,  2 ,  441981 ,  0 ,  225 ,  31.06 ,  0.13 ,  6.45
21 ,  2 ,  442017 ,  0 ,  225 ,  30.73 ,  0.13 ,  6.35
21 ,  2 ,  442053 ,  0 ,  225 ,  30.51 ,  0.13 ,  6.25
21 ,  2 ,  442091 ,  0 ,  225 ,  30.07 ,  0.13 ,  6.15
21 ,  2 ,  442128 ,  0 ,  225 ,  29.96 ,  0.13 ,  6.05
21 ,  2 ,  442164 ,  0 ,  225 ,  29.63 ,  0.12 ,  5.95
21 ,  2 ,  442200 ,  0 ,  225 ,  29.41 ,  0.12 ,  5.85
21 ,  2 ,  442235 ,  0 ,  225 ,  29.19 ,  0.12 ,  5.85
21 ,  2 ,  442271 ,  0 ,  225 ,  28.97 ,  0.11 ,  5.75
21 ,  2 ,  442307 ,  0 ,  225 ,  28.86 ,  0.12 ,  5.66
21 ,  2 ,  442343 ,  0 ,  225 ,  28.64 ,  0.11 ,  5.56
21 ,  2 ,  442379 ,  0 ,  225 ,  28.42 ,  0.11 ,  5.56
21 ,  2 ,  442417 ,  0 ,  225 ,  28.20 ,  0.11 ,  5.46
21 ,  2 ,  442454 ,  0 ,  225 ,  28.09 ,  0.12 ,  5.46
21 ,  2 ,  442489 ,  0 ,  225 ,  27.98 ,  0.11 ,  5.36
21 ,  2 ,  442525 ,  0 ,  225 ,  27.76 ,  0.11 ,  5.26
21 ,  2 ,  442561 ,  0 ,  225 ,  27.65 ,  0.11 ,  5.26
21 ,  2 ,  442597 ,  0 ,  225 ,  27.43 ,  0.11 ,  5.26
21 ,  2 ,  442633 ,  0 ,  225 ,  27.32 ,  0.11 ,  5.16
21 ,  2 ,  442669 ,  0 ,  225 ,  27.21 ,  0.11 ,  5.16
21 ,  2 ,  442704 ,  0 ,  225 ,  27.10 ,  0.11 ,  5.16
21 ,  2 ,  442740 ,  0 ,  225 ,  26.99 ,  0.11 ,  5.06
21 ,  2 ,  442779 ,  0 ,  225 ,  26.77 ,  0.11 ,  5.06
21 ,  2 ,  442815 ,  0 ,  225 ,  26.66 ,  0.11 ,  4.96
21 ,  2 ,  442851 ,  0 ,  225 ,  26.55 ,  0.11 ,  4.96
21 ,  2 ,  442887 ,  0 ,  225 ,  26.43 ,  0.11 ,  4.96
21 ,  2 ,  442923 ,  0 ,  225 ,  26.32 ,  0.10 ,  4.86
21 ,  2 ,  442958 ,  0 ,  225 ,  26.21 ,  0.10 ,  4.86
21 ,  2 ,  442994 ,  0 ,  225 ,  26.10 ,  0.11 ,  4.86
21 ,  2 ,  443030 ,  0 ,  225 ,  25.99 ,  0.10 ,  4.76
21 ,  2 ,  443066 ,  0 ,  225 ,  25.88 ,  0.10 ,  4.76
21 ,  2 ,  443105 ,  0 ,  225 ,  25.88 ,  0.10 ,  4.76
21 ,  2 ,  443141 ,  0 ,  225 ,  25.77 ,  0.10 ,  4.66
21 ,  2 ,  443176 ,  0 ,  225 ,  25.66 ,  0.10 ,  4.66
21 ,  2 ,  443212 ,  0 ,  225 ,  25.55 ,  0.10 ,  4.66
21 ,  2 ,  443248 ,  0 ,  225 ,  25.44 ,  0.10 ,  4.66
21 ,  2 ,  443284 ,  0 ,  225 ,  25.33 ,  0.10 ,  4.56
21 ,  2 ,  443320 ,  0 ,  225 ,  25.33 ,  0.10 ,  4.56
21 ,  2 ,  443356 ,  0 ,  225 ,  25.11 ,  0.10 ,  4.46
21 ,  2 ,  443393 ,  0 ,  225 ,  25.00 ,  0.10 ,  4.46
21 ,  2 ,  443430 ,  0 ,  225 ,  25.00 ,  0.10 ,  4.46
21 ,  2 ,  443466 ,  0 ,  225 ,  24.89 ,  0.10 ,  4.46
21 ,  2 ,  443502 ,  0 ,  225 ,  24.78 ,  0.10 ,  4.46
21 ,  2 ,  443538 ,  0 ,  225 ,  24.78 ,  0.10 ,  4.37
21 ,  2 ,  443574 ,  0 ,  225 ,  24.67 ,  0.10 ,  4.37
21 ,  2 ,  443610 ,  0 ,  225 ,  24.67 ,  0.10 ,  4.37
21 ,  2 ,  443645 ,  0 ,  225 ,  24.67 ,  0.10 ,  4.37
21 ,  2 ,  443681 ,  0 ,  225 ,  24.45 ,  0.10 ,  4.27
21 ,  2 ,  443718 ,  0 ,  225 ,  24.45 ,  0.10 ,  4.27
21 ,  2 ,  443756 ,  0 ,  225 ,  24.34 ,  0.10 ,  4.27
21 ,  2 ,  443792 ,  0 ,  225 ,  24.23 ,  0.10 ,  4.27
21 ,  2 ,  443828 ,  0 ,  225 ,  24.23 ,  0.10 ,  4.27
21 ,  2 ,  443864 ,  0 ,  225 ,  24.12 ,  0.10 ,  4.27
21 ,  2 ,  443899 ,  0 ,  225 ,  24.12 ,  0.10 ,  4.17
21 ,  2 ,  443935 ,  0 ,  225 ,  24.01 ,  0.09 ,  4.17
21 ,  2 ,  443971 ,  0 ,  225 ,  23.90 ,  0.10 ,  4.17
21 ,  2 ,  444008 ,  0 ,  225 ,  23.90 ,  0.09 ,  4.17
21 ,  2 ,  444044 ,  0 ,  225 ,  23.79 ,  0.10 ,  4.17
21 ,  2 ,  444082 ,  0 ,  225 ,  23.68 ,  0.10 ,  4.07
21 ,  2 ,  444118 ,  0 ,  225 ,  23.68 ,  0.10 ,  4.07
21 ,  2 ,  444153 ,  0 ,  225 ,  23.57 ,  0.09 ,  4.07
21 ,  2 ,  444189 ,  0 ,  225 ,  23.57 ,  0.10 ,  4.07
21 ,  2 ,  444225 ,  0 ,  225 ,  23.46 ,  0.09 ,  4.07
21 ,  2 ,  444261 ,  0 ,  225 ,  23.46 ,  0.09 ,  4.07
21 ,  2 ,  444297 ,  0 ,  225 ,  23.35 ,  0.09 ,  3.97
21 ,  2 ,  444333 ,  0 ,  225 ,  23.24 ,  0.09 ,  3.97
21 ,  2 ,  444369 ,  0 ,  225 ,  23.24 ,  0.10 ,  3.97
21 ,  2 ,  444407 ,  0 ,  225 ,  23.13 ,  0.09 ,  3.97
21 ,  2 ,  444443 ,  0 ,  225 ,  23.13 ,  0.09 ,  3.97
21 ,  2 ,  444479 ,  0 ,  225 ,  23.02 ,  0.09 ,  3.97
21 ,  2 ,  444515 ,  0 ,  225 ,  23.02 ,  0.09 ,  3.97
21 ,  2 ,  444551 ,  0 ,  225 ,  22.91 ,  0.09 ,  3.87
21 ,  2 ,  444587 ,  0 ,  225 ,  22.91 ,  0.10 ,  3.87
21 ,  2 ,  444622 ,  0 ,  225 ,  22.80 ,  0.09 ,  3.87
21 ,  2 ,  444658 ,  0 ,  225 ,  22.80 ,  0.09 ,  3.87
21 ,  2 ,  444694 ,  0 ,  225 ,  22.69 ,  0.09 ,  3.87
21 ,  2 ,  444733 ,  0 ,  225 ,  22.58 ,  0.09 ,  3.87
21 ,  2 ,  444769 ,  0 ,  225 ,  22.58 ,  0.09 ,  3.87
21 ,  2 ,  444805 ,  0 ,  225 ,  22.47 ,  0.09 ,  3.77
21 ,  2 ,  444840 ,  0 ,  225 ,  22.47 ,  0.09 ,  3.77
21 ,  2 ,  444876 ,  0 ,  225 ,  22.36 ,  0.09 ,  3.77
21 ,  2 ,  444912 ,  0 ,  225 ,  22.36 ,  0.09 ,  3.77
21 ,  2 ,  444948 ,  0 ,  225 ,  22.25 ,  0.09 ,  3.77
21 ,  2 ,  444984 ,  0 ,  225 ,  22.25 ,  0.09 ,  3.77
21 ,  2 ,  445020 ,  0 ,  225 ,  22.14 ,  0.09 ,  3.67
21 ,  2 ,  445057 ,  0 ,  225 ,  22.14 ,  0.09 ,  3.67
21 ,  2 ,  445095 ,  0 ,  225 ,  22.14 ,  0.09 ,  3.67
21 ,  2 ,  445131 ,  0 ,  225 ,  22.03 ,  0.09 ,  3.67
21 ,  2 ,  445167 ,  0 ,  225 ,  21.92 ,  0.09 ,  3.67
21 ,  2 ,  445203 ,  0 ,  225 ,  21.92 ,  0.09 ,  3.67
21 ,  2 ,  445239 ,  0 ,  225 ,  21.81 ,  0.09 ,  3.67
21 ,  2 ,  445275 ,  0 ,  225 ,  21.81 ,  0.09 ,  3.67
21 ,  2 ,  445310 ,  0 ,  225 ,  21.70 ,  0.09 ,  3.57
21 ,  2 ,  445346 ,  0 ,  225 ,  21.70 ,  0.09 ,  3.57
21 ,  2 ,  445382 ,  0 ,  225 ,  21.59 ,  0.09 ,  3.57
21 ,  2 ,  445421 ,  0 ,  225 ,  21.59 ,  0.09 ,  3.57
21 ,  2 ,  445457 ,  0 ,  225 ,  21.48 ,  0.09 ,  3.57
21 ,  2 ,  445493 ,  0 ,  225 ,  21.48 ,  0.09 ,  3.57
21 ,  2 ,  445529 ,  0 ,  225 ,  21.48 ,  0.09 ,  3.47
21 ,  2 ,  445564 ,  0 ,  225 ,  21.37 ,  0.09 ,  3.47
21 ,  2 ,  445600 ,  0 ,  225 ,  21.26 ,  0.09 ,  3.47
21 ,  2 ,  445636 ,  0 ,  225 ,  21.26 ,  0.09 ,  3.47
21 ,  2 ,  445672 ,  0 ,  225 ,  21.26 ,  0.09 ,  3.47
21 ,  2 ,  445708 ,  0 ,  225 ,  21.15 ,  0.09 ,  3.47
21 ,  2 ,  445747 ,  0 ,  225 ,  21.04 ,  0.09 ,  3.47
21 ,  2 ,  445783 ,  0 ,  225 ,  21.04 ,  0.09 ,  3.47
21 ,  2 ,  445818 ,  0 ,  225 ,  21.04 ,  0.09 ,  3.37
21 ,  2 ,  445854 ,  0 ,  225 ,  20.93 ,  0.09 ,  3.37
21 ,  2 ,  445890 ,  0 ,  225 ,  20.93 ,  0.09 ,  3.37
21 ,  2 ,  445926 ,  0 ,  225 ,  20.82 ,  0.09 ,  3.37
21 ,  2 ,  445962 ,  0 ,  225 ,  20.71 ,  0.09 ,  3.37
21 ,  2 ,  445998 ,  0 ,  225 ,  20.82 ,  0.08 ,  3.37
21 ,  2 ,  446033 ,  0 ,  225 ,  20.71 ,  0.09 ,  3.37
21 ,  2 ,  446072 ,  0 ,  225 ,  20.60 ,  0.09 ,  3.27
21 ,  2 ,  446108 ,  0 ,  225 ,  20.60 ,  0.08 ,  3.27
21 ,  2 ,  446144 ,  0 ,  225 ,  20.49 ,  0.08 ,  3.27
21 ,  2 ,  446180 ,  0 ,  225 ,  20.49 ,  0.09 ,  3.27
21 ,  2 ,  446216 ,  0 ,  225 ,  20.38 ,  0.09 ,  3.27
21 ,  2 ,  446252 ,  0 ,  225 ,  20.38 ,  0.09 ,  3.27
21 ,  2 ,  446287 ,  0 ,  225 ,  20.27 ,  0.09 ,  3.27
21 ,  2 ,  446323 ,  0 ,  225 ,  20.27 ,  0.09 ,  3.27
21 ,  2 ,  446359 ,  0 ,  225 ,  20.27 ,  0.09 ,  3.27
21 ,  2 ,  446398 ,  0 ,  225 ,  20.16 ,  0.09 ,  3.27
21 ,  2 ,  446434 ,  0 ,  225 ,  20.16 ,  0.08 ,  3.27
21 ,  2 ,  446470 ,  0 ,  225 ,  20.16 ,  0.09 ,  3.27
21 ,  2 ,  446505 ,  0 ,  225 ,  20.05 ,  0.08 ,  3.18
21 ,  2 ,  446541 ,  0 ,  225 ,  20.05 ,  0.08 ,  3.18
21 ,  2 ,  446577 ,  0 ,  225 ,  19.94 ,  0.09 ,  3.18
21 ,  2 ,  446613 ,  0 ,  225 ,  19.94 ,  0.08 ,  3.18
21 ,  2 ,  446650 ,  0 ,  225 ,  19.83 ,  0.09 ,  3.18
21 ,  2 ,  446686 ,  0 ,  225 ,  19.83 ,  0.08 ,  3.18
21 ,  2 ,  446724 ,  0 ,  225 ,  19.72 ,  0.09 ,  3.08
21 ,  2 ,  446759 ,  0 ,  225 ,  19.61 ,  0.08 ,  3.08
21 ,  2 ,  446795 ,  0 ,  225 ,  19.61 ,  0.08 ,  3.08
21 ,  2 ,  446831 ,  0 ,  225 ,  19.61 ,  0.08 ,  3.08
21 ,  2 ,  446867 ,  0 ,  225 ,  19.61 ,  0.08 ,  3.08
21 ,  2 ,  446903 ,  0 ,  225 ,  19.50 ,  0.08 ,  3.08
21 ,  2 ,  446939 ,  0 ,  225 ,  19.50 ,  0.08 ,  3.08
21 ,  2 ,  446976 ,  0 ,  225 ,  19.39 ,  0.08 ,  3.08
21 ,  2 ,  447011 ,  0 ,  225 ,  19.28 ,  0.08 ,  3.08
21 ,  2 ,  447049 ,  0 ,  225 ,  19.28 ,  0.08 ,  2.98
21 ,  2 ,  447085 ,  0 ,  225 ,  19.28 ,  0.08 ,  2.98
21 ,  2 ,  447121 ,  0 ,  225 ,  19.17 ,  0.08 ,  2.98
21 ,  2 ,  447157 ,  0 ,  225 ,  19.17 ,  0.08 ,  2.98
21 ,  2 ,  447193 ,  0 ,  225 ,  19.06 ,  0.08 ,  2.98
21 ,  2 ,  447228 ,  0 ,  225 ,  19.06 ,  0.08 ,  2.98
21 ,  2 ,  447264 ,  0 ,  225 ,  18.95 ,  0.08 ,  2.98
21 ,  2 ,  447301 ,  0 ,  225 ,  18.95 ,  0.08 ,  2.98
21 ,  2 ,  447337 ,  0 ,  225 ,  18.95 ,  0.08 ,  2.98
21 ,  2 ,  447373 ,  0 ,  225 ,  18.84 ,  0.09 ,  2.98
21 ,  2 ,  447411 ,  0 ,  225 ,  18.84 ,  0.08 ,  2.98
21 ,  2 ,  447447 ,  0 ,  225 ,  18.73 ,  0.08 ,  2.88
21 ,  2 ,  447482 ,  0 ,  225 ,  18.73 ,  0.08 ,  2.88
21 ,  2 ,  447519 ,  0 ,  225 ,  18.62 ,  0.08 ,  2.88
21 ,  2 ,  447555 ,  0 ,  225 ,  18.62 ,  0.08 ,  2.88
21 ,  2 ,  447591 ,  0 ,  225 ,  18.51 ,  0.08 ,  2.88
21 ,  2 ,  447627 ,  0 ,  225 ,  18.51 ,  0.08 ,  2.88
21 ,  2 ,  447663 ,  0 ,  225 ,  18.51 ,  0.08 ,  2.88
21 ,  2 ,  447698 ,  0 ,  225 ,  18.40 ,  0.08 ,  2.88
21 ,  2 ,  447737 ,  0 ,  225 ,  18.40 ,  0.08 ,  2.88
21 ,  2 ,  447773 ,  0 ,  225 ,  18.40 ,  0.08 ,  2.78
21 ,  2 ,  447809 ,  0 ,  225 ,  18.29 ,  0.09 ,  2.78
21 ,  2 ,  447846 ,  0 ,  225 ,  18.29 ,  0.08 ,  2.78
21 ,  2 ,  447882 ,  0 ,  225 ,  18.29 ,  0.08 ,  2.78
21 ,  2 ,  447918 ,  0 ,  225 ,  18.18 ,  0.08 ,  2.78
21 ,  2 ,  447953 ,  0 ,  225 ,  18.18 ,  0.08 ,  2.78
21 ,  2 ,  447989 ,  0 ,  225 ,  18.07 ,  0.08 ,  2.78
21 ,  2 ,  448026 ,  0 ,  225 ,  18.07 ,  0.08 ,  2.78
21 ,  2 ,  448064 ,  0 ,  225 ,  18.07 ,  0.08 ,  2.78
21 ,  2 ,  448100 ,  0 ,  225 ,  17.96 ,  0.08 ,  2.78
21 ,  2 ,  448136 ,  0 ,  225 ,  17.85 ,  0.08 ,  2.68
21 ,  2 ,  448173 ,  0 ,  225 ,  17.85 ,  0.08 ,  2.68
21 ,  2 ,  448208 ,  0 ,  225 ,  17.73 ,  0.08 ,  2.68
21 ,  2 ,  448244 ,  0 ,  225 ,  17.73 ,  0.08 ,  2.68
21 ,  2 ,  448280 ,  0 ,  225 ,  17.73 ,  0.08 ,  2.68
21 ,  2 ,  448316 ,  0 ,  225 ,  17.73 ,  0.08 ,  2.68
21 ,  2 ,  448353 ,  0 ,  225 ,  17.62 ,  0.08 ,  2.68
21 ,  2 ,  448401 ,  0 ,  225 ,  17.62 ,  0.08 ,  2.68
21 ,  2 ,  448439 ,  0 ,  225 ,  17.51 ,  0.08 ,  2.68
21 ,  2 ,  448477 ,  0 ,  225 ,  17.51 ,  0.08 ,  2.68
21 ,  2 ,  448516 ,  0 ,  225 ,  17.40 ,  0.08 ,  2.68
21 ,  2 ,  448560 ,  0 ,  225 ,  17.40 ,  0.08 ,  2.58
21 ,  2 ,  448598 ,  0 ,  225 ,  17.29 ,  0.08 ,  2.58
21 ,  2 ,  448635 ,  0 ,  225 ,  17.29 ,  0.08 ,  2.58
21 ,  2 ,  448674 ,  0 ,  225 ,  17.29 ,  0.08 ,  2.58
21 ,  2 ,  448712 ,  0 ,  225 ,  17.18 ,  0.08 ,  2.58
21 ,  2 ,  448753 ,  0 ,  225 ,  17.18 ,  0.08 ,  2.58
21 ,  2 ,  448791 ,  0 ,  225 ,  17.18 ,  0.08 ,  2.58
21 ,  2 ,  448829 ,  0 ,  225 ,  16.96 ,  0.08 ,  2.48
21 ,  2 ,  448867 ,  0 ,  225 ,  17.07 ,  0.08 ,  2.58
21 ,  2 ,  448905 ,  0 ,  225 ,  16.96 ,  0.08 ,  2.58
21 ,  2 ,  448943 ,  0 ,  225 ,  16.96 ,  0.08 ,  2.58
21 ,  2 ,  448980 ,  0 ,  225 ,  16.85 ,  0.08 ,  2.48
21 ,  2 ,  449019 ,  0 ,  225 ,  16.85 ,  0.08 ,  2.58
21 ,  2 ,  449057 ,  0 ,  225 ,  16.85 ,  0.08 ,  2.48
21 ,  2 ,  449097 ,  0 ,  225 ,  16.74 ,  0.08 ,  2.48
21 ,  2 ,  449135 ,  0 ,  225 ,  16.74 ,  0.08 ,  2.48
21 ,  2 ,  449173 ,  0 ,  225 ,  16.63 ,  0.08 ,  2.48
21 ,  2 ,  449211 ,  0 ,  225 ,  16.63 ,  0.08 ,  2.48
21 ,  2 ,  449250 ,  0 ,  225 ,  16.63 ,  0.08 ,  2.48
21 ,  2 ,  449288 ,  0 ,  225 ,  16.52 ,  0.08 ,  2.48
21 ,  2 ,  449326 ,  0 ,  225 ,  16.52 ,  0.08 ,  2.48
21 ,  2 ,  449363 ,  0 ,  225 ,  16.41 ,  0.08 ,  2.38
21 ,  2 ,  449401 ,  0 ,  225 ,  16.41 ,  0.08 ,  2.38
21 ,  2 ,  449441 ,  0 ,  225 ,  16.41 ,  0.08 ,  2.38
21 ,  2 ,  449480 ,  0 ,  225 ,  16.30 ,  0.08 ,  2.38
21 ,  2 ,  449518 ,  0 ,  225 ,  16.30 ,  0.08 ,  2.38
21 ,  2 ,  449556 ,  0 ,  225 ,  16.19 ,  0.08 ,  2.38
21 ,  2 ,  449594 ,  0 ,  225 ,  16.30 ,  0.08 ,  2.38
21 ,  2 ,  449632 ,  0 ,  225 ,  16.19 ,  0.08 ,  2.38
21 ,  2 ,  449670 ,  0 ,  225 ,  16.08 ,  0.07 ,  2.38
21 ,  2 ,  449708 ,  0 ,  225 ,  16.08 ,  0.08 ,  2.38
21 ,  2 ,  449745 ,  0 ,  225 ,  15.97 ,  0.08 ,  2.38
21 ,  2 ,  449784 ,  0 ,  225 ,  15.97 ,  0.08 ,  2.38
21 ,  2 ,  449824 ,  0 ,  225 ,  15.97 ,  0.08 ,  2.38
21 ,  2 ,  449862 ,  0 ,  225 ,  15.97 ,  0.08 ,  2.38
21 ,  2 ,  449900 ,  0 ,  225 ,  15.86 ,  0.08 ,  2.28
21 ,  2 ,  449938 ,  0 ,  225 ,  15.86 ,  0.08 ,  2.28
21 ,  2 ,  449977 ,  0 ,  225 ,  15.75 ,  0.07 ,  2.28
21 ,  2 ,  450015 ,  0 ,  225 ,  15.75 ,  0.08 ,  2.28
21 ,  2 ,  450053 ,  0 ,  225 ,  15.75 ,  0.08 ,  2.28
21 ,  2 ,  450091 ,  0 ,  225 ,  15.64 ,  0.08 ,  2.28
21 ,  2 ,  450128 ,  0 ,  225 ,  15.64 ,  0.08 ,  2.28
21 ,  2 ,  450168 ,  0 ,  225 ,  15.64 ,  0.08 ,  2.28
21 ,  2 ,  450207 ,  0 ,  225 ,  15.53 ,  0.07 ,  2.28
21 ,  2 ,  450245 ,  0 ,  225 ,  15.53 ,  0.08 ,  2.28
21 ,  2 ,  450283 ,  0 ,  225 ,  15.42 ,  0.08 ,  2.28
21 ,  2 ,  450321 ,  0 ,  225 ,  15.42 ,  0.07 ,  2.28
21 ,  2 ,  450359 ,  0 ,  225 ,  15.42 ,  0.08 ,  2.28
21 ,  2 ,  450397 ,  0 ,  225 ,  15.31 ,  0.08 ,  2.18
21 ,  2 ,  450435 ,  0 ,  225 ,  15.31 ,  0.08 ,  2.28
21 ,  2 ,  450472 ,  0 ,  225 ,  15.31 ,  0.08 ,  2.18
21 ,  2 ,  450513 ,  0 ,  225 ,  15.20 ,  0.08 ,  2.18
21 ,  2 ,  450551 ,  0 ,  225 ,  15.20 ,  0.08 ,  2.18
21 ,  2 ,  450589 ,  0 ,  225 ,  15.09 ,  0.08 ,  2.18
21 ,  2 ,  450627 ,  0 ,  225 ,  15.09 ,  0.07 ,  2.18
21 ,  2 ,  450665 ,  0 ,  225 ,  15.09 ,  0.07 ,  2.18
21 ,  2 ,  450704 ,  0 ,  225 ,  15.09 ,  0.07 ,  2.18
21 ,  2 ,  450742 ,  0 ,  225 ,  14.98 ,  0.07 ,  2.18
21 ,  2 ,  450780 ,  0 ,  225 ,  14.98 ,  0.08 ,  2.18
21 ,  2 ,  450818 ,  0 ,  225 ,  14.98 ,  0.08 ,  2.18
21 ,  2 ,  450857 ,  0 ,  225 ,  14.87 ,  0.08 ,  2.08
21 ,  2 ,  450895 ,  0 ,  225 ,  14.87 ,  0.08 ,  2.08
21 ,  2 ,  450934 ,  0 ,  225 ,  14.87 ,  0.08 ,  2.08
21 ,  2 ,  450972 ,  0 ,  225 ,  14.76 ,  0.08 ,  2.08
21 ,  2 ,  451010 ,  0 ,  225 ,  14.76 ,  0.08 ,  2.08
21 ,  2 ,  451048 ,  0 ,  225 ,  14.76 ,  0.08 ,  2.08
21 ,  2 ,  451086 ,  0 ,  225 ,  14.65 ,  0.07 ,  2.08
21 ,  2 ,  451124 ,  0 ,  225 ,  14.65 ,  0.08 ,  2.08
21 ,  2 ,  451162 ,  0 ,  225 ,  14.65 ,  0.08 ,  2.08
21 ,  2 ,  451203 ,  0 ,  225 ,  14.54 ,  0.08 ,  2.08
21 ,  2 ,  451240 ,  0 ,  225 ,  14.54 ,  0.08 ,  2.08
21 ,  2 ,  451278 ,  0 ,  225 ,  14.43 ,  0.07 ,  2.08
21 ,  2 ,  451316 ,  0 ,  225 ,  14.43 ,  0.08 ,  2.08
21 ,  2 ,  451354 ,  0 ,  225 ,  14.43 ,  0.08 ,  2.08
21 ,  2 ,  451392 ,  0 ,  225 ,  14.43 ,  0.08 ,  1.98
