MS, MPT, t (s), PWMi, PWMe, Pressure (Psi), LW (V), Displacement (mm)
22 ,  5 ,  559503 ,  0 ,  220 ,  13.88 ,  0.06 ,  1.98
22 ,  5 ,  559542 ,  255 ,  0 ,  13.99 ,  0.07 ,  1.98
22 ,  5 ,  559581 ,  255 ,  0 ,  15.97 ,  0.06 ,  1.98
22 ,  5 ,  559619 ,  255 ,  0 ,  30.62 ,  0.09 ,  3.87
22 ,  5 ,  559657 ,  255 ,  0 ,  45.38 ,  0.15 ,  7.04
22 ,  5 ,  559695 ,  255 ,  0 ,  55.73 ,  0.24 ,  10.62
22 ,  5 ,  559734 ,  255 ,  0 ,  62.78 ,  0.33 ,  13.49
22 ,  5 ,  559779 ,  255 ,  0 ,  68.39 ,  0.41 ,  15.88
22 ,  5 ,  559820 ,  255 ,  0 ,  72.14 ,  0.46 ,  17.36
22 ,  5 ,  559858 ,  255 ,  0 ,  74.89 ,  0.48 ,  18.36
22 ,  5 ,  559897 ,  255 ,  0 ,  77.09 ,  0.49 ,  19.15
22 ,  5 ,  559935 ,  255 ,  0 ,  78.97 ,  0.50 ,  19.84
22 ,  5 ,  559974 ,  255 ,  0 ,  80.73 ,  0.51 ,  20.24
22 ,  5 ,  560012 ,  255 ,  0 ,  82.16 ,  0.51 ,  20.74
22 ,  5 ,  560051 ,  255 ,  0 ,  83.48 ,  0.52 ,  21.13
22 ,  5 ,  560089 ,  255 ,  0 ,  84.80 ,  0.52 ,  21.53
22 ,  5 ,  560128 ,  255 ,  0 ,  86.01 ,  0.52 ,  21.83
22 ,  5 ,  560167 ,  255 ,  0 ,  87.12 ,  0.52 ,  22.22
22 ,  5 ,  560206 ,  255 ,  0 ,  88.22 ,  0.52 ,  22.52
22 ,  5 ,  560244 ,  255 ,  0 ,  89.10 ,  0.52 ,  22.72
22 ,  5 ,  560283 ,  255 ,  0 ,  90.09 ,  0.52 ,  22.92
22 ,  5 ,  560321 ,  255 ,  0 ,  90.86 ,  0.52 ,  23.12
22 ,  5 ,  560360 ,  255 ,  0 ,  91.74 ,  0.53 ,  23.42
22 ,  5 ,  560398 ,  255 ,  0 ,  92.51 ,  0.53 ,  23.51
22 ,  5 ,  560437 ,  255 ,  0 ,  93.28 ,  0.52 ,  23.71
22 ,  5 ,  560475 ,  255 ,  0 ,  93.94 ,  0.52 ,  23.91
22 ,  5 ,  560516 ,  255 ,  0 ,  94.60 ,  0.52 ,  24.01
22 ,  5 ,  560555 ,  255 ,  0 ,  95.15 ,  0.53 ,  24.11
22 ,  5 ,  560592 ,  255 ,  0 ,  95.59 ,  0.53 ,  24.21
22 ,  5 ,  560631 ,  255 ,  0 ,  96.04 ,  0.53 ,  24.41
22 ,  5 ,  560669 ,  255 ,  0 ,  96.26 ,  0.53 ,  24.41
22 ,  5 ,  560708 ,  255 ,  0 ,  96.59 ,  0.53 ,  24.51
22 ,  5 ,  560746 ,  255 ,  0 ,  96.70 ,  0.52 ,  24.51
22 ,  5 ,  560785 ,  255 ,  0 ,  96.81 ,  0.52 ,  24.61
22 ,  5 ,  560823 ,  255 ,  0 ,  96.92 ,  0.53 ,  24.61
22 ,  5 ,  560864 ,  255 ,  0 ,  96.92 ,  0.53 ,  24.71
22 ,  5 ,  560902 ,  255 ,  0 ,  97.03 ,  0.53 ,  24.71
22 ,  5 ,  560941 ,  255 ,  0 ,  97.03 ,  0.52 ,  24.71
22 ,  5 ,  560978 ,  255 ,  0 ,  97.03 ,  0.53 ,  24.80
22 ,  5 ,  561017 ,  255 ,  0 ,  97.03 ,  0.53 ,  24.80
22 ,  5 ,  561055 ,  255 ,  0 ,  97.03 ,  0.53 ,  24.80
22 ,  5 ,  561094 ,  255 ,  0 ,  97.03 ,  0.53 ,  24.80
22 ,  5 ,  561132 ,  255 ,  0 ,  97.03 ,  0.53 ,  24.80
22 ,  5 ,  561171 ,  255 ,  0 ,  97.03 ,  0.52 ,  24.90
22 ,  5 ,  561212 ,  255 ,  0 ,  97.03 ,  0.53 ,  24.90
22 ,  5 ,  561250 ,  255 ,  0 ,  96.92 ,  0.52 ,  24.90
22 ,  5 ,  561289 ,  255 ,  0 ,  96.92 ,  0.53 ,  24.90
22 ,  5 ,  561327 ,  255 ,  0 ,  96.92 ,  0.53 ,  24.90
22 ,  5 ,  561366 ,  255 ,  0 ,  96.92 ,  0.53 ,  24.90
22 ,  5 ,  561403 ,  255 ,  0 ,  96.92 ,  0.53 ,  24.90
22 ,  5 ,  561442 ,  255 ,  0 ,  97.03 ,  0.52 ,  24.90
22 ,  5 ,  561480 ,  255 ,  0 ,  96.92 ,  0.53 ,  24.90
22 ,  5 ,  561519 ,  255 ,  0 ,  97.03 ,  0.53 ,  25.00
22 ,  5 ,  561559 ,  255 ,  0 ,  96.92 ,  0.53 ,  25.00
22 ,  5 ,  561598 ,  255 ,  0 ,  96.92 ,  0.53 ,  25.00
22 ,  5 ,  561636 ,  255 ,  0 ,  96.92 ,  0.53 ,  25.00
22 ,  5 ,  561675 ,  255 ,  0 ,  96.92 ,  0.53 ,  25.00
22 ,  5 ,  561713 ,  255 ,  0 ,  96.92 ,  0.53 ,  25.00
22 ,  5 ,  561752 ,  255 ,  0 ,  96.92 ,  0.53 ,  25.00
22 ,  5 ,  561789 ,  255 ,  0 ,  96.92 ,  0.53 ,  25.00
22 ,  5 ,  561828 ,  255 ,  0 ,  96.92 ,  0.53 ,  25.00
22 ,  5 ,  561866 ,  255 ,  0 ,  96.92 ,  0.53 ,  25.00
22 ,  5 ,  561907 ,  255 ,  0 ,  96.92 ,  0.53 ,  25.00
22 ,  5 ,  561946 ,  255 ,  0 ,  96.81 ,  0.53 ,  25.10
22 ,  5 ,  561984 ,  255 ,  0 ,  96.92 ,  0.53 ,  25.10
22 ,  5 ,  562023 ,  255 ,  0 ,  96.92 ,  0.53 ,  25.10
22 ,  5 ,  562061 ,  255 ,  0 ,  96.81 ,  0.53 ,  25.10
22 ,  5 ,  562100 ,  255 ,  0 ,  96.92 ,  0.53 ,  25.10
22 ,  5 ,  562138 ,  255 ,  0 ,  96.92 ,  0.53 ,  25.10
22 ,  5 ,  562177 ,  255 ,  0 ,  96.81 ,  0.53 ,  25.10
22 ,  5 ,  562214 ,  255 ,  0 ,  96.92 ,  0.53 ,  25.10
22 ,  5 ,  562255 ,  255 ,  0 ,  96.92 ,  0.53 ,  25.10
22 ,  5 ,  562293 ,  255 ,  0 ,  96.81 ,  0.53 ,  25.10
22 ,  5 ,  562332 ,  255 ,  0 ,  96.92 ,  0.53 ,  25.10
22 ,  5 ,  562370 ,  255 ,  0 ,  96.81 ,  0.52 ,  25.10
22 ,  5 ,  562409 ,  255 ,  0 ,  96.81 ,  0.53 ,  25.20
22 ,  5 ,  562447 ,  255 ,  0 ,  96.81 ,  0.53 ,  25.20
22 ,  5 ,  562486 ,  0 ,  220 ,  96.81 ,  0.52 ,  25.20
22 ,  5 ,  562524 ,  0 ,  220 ,  92.40 ,  0.53 ,  24.90
22 ,  5 ,  562563 ,  0 ,  220 ,  84.69 ,  0.53 ,  24.01
22 ,  5 ,  562604 ,  0 ,  220 ,  77.31 ,  0.52 ,  22.72
22 ,  5 ,  562641 ,  0 ,  220 ,  71.48 ,  0.52 ,  21.43
22 ,  5 ,  562680 ,  0 ,  220 ,  66.74 ,  0.51 ,  20.24
22 ,  5 ,  562718 ,  0 ,  220 ,  62.78 ,  0.49 ,  19.15
22 ,  5 ,  562757 ,  0 ,  220 ,  59.58 ,  0.47 ,  18.16
22 ,  5 ,  562795 ,  0 ,  220 ,  56.83 ,  0.45 ,  17.16
22 ,  5 ,  562834 ,  0 ,  220 ,  54.41 ,  0.42 ,  16.27
22 ,  5 ,  562872 ,  0 ,  220 ,  52.42 ,  0.38 ,  15.38
22 ,  5 ,  562911 ,  0 ,  220 ,  50.55 ,  0.35 ,  14.68
22 ,  5 ,  562951 ,  0 ,  220 ,  48.90 ,  0.32 ,  13.89
22 ,  5 ,  562990 ,  0 ,  220 ,  47.47 ,  0.29 ,  13.30
22 ,  5 ,  563027 ,  0 ,  220 ,  46.26 ,  0.27 ,  12.70
22 ,  5 ,  563066 ,  0 ,  220 ,  45.05 ,  0.25 ,  12.20
22 ,  5 ,  563104 ,  0 ,  220 ,  44.06 ,  0.23 ,  11.71
22 ,  5 ,  563143 ,  0 ,  220 ,  43.17 ,  0.22 ,  11.21
22 ,  5 ,  563181 ,  0 ,  220 ,  42.29 ,  0.21 ,  10.91
22 ,  5 ,  563220 ,  0 ,  220 ,  41.52 ,  0.20 ,  10.62
22 ,  5 ,  563258 ,  0 ,  220 ,  40.75 ,  0.19 ,  10.22
22 ,  5 ,  563300 ,  0 ,  220 ,  40.09 ,  0.18 ,  9.92
22 ,  5 ,  563338 ,  0 ,  220 ,  39.54 ,  0.17 ,  9.72
22 ,  5 ,  563377 ,  0 ,  220 ,  38.99 ,  0.16 ,  9.43
22 ,  5 ,  563415 ,  0 ,  220 ,  38.44 ,  0.16 ,  9.23
22 ,  5 ,  563453 ,  0 ,  220 ,  38.00 ,  0.15 ,  8.93
22 ,  5 ,  563491 ,  0 ,  220 ,  37.56 ,  0.15 ,  8.83
22 ,  5 ,  563529 ,  0 ,  220 ,  37.23 ,  0.15 ,  8.63
22 ,  5 ,  563568 ,  0 ,  220 ,  36.79 ,  0.14 ,  8.53
22 ,  5 ,  563606 ,  0 ,  220 ,  36.46 ,  0.14 ,  8.33
22 ,  5 ,  563647 ,  0 ,  220 ,  36.13 ,  0.13 ,  8.24
22 ,  5 ,  563686 ,  0 ,  220 ,  35.91 ,  0.13 ,  8.04
22 ,  5 ,  563724 ,  0 ,  220 ,  35.58 ,  0.13 ,  8.04
22 ,  5 ,  563762 ,  0 ,  220 ,  35.25 ,  0.13 ,  7.84
22 ,  5 ,  563801 ,  0 ,  220 ,  35.02 ,  0.13 ,  7.74
22 ,  5 ,  563838 ,  0 ,  220 ,  34.80 ,  0.13 ,  7.74
22 ,  5 ,  563877 ,  0 ,  220 ,  34.58 ,  0.12 ,  7.64
22 ,  5 ,  563915 ,  0 ,  220 ,  34.36 ,  0.13 ,  7.54
22 ,  5 ,  563954 ,  0 ,  220 ,  34.25 ,  0.12 ,  7.44
22 ,  5 ,  563995 ,  0 ,  220 ,  34.03 ,  0.12 ,  7.34
22 ,  5 ,  564033 ,  0 ,  220 ,  33.81 ,  0.12 ,  7.24
22 ,  5 ,  564071 ,  0 ,  220 ,  33.70 ,  0.11 ,  7.24
22 ,  5 ,  564110 ,  0 ,  220 ,  33.48 ,  0.11 ,  7.14
22 ,  5 ,  564148 ,  0 ,  220 ,  33.37 ,  0.12 ,  7.04
22 ,  5 ,  564230 ,  0 ,  220 ,  32.93 ,  0.11 ,  6.95
22 ,  5 ,  564268 ,  0 ,  220 ,  32.82 ,  0.12 ,  6.95
22 ,  5 ,  564306 ,  0 ,  220 ,  32.71 ,  0.11 ,  6.85
22 ,  5 ,  564344 ,  0 ,  220 ,  32.49 ,  0.11 ,  6.85
22 ,  5 ,  564385 ,  0 ,  220 ,  32.49 ,  0.11 ,  6.75
22 ,  5 ,  564423 ,  0 ,  220 ,  32.27 ,  0.11 ,  6.65
22 ,  5 ,  564462 ,  0 ,  220 ,  32.16 ,  0.11 ,  6.65
22 ,  5 ,  564500 ,  0 ,  220 ,  32.05 ,  0.11 ,  6.65
22 ,  5 ,  564538 ,  0 ,  220 ,  31.94 ,  0.11 ,  6.55
22 ,  5 ,  564577 ,  0 ,  220 ,  31.83 ,  0.11 ,  6.55
22 ,  5 ,  564615 ,  0 ,  220 ,  31.72 ,  0.10 ,  6.45
22 ,  5 ,  564654 ,  0 ,  220 ,  31.61 ,  0.11 ,  6.45
22 ,  5 ,  564691 ,  0 ,  220 ,  31.39 ,  0.10 ,  6.35
22 ,  5 ,  564730 ,  0 ,  220 ,  31.39 ,  0.10 ,  6.35
22 ,  5 ,  564770 ,  0 ,  220 ,  31.17 ,  0.10 ,  6.25
22 ,  5 ,  564809 ,  0 ,  220 ,  31.17 ,  0.11 ,  6.25
22 ,  5 ,  564847 ,  0 ,  220 ,  31.06 ,  0.10 ,  6.25
22 ,  5 ,  564886 ,  0 ,  220 ,  30.95 ,  0.10 ,  6.15
22 ,  5 ,  564924 ,  0 ,  220 ,  30.84 ,  0.11 ,  6.15
22 ,  5 ,  564963 ,  0 ,  220 ,  30.73 ,  0.10 ,  6.15
22 ,  5 ,  565001 ,  0 ,  220 ,  30.62 ,  0.10 ,  6.05
22 ,  5 ,  565040 ,  0 ,  220 ,  30.51 ,  0.10 ,  6.05
22 ,  5 ,  565078 ,  0 ,  220 ,  30.51 ,  0.10 ,  6.05
22 ,  5 ,  565118 ,  0 ,  220 ,  30.40 ,  0.09 ,  5.95
22 ,  5 ,  565156 ,  0 ,  220 ,  30.29 ,  0.09 ,  5.95
22 ,  5 ,  565195 ,  0 ,  220 ,  30.29 ,  0.09 ,  5.95
22 ,  5 ,  565233 ,  0 ,  220 ,  30.07 ,  0.09 ,  5.95
22 ,  5 ,  565271 ,  0 ,  220 ,  30.07 ,  0.09 ,  5.85
22 ,  5 ,  565310 ,  0 ,  220 ,  29.96 ,  0.09 ,  5.85
22 ,  5 ,  565348 ,  0 ,  220 ,  29.96 ,  0.09 ,  5.85
22 ,  5 ,  565387 ,  0 ,  220 ,  29.74 ,  0.10 ,  5.75
22 ,  5 ,  565425 ,  0 ,  220 ,  29.74 ,  0.10 ,  5.75
22 ,  5 ,  565466 ,  0 ,  220 ,  29.63 ,  0.09 ,  5.75
22 ,  5 ,  565504 ,  0 ,  220 ,  29.52 ,  0.10 ,  5.75
22 ,  5 ,  565542 ,  0 ,  220 ,  29.41 ,  0.09 ,  5.66
22 ,  5 ,  565580 ,  0 ,  220 ,  29.30 ,  0.09 ,  5.66
22 ,  5 ,  565619 ,  0 ,  220 ,  29.30 ,  0.09 ,  5.66
22 ,  5 ,  565657 ,  0 ,  220 ,  29.19 ,  0.09 ,  5.66
22 ,  5 ,  565696 ,  0 ,  220 ,  29.19 ,  0.09 ,  5.56
22 ,  5 ,  565734 ,  0 ,  220 ,  29.08 ,  0.09 ,  5.56
22 ,  5 ,  565773 ,  0 ,  220 ,  28.97 ,  0.09 ,  5.56
22 ,  5 ,  565813 ,  0 ,  220 ,  28.86 ,  0.09 ,  5.56
22 ,  5 ,  565852 ,  0 ,  220 ,  28.86 ,  0.09 ,  5.46
22 ,  5 ,  565890 ,  0 ,  220 ,  28.75 ,  0.09 ,  5.46
22 ,  5 ,  565928 ,  0 ,  220 ,  28.75 ,  0.09 ,  5.46
22 ,  5 ,  565966 ,  0 ,  220 ,  28.64 ,  0.09 ,  5.46
22 ,  5 ,  566004 ,  0 ,  220 ,  28.53 ,  0.09 ,  5.46
22 ,  5 ,  566043 ,  0 ,  220 ,  28.53 ,  0.09 ,  5.36
22 ,  5 ,  566081 ,  0 ,  220 ,  28.42 ,  0.09 ,  5.36
22 ,  5 ,  566120 ,  0 ,  220 ,  28.31 ,  0.09 ,  5.36
22 ,  5 ,  566160 ,  0 ,  220 ,  28.20 ,  0.09 ,  5.26
22 ,  5 ,  566199 ,  0 ,  220 ,  28.20 ,  0.08 ,  5.26
22 ,  5 ,  566237 ,  0 ,  220 ,  28.09 ,  0.08 ,  5.26
22 ,  5 ,  566276 ,  0 ,  220 ,  27.98 ,  0.09 ,  5.26
22 ,  5 ,  566313 ,  0 ,  220 ,  27.87 ,  0.09 ,  5.26
22 ,  5 ,  566352 ,  0 ,  220 ,  27.87 ,  0.09 ,  5.26
22 ,  5 ,  566390 ,  0 ,  220 ,  27.76 ,  0.08 ,  5.16
22 ,  5 ,  566429 ,  0 ,  220 ,  27.65 ,  0.09 ,  5.16
22 ,  5 ,  566467 ,  0 ,  220 ,  27.65 ,  0.09 ,  5.16
22 ,  5 ,  566508 ,  0 ,  220 ,  27.54 ,  0.09 ,  5.16
22 ,  5 ,  566546 ,  0 ,  220 ,  27.54 ,  0.09 ,  5.06
22 ,  5 ,  566585 ,  0 ,  220 ,  27.43 ,  0.08 ,  5.06
22 ,  5 ,  566623 ,  0 ,  220 ,  27.32 ,  0.08 ,  5.06
22 ,  5 ,  566661 ,  0 ,  220 ,  27.21 ,  0.08 ,  4.96
22 ,  5 ,  566700 ,  0 ,  220 ,  27.21 ,  0.09 ,  5.06
22 ,  5 ,  566737 ,  0 ,  220 ,  27.21 ,  0.09 ,  4.96
22 ,  5 ,  566776 ,  0 ,  220 ,  27.10 ,  0.08 ,  4.96
22 ,  5 ,  566814 ,  0 ,  220 ,  26.99 ,  0.08 ,  4.96
22 ,  5 ,  566855 ,  0 ,  220 ,  26.99 ,  0.08 ,  4.96
22 ,  5 ,  566893 ,  0 ,  220 ,  26.88 ,  0.08 ,  4.86
22 ,  5 ,  566932 ,  0 ,  220 ,  26.77 ,  0.08 ,  4.96
22 ,  5 ,  566970 ,  0 ,  220 ,  26.77 ,  0.08 ,  4.86
22 ,  5 ,  567009 ,  0 ,  220 ,  26.66 ,  0.08 ,  4.86
22 ,  5 ,  567047 ,  0 ,  220 ,  26.55 ,  0.08 ,  4.86
22 ,  5 ,  567086 ,  0 ,  220 ,  26.55 ,  0.08 ,  4.76
22 ,  5 ,  567123 ,  0 ,  220 ,  26.43 ,  0.08 ,  4.86
22 ,  5 ,  567162 ,  0 ,  220 ,  26.32 ,  0.08 ,  4.76
22 ,  5 ,  567200 ,  0 ,  220 ,  26.32 ,  0.08 ,  4.76
22 ,  5 ,  567241 ,  0 ,  220 ,  26.21 ,  0.08 ,  4.76
22 ,  5 ,  567279 ,  0 ,  220 ,  26.21 ,  0.08 ,  4.76
22 ,  5 ,  567318 ,  0 ,  220 ,  26.10 ,  0.08 ,  4.66
22 ,  5 ,  567356 ,  0 ,  220 ,  25.99 ,  0.08 ,  4.66
22 ,  5 ,  567394 ,  0 ,  220 ,  25.99 ,  0.08 ,  4.66
22 ,  5 ,  567433 ,  0 ,  220 ,  25.88 ,  0.08 ,  4.66
22 ,  5 ,  567471 ,  0 ,  220 ,  25.77 ,  0.08 ,  4.66
22 ,  5 ,  567510 ,  0 ,  220 ,  25.66 ,  0.08 ,  4.66
22 ,  5 ,  567547 ,  0 ,  220 ,  25.66 ,  0.08 ,  4.56
22 ,  5 ,  567588 ,  0 ,  220 ,  25.55 ,  0.08 ,  4.56
22 ,  5 ,  567626 ,  0 ,  220 ,  25.55 ,  0.08 ,  4.56
22 ,  5 ,  567665 ,  0 ,  220 ,  25.44 ,  0.08 ,  4.56
22 ,  5 ,  567704 ,  0 ,  220 ,  25.44 ,  0.07 ,  4.56
22 ,  5 ,  567742 ,  0 ,  220 ,  25.33 ,  0.08 ,  4.46
22 ,  5 ,  567781 ,  0 ,  220 ,  25.22 ,  0.08 ,  4.46
22 ,  5 ,  567819 ,  0 ,  220 ,  25.22 ,  0.08 ,  4.46
22 ,  5 ,  567858 ,  0 ,  220 ,  25.11 ,  0.08 ,  4.46
22 ,  5 ,  567896 ,  0 ,  220 ,  25.11 ,  0.08 ,  4.46
22 ,  5 ,  567937 ,  0 ,  220 ,  25.00 ,  0.07 ,  4.46
22 ,  5 ,  567974 ,  0 ,  220 ,  24.89 ,  0.08 ,  4.46
22 ,  5 ,  568013 ,  0 ,  220 ,  24.89 ,  0.07 ,  4.37
22 ,  5 ,  568051 ,  0 ,  220 ,  24.78 ,  0.08 ,  4.37
22 ,  5 ,  568090 ,  0 ,  220 ,  24.67 ,  0.08 ,  4.27
22 ,  5 ,  568128 ,  0 ,  220 ,  24.67 ,  0.08 ,  4.37
22 ,  5 ,  568167 ,  0 ,  220 ,  24.56 ,  0.08 ,  4.37
22 ,  5 ,  568205 ,  0 ,  220 ,  24.56 ,  0.08 ,  4.27
22 ,  5 ,  568244 ,  0 ,  220 ,  24.45 ,  0.08 ,  4.27
22 ,  5 ,  568284 ,  0 ,  220 ,  24.34 ,  0.08 ,  4.27
22 ,  5 ,  568323 ,  0 ,  220 ,  24.34 ,  0.08 ,  4.27
22 ,  5 ,  568360 ,  0 ,  220 ,  24.23 ,  0.08 ,  4.27
22 ,  5 ,  568399 ,  0 ,  220 ,  24.23 ,  0.08 ,  4.17
22 ,  5 ,  568437 ,  0 ,  220 ,  24.12 ,  0.07 ,  4.17
22 ,  5 ,  568476 ,  0 ,  220 ,  24.12 ,  0.08 ,  4.17
22 ,  5 ,  568514 ,  0 ,  220 ,  24.01 ,  0.07 ,  4.17
22 ,  5 ,  568552 ,  0 ,  220 ,  24.01 ,  0.08 ,  4.17
22 ,  5 ,  568591 ,  0 ,  220 ,  23.90 ,  0.08 ,  4.17
22 ,  5 ,  568632 ,  0 ,  220 ,  23.79 ,  0.08 ,  4.17
22 ,  5 ,  568670 ,  0 ,  220 ,  23.68 ,  0.07 ,  4.07
22 ,  5 ,  568708 ,  0 ,  220 ,  23.68 ,  0.07 ,  4.07
22 ,  5 ,  568747 ,  0 ,  220 ,  23.68 ,  0.07 ,  4.07
22 ,  5 ,  568784 ,  0 ,  220 ,  23.57 ,  0.07 ,  4.07
22 ,  5 ,  568823 ,  0 ,  220 ,  23.46 ,  0.07 ,  4.07
22 ,  5 ,  568861 ,  0 ,  220 ,  23.46 ,  0.07 ,  4.07
22 ,  5 ,  568900 ,  0 ,  220 ,  23.35 ,  0.07 ,  4.07
22 ,  5 ,  568938 ,  0 ,  220 ,  23.35 ,  0.08 ,  3.97
22 ,  5 ,  568979 ,  0 ,  220 ,  23.35 ,  0.07 ,  3.97
22 ,  5 ,  569017 ,  0 ,  220 ,  23.13 ,  0.08 ,  3.97
22 ,  5 ,  569056 ,  0 ,  220 ,  23.13 ,  0.07 ,  3.97
22 ,  5 ,  569094 ,  0 ,  220 ,  23.02 ,  0.07 ,  3.97
22 ,  5 ,  569133 ,  0 ,  220 ,  22.91 ,  0.07 ,  3.97
22 ,  5 ,  569170 ,  0 ,  220 ,  22.91 ,  0.07 ,  3.97
22 ,  5 ,  569209 ,  0 ,  220 ,  22.91 ,  0.07 ,  3.87
22 ,  5 ,  569247 ,  0 ,  220 ,  22.80 ,  0.07 ,  3.87
22 ,  5 ,  569285 ,  0 ,  220 ,  22.69 ,  0.08 ,  3.87
22 ,  5 ,  569326 ,  0 ,  220 ,  22.69 ,  0.07 ,  3.87
22 ,  5 ,  569365 ,  0 ,  220 ,  22.69 ,  0.07 ,  3.87
22 ,  5 ,  569403 ,  0 ,  220 ,  22.58 ,  0.07 ,  3.87
22 ,  5 ,  569442 ,  0 ,  220 ,  22.47 ,  0.07 ,  3.77
22 ,  5 ,  569480 ,  0 ,  220 ,  22.36 ,  0.07 ,  3.77
22 ,  5 ,  569518 ,  0 ,  220 ,  22.36 ,  0.07 ,  3.77
22 ,  5 ,  569556 ,  0 ,  220 ,  22.36 ,  0.07 ,  3.77
22 ,  5 ,  569594 ,  0 ,  220 ,  22.25 ,  0.07 ,  3.77
22 ,  5 ,  569633 ,  0 ,  220 ,  22.14 ,  0.08 ,  3.77
22 ,  5 ,  569671 ,  0 ,  220 ,  22.14 ,  0.07 ,  3.77
22 ,  5 ,  569712 ,  0 ,  220 ,  22.03 ,  0.07 ,  3.77
22 ,  5 ,  569751 ,  0 ,  220 ,  22.03 ,  0.07 ,  3.67
22 ,  5 ,  569789 ,  0 ,  220 ,  22.03 ,  0.07 ,  3.67
22 ,  5 ,  569828 ,  0 ,  220 ,  21.92 ,  0.07 ,  3.67
22 ,  5 ,  569866 ,  0 ,  220 ,  21.81 ,  0.07 ,  3.67
22 ,  5 ,  569905 ,  0 ,  220 ,  21.81 ,  0.07 ,  3.67
22 ,  5 ,  569943 ,  0 ,  220 ,  21.70 ,  0.07 ,  3.67
22 ,  5 ,  569981 ,  0 ,  220 ,  21.70 ,  0.07 ,  3.57
22 ,  5 ,  570019 ,  0 ,  220 ,  21.59 ,  0.07 ,  3.57
22 ,  5 ,  570060 ,  0 ,  220 ,  21.59 ,  0.07 ,  3.57
22 ,  5 ,  570099 ,  0 ,  220 ,  21.48 ,  0.07 ,  3.57
22 ,  5 ,  570137 ,  0 ,  220 ,  21.37 ,  0.07 ,  3.57
22 ,  5 ,  570176 ,  0 ,  220 ,  21.37 ,  0.07 ,  3.57
22 ,  5 ,  570214 ,  0 ,  220 ,  21.37 ,  0.07 ,  3.57
22 ,  5 ,  570253 ,  0 ,  220 ,  21.26 ,  0.07 ,  3.57
22 ,  5 ,  570291 ,  0 ,  220 ,  21.15 ,  0.07 ,  3.47
22 ,  5 ,  570330 ,  0 ,  220 ,  21.15 ,  0.07 ,  3.47
22 ,  5 ,  570368 ,  0 ,  220 ,  21.04 ,  0.07 ,  3.47
22 ,  5 ,  570408 ,  0 ,  220 ,  21.04 ,  0.07 ,  3.47
22 ,  5 ,  570447 ,  0 ,  220 ,  20.93 ,  0.07 ,  3.47
22 ,  5 ,  570485 ,  0 ,  220 ,  20.93 ,  0.07 ,  3.47
22 ,  5 ,  570524 ,  0 ,  220 ,  20.82 ,  0.07 ,  3.47
22 ,  5 ,  570562 ,  0 ,  220 ,  20.82 ,  0.07 ,  3.47
22 ,  5 ,  570601 ,  0 ,  220 ,  20.71 ,  0.07 ,  3.37
22 ,  5 ,  570639 ,  0 ,  220 ,  20.71 ,  0.07 ,  3.37
22 ,  5 ,  570678 ,  0 ,  220 ,  20.60 ,  0.07 ,  3.37
22 ,  5 ,  570716 ,  0 ,  220 ,  20.60 ,  0.07 ,  3.37
22 ,  5 ,  570766 ,  0 ,  220 ,  20.49 ,  0.07 ,  3.37
22 ,  5 ,  570807 ,  0 ,  220 ,  20.49 ,  0.07 ,  3.37
22 ,  5 ,  570848 ,  0 ,  220 ,  20.38 ,  0.07 ,  3.37
22 ,  5 ,  570888 ,  0 ,  220 ,  20.27 ,  0.07 ,  3.27
22 ,  5 ,  570929 ,  0 ,  220 ,  20.27 ,  0.07 ,  3.27
22 ,  5 ,  570970 ,  0 ,  220 ,  20.27 ,  0.07 ,  3.27
22 ,  5 ,  571010 ,  0 ,  220 ,  20.27 ,  0.07 ,  3.27
22 ,  5 ,  571051 ,  0 ,  220 ,  20.16 ,  0.07 ,  3.27
22 ,  5 ,  571091 ,  0 ,  220 ,  20.05 ,  0.07 ,  3.27
22 ,  5 ,  571134 ,  0 ,  220 ,  20.05 ,  0.07 ,  3.27
22 ,  5 ,  571174 ,  0 ,  220 ,  19.94 ,  0.07 ,  3.18
22 ,  5 ,  571215 ,  0 ,  220 ,  19.94 ,  0.07 ,  3.18
22 ,  5 ,  571256 ,  0 ,  220 ,  19.83 ,  0.07 ,  3.18
22 ,  5 ,  571296 ,  0 ,  220 ,  19.83 ,  0.07 ,  3.18
22 ,  5 ,  571337 ,  0 ,  220 ,  19.72 ,  0.07 ,  3.18
22 ,  5 ,  571377 ,  0 ,  220 ,  19.61 ,  0.07 ,  3.18
22 ,  5 ,  571418 ,  0 ,  220 ,  19.61 ,  0.07 ,  3.18
22 ,  5 ,  571464 ,  0 ,  220 ,  19.61 ,  0.07 ,  3.08
22 ,  5 ,  571507 ,  0 ,  220 ,  19.50 ,  0.07 ,  3.08
22 ,  5 ,  571547 ,  0 ,  220 ,  19.39 ,  0.07 ,  3.08
22 ,  5 ,  571588 ,  0 ,  220 ,  19.39 ,  0.07 ,  3.08
22 ,  5 ,  571628 ,  0 ,  220 ,  19.28 ,  0.07 ,  3.08
22 ,  5 ,  571669 ,  0 ,  220 ,  19.28 ,  0.07 ,  3.08
22 ,  5 ,  571709 ,  0 ,  220 ,  19.17 ,  0.07 ,  3.08
22 ,  5 ,  571750 ,  0 ,  220 ,  19.06 ,  0.07 ,  3.08
22 ,  5 ,  571790 ,  0 ,  220 ,  19.06 ,  0.07 ,  3.08
22 ,  5 ,  571830 ,  0 ,  220 ,  18.95 ,  0.07 ,  2.98
22 ,  5 ,  571873 ,  0 ,  220 ,  18.95 ,  0.07 ,  2.98
22 ,  5 ,  571914 ,  0 ,  220 ,  18.95 ,  0.06 ,  2.98
22 ,  5 ,  571954 ,  0 ,  220 ,  18.84 ,  0.06 ,  2.98
22 ,  5 ,  571995 ,  0 ,  220 ,  18.84 ,  0.07 ,  2.98
22 ,  5 ,  572035 ,  0 ,  220 ,  18.73 ,  0.07 ,  2.98
22 ,  5 ,  572075 ,  0 ,  220 ,  18.73 ,  0.07 ,  2.98
22 ,  5 ,  572115 ,  0 ,  220 ,  18.73 ,  0.07 ,  2.98
22 ,  5 ,  572155 ,  0 ,  220 ,  18.62 ,  0.07 ,  2.98
22 ,  5 ,  572196 ,  0 ,  220 ,  18.62 ,  0.07 ,  2.88
22 ,  5 ,  572236 ,  0 ,  220 ,  18.51 ,  0.07 ,  2.88
22 ,  5 ,  572279 ,  0 ,  220 ,  18.40 ,  0.07 ,  2.88
22 ,  5 ,  572320 ,  0 ,  220 ,  18.40 ,  0.06 ,  2.88
22 ,  5 ,  572360 ,  0 ,  220 ,  18.29 ,  0.07 ,  2.88
22 ,  5 ,  572401 ,  0 ,  220 ,  18.29 ,  0.07 ,  2.88
22 ,  5 ,  572441 ,  0 ,  220 ,  18.18 ,  0.07 ,  2.88
22 ,  5 ,  572482 ,  0 ,  220 ,  18.18 ,  0.07 ,  2.88
22 ,  5 ,  572522 ,  0 ,  220 ,  18.18 ,  0.07 ,  2.78
22 ,  5 ,  572563 ,  0 ,  220 ,  18.07 ,  0.07 ,  2.78
22 ,  5 ,  572603 ,  0 ,  220 ,  18.07 ,  0.07 ,  2.78
22 ,  5 ,  572646 ,  0 ,  220 ,  17.96 ,  0.07 ,  2.78
22 ,  5 ,  572686 ,  0 ,  220 ,  17.96 ,  0.07 ,  2.78
22 ,  5 ,  572727 ,  0 ,  220 ,  17.96 ,  0.07 ,  2.78
22 ,  5 ,  572767 ,  0 ,  220 ,  17.85 ,  0.07 ,  2.78
22 ,  5 ,  572808 ,  0 ,  220 ,  17.73 ,  0.07 ,  2.68
22 ,  5 ,  572848 ,  0 ,  220 ,  17.73 ,  0.07 ,  2.78
22 ,  5 ,  572889 ,  0 ,  220 ,  17.73 ,  0.06 ,  2.78
22 ,  5 ,  572929 ,  0 ,  220 ,  17.62 ,  0.06 ,  2.68
22 ,  5 ,  572969 ,  0 ,  220 ,  17.62 ,  0.07 ,  2.68
22 ,  5 ,  573011 ,  0 ,  220 ,  17.62 ,  0.06 ,  2.68
22 ,  5 ,  573052 ,  0 ,  220 ,  17.51 ,  0.06 ,  2.68
22 ,  5 ,  573092 ,  0 ,  220 ,  17.51 ,  0.07 ,  2.68
22 ,  5 ,  573133 ,  0 ,  220 ,  17.40 ,  0.07 ,  2.68
22 ,  5 ,  573173 ,  0 ,  220 ,  17.29 ,  0.07 ,  2.68
22 ,  5 ,  573214 ,  0 ,  220 ,  17.29 ,  0.07 ,  2.68
22 ,  5 ,  573254 ,  0 ,  220 ,  17.29 ,  0.07 ,  2.68
22 ,  5 ,  573295 ,  0 ,  220 ,  17.18 ,  0.07 ,  2.68
22 ,  5 ,  573335 ,  0 ,  220 ,  17.18 ,  0.07 ,  2.58
22 ,  5 ,  573378 ,  0 ,  220 ,  17.07 ,  0.07 ,  2.58
22 ,  5 ,  573419 ,  0 ,  220 ,  17.07 ,  0.07 ,  2.58
22 ,  5 ,  573459 ,  0 ,  220 ,  16.96 ,  0.07 ,  2.58
22 ,  5 ,  573500 ,  0 ,  220 ,  16.96 ,  0.07 ,  2.58
22 ,  5 ,  573540 ,  0 ,  220 ,  16.96 ,  0.07 ,  2.58
22 ,  5 ,  573580 ,  0 ,  220 ,  16.85 ,  0.07 ,  2.58
22 ,  5 ,  573621 ,  0 ,  220 ,  16.85 ,  0.07 ,  2.58
22 ,  5 ,  573661 ,  0 ,  220 ,  16.85 ,  0.07 ,  2.58
22 ,  5 ,  573702 ,  0 ,  220 ,  16.74 ,  0.07 ,  2.58
22 ,  5 ,  573745 ,  0 ,  220 ,  16.63 ,  0.07 ,  2.48
22 ,  5 ,  573785 ,  0 ,  220 ,  16.63 ,  0.07 ,  2.48
22 ,  5 ,  573826 ,  0 ,  220 ,  16.63 ,  0.07 ,  2.48
22 ,  5 ,  573865 ,  0 ,  220 ,  16.52 ,  0.07 ,  2.48
22 ,  5 ,  573906 ,  0 ,  220 ,  16.52 ,  0.06 ,  2.48
22 ,  5 ,  573946 ,  0 ,  220 ,  16.41 ,  0.06 ,  2.48
22 ,  5 ,  573986 ,  0 ,  220 ,  16.41 ,  0.06 ,  2.48
22 ,  5 ,  574027 ,  0 ,  220 ,  16.30 ,  0.06 ,  2.48
22 ,  5 ,  574067 ,  0 ,  220 ,  16.30 ,  0.06 ,  2.48
22 ,  5 ,  574110 ,  0 ,  220 ,  16.30 ,  0.06 ,  2.48
22 ,  5 ,  574151 ,  0 ,  220 ,  16.19 ,  0.06 ,  2.38
22 ,  5 ,  574191 ,  0 ,  220 ,  16.19 ,  0.07 ,  2.48
22 ,  5 ,  574232 ,  0 ,  220 ,  16.19 ,  0.06 ,  2.38
22 ,  5 ,  574272 ,  0 ,  220 ,  16.08 ,  0.06 ,  2.38
22 ,  5 ,  574313 ,  0 ,  220 ,  16.08 ,  0.06 ,  2.38
22 ,  5 ,  574353 ,  0 ,  220 ,  15.97 ,  0.06 ,  2.38
22 ,  5 ,  574394 ,  0 ,  220 ,  15.97 ,  0.07 ,  2.38
22 ,  5 ,  574434 ,  0 ,  220 ,  15.86 ,  0.06 ,  2.38
22 ,  5 ,  574477 ,  0 ,  220 ,  15.86 ,  0.06 ,  2.38
22 ,  5 ,  574517 ,  0 ,  220 ,  15.86 ,  0.07 ,  2.38
22 ,  5 ,  574558 ,  0 ,  220 ,  15.86 ,  0.06 ,  2.38
22 ,  5 ,  574598 ,  0 ,  220 ,  15.75 ,  0.06 ,  2.38
22 ,  5 ,  574639 ,  0 ,  220 ,  15.64 ,  0.06 ,  2.38
22 ,  5 ,  574679 ,  0 ,  220 ,  15.64 ,  0.06 ,  2.28
22 ,  5 ,  574720 ,  0 ,  220 ,  15.64 ,  0.06 ,  2.28
22 ,  5 ,  574759 ,  0 ,  220 ,  15.64 ,  0.06 ,  2.28
22 ,  5 ,  574800 ,  0 ,  220 ,  15.42 ,  0.07 ,  2.28
22 ,  5 ,  574840 ,  0 ,  220 ,  15.53 ,  0.06 ,  2.28
22 ,  5 ,  574883 ,  0 ,  220 ,  15.42 ,  0.06 ,  2.28
22 ,  5 ,  574923 ,  0 ,  220 ,  15.42 ,  0.06 ,  2.28
22 ,  5 ,  574964 ,  0 ,  220 ,  15.42 ,  0.07 ,  2.28
22 ,  5 ,  575004 ,  0 ,  220 ,  15.31 ,  0.06 ,  2.28
22 ,  5 ,  575045 ,  0 ,  220 ,  15.31 ,  0.06 ,  2.28
22 ,  5 ,  575085 ,  0 ,  220 ,  15.20 ,  0.06 ,  2.28
22 ,  5 ,  575126 ,  0 ,  220 ,  15.20 ,  0.06 ,  2.28
22 ,  5 ,  575167 ,  0 ,  220 ,  15.20 ,  0.06 ,  2.18
22 ,  5 ,  575207 ,  0 ,  220 ,  15.09 ,  0.06 ,  2.18
22 ,  5 ,  575250 ,  0 ,  220 ,  15.09 ,  0.07 ,  2.18
22 ,  5 ,  575291 ,  0 ,  220 ,  15.09 ,  0.06 ,  2.28
22 ,  5 ,  575331 ,  0 ,  220 ,  14.98 ,  0.06 ,  2.18
22 ,  5 ,  575372 ,  0 ,  220 ,  14.87 ,  0.06 ,  2.18
22 ,  5 ,  575412 ,  0 ,  220 ,  14.87 ,  0.06 ,  2.18
22 ,  5 ,  575453 ,  0 ,  220 ,  14.87 ,  0.07 ,  2.18
22 ,  5 ,  575493 ,  0 ,  220 ,  14.76 ,  0.06 ,  2.18
22 ,  5 ,  575534 ,  0 ,  220 ,  14.76 ,  0.07 ,  2.18
22 ,  5 ,  575574 ,  0 ,  220 ,  14.76 ,  0.07 ,  2.18
22 ,  5 ,  575617 ,  0 ,  220 ,  14.76 ,  0.06 ,  2.18
22 ,  5 ,  575656 ,  0 ,  220 ,  14.65 ,  0.06 ,  2.18
22 ,  5 ,  575697 ,  0 ,  220 ,  14.65 ,  0.06 ,  2.18
22 ,  5 ,  575737 ,  0 ,  220 ,  14.54 ,  0.06 ,  2.18
22 ,  5 ,  575778 ,  0 ,  220 ,  14.54 ,  0.07 ,  2.18
22 ,  5 ,  575818 ,  0 ,  220 ,  14.54 ,  0.07 ,  2.08
22 ,  5 ,  575859 ,  0 ,  220 ,  14.43 ,  0.06 ,  2.08
22 ,  5 ,  575899 ,  0 ,  220 ,  14.43 ,  0.06 ,  2.08
22 ,  5 ,  575940 ,  0 ,  220 ,  14.43 ,  0.06 ,  2.08
22 ,  5 ,  575983 ,  0 ,  220 ,  14.32 ,  0.06 ,  2.08
22 ,  5 ,  576023 ,  0 ,  220 ,  14.32 ,  0.06 ,  2.08
22 ,  5 ,  576064 ,  0 ,  220 ,  14.21 ,  0.06 ,  2.08
22 ,  5 ,  576104 ,  0 ,  220 ,  14.21 ,  0.06 ,  2.08
22 ,  5 ,  576145 ,  0 ,  220 ,  14.32 ,  0.06 ,  2.08
22 ,  5 ,  576185 ,  0 ,  220 ,  14.21 ,  0.06 ,  2.08
22 ,  5 ,  576226 ,  0 ,  220 ,  14.21 ,  0.06 ,  2.08
22 ,  5 ,  576266 ,  0 ,  220 ,  14.10 ,  0.07 ,  2.08
22 ,  5 ,  576306 ,  0 ,  220 ,  14.10 ,  0.07 ,  2.08
22 ,  5 ,  576349 ,  0 ,  220 ,  13.99 ,  0.07 ,  2.08
22 ,  5 ,  576390 ,  0 ,  220 ,  13.99 ,  0.07 ,  1.98
