MS, MPT, t (s), PWMi, PWMe, Pressure (Psi), LW (V), Displacement (mm)
23 ,  4 ,  633361 ,  0 ,  215 ,  13.88 ,  0.06 ,  2.08
23 ,  4 ,  633400 ,  255 ,  0 ,  13.88 ,  0.06 ,  2.08
23 ,  4 ,  633439 ,  255 ,  0 ,  16.08 ,  0.06 ,  2.08
23 ,  4 ,  633478 ,  255 ,  0 ,  30.84 ,  0.08 ,  3.87
23 ,  4 ,  633516 ,  255 ,  0 ,  45.60 ,  0.15 ,  7.14
23 ,  4 ,  633554 ,  255 ,  0 ,  56.06 ,  0.23 ,  10.72
23 ,  4 ,  633593 ,  255 ,  0 ,  63.11 ,  0.32 ,  13.69
23 ,  4 ,  633632 ,  255 ,  0 ,  68.06 ,  0.40 ,  15.68
23 ,  4 ,  633673 ,  255 ,  0 ,  72.03 ,  0.45 ,  17.26
23 ,  4 ,  633712 ,  255 ,  0 ,  74.78 ,  0.47 ,  18.36
23 ,  4 ,  633750 ,  255 ,  0 ,  77.09 ,  0.49 ,  19.05
23 ,  4 ,  633789 ,  255 ,  0 ,  79.08 ,  0.50 ,  19.74
23 ,  4 ,  633828 ,  255 ,  0 ,  80.73 ,  0.50 ,  20.34
23 ,  4 ,  633866 ,  255 ,  0 ,  82.27 ,  0.51 ,  20.74
23 ,  4 ,  633905 ,  255 ,  0 ,  83.48 ,  0.51 ,  21.13
23 ,  4 ,  633944 ,  255 ,  0 ,  84.91 ,  0.52 ,  21.43
23 ,  4 ,  633981 ,  255 ,  0 ,  86.01 ,  0.52 ,  21.83
23 ,  4 ,  634022 ,  255 ,  0 ,  87.23 ,  0.52 ,  22.22
23 ,  4 ,  634061 ,  255 ,  0 ,  88.22 ,  0.52 ,  22.52
23 ,  4 ,  634100 ,  255 ,  0 ,  89.21 ,  0.52 ,  22.72
23 ,  4 ,  634138 ,  255 ,  0 ,  90.09 ,  0.53 ,  22.92
23 ,  4 ,  634177 ,  255 ,  0 ,  90.97 ,  0.52 ,  23.12
23 ,  4 ,  634216 ,  255 ,  0 ,  91.85 ,  0.52 ,  23.42
23 ,  4 ,  634254 ,  255 ,  0 ,  92.62 ,  0.53 ,  23.51
23 ,  4 ,  634293 ,  255 ,  0 ,  93.39 ,  0.52 ,  23.71
23 ,  4 ,  634332 ,  255 ,  0 ,  94.05 ,  0.52 ,  23.91
23 ,  4 ,  634373 ,  255 ,  0 ,  94.71 ,  0.53 ,  24.01
23 ,  4 ,  634411 ,  255 ,  0 ,  95.26 ,  0.52 ,  24.11
23 ,  4 ,  634449 ,  255 ,  0 ,  95.70 ,  0.53 ,  24.31
23 ,  4 ,  634488 ,  255 ,  0 ,  96.04 ,  0.53 ,  24.31
23 ,  4 ,  634526 ,  255 ,  0 ,  96.37 ,  0.53 ,  24.41
23 ,  4 ,  634565 ,  255 ,  0 ,  96.59 ,  0.53 ,  24.51
23 ,  4 ,  634604 ,  255 ,  0 ,  96.81 ,  0.53 ,  24.61
23 ,  4 ,  634642 ,  255 ,  0 ,  96.81 ,  0.52 ,  24.61
23 ,  4 ,  634681 ,  255 ,  0 ,  96.92 ,  0.52 ,  24.71
23 ,  4 ,  634722 ,  255 ,  0 ,  96.92 ,  0.52 ,  24.71
23 ,  4 ,  634761 ,  255 ,  0 ,  97.03 ,  0.53 ,  24.71
23 ,  4 ,  634799 ,  255 ,  0 ,  97.03 ,  0.53 ,  24.71
23 ,  4 ,  634838 ,  255 ,  0 ,  97.03 ,  0.53 ,  24.71
23 ,  4 ,  634876 ,  255 ,  0 ,  97.03 ,  0.53 ,  24.80
23 ,  4 ,  634914 ,  255 ,  0 ,  97.03 ,  0.53 ,  24.71
23 ,  4 ,  634953 ,  255 ,  0 ,  97.03 ,  0.52 ,  24.80
23 ,  4 ,  634992 ,  255 ,  0 ,  97.03 ,  0.53 ,  24.80
23 ,  4 ,  635030 ,  255 ,  0 ,  97.03 ,  0.53 ,  24.80
23 ,  4 ,  635071 ,  255 ,  0 ,  97.03 ,  0.53 ,  24.80
23 ,  4 ,  635110 ,  255 ,  0 ,  97.03 ,  0.53 ,  24.90
23 ,  4 ,  635148 ,  255 ,  0 ,  97.03 ,  0.52 ,  24.90
23 ,  4 ,  635187 ,  255 ,  0 ,  96.92 ,  0.53 ,  24.90
23 ,  4 ,  635226 ,  255 ,  0 ,  97.03 ,  0.53 ,  24.90
23 ,  4 ,  635264 ,  255 ,  0 ,  96.92 ,  0.52 ,  24.90
23 ,  4 ,  635302 ,  255 ,  0 ,  96.92 ,  0.53 ,  24.90
23 ,  4 ,  635341 ,  255 ,  0 ,  96.92 ,  0.53 ,  25.00
23 ,  4 ,  635379 ,  255 ,  0 ,  96.92 ,  0.53 ,  24.90
23 ,  4 ,  635420 ,  255 ,  0 ,  96.92 ,  0.53 ,  25.00
23 ,  4 ,  635460 ,  255 ,  0 ,  96.92 ,  0.53 ,  25.00
23 ,  4 ,  635498 ,  255 ,  0 ,  96.92 ,  0.53 ,  25.00
23 ,  4 ,  635537 ,  255 ,  0 ,  96.92 ,  0.53 ,  25.00
23 ,  4 ,  635576 ,  255 ,  0 ,  96.92 ,  0.52 ,  25.00
23 ,  4 ,  635614 ,  255 ,  0 ,  96.92 ,  0.53 ,  25.00
23 ,  4 ,  635653 ,  255 ,  0 ,  96.92 ,  0.53 ,  25.00
23 ,  4 ,  635692 ,  255 ,  0 ,  96.92 ,  0.53 ,  25.00
23 ,  4 ,  635729 ,  255 ,  0 ,  96.92 ,  0.53 ,  25.00
23 ,  4 ,  635770 ,  255 ,  0 ,  96.92 ,  0.53 ,  25.00
23 ,  4 ,  635809 ,  255 ,  0 ,  96.92 ,  0.53 ,  25.10
23 ,  4 ,  635848 ,  255 ,  0 ,  96.92 ,  0.53 ,  25.10
23 ,  4 ,  635886 ,  255 ,  0 ,  96.92 ,  0.53 ,  25.00
23 ,  4 ,  635925 ,  255 ,  0 ,  96.92 ,  0.53 ,  25.10
23 ,  4 ,  635964 ,  255 ,  0 ,  96.92 ,  0.53 ,  25.10
23 ,  4 ,  636002 ,  255 ,  0 ,  96.92 ,  0.53 ,  25.10
23 ,  4 ,  636041 ,  255 ,  0 ,  96.92 ,  0.53 ,  25.10
23 ,  4 ,  636080 ,  255 ,  0 ,  96.81 ,  0.53 ,  25.10
23 ,  4 ,  636120 ,  255 ,  0 ,  96.92 ,  0.53 ,  25.10
23 ,  4 ,  636158 ,  255 ,  0 ,  96.92 ,  0.53 ,  25.10
23 ,  4 ,  636197 ,  255 ,  0 ,  96.92 ,  0.52 ,  25.10
23 ,  4 ,  636236 ,  255 ,  0 ,  96.81 ,  0.53 ,  25.10
23 ,  4 ,  636274 ,  255 ,  0 ,  96.92 ,  0.53 ,  25.10
23 ,  4 ,  636313 ,  0 ,  215 ,  96.92 ,  0.53 ,  25.10
23 ,  4 ,  636352 ,  0 ,  215 ,  92.73 ,  0.52 ,  24.90
23 ,  4 ,  636390 ,  0 ,  215 ,  85.57 ,  0.52 ,  24.11
23 ,  4 ,  636429 ,  0 ,  215 ,  79.19 ,  0.52 ,  22.92
23 ,  4 ,  636470 ,  0 ,  215 ,  73.46 ,  0.52 ,  21.83
23 ,  4 ,  636508 ,  0 ,  215 ,  68.94 ,  0.51 ,  20.84
23 ,  4 ,  636547 ,  0 ,  215 ,  65.31 ,  0.50 ,  19.84
23 ,  4 ,  636585 ,  0 ,  215 ,  62.34 ,  0.49 ,  18.95
23 ,  4 ,  636623 ,  0 ,  215 ,  59.69 ,  0.47 ,  18.06
23 ,  4 ,  636662 ,  0 ,  215 ,  57.49 ,  0.44 ,  17.26
23 ,  4 ,  636701 ,  0 ,  215 ,  55.51 ,  0.42 ,  16.57
23 ,  4 ,  636739 ,  0 ,  215 ,  53.75 ,  0.40 ,  15.88
23 ,  4 ,  636778 ,  0 ,  215 ,  52.20 ,  0.37 ,  15.28
23 ,  4 ,  636819 ,  0 ,  215 ,  50.88 ,  0.34 ,  14.68
23 ,  4 ,  636858 ,  0 ,  215 ,  49.67 ,  0.32 ,  14.19
23 ,  4 ,  636896 ,  0 ,  215 ,  48.57 ,  0.30 ,  13.69
23 ,  4 ,  636935 ,  0 ,  215 ,  47.69 ,  0.28 ,  13.30
23 ,  4 ,  636974 ,  0 ,  215 ,  46.81 ,  0.27 ,  12.90
23 ,  4 ,  637011 ,  0 ,  215 ,  46.04 ,  0.25 ,  12.50
23 ,  4 ,  637050 ,  0 ,  215 ,  45.38 ,  0.24 ,  12.20
23 ,  4 ,  637089 ,  0 ,  215 ,  44.72 ,  0.22 ,  11.91
23 ,  4 ,  637127 ,  0 ,  215 ,  44.06 ,  0.22 ,  11.61
23 ,  4 ,  637168 ,  0 ,  215 ,  43.50 ,  0.21 ,  11.31
23 ,  4 ,  637207 ,  0 ,  215 ,  43.06 ,  0.20 ,  11.11
23 ,  4 ,  637246 ,  0 ,  215 ,  42.62 ,  0.19 ,  10.91
23 ,  4 ,  637284 ,  0 ,  215 ,  42.18 ,  0.19 ,  10.72
23 ,  4 ,  637323 ,  0 ,  215 ,  41.74 ,  0.18 ,  10.52
23 ,  4 ,  637362 ,  0 ,  215 ,  41.30 ,  0.18 ,  10.32
23 ,  4 ,  637400 ,  0 ,  215 ,  41.08 ,  0.17 ,  10.22
23 ,  4 ,  637438 ,  0 ,  215 ,  40.75 ,  0.16 ,  10.02
23 ,  4 ,  637477 ,  0 ,  215 ,  40.42 ,  0.16 ,  9.92
23 ,  4 ,  637517 ,  0 ,  215 ,  40.09 ,  0.16 ,  9.82
23 ,  4 ,  637556 ,  0 ,  215 ,  39.87 ,  0.16 ,  9.62
23 ,  4 ,  637595 ,  0 ,  215 ,  39.65 ,  0.16 ,  9.53
23 ,  4 ,  637633 ,  0 ,  215 ,  39.43 ,  0.16 ,  9.43
23 ,  4 ,  637672 ,  0 ,  215 ,  39.10 ,  0.15 ,  9.33
23 ,  4 ,  637710 ,  0 ,  215 ,  38.99 ,  0.15 ,  9.23
23 ,  4 ,  637749 ,  0 ,  215 ,  38.88 ,  0.14 ,  9.13
23 ,  4 ,  637788 ,  0 ,  215 ,  38.66 ,  0.15 ,  9.03
23 ,  4 ,  637826 ,  0 ,  215 ,  38.44 ,  0.14 ,  8.93
23 ,  4 ,  637867 ,  0 ,  215 ,  38.22 ,  0.14 ,  8.93
23 ,  4 ,  637905 ,  0 ,  215 ,  38.11 ,  0.14 ,  8.83
23 ,  4 ,  637944 ,  0 ,  215 ,  37.89 ,  0.14 ,  8.73
23 ,  4 ,  637982 ,  0 ,  215 ,  37.78 ,  0.14 ,  8.73
23 ,  4 ,  638021 ,  0 ,  215 ,  37.67 ,  0.13 ,  8.63
23 ,  4 ,  638059 ,  0 ,  215 ,  37.45 ,  0.13 ,  8.63
23 ,  4 ,  638098 ,  0 ,  215 ,  37.34 ,  0.13 ,  8.53
23 ,  4 ,  638137 ,  0 ,  215 ,  37.12 ,  0.13 ,  8.43
23 ,  4 ,  638175 ,  0 ,  215 ,  37.01 ,  0.13 ,  8.43
23 ,  4 ,  638216 ,  0 ,  215 ,  36.90 ,  0.13 ,  8.33
23 ,  4 ,  638255 ,  0 ,  215 ,  36.79 ,  0.12 ,  8.33
23 ,  4 ,  638292 ,  0 ,  215 ,  36.68 ,  0.13 ,  8.24
23 ,  4 ,  638331 ,  0 ,  215 ,  36.46 ,  0.12 ,  8.14
23 ,  4 ,  638370 ,  0 ,  215 ,  36.35 ,  0.12 ,  8.14
23 ,  4 ,  638408 ,  0 ,  215 ,  36.24 ,  0.12 ,  8.14
23 ,  4 ,  638447 ,  0 ,  215 ,  36.13 ,  0.12 ,  8.04
23 ,  4 ,  638486 ,  0 ,  215 ,  36.13 ,  0.12 ,  8.04
23 ,  4 ,  638524 ,  0 ,  215 ,  35.91 ,  0.11 ,  7.94
23 ,  4 ,  638565 ,  0 ,  215 ,  35.80 ,  0.11 ,  7.94
23 ,  4 ,  638604 ,  0 ,  215 ,  35.69 ,  0.12 ,  7.94
23 ,  4 ,  638642 ,  0 ,  215 ,  35.58 ,  0.11 ,  7.84
23 ,  4 ,  638681 ,  0 ,  215 ,  35.47 ,  0.11 ,  7.84
23 ,  4 ,  638718 ,  0 ,  215 ,  35.36 ,  0.11 ,  7.74
23 ,  4 ,  638757 ,  0 ,  215 ,  35.36 ,  0.11 ,  7.74
23 ,  4 ,  638796 ,  0 ,  215 ,  35.25 ,  0.11 ,  7.64
23 ,  4 ,  638834 ,  0 ,  215 ,  35.13 ,  0.10 ,  7.64
23 ,  4 ,  638873 ,  0 ,  215 ,  35.02 ,  0.11 ,  7.64
23 ,  4 ,  638912 ,  0 ,  215 ,  34.91 ,  0.10 ,  7.54
23 ,  4 ,  638952 ,  0 ,  215 ,  34.80 ,  0.10 ,  7.54
23 ,  4 ,  638992 ,  0 ,  215 ,  34.69 ,  0.10 ,  7.54
23 ,  4 ,  639035 ,  0 ,  215 ,  34.58 ,  0.10 ,  7.44
23 ,  4 ,  639073 ,  0 ,  215 ,  34.47 ,  0.10 ,  7.44
23 ,  4 ,  639112 ,  0 ,  215 ,  34.36 ,  0.10 ,  7.34
23 ,  4 ,  639151 ,  0 ,  215 ,  34.36 ,  0.10 ,  7.34
23 ,  4 ,  639188 ,  0 ,  215 ,  34.25 ,  0.10 ,  7.34
23 ,  4 ,  639227 ,  0 ,  215 ,  34.14 ,  0.10 ,  7.24
23 ,  4 ,  639265 ,  0 ,  215 ,  34.14 ,  0.10 ,  7.24
23 ,  4 ,  639306 ,  0 ,  215 ,  34.03 ,  0.10 ,  7.14
23 ,  4 ,  639345 ,  0 ,  215 ,  33.92 ,  0.10 ,  7.14
23 ,  4 ,  639383 ,  0 ,  215 ,  33.81 ,  0.10 ,  7.14
23 ,  4 ,  639422 ,  0 ,  215 ,  33.81 ,  0.10 ,  7.14
23 ,  4 ,  639461 ,  0 ,  215 ,  33.70 ,  0.10 ,  7.14
23 ,  4 ,  639499 ,  0 ,  215 ,  33.59 ,  0.09 ,  7.04
23 ,  4 ,  639538 ,  0 ,  215 ,  33.48 ,  0.10 ,  7.04
23 ,  4 ,  639577 ,  0 ,  215 ,  33.37 ,  0.09 ,  7.04
23 ,  4 ,  639614 ,  0 ,  215 ,  33.37 ,  0.09 ,  7.04
23 ,  4 ,  639655 ,  0 ,  215 ,  33.26 ,  0.10 ,  6.95
23 ,  4 ,  639694 ,  0 ,  215 ,  33.26 ,  0.09 ,  6.95
23 ,  4 ,  639732 ,  0 ,  215 ,  33.15 ,  0.09 ,  6.85
23 ,  4 ,  639771 ,  0 ,  215 ,  33.04 ,  0.09 ,  6.85
23 ,  4 ,  639809 ,  0 ,  215 ,  32.93 ,  0.09 ,  6.85
23 ,  4 ,  639848 ,  0 ,  215 ,  32.82 ,  0.09 ,  6.85
23 ,  4 ,  639887 ,  0 ,  215 ,  32.82 ,  0.09 ,  6.85
23 ,  4 ,  639925 ,  0 ,  215 ,  32.71 ,  0.09 ,  6.75
23 ,  4 ,  639964 ,  0 ,  215 ,  32.60 ,  0.09 ,  6.75
23 ,  4 ,  640005 ,  0 ,  215 ,  32.49 ,  0.09 ,  6.65
23 ,  4 ,  640043 ,  0 ,  215 ,  32.49 ,  0.09 ,  6.65
23 ,  4 ,  640081 ,  0 ,  215 ,  32.38 ,  0.09 ,  6.65
23 ,  4 ,  640120 ,  0 ,  215 ,  32.38 ,  0.09 ,  6.65
23 ,  4 ,  640158 ,  0 ,  215 ,  32.27 ,  0.09 ,  6.65
23 ,  4 ,  640197 ,  0 ,  215 ,  32.16 ,  0.09 ,  6.55
23 ,  4 ,  640235 ,  0 ,  215 ,  32.05 ,  0.09 ,  6.55
23 ,  4 ,  640274 ,  0 ,  215 ,  31.94 ,  0.09 ,  6.55
23 ,  4 ,  640313 ,  0 ,  215 ,  31.94 ,  0.09 ,  6.45
23 ,  4 ,  640353 ,  0 ,  215 ,  31.83 ,  0.09 ,  6.45
23 ,  4 ,  640392 ,  0 ,  215 ,  31.72 ,  0.09 ,  6.45
23 ,  4 ,  640431 ,  0 ,  215 ,  31.61 ,  0.09 ,  6.35
23 ,  4 ,  640468 ,  0 ,  215 ,  31.50 ,  0.09 ,  6.35
23 ,  4 ,  640507 ,  0 ,  215 ,  31.50 ,  0.09 ,  6.35
23 ,  4 ,  640545 ,  0 ,  215 ,  31.39 ,  0.09 ,  6.35
23 ,  4 ,  640584 ,  0 ,  215 ,  31.28 ,  0.09 ,  6.35
23 ,  4 ,  640623 ,  0 ,  215 ,  31.28 ,  0.09 ,  6.25
23 ,  4 ,  640661 ,  0 ,  215 ,  31.17 ,  0.09 ,  6.25
23 ,  4 ,  640702 ,  0 ,  215 ,  31.06 ,  0.08 ,  6.25
23 ,  4 ,  640741 ,  0 ,  215 ,  31.06 ,  0.08 ,  6.15
23 ,  4 ,  640779 ,  0 ,  215 ,  30.95 ,  0.08 ,  6.15
23 ,  4 ,  640818 ,  0 ,  215 ,  30.84 ,  0.08 ,  6.15
23 ,  4 ,  640856 ,  0 ,  215 ,  30.73 ,  0.09 ,  6.15
23 ,  4 ,  640894 ,  0 ,  215 ,  30.62 ,  0.08 ,  6.05
23 ,  4 ,  640933 ,  0 ,  215 ,  30.62 ,  0.09 ,  6.05
23 ,  4 ,  640971 ,  0 ,  215 ,  30.51 ,  0.09 ,  6.05
23 ,  4 ,  641010 ,  0 ,  215 ,  30.40 ,  0.08 ,  6.05
23 ,  4 ,  641051 ,  0 ,  215 ,  30.40 ,  0.08 ,  5.95
23 ,  4 ,  641089 ,  0 ,  215 ,  30.29 ,  0.09 ,  5.95
23 ,  4 ,  641128 ,  0 ,  215 ,  30.29 ,  0.08 ,  5.95
23 ,  4 ,  641167 ,  0 ,  215 ,  30.18 ,  0.08 ,  5.95
23 ,  4 ,  641205 ,  0 ,  215 ,  30.07 ,  0.09 ,  5.85
23 ,  4 ,  641244 ,  0 ,  215 ,  29.96 ,  0.08 ,  5.85
23 ,  4 ,  641282 ,  0 ,  215 ,  29.96 ,  0.08 ,  5.85
23 ,  4 ,  641320 ,  0 ,  215 ,  29.85 ,  0.08 ,  5.85
23 ,  4 ,  641359 ,  0 ,  215 ,  29.85 ,  0.08 ,  5.75
23 ,  4 ,  641397 ,  0 ,  215 ,  29.63 ,  0.08 ,  5.75
23 ,  4 ,  641438 ,  0 ,  215 ,  29.63 ,  0.09 ,  5.75
23 ,  4 ,  641477 ,  0 ,  215 ,  29.52 ,  0.08 ,  5.75
23 ,  4 ,  641515 ,  0 ,  215 ,  29.52 ,  0.08 ,  5.75
23 ,  4 ,  641554 ,  0 ,  215 ,  29.41 ,  0.08 ,  5.66
23 ,  4 ,  641593 ,  0 ,  215 ,  29.30 ,  0.08 ,  5.66
23 ,  4 ,  641631 ,  0 ,  215 ,  29.30 ,  0.08 ,  5.66
23 ,  4 ,  641670 ,  0 ,  215 ,  29.08 ,  0.08 ,  5.66
23 ,  4 ,  641708 ,  0 ,  215 ,  29.08 ,  0.08 ,  5.56
23 ,  4 ,  641746 ,  0 ,  215 ,  28.97 ,  0.08 ,  5.56
23 ,  4 ,  641787 ,  0 ,  215 ,  28.97 ,  0.08 ,  5.56
23 ,  4 ,  641825 ,  0 ,  215 ,  28.86 ,  0.08 ,  5.56
23 ,  4 ,  641864 ,  0 ,  215 ,  28.86 ,  0.08 ,  5.56
23 ,  4 ,  641903 ,  0 ,  215 ,  28.64 ,  0.08 ,  5.46
23 ,  4 ,  641941 ,  0 ,  215 ,  28.64 ,  0.08 ,  5.46
23 ,  4 ,  641980 ,  0 ,  215 ,  28.53 ,  0.08 ,  5.46
23 ,  4 ,  642019 ,  0 ,  215 ,  28.53 ,  0.08 ,  5.46
23 ,  4 ,  642057 ,  0 ,  215 ,  28.42 ,  0.07 ,  5.46
23 ,  4 ,  642096 ,  0 ,  215 ,  28.31 ,  0.08 ,  5.46
23 ,  4 ,  642137 ,  0 ,  215 ,  28.20 ,  0.08 ,  5.36
23 ,  4 ,  642174 ,  0 ,  215 ,  28.20 ,  0.08 ,  5.36
23 ,  4 ,  642213 ,  0 ,  215 ,  28.09 ,  0.08 ,  5.36
23 ,  4 ,  642252 ,  0 ,  215 ,  28.09 ,  0.08 ,  5.26
23 ,  4 ,  642290 ,  0 ,  215 ,  27.98 ,  0.07 ,  5.26
23 ,  4 ,  642329 ,  0 ,  215 ,  27.87 ,  0.07 ,  5.26
23 ,  4 ,  642367 ,  0 ,  215 ,  27.76 ,  0.07 ,  5.26
23 ,  4 ,  642406 ,  0 ,  215 ,  27.76 ,  0.07 ,  5.26
23 ,  4 ,  642445 ,  0 ,  215 ,  27.65 ,  0.07 ,  5.26
23 ,  4 ,  642485 ,  0 ,  215 ,  27.54 ,  0.07 ,  5.16
23 ,  4 ,  642525 ,  0 ,  215 ,  27.43 ,  0.07 ,  5.16
23 ,  4 ,  642563 ,  0 ,  215 ,  27.43 ,  0.07 ,  5.16
23 ,  4 ,  642601 ,  0 ,  215 ,  27.32 ,  0.07 ,  5.16
23 ,  4 ,  642639 ,  0 ,  215 ,  27.32 ,  0.07 ,  5.16
23 ,  4 ,  642678 ,  0 ,  215 ,  27.32 ,  0.07 ,  5.06
23 ,  4 ,  642717 ,  0 ,  215 ,  27.21 ,  0.07 ,  5.06
23 ,  4 ,  642755 ,  0 ,  215 ,  27.10 ,  0.08 ,  4.96
23 ,  4 ,  642794 ,  0 ,  215 ,  26.99 ,  0.07 ,  5.06
23 ,  4 ,  642835 ,  0 ,  215 ,  26.88 ,  0.07 ,  4.96
23 ,  4 ,  642873 ,  0 ,  215 ,  26.88 ,  0.07 ,  4.96
23 ,  4 ,  642912 ,  0 ,  215 ,  26.77 ,  0.07 ,  4.96
23 ,  4 ,  642951 ,  0 ,  215 ,  26.77 ,  0.07 ,  4.96
23 ,  4 ,  642989 ,  0 ,  215 ,  26.66 ,  0.07 ,  4.96
23 ,  4 ,  643027 ,  0 ,  215 ,  26.55 ,  0.07 ,  4.86
23 ,  4 ,  643065 ,  0 ,  215 ,  26.55 ,  0.08 ,  4.86
23 ,  4 ,  643104 ,  0 ,  215 ,  26.43 ,  0.07 ,  4.86
23 ,  4 ,  643143 ,  0 ,  215 ,  26.32 ,  0.07 ,  4.86
23 ,  4 ,  643183 ,  0 ,  215 ,  26.32 ,  0.07 ,  4.86
23 ,  4 ,  643222 ,  0 ,  215 ,  26.21 ,  0.07 ,  4.86
23 ,  4 ,  643261 ,  0 ,  215 ,  26.10 ,  0.07 ,  4.76
23 ,  4 ,  643299 ,  0 ,  215 ,  26.10 ,  0.07 ,  4.76
23 ,  4 ,  643338 ,  0 ,  215 ,  25.99 ,  0.07 ,  4.76
23 ,  4 ,  643377 ,  0 ,  215 ,  25.88 ,  0.08 ,  4.76
23 ,  4 ,  643415 ,  0 ,  215 ,  25.88 ,  0.07 ,  4.76
23 ,  4 ,  643453 ,  0 ,  215 ,  25.77 ,  0.07 ,  4.66
23 ,  4 ,  643491 ,  0 ,  215 ,  25.77 ,  0.07 ,  4.66
23 ,  4 ,  643532 ,  0 ,  215 ,  25.66 ,  0.07 ,  4.66
23 ,  4 ,  643571 ,  0 ,  215 ,  25.55 ,  0.07 ,  4.66
23 ,  4 ,  643610 ,  0 ,  215 ,  25.55 ,  0.07 ,  4.66
23 ,  4 ,  643648 ,  0 ,  215 ,  25.55 ,  0.07 ,  4.56
23 ,  4 ,  643687 ,  0 ,  215 ,  25.44 ,  0.07 ,  4.56
23 ,  4 ,  643741 ,  0 ,  215 ,  25.33 ,  0.07 ,  4.56
23 ,  4 ,  643780 ,  0 ,  215 ,  25.22 ,  0.07 ,  4.56
23 ,  4 ,  643819 ,  0 ,  215 ,  25.22 ,  0.07 ,  4.46
23 ,  4 ,  643857 ,  0 ,  215 ,  25.11 ,  0.07 ,  4.46
23 ,  4 ,  643896 ,  0 ,  215 ,  25.11 ,  0.07 ,  4.46
23 ,  4 ,  643937 ,  0 ,  215 ,  24.89 ,  0.07 ,  4.46
23 ,  4 ,  643976 ,  0 ,  215 ,  24.89 ,  0.07 ,  4.46
23 ,  4 ,  644014 ,  0 ,  215 ,  24.78 ,  0.07 ,  4.46
23 ,  4 ,  644052 ,  0 ,  215 ,  24.78 ,  0.07 ,  4.46
23 ,  4 ,  644091 ,  0 ,  215 ,  24.67 ,  0.07 ,  4.37
23 ,  4 ,  644129 ,  0 ,  215 ,  24.67 ,  0.07 ,  4.37
23 ,  4 ,  644168 ,  0 ,  215 ,  24.56 ,  0.07 ,  4.37
23 ,  4 ,  644207 ,  0 ,  215 ,  24.45 ,  0.07 ,  4.37
23 ,  4 ,  644246 ,  0 ,  215 ,  24.45 ,  0.07 ,  4.37
23 ,  4 ,  644287 ,  0 ,  215 ,  24.34 ,  0.07 ,  4.27
23 ,  4 ,  644325 ,  0 ,  215 ,  24.23 ,  0.07 ,  4.27
23 ,  4 ,  644364 ,  0 ,  215 ,  24.23 ,  0.07 ,  4.27
23 ,  4 ,  644403 ,  0 ,  215 ,  24.12 ,  0.07 ,  4.27
23 ,  4 ,  644441 ,  0 ,  215 ,  24.12 ,  0.07 ,  4.27
23 ,  4 ,  644480 ,  0 ,  215 ,  24.01 ,  0.07 ,  4.27
23 ,  4 ,  644518 ,  0 ,  215 ,  24.01 ,  0.07 ,  4.27
23 ,  4 ,  644556 ,  0 ,  215 ,  23.90 ,  0.07 ,  4.17
23 ,  4 ,  644595 ,  0 ,  215 ,  23.79 ,  0.07 ,  4.17
23 ,  4 ,  644645 ,  0 ,  215 ,  23.68 ,  0.07 ,  4.17
23 ,  4 ,  644686 ,  0 ,  215 ,  23.68 ,  0.07 ,  4.17
23 ,  4 ,  644727 ,  0 ,  215 ,  23.57 ,  0.07 ,  4.17
23 ,  4 ,  644768 ,  0 ,  215 ,  23.57 ,  0.07 ,  4.17
23 ,  4 ,  644808 ,  0 ,  215 ,  23.57 ,  0.07 ,  4.07
23 ,  4 ,  644849 ,  0 ,  215 ,  23.46 ,  0.07 ,  4.07
23 ,  4 ,  644890 ,  0 ,  215 ,  23.35 ,  0.07 ,  4.07
23 ,  4 ,  644931 ,  0 ,  215 ,  23.35 ,  0.07 ,  4.07
23 ,  4 ,  644972 ,  0 ,  215 ,  23.24 ,  0.07 ,  4.07
23 ,  4 ,  645015 ,  0 ,  215 ,  23.13 ,  0.07 ,  4.07
23 ,  4 ,  645055 ,  0 ,  215 ,  23.13 ,  0.07 ,  3.97
23 ,  4 ,  645096 ,  0 ,  215 ,  23.02 ,  0.07 ,  3.97
23 ,  4 ,  645137 ,  0 ,  215 ,  23.02 ,  0.07 ,  3.97
23 ,  4 ,  645177 ,  0 ,  215 ,  22.91 ,  0.07 ,  3.97
23 ,  4 ,  645218 ,  0 ,  215 ,  22.80 ,  0.07 ,  3.97
23 ,  4 ,  645259 ,  0 ,  215 ,  22.80 ,  0.07 ,  3.97
23 ,  4 ,  645299 ,  0 ,  215 ,  22.69 ,  0.07 ,  3.97
23 ,  4 ,  645340 ,  0 ,  215 ,  22.69 ,  0.07 ,  3.87
23 ,  4 ,  645383 ,  0 ,  215 ,  22.58 ,  0.07 ,  3.87
23 ,  4 ,  645423 ,  0 ,  215 ,  22.47 ,  0.07 ,  3.87
23 ,  4 ,  645464 ,  0 ,  215 ,  22.36 ,  0.07 ,  3.87
23 ,  4 ,  645505 ,  0 ,  215 ,  22.36 ,  0.07 ,  3.87
23 ,  4 ,  645544 ,  0 ,  215 ,  22.25 ,  0.07 ,  3.87
23 ,  4 ,  645585 ,  0 ,  215 ,  22.25 ,  0.06 ,  3.87
23 ,  4 ,  645626 ,  0 ,  215 ,  22.14 ,  0.07 ,  3.77
23 ,  4 ,  645666 ,  0 ,  215 ,  22.14 ,  0.06 ,  3.77
23 ,  4 ,  645707 ,  0 ,  215 ,  22.03 ,  0.07 ,  3.77
23 ,  4 ,  645750 ,  0 ,  215 ,  21.92 ,  0.06 ,  3.77
23 ,  4 ,  645790 ,  0 ,  215 ,  21.92 ,  0.07 ,  3.67
23 ,  4 ,  645831 ,  0 ,  215 ,  21.81 ,  0.07 ,  3.77
23 ,  4 ,  645872 ,  0 ,  215 ,  21.81 ,  0.07 ,  3.67
23 ,  4 ,  645912 ,  0 ,  215 ,  21.70 ,  0.06 ,  3.67
23 ,  4 ,  645953 ,  0 ,  215 ,  21.70 ,  0.06 ,  3.67
23 ,  4 ,  645994 ,  0 ,  215 ,  21.70 ,  0.07 ,  3.67
23 ,  4 ,  646034 ,  0 ,  215 ,  21.59 ,  0.07 ,  3.67
23 ,  4 ,  646075 ,  0 ,  215 ,  21.48 ,  0.06 ,  3.67
23 ,  4 ,  646118 ,  0 ,  215 ,  21.37 ,  0.06 ,  3.67
23 ,  4 ,  646158 ,  0 ,  215 ,  21.37 ,  0.06 ,  3.57
23 ,  4 ,  646199 ,  0 ,  215 ,  21.26 ,  0.06 ,  3.57
23 ,  4 ,  646240 ,  0 ,  215 ,  21.26 ,  0.06 ,  3.57
23 ,  4 ,  646280 ,  0 ,  215 ,  21.15 ,  0.07 ,  3.57
23 ,  4 ,  646321 ,  0 ,  215 ,  21.15 ,  0.06 ,  3.57
23 ,  4 ,  646362 ,  0 ,  215 ,  21.04 ,  0.06 ,  3.47
23 ,  4 ,  646402 ,  0 ,  215 ,  20.93 ,  0.06 ,  3.57
23 ,  4 ,  646443 ,  0 ,  215 ,  20.93 ,  0.06 ,  3.47
23 ,  4 ,  646483 ,  0 ,  215 ,  20.93 ,  0.07 ,  3.47
23 ,  4 ,  646526 ,  0 ,  215 ,  20.82 ,  0.07 ,  3.47
23 ,  4 ,  646566 ,  0 ,  215 ,  20.71 ,  0.06 ,  3.47
23 ,  4 ,  646607 ,  0 ,  215 ,  20.71 ,  0.07 ,  3.47
23 ,  4 ,  646647 ,  0 ,  215 ,  20.71 ,  0.06 ,  3.47
23 ,  4 ,  646688 ,  0 ,  215 ,  20.60 ,  0.07 ,  3.37
23 ,  4 ,  646729 ,  0 ,  215 ,  20.49 ,  0.06 ,  3.37
23 ,  4 ,  646769 ,  0 ,  215 ,  20.38 ,  0.06 ,  3.37
23 ,  4 ,  646810 ,  0 ,  215 ,  20.38 ,  0.07 ,  3.37
23 ,  4 ,  646851 ,  0 ,  215 ,  20.38 ,  0.07 ,  3.37
23 ,  4 ,  646894 ,  0 ,  215 ,  20.27 ,  0.06 ,  3.37
23 ,  4 ,  646934 ,  0 ,  215 ,  20.27 ,  0.06 ,  3.37
23 ,  4 ,  646975 ,  0 ,  215 ,  20.16 ,  0.06 ,  3.27
23 ,  4 ,  647016 ,  0 ,  215 ,  20.16 ,  0.06 ,  3.27
23 ,  4 ,  647056 ,  0 ,  215 ,  20.05 ,  0.06 ,  3.27
23 ,  4 ,  647097 ,  0 ,  215 ,  19.94 ,  0.06 ,  3.27
23 ,  4 ,  647138 ,  0 ,  215 ,  19.94 ,  0.06 ,  3.27
23 ,  4 ,  647178 ,  0 ,  215 ,  19.83 ,  0.06 ,  3.27
23 ,  4 ,  647219 ,  0 ,  215 ,  19.83 ,  0.06 ,  3.27
23 ,  4 ,  647262 ,  0 ,  215 ,  19.72 ,  0.06 ,  3.27
23 ,  4 ,  647303 ,  0 ,  215 ,  19.72 ,  0.06 ,  3.18
23 ,  4 ,  647343 ,  0 ,  215 ,  19.61 ,  0.06 ,  3.18
23 ,  4 ,  647384 ,  0 ,  215 ,  19.61 ,  0.06 ,  3.18
23 ,  4 ,  647425 ,  0 ,  215 ,  19.50 ,  0.06 ,  3.18
23 ,  4 ,  647465 ,  0 ,  215 ,  19.50 ,  0.06 ,  3.18
23 ,  4 ,  647505 ,  0 ,  215 ,  19.50 ,  0.06 ,  3.18
23 ,  4 ,  647546 ,  0 ,  215 ,  19.39 ,  0.07 ,  3.18
23 ,  4 ,  647587 ,  0 ,  215 ,  19.28 ,  0.06 ,  3.18
23 ,  4 ,  647630 ,  0 ,  215 ,  19.28 ,  0.06 ,  3.18
23 ,  4 ,  647670 ,  0 ,  215 ,  19.17 ,  0.06 ,  3.08
23 ,  4 ,  647711 ,  0 ,  215 ,  19.17 ,  0.06 ,  3.08
23 ,  4 ,  647752 ,  0 ,  215 ,  19.17 ,  0.06 ,  3.08
23 ,  4 ,  647792 ,  0 ,  215 ,  19.06 ,  0.06 ,  3.08
23 ,  4 ,  647833 ,  0 ,  215 ,  18.95 ,  0.06 ,  3.08
23 ,  4 ,  647874 ,  0 ,  215 ,  18.95 ,  0.06 ,  3.08
23 ,  4 ,  647914 ,  0 ,  215 ,  18.84 ,  0.06 ,  3.08
23 ,  4 ,  647955 ,  0 ,  215 ,  18.84 ,  0.06 ,  2.98
23 ,  4 ,  647998 ,  0 ,  215 ,  18.73 ,  0.06 ,  2.98
23 ,  4 ,  648039 ,  0 ,  215 ,  18.73 ,  0.06 ,  2.98
23 ,  4 ,  648079 ,  0 ,  215 ,  18.62 ,  0.06 ,  2.98
23 ,  4 ,  648120 ,  0 ,  215 ,  18.62 ,  0.06 ,  2.98
23 ,  4 ,  648161 ,  0 ,  215 ,  18.51 ,  0.06 ,  2.98
23 ,  4 ,  648201 ,  0 ,  215 ,  18.51 ,  0.06 ,  2.98
23 ,  4 ,  648242 ,  0 ,  215 ,  18.40 ,  0.06 ,  2.88
23 ,  4 ,  648283 ,  0 ,  215 ,  18.40 ,  0.06 ,  2.98
23 ,  4 ,  648323 ,  0 ,  215 ,  18.29 ,  0.06 ,  2.98
23 ,  4 ,  648366 ,  0 ,  215 ,  18.29 ,  0.06 ,  2.88
23 ,  4 ,  648407 ,  0 ,  215 ,  18.29 ,  0.06 ,  2.88
23 ,  4 ,  648446 ,  0 ,  215 ,  18.18 ,  0.06 ,  2.88
23 ,  4 ,  648487 ,  0 ,  215 ,  18.07 ,  0.06 ,  2.88
23 ,  4 ,  648528 ,  0 ,  215 ,  18.07 ,  0.06 ,  2.88
23 ,  4 ,  648568 ,  0 ,  215 ,  18.07 ,  0.06 ,  2.88
23 ,  4 ,  648609 ,  0 ,  215 ,  18.07 ,  0.06 ,  2.88
23 ,  4 ,  648650 ,  0 ,  215 ,  17.96 ,  0.06 ,  2.88
23 ,  4 ,  648690 ,  0 ,  215 ,  17.85 ,  0.06 ,  2.78
23 ,  4 ,  648733 ,  0 ,  215 ,  17.85 ,  0.06 ,  2.78
23 ,  4 ,  648774 ,  0 ,  215 ,  17.73 ,  0.06 ,  2.78
23 ,  4 ,  648815 ,  0 ,  215 ,  17.73 ,  0.06 ,  2.78
23 ,  4 ,  648855 ,  0 ,  215 ,  17.73 ,  0.06 ,  2.78
23 ,  4 ,  648896 ,  0 ,  215 ,  17.62 ,  0.06 ,  2.78
23 ,  4 ,  648937 ,  0 ,  215 ,  17.62 ,  0.06 ,  2.78
23 ,  4 ,  648977 ,  0 ,  215 ,  17.51 ,  0.06 ,  2.78
23 ,  4 ,  649018 ,  0 ,  215 ,  17.40 ,  0.06 ,  2.78
23 ,  4 ,  649059 ,  0 ,  215 ,  17.40 ,  0.06 ,  2.68
23 ,  4 ,  649099 ,  0 ,  215 ,  17.40 ,  0.06 ,  2.68
23 ,  4 ,  649142 ,  0 ,  215 ,  17.29 ,  0.06 ,  2.68
23 ,  4 ,  649183 ,  0 ,  215 ,  17.29 ,  0.06 ,  2.68
23 ,  4 ,  649224 ,  0 ,  215 ,  17.18 ,  0.06 ,  2.68
23 ,  4 ,  649264 ,  0 ,  215 ,  17.18 ,  0.06 ,  2.68
23 ,  4 ,  649305 ,  0 ,  215 ,  17.18 ,  0.06 ,  2.68
23 ,  4 ,  649346 ,  0 ,  215 ,  17.07 ,  0.06 ,  2.68
23 ,  4 ,  649385 ,  0 ,  215 ,  17.07 ,  0.06 ,  2.58
23 ,  4 ,  649426 ,  0 ,  215 ,  16.96 ,  0.06 ,  2.68
23 ,  4 ,  649467 ,  0 ,  215 ,  16.96 ,  0.06 ,  2.68
23 ,  4 ,  649509 ,  0 ,  215 ,  16.85 ,  0.06 ,  2.58
23 ,  4 ,  649550 ,  0 ,  215 ,  16.85 ,  0.06 ,  2.58
23 ,  4 ,  649591 ,  0 ,  215 ,  16.85 ,  0.06 ,  2.58
23 ,  4 ,  649631 ,  0 ,  215 ,  16.74 ,  0.06 ,  2.58
23 ,  4 ,  649672 ,  0 ,  215 ,  16.74 ,  0.06 ,  2.58
23 ,  4 ,  649713 ,  0 ,  215 ,  16.63 ,  0.06 ,  2.58
23 ,  4 ,  649753 ,  0 ,  215 ,  16.63 ,  0.06 ,  2.58
23 ,  4 ,  649794 ,  0 ,  215 ,  16.63 ,  0.05 ,  2.58
23 ,  4 ,  649835 ,  0 ,  215 ,  16.52 ,  0.06 ,  2.58
23 ,  4 ,  649878 ,  0 ,  215 ,  16.41 ,  0.06 ,  2.58
23 ,  4 ,  649918 ,  0 ,  215 ,  16.41 ,  0.06 ,  2.48
23 ,  4 ,  649959 ,  0 ,  215 ,  16.41 ,  0.06 ,  2.48
23 ,  4 ,  650000 ,  0 ,  215 ,  16.30 ,  0.06 ,  2.48
23 ,  4 ,  650040 ,  0 ,  215 ,  16.30 ,  0.06 ,  2.48
23 ,  4 ,  650081 ,  0 ,  215 ,  16.30 ,  0.06 ,  2.48
23 ,  4 ,  650122 ,  0 ,  215 ,  16.19 ,  0.06 ,  2.48
23 ,  4 ,  650162 ,  0 ,  215 ,  16.19 ,  0.06 ,  2.48
23 ,  4 ,  650203 ,  0 ,  215 ,  16.19 ,  0.06 ,  2.48
23 ,  4 ,  650246 ,  0 ,  215 ,  16.08 ,  0.06 ,  2.48
23 ,  4 ,  650286 ,  0 ,  215 ,  15.97 ,  0.06 ,  2.48
23 ,  4 ,  650327 ,  0 ,  215 ,  15.97 ,  0.06 ,  2.48
23 ,  4 ,  650368 ,  0 ,  215 ,  15.97 ,  0.06 ,  2.38
23 ,  4 ,  650408 ,  0 ,  215 ,  15.86 ,  0.06 ,  2.38
23 ,  4 ,  650448 ,  0 ,  215 ,  15.86 ,  0.06 ,  2.38
23 ,  4 ,  650489 ,  0 ,  215 ,  15.75 ,  0.07 ,  2.38
23 ,  4 ,  650536 ,  0 ,  215 ,  15.75 ,  0.05 ,  2.38
23 ,  4 ,  650577 ,  0 ,  215 ,  15.64 ,  0.06 ,  2.38
23 ,  4 ,  650620 ,  0 ,  215 ,  15.64 ,  0.06 ,  2.38
23 ,  4 ,  650660 ,  0 ,  215 ,  15.53 ,  0.06 ,  2.38
23 ,  4 ,  650701 ,  0 ,  215 ,  15.53 ,  0.06 ,  2.38
23 ,  4 ,  650742 ,  0 ,  215 ,  15.53 ,  0.06 ,  2.38
23 ,  4 ,  650782 ,  0 ,  215 ,  15.42 ,  0.06 ,  2.38
23 ,  4 ,  650823 ,  0 ,  215 ,  15.42 ,  0.06 ,  2.38
23 ,  4 ,  650863 ,  0 ,  215 ,  15.42 ,  0.06 ,  2.38
23 ,  4 ,  650904 ,  0 ,  215 ,  15.42 ,  0.06 ,  2.28
23 ,  4 ,  650945 ,  0 ,  215 ,  15.31 ,  0.06 ,  2.28
23 ,  4 ,  650988 ,  0 ,  215 ,  15.20 ,  0.05 ,  2.28
23 ,  4 ,  651028 ,  0 ,  215 ,  15.20 ,  0.06 ,  2.28
23 ,  4 ,  651069 ,  0 ,  215 ,  15.20 ,  0.05 ,  2.28
23 ,  4 ,  651110 ,  0 ,  215 ,  15.09 ,  0.05 ,  2.28
23 ,  4 ,  651150 ,  0 ,  215 ,  15.09 ,  0.06 ,  2.28
23 ,  4 ,  651191 ,  0 ,  215 ,  15.09 ,  0.06 ,  2.28
23 ,  4 ,  651232 ,  0 ,  215 ,  15.09 ,  0.06 ,  2.28
23 ,  4 ,  651272 ,  0 ,  215 ,  14.98 ,  0.06 ,  2.28
23 ,  4 ,  651313 ,  0 ,  215 ,  14.87 ,  0.06 ,  2.28
23 ,  4 ,  651356 ,  0 ,  215 ,  14.87 ,  0.06 ,  2.18
23 ,  4 ,  651396 ,  0 ,  215 ,  14.87 ,  0.06 ,  2.28
23 ,  4 ,  651437 ,  0 ,  215 ,  14.87 ,  0.06 ,  2.28
23 ,  4 ,  651478 ,  0 ,  215 ,  14.76 ,  0.06 ,  2.18
23 ,  4 ,  651517 ,  0 ,  215 ,  14.76 ,  0.06 ,  2.18
23 ,  4 ,  651558 ,  0 ,  215 ,  14.65 ,  0.06 ,  2.18
23 ,  4 ,  651599 ,  0 ,  215 ,  14.65 ,  0.06 ,  2.18
23 ,  4 ,  651639 ,  0 ,  215 ,  14.54 ,  0.06 ,  2.18
23 ,  4 ,  651680 ,  0 ,  215 ,  14.65 ,  0.06 ,  2.18
23 ,  4 ,  651721 ,  0 ,  215 ,  14.54 ,  0.06 ,  2.18
23 ,  4 ,  651764 ,  0 ,  215 ,  14.54 ,  0.06 ,  2.18
23 ,  4 ,  651804 ,  0 ,  215 ,  14.43 ,  0.06 ,  2.18
23 ,  4 ,  651845 ,  0 ,  215 ,  14.43 ,  0.06 ,  2.18
23 ,  4 ,  651886 ,  0 ,  215 ,  14.43 ,  0.06 ,  2.18
23 ,  4 ,  651926 ,  0 ,  215 ,  14.32 ,  0.06 ,  2.18
23 ,  4 ,  651967 ,  0 ,  215 ,  14.32 ,  0.06 ,  2.08
23 ,  4 ,  652008 ,  0 ,  215 ,  14.32 ,  0.06 ,  2.08
23 ,  4 ,  652048 ,  0 ,  215 ,  14.32 ,  0.06 ,  2.08
23 ,  4 ,  652089 ,  0 ,  215 ,  14.21 ,  0.05 ,  2.08
23 ,  4 ,  652132 ,  0 ,  215 ,  14.10 ,  0.06 ,  2.08
23 ,  4 ,  652172 ,  0 ,  215 ,  14.10 ,  0.06 ,  2.08
23 ,  4 ,  652213 ,  0 ,  215 ,  14.10 ,  0.06 ,  2.08
23 ,  4 ,  652254 ,  0 ,  215 ,  13.99 ,  0.06 ,  2.08
23 ,  4 ,  652294 ,  0 ,  215 ,  13.99 ,  0.05 ,  2.08
23 ,  4 ,  652335 ,  0 ,  215 ,  13.99 ,  0.06 ,  2.08
23 ,  4 ,  652376 ,  0 ,  215 ,  13.88 ,  0.06 ,  2.08
23 ,  4 ,  652416 ,  0 ,  215 ,  13.99 ,  0.06 ,  2.08
23 ,  4 ,  652456 ,  0 ,  215 ,  13.88 ,  0.06 ,  1.98
