MS, MPT, t (s), PWMi, PWMe, Pressure (Psi), LW (V), Displacement (mm)
24 ,  2 ,  693065 ,  0 ,  210 ,  13.55 ,  0.06 ,  1.98
24 ,  2 ,  693104 ,  255 ,  0 ,  13.55 ,  0.06 ,  1.98
24 ,  2 ,  693143 ,  255 ,  0 ,  15.86 ,  0.06 ,  1.98
24 ,  2 ,  693182 ,  255 ,  0 ,  30.73 ,  0.08 ,  3.87
24 ,  2 ,  693220 ,  255 ,  0 ,  45.71 ,  0.14 ,  7.14
24 ,  2 ,  693259 ,  255 ,  0 ,  55.95 ,  0.23 ,  10.72
24 ,  2 ,  693298 ,  255 ,  0 ,  63.11 ,  0.32 ,  13.59
24 ,  2 ,  693337 ,  255 ,  0 ,  68.06 ,  0.39 ,  15.68
24 ,  2 ,  693379 ,  255 ,  0 ,  72.03 ,  0.44 ,  17.26
24 ,  2 ,  693416 ,  255 ,  0 ,  74.78 ,  0.47 ,  18.16
24 ,  2 ,  693455 ,  255 ,  0 ,  76.98 ,  0.49 ,  19.05
24 ,  2 ,  693494 ,  255 ,  0 ,  78.97 ,  0.50 ,  19.74
24 ,  2 ,  693533 ,  255 ,  0 ,  80.62 ,  0.51 ,  20.24
24 ,  2 ,  693572 ,  255 ,  0 ,  82.16 ,  0.51 ,  20.74
24 ,  2 ,  693610 ,  255 ,  0 ,  83.48 ,  0.51 ,  21.13
24 ,  2 ,  693649 ,  255 ,  0 ,  84.69 ,  0.52 ,  21.53
24 ,  2 ,  693688 ,  255 ,  0 ,  85.90 ,  0.52 ,  21.83
24 ,  2 ,  693729 ,  255 ,  0 ,  87.12 ,  0.52 ,  22.13
24 ,  2 ,  693768 ,  255 ,  0 ,  88.22 ,  0.52 ,  22.42
24 ,  2 ,  693807 ,  255 ,  0 ,  89.10 ,  0.52 ,  22.72
24 ,  2 ,  693844 ,  255 ,  0 ,  90.09 ,  0.52 ,  22.92
24 ,  2 ,  693883 ,  255 ,  0 ,  90.86 ,  0.53 ,  23.12
24 ,  2 ,  693922 ,  255 ,  0 ,  91.74 ,  0.52 ,  23.32
24 ,  2 ,  693961 ,  255 ,  0 ,  92.51 ,  0.52 ,  23.51
24 ,  2 ,  694000 ,  255 ,  0 ,  93.28 ,  0.52 ,  23.71
24 ,  2 ,  694038 ,  255 ,  0 ,  93.94 ,  0.52 ,  23.91
24 ,  2 ,  694079 ,  255 ,  0 ,  94.60 ,  0.52 ,  24.01
24 ,  2 ,  694118 ,  255 ,  0 ,  95.15 ,  0.52 ,  24.11
24 ,  2 ,  694157 ,  255 ,  0 ,  95.59 ,  0.53 ,  24.21
24 ,  2 ,  694196 ,  255 ,  0 ,  96.04 ,  0.53 ,  24.31
24 ,  2 ,  694235 ,  255 ,  0 ,  96.26 ,  0.53 ,  24.41
24 ,  2 ,  694273 ,  255 ,  0 ,  96.59 ,  0.53 ,  24.51
24 ,  2 ,  694311 ,  255 ,  0 ,  96.70 ,  0.53 ,  24.51
24 ,  2 ,  694350 ,  255 ,  0 ,  96.81 ,  0.52 ,  24.61
24 ,  2 ,  694389 ,  255 ,  0 ,  96.92 ,  0.53 ,  24.61
24 ,  2 ,  694430 ,  255 ,  0 ,  96.92 ,  0.52 ,  24.61
24 ,  2 ,  694469 ,  255 ,  0 ,  97.03 ,  0.53 ,  24.71
24 ,  2 ,  694507 ,  255 ,  0 ,  97.03 ,  0.53 ,  24.71
24 ,  2 ,  694546 ,  255 ,  0 ,  97.03 ,  0.52 ,  24.71
24 ,  2 ,  694585 ,  255 ,  0 ,  97.03 ,  0.53 ,  24.71
24 ,  2 ,  694624 ,  255 ,  0 ,  97.03 ,  0.53 ,  24.80
24 ,  2 ,  694663 ,  255 ,  0 ,  97.03 ,  0.52 ,  24.71
24 ,  2 ,  694701 ,  255 ,  0 ,  97.03 ,  0.53 ,  24.80
24 ,  2 ,  694739 ,  255 ,  0 ,  97.03 ,  0.53 ,  24.80
24 ,  2 ,  694780 ,  255 ,  0 ,  96.92 ,  0.53 ,  24.80
24 ,  2 ,  694823 ,  255 ,  0 ,  97.03 ,  0.53 ,  24.90
24 ,  2 ,  694862 ,  255 ,  0 ,  97.03 ,  0.53 ,  24.90
24 ,  2 ,  694900 ,  255 ,  0 ,  97.03 ,  0.53 ,  24.90
24 ,  2 ,  694939 ,  255 ,  0 ,  97.03 ,  0.53 ,  24.90
24 ,  2 ,  694978 ,  255 ,  0 ,  97.03 ,  0.53 ,  24.90
24 ,  2 ,  695017 ,  255 ,  0 ,  96.92 ,  0.53 ,  24.90
24 ,  2 ,  695055 ,  255 ,  0 ,  97.03 ,  0.53 ,  24.90
24 ,  2 ,  695094 ,  255 ,  0 ,  96.92 ,  0.53 ,  24.90
24 ,  2 ,  695135 ,  255 ,  0 ,  96.92 ,  0.53 ,  24.90
24 ,  2 ,  695174 ,  255 ,  0 ,  96.92 ,  0.52 ,  25.00
24 ,  2 ,  695213 ,  255 ,  0 ,  96.92 ,  0.53 ,  25.00
24 ,  2 ,  695251 ,  255 ,  0 ,  97.03 ,  0.52 ,  25.00
24 ,  2 ,  695289 ,  255 ,  0 ,  96.92 ,  0.52 ,  25.00
24 ,  2 ,  695328 ,  255 ,  0 ,  96.92 ,  0.53 ,  25.00
24 ,  2 ,  695367 ,  255 ,  0 ,  96.92 ,  0.53 ,  25.00
24 ,  2 ,  695406 ,  255 ,  0 ,  96.92 ,  0.53 ,  25.00
24 ,  2 ,  695444 ,  255 ,  0 ,  96.92 ,  0.52 ,  25.00
24 ,  2 ,  695485 ,  255 ,  0 ,  96.92 ,  0.53 ,  25.00
24 ,  2 ,  695524 ,  255 ,  0 ,  96.92 ,  0.53 ,  25.10
24 ,  2 ,  695563 ,  255 ,  0 ,  96.92 ,  0.52 ,  25.00
24 ,  2 ,  695602 ,  255 ,  0 ,  96.92 ,  0.52 ,  25.10
24 ,  2 ,  695641 ,  255 ,  0 ,  96.92 ,  0.53 ,  25.10
24 ,  2 ,  695678 ,  255 ,  0 ,  96.92 ,  0.53 ,  25.10
24 ,  2 ,  695717 ,  255 ,  0 ,  96.92 ,  0.53 ,  25.10
24 ,  2 ,  695756 ,  255 ,  0 ,  96.92 ,  0.53 ,  25.10
24 ,  2 ,  695795 ,  255 ,  0 ,  96.81 ,  0.53 ,  25.10
24 ,  2 ,  695836 ,  255 ,  0 ,  96.81 ,  0.53 ,  25.10
24 ,  2 ,  695875 ,  255 ,  0 ,  96.81 ,  0.53 ,  25.10
24 ,  2 ,  695913 ,  255 ,  0 ,  96.92 ,  0.53 ,  25.10
24 ,  2 ,  695952 ,  255 ,  0 ,  96.92 ,  0.53 ,  25.10
24 ,  2 ,  695991 ,  255 ,  0 ,  96.92 ,  0.53 ,  25.10
24 ,  2 ,  696030 ,  0 ,  210 ,  96.92 ,  0.53 ,  25.10
24 ,  2 ,  696069 ,  0 ,  210 ,  93.06 ,  0.52 ,  25.00
24 ,  2 ,  696107 ,  0 ,  210 ,  86.56 ,  0.53 ,  24.21
24 ,  2 ,  696145 ,  0 ,  210 ,  80.51 ,  0.52 ,  23.32
24 ,  2 ,  696186 ,  0 ,  210 ,  75.22 ,  0.52 ,  22.22
24 ,  2 ,  696225 ,  0 ,  210 ,  71.15 ,  0.51 ,  21.33
24 ,  2 ,  696264 ,  0 ,  210 ,  67.73 ,  0.51 ,  20.44
24 ,  2 ,  696302 ,  0 ,  210 ,  64.87 ,  0.50 ,  19.65
24 ,  2 ,  696341 ,  0 ,  210 ,  62.45 ,  0.48 ,  18.95
24 ,  2 ,  696380 ,  0 ,  210 ,  60.35 ,  0.47 ,  18.26
24 ,  2 ,  696419 ,  0 ,  210 ,  58.37 ,  0.45 ,  17.66
24 ,  2 ,  696458 ,  0 ,  210 ,  56.83 ,  0.43 ,  16.97
24 ,  2 ,  696496 ,  0 ,  210 ,  55.29 ,  0.41 ,  16.47
24 ,  2 ,  696537 ,  0 ,  210 ,  54.08 ,  0.39 ,  15.88
24 ,  2 ,  696576 ,  0 ,  210 ,  52.87 ,  0.37 ,  15.48
24 ,  2 ,  696614 ,  0 ,  210 ,  51.87 ,  0.35 ,  15.08
24 ,  2 ,  696653 ,  0 ,  210 ,  50.99 ,  0.33 ,  14.68
24 ,  2 ,  696692 ,  0 ,  210 ,  50.22 ,  0.32 ,  14.29
24 ,  2 ,  696730 ,  0 ,  210 ,  49.45 ,  0.31 ,  13.99
24 ,  2 ,  696769 ,  0 ,  210 ,  48.79 ,  0.29 ,  13.69
24 ,  2 ,  696808 ,  0 ,  210 ,  48.24 ,  0.27 ,  13.39
24 ,  2 ,  696847 ,  0 ,  210 ,  47.69 ,  0.27 ,  13.20
24 ,  2 ,  696888 ,  0 ,  210 ,  47.14 ,  0.25 ,  12.90
24 ,  2 ,  696926 ,  0 ,  210 ,  46.70 ,  0.25 ,  12.70
24 ,  2 ,  696965 ,  0 ,  210 ,  46.26 ,  0.24 ,  12.50
24 ,  2 ,  697004 ,  0 ,  210 ,  45.93 ,  0.23 ,  12.20
24 ,  2 ,  697042 ,  0 ,  210 ,  45.49 ,  0.22 ,  12.10
24 ,  2 ,  697080 ,  0 ,  210 ,  45.16 ,  0.22 ,  12.01
24 ,  2 ,  697119 ,  0 ,  210 ,  44.94 ,  0.22 ,  11.81
24 ,  2 ,  697158 ,  0 ,  210 ,  44.61 ,  0.21 ,  11.61
24 ,  2 ,  697197 ,  0 ,  210 ,  44.39 ,  0.21 ,  11.51
24 ,  2 ,  697238 ,  0 ,  210 ,  44.06 ,  0.20 ,  11.41
24 ,  2 ,  697277 ,  0 ,  210 ,  43.84 ,  0.21 ,  11.31
24 ,  2 ,  697315 ,  0 ,  210 ,  43.61 ,  0.19 ,  11.21
24 ,  2 ,  697354 ,  0 ,  210 ,  43.39 ,  0.19 ,  11.11
24 ,  2 ,  697393 ,  0 ,  210 ,  43.17 ,  0.19 ,  11.01
24 ,  2 ,  697432 ,  0 ,  210 ,  42.95 ,  0.19 ,  10.91
24 ,  2 ,  697470 ,  0 ,  210 ,  42.84 ,  0.18 ,  10.81
24 ,  2 ,  697508 ,  0 ,  210 ,  42.62 ,  0.18 ,  10.72
24 ,  2 ,  697547 ,  0 ,  210 ,  42.51 ,  0.18 ,  10.72
24 ,  2 ,  697588 ,  0 ,  210 ,  42.29 ,  0.17 ,  10.62
24 ,  2 ,  697627 ,  0 ,  210 ,  42.07 ,  0.17 ,  10.52
24 ,  2 ,  697666 ,  0 ,  210 ,  41.96 ,  0.17 ,  10.42
24 ,  2 ,  697705 ,  0 ,  210 ,  41.74 ,  0.17 ,  10.42
24 ,  2 ,  697743 ,  0 ,  210 ,  41.63 ,  0.16 ,  10.32
24 ,  2 ,  697782 ,  0 ,  210 ,  41.52 ,  0.16 ,  10.22
24 ,  2 ,  697821 ,  0 ,  210 ,  41.41 ,  0.16 ,  10.22
24 ,  2 ,  697860 ,  0 ,  210 ,  41.19 ,  0.16 ,  10.12
24 ,  2 ,  697897 ,  0 ,  210 ,  41.08 ,  0.16 ,  10.02
24 ,  2 ,  697938 ,  0 ,  210 ,  40.97 ,  0.15 ,  10.02
24 ,  2 ,  697977 ,  0 ,  210 ,  40.86 ,  0.15 ,  9.92
24 ,  2 ,  698016 ,  0 ,  210 ,  40.75 ,  0.15 ,  9.92
24 ,  2 ,  698055 ,  0 ,  210 ,  40.64 ,  0.15 ,  9.82
24 ,  2 ,  698093 ,  0 ,  210 ,  40.53 ,  0.14 ,  9.72
24 ,  2 ,  698132 ,  0 ,  210 ,  40.31 ,  0.15 ,  9.72
24 ,  2 ,  698171 ,  0 ,  210 ,  40.20 ,  0.15 ,  9.72
24 ,  2 ,  698210 ,  0 ,  210 ,  40.09 ,  0.14 ,  9.62
24 ,  2 ,  698248 ,  0 ,  210 ,  39.98 ,  0.14 ,  9.62
24 ,  2 ,  698289 ,  0 ,  210 ,  39.87 ,  0.14 ,  9.53
24 ,  2 ,  698329 ,  0 ,  210 ,  39.76 ,  0.14 ,  9.43
24 ,  2 ,  698368 ,  0 ,  210 ,  39.76 ,  0.14 ,  9.43
24 ,  2 ,  698405 ,  0 ,  210 ,  39.54 ,  0.14 ,  9.43
24 ,  2 ,  698444 ,  0 ,  210 ,  39.54 ,  0.13 ,  9.33
24 ,  2 ,  698483 ,  0 ,  210 ,  39.43 ,  0.13 ,  9.33
24 ,  2 ,  698522 ,  0 ,  210 ,  39.32 ,  0.14 ,  9.23
24 ,  2 ,  698560 ,  0 ,  210 ,  39.21 ,  0.13 ,  9.23
24 ,  2 ,  698599 ,  0 ,  210 ,  39.10 ,  0.13 ,  9.13
24 ,  2 ,  698640 ,  0 ,  210 ,  38.99 ,  0.13 ,  9.13
24 ,  2 ,  698679 ,  0 ,  210 ,  38.88 ,  0.13 ,  9.13
24 ,  2 ,  698718 ,  0 ,  210 ,  38.77 ,  0.13 ,  9.03
24 ,  2 ,  698756 ,  0 ,  210 ,  38.77 ,  0.13 ,  9.03
24 ,  2 ,  698795 ,  0 ,  210 ,  38.55 ,  0.12 ,  8.93
24 ,  2 ,  698833 ,  0 ,  210 ,  38.55 ,  0.13 ,  8.93
24 ,  2 ,  698872 ,  0 ,  210 ,  38.44 ,  0.12 ,  8.93
24 ,  2 ,  698910 ,  0 ,  210 ,  38.33 ,  0.12 ,  8.83
24 ,  2 ,  698949 ,  0 ,  210 ,  38.22 ,  0.12 ,  8.83
24 ,  2 ,  698986 ,  0 ,  210 ,  38.22 ,  0.12 ,  8.83
24 ,  2 ,  699024 ,  0 ,  210 ,  38.11 ,  0.12 ,  8.73
24 ,  2 ,  699063 ,  0 ,  210 ,  38.00 ,  0.12 ,  8.73
24 ,  2 ,  699102 ,  0 ,  210 ,  37.89 ,  0.12 ,  8.73
24 ,  2 ,  699141 ,  0 ,  210 ,  37.78 ,  0.12 ,  8.63
24 ,  2 ,  699179 ,  0 ,  210 ,  37.78 ,  0.11 ,  8.63
24 ,  2 ,  699217 ,  0 ,  210 ,  37.67 ,  0.11 ,  8.63
24 ,  2 ,  699256 ,  0 ,  210 ,  37.56 ,  0.12 ,  8.53
24 ,  2 ,  699295 ,  0 ,  210 ,  37.56 ,  0.11 ,  8.53
24 ,  2 ,  699336 ,  0 ,  210 ,  37.34 ,  0.12 ,  8.53
24 ,  2 ,  699374 ,  0 ,  210 ,  37.34 ,  0.11 ,  8.43
24 ,  2 ,  699413 ,  0 ,  210 ,  37.23 ,  0.12 ,  8.43
24 ,  2 ,  699452 ,  0 ,  210 ,  37.12 ,  0.11 ,  8.33
24 ,  2 ,  699491 ,  0 ,  210 ,  37.12 ,  0.11 ,  8.33
24 ,  2 ,  699529 ,  0 ,  210 ,  36.90 ,  0.11 ,  8.33
24 ,  2 ,  699586 ,  0 ,  210 ,  36.79 ,  0.11 ,  8.24
24 ,  2 ,  699625 ,  0 ,  210 ,  36.79 ,  0.11 ,  8.24
24 ,  2 ,  699664 ,  0 ,  210 ,  36.68 ,  0.11 ,  8.24
24 ,  2 ,  699703 ,  0 ,  210 ,  36.57 ,  0.11 ,  8.24
24 ,  2 ,  699744 ,  0 ,  210 ,  36.46 ,  0.11 ,  8.14
24 ,  2 ,  699782 ,  0 ,  210 ,  36.46 ,  0.10 ,  8.14
24 ,  2 ,  699821 ,  0 ,  210 ,  36.35 ,  0.11 ,  8.04
24 ,  2 ,  699859 ,  0 ,  210 ,  36.24 ,  0.10 ,  8.04
24 ,  2 ,  699897 ,  0 ,  210 ,  36.13 ,  0.11 ,  8.04
24 ,  2 ,  699936 ,  0 ,  210 ,  36.02 ,  0.11 ,  8.04
24 ,  2 ,  699975 ,  0 ,  210 ,  35.91 ,  0.11 ,  7.94
24 ,  2 ,  700014 ,  0 ,  210 ,  35.91 ,  0.10 ,  7.94
24 ,  2 ,  700052 ,  0 ,  210 ,  35.80 ,  0.10 ,  7.94
24 ,  2 ,  700093 ,  0 ,  210 ,  35.69 ,  0.10 ,  7.84
24 ,  2 ,  700132 ,  0 ,  210 ,  35.69 ,  0.10 ,  7.84
24 ,  2 ,  700171 ,  0 ,  210 ,  35.58 ,  0.10 ,  7.74
24 ,  2 ,  700210 ,  0 ,  210 ,  35.47 ,  0.10 ,  7.74
24 ,  2 ,  700248 ,  0 ,  210 ,  35.36 ,  0.10 ,  7.74
24 ,  2 ,  700286 ,  0 ,  210 ,  35.25 ,  0.10 ,  7.74
24 ,  2 ,  700325 ,  0 ,  210 ,  35.13 ,  0.10 ,  7.64
24 ,  2 ,  700364 ,  0 ,  210 ,  35.02 ,  0.10 ,  7.64
24 ,  2 ,  700402 ,  0 ,  210 ,  35.02 ,  0.10 ,  7.64
24 ,  2 ,  700443 ,  0 ,  210 ,  34.91 ,  0.10 ,  7.64
24 ,  2 ,  700482 ,  0 ,  210 ,  34.80 ,  0.10 ,  7.54
24 ,  2 ,  700521 ,  0 ,  210 ,  34.69 ,  0.10 ,  7.54
24 ,  2 ,  700559 ,  0 ,  210 ,  34.69 ,  0.10 ,  7.54
24 ,  2 ,  700598 ,  0 ,  210 ,  34.58 ,  0.10 ,  7.44
24 ,  2 ,  700637 ,  0 ,  210 ,  34.47 ,  0.10 ,  7.44
24 ,  2 ,  700676 ,  0 ,  210 ,  34.47 ,  0.10 ,  7.44
24 ,  2 ,  700713 ,  0 ,  210 ,  34.36 ,  0.09 ,  7.44
24 ,  2 ,  700752 ,  0 ,  210 ,  34.25 ,  0.10 ,  7.34
24 ,  2 ,  700793 ,  0 ,  210 ,  34.14 ,  0.09 ,  7.34
24 ,  2 ,  700832 ,  0 ,  210 ,  34.14 ,  0.09 ,  7.24
24 ,  2 ,  700871 ,  0 ,  210 ,  34.03 ,  0.09 ,  7.24
24 ,  2 ,  700909 ,  0 ,  210 ,  33.92 ,  0.09 ,  7.24
24 ,  2 ,  700948 ,  0 ,  210 ,  33.81 ,  0.09 ,  7.24
24 ,  2 ,  700987 ,  0 ,  210 ,  33.70 ,  0.09 ,  7.14
24 ,  2 ,  701026 ,  0 ,  210 ,  33.59 ,  0.09 ,  7.14
24 ,  2 ,  701064 ,  0 ,  210 ,  33.59 ,  0.09 ,  7.14
24 ,  2 ,  701103 ,  0 ,  210 ,  33.48 ,  0.09 ,  7.14
24 ,  2 ,  701144 ,  0 ,  210 ,  33.37 ,  0.09 ,  7.14
24 ,  2 ,  701182 ,  0 ,  210 ,  33.37 ,  0.09 ,  7.04
24 ,  2 ,  701220 ,  0 ,  210 ,  33.26 ,  0.09 ,  7.04
24 ,  2 ,  701259 ,  0 ,  210 ,  33.15 ,  0.09 ,  7.04
24 ,  2 ,  701298 ,  0 ,  210 ,  33.04 ,  0.09 ,  6.95
24 ,  2 ,  701337 ,  0 ,  210 ,  33.04 ,  0.09 ,  6.95
24 ,  2 ,  701375 ,  0 ,  210 ,  32.93 ,  0.09 ,  6.95
24 ,  2 ,  701414 ,  0 ,  210 ,  32.82 ,  0.09 ,  6.85
24 ,  2 ,  701453 ,  0 ,  210 ,  32.82 ,  0.09 ,  6.85
24 ,  2 ,  701490 ,  0 ,  210 ,  32.71 ,  0.09 ,  6.85
24 ,  2 ,  701528 ,  0 ,  210 ,  32.60 ,  0.09 ,  6.75
24 ,  2 ,  701566 ,  0 ,  210 ,  32.49 ,  0.09 ,  6.75
24 ,  2 ,  701605 ,  0 ,  210 ,  32.38 ,  0.08 ,  6.75
24 ,  2 ,  701644 ,  0 ,  210 ,  32.38 ,  0.08 ,  6.75
24 ,  2 ,  701682 ,  0 ,  210 ,  32.27 ,  0.09 ,  6.65
24 ,  2 ,  701721 ,  0 ,  210 ,  32.16 ,  0.09 ,  6.65
24 ,  2 ,  701760 ,  0 ,  210 ,  32.16 ,  0.09 ,  6.65
24 ,  2 ,  701798 ,  0 ,  210 ,  32.05 ,  0.09 ,  6.65
24 ,  2 ,  701839 ,  0 ,  210 ,  31.94 ,  0.08 ,  6.55
24 ,  2 ,  701878 ,  0 ,  210 ,  31.83 ,  0.08 ,  6.55
24 ,  2 ,  701917 ,  0 ,  210 ,  31.83 ,  0.09 ,  6.55
24 ,  2 ,  701956 ,  0 ,  210 ,  31.72 ,  0.08 ,  6.55
24 ,  2 ,  701993 ,  0 ,  210 ,  31.61 ,  0.08 ,  6.45
24 ,  2 ,  702032 ,  0 ,  210 ,  31.50 ,  0.08 ,  6.45
24 ,  2 ,  702071 ,  0 ,  210 ,  31.50 ,  0.08 ,  6.45
24 ,  2 ,  702110 ,  0 ,  210 ,  31.39 ,  0.08 ,  6.45
24 ,  2 ,  702148 ,  0 ,  210 ,  31.28 ,  0.08 ,  6.35
24 ,  2 ,  702187 ,  0 ,  210 ,  31.17 ,  0.08 ,  6.35
24 ,  2 ,  702228 ,  0 ,  210 ,  31.17 ,  0.08 ,  6.35
24 ,  2 ,  702267 ,  0 ,  210 ,  31.06 ,  0.08 ,  6.25
24 ,  2 ,  702306 ,  0 ,  210 ,  31.06 ,  0.08 ,  6.25
24 ,  2 ,  702344 ,  0 ,  210 ,  30.95 ,  0.08 ,  6.15
24 ,  2 ,  702383 ,  0 ,  210 ,  30.84 ,  0.08 ,  6.25
24 ,  2 ,  702422 ,  0 ,  210 ,  30.73 ,  0.08 ,  6.15
24 ,  2 ,  702460 ,  0 ,  210 ,  30.73 ,  0.08 ,  6.15
24 ,  2 ,  702498 ,  0 ,  210 ,  30.62 ,  0.08 ,  6.15
24 ,  2 ,  702537 ,  0 ,  210 ,  30.51 ,  0.08 ,  6.15
24 ,  2 ,  702578 ,  0 ,  210 ,  30.40 ,  0.08 ,  6.05
24 ,  2 ,  702617 ,  0 ,  210 ,  30.40 ,  0.08 ,  6.05
24 ,  2 ,  702655 ,  0 ,  210 ,  30.29 ,  0.08 ,  6.05
24 ,  2 ,  702694 ,  0 ,  210 ,  30.18 ,  0.08 ,  6.05
24 ,  2 ,  702733 ,  0 ,  210 ,  30.18 ,  0.08 ,  5.95
24 ,  2 ,  702772 ,  0 ,  210 ,  30.07 ,  0.08 ,  5.95
24 ,  2 ,  702810 ,  0 ,  210 ,  29.96 ,  0.08 ,  5.95
24 ,  2 ,  702849 ,  0 ,  210 ,  29.85 ,  0.07 ,  5.85
24 ,  2 ,  702887 ,  0 ,  210 ,  29.85 ,  0.07 ,  5.85
24 ,  2 ,  702928 ,  0 ,  210 ,  29.74 ,  0.07 ,  5.85
24 ,  2 ,  702967 ,  0 ,  210 ,  29.63 ,  0.07 ,  5.85
24 ,  2 ,  703005 ,  0 ,  210 ,  29.52 ,  0.07 ,  5.85
24 ,  2 ,  703044 ,  0 ,  210 ,  29.52 ,  0.08 ,  5.75
24 ,  2 ,  703083 ,  0 ,  210 ,  29.41 ,  0.08 ,  5.75
24 ,  2 ,  703122 ,  0 ,  210 ,  29.30 ,  0.08 ,  5.75
24 ,  2 ,  703161 ,  0 ,  210 ,  29.30 ,  0.07 ,  5.75
24 ,  2 ,  703200 ,  0 ,  210 ,  29.19 ,  0.07 ,  5.75
24 ,  2 ,  703238 ,  0 ,  210 ,  29.08 ,  0.08 ,  5.66
24 ,  2 ,  703279 ,  0 ,  210 ,  28.97 ,  0.07 ,  5.66
24 ,  2 ,  703318 ,  0 ,  210 ,  28.97 ,  0.08 ,  5.66
24 ,  2 ,  703356 ,  0 ,  210 ,  28.86 ,  0.08 ,  5.66
24 ,  2 ,  703395 ,  0 ,  210 ,  28.86 ,  0.07 ,  5.56
24 ,  2 ,  703434 ,  0 ,  210 ,  28.75 ,  0.08 ,  5.56
24 ,  2 ,  703473 ,  0 ,  210 ,  28.64 ,  0.07 ,  5.56
24 ,  2 ,  703511 ,  0 ,  210 ,  28.64 ,  0.07 ,  5.56
24 ,  2 ,  703550 ,  0 ,  210 ,  28.53 ,  0.07 ,  5.46
24 ,  2 ,  703589 ,  0 ,  210 ,  28.42 ,  0.07 ,  5.46
24 ,  2 ,  703630 ,  0 ,  210 ,  28.31 ,  0.07 ,  5.46
24 ,  2 ,  703669 ,  0 ,  210 ,  28.31 ,  0.07 ,  5.46
24 ,  2 ,  703708 ,  0 ,  210 ,  28.31 ,  0.07 ,  5.46
24 ,  2 ,  703747 ,  0 ,  210 ,  28.09 ,  0.07 ,  5.36
24 ,  2 ,  703785 ,  0 ,  210 ,  28.09 ,  0.07 ,  5.36
24 ,  2 ,  703823 ,  0 ,  210 ,  27.98 ,  0.07 ,  5.36
24 ,  2 ,  703862 ,  0 ,  210 ,  27.87 ,  0.07 ,  5.36
24 ,  2 ,  703901 ,  0 ,  210 ,  27.87 ,  0.08 ,  5.36
24 ,  2 ,  703940 ,  0 ,  210 ,  27.76 ,  0.07 ,  5.26
24 ,  2 ,  703977 ,  0 ,  210 ,  27.76 ,  0.07 ,  5.26
24 ,  2 ,  704015 ,  0 ,  210 ,  27.65 ,  0.08 ,  5.26
24 ,  2 ,  704054 ,  0 ,  210 ,  27.54 ,  0.07 ,  5.26
24 ,  2 ,  704093 ,  0 ,  210 ,  27.43 ,  0.07 ,  5.26
24 ,  2 ,  704132 ,  0 ,  210 ,  27.43 ,  0.07 ,  5.16
24 ,  2 ,  704171 ,  0 ,  210 ,  27.32 ,  0.07 ,  5.16
24 ,  2 ,  704209 ,  0 ,  210 ,  27.21 ,  0.07 ,  5.16
24 ,  2 ,  704247 ,  0 ,  210 ,  27.21 ,  0.07 ,  5.16
24 ,  2 ,  704286 ,  0 ,  210 ,  27.10 ,  0.08 ,  5.16
24 ,  2 ,  704334 ,  0 ,  210 ,  27.10 ,  0.08 ,  5.06
24 ,  2 ,  704375 ,  0 ,  210 ,  26.99 ,  0.07 ,  5.06
24 ,  2 ,  704416 ,  0 ,  210 ,  26.88 ,  0.07 ,  5.06
24 ,  2 ,  704457 ,  0 ,  210 ,  26.88 ,  0.07 ,  5.06
24 ,  2 ,  704498 ,  0 ,  210 ,  26.77 ,  0.07 ,  4.96
24 ,  2 ,  704539 ,  0 ,  210 ,  26.66 ,  0.07 ,  4.96
24 ,  2 ,  704580 ,  0 ,  210 ,  26.66 ,  0.07 ,  4.96
24 ,  2 ,  704621 ,  0 ,  210 ,  26.55 ,  0.07 ,  4.96
24 ,  2 ,  704662 ,  0 ,  210 ,  26.43 ,  0.07 ,  4.96
24 ,  2 ,  704703 ,  0 ,  210 ,  26.32 ,  0.07 ,  4.86
24 ,  2 ,  704746 ,  0 ,  210 ,  26.21 ,  0.07 ,  4.86
24 ,  2 ,  704787 ,  0 ,  210 ,  26.21 ,  0.07 ,  4.86
24 ,  2 ,  704828 ,  0 ,  210 ,  26.10 ,  0.07 ,  4.86
24 ,  2 ,  704869 ,  0 ,  210 ,  26.10 ,  0.07 ,  4.76
24 ,  2 ,  704910 ,  0 ,  210 ,  25.99 ,  0.07 ,  4.76
24 ,  2 ,  704950 ,  0 ,  210 ,  25.88 ,  0.06 ,  4.76
24 ,  2 ,  704991 ,  0 ,  210 ,  25.77 ,  0.07 ,  4.76
24 ,  2 ,  705032 ,  0 ,  210 ,  25.77 ,  0.07 ,  4.76
24 ,  2 ,  705073 ,  0 ,  210 ,  25.66 ,  0.07 ,  4.76
24 ,  2 ,  705116 ,  0 ,  210 ,  25.55 ,  0.07 ,  4.66
24 ,  2 ,  705157 ,  0 ,  210 ,  25.55 ,  0.07 ,  4.66
24 ,  2 ,  705197 ,  0 ,  210 ,  25.44 ,  0.07 ,  4.66
24 ,  2 ,  705238 ,  0 ,  210 ,  25.44 ,  0.07 ,  4.66
24 ,  2 ,  705278 ,  0 ,  210 ,  25.33 ,  0.07 ,  4.56
24 ,  2 ,  705319 ,  0 ,  210 ,  25.22 ,  0.07 ,  4.66
24 ,  2 ,  705360 ,  0 ,  210 ,  25.22 ,  0.07 ,  4.56
24 ,  2 ,  705400 ,  0 ,  210 ,  25.00 ,  0.07 ,  4.56
24 ,  2 ,  705441 ,  0 ,  210 ,  25.00 ,  0.07 ,  4.56
24 ,  2 ,  705484 ,  0 ,  210 ,  25.00 ,  0.07 ,  4.56
24 ,  2 ,  705525 ,  0 ,  210 ,  24.89 ,  0.07 ,  4.56
24 ,  2 ,  705566 ,  0 ,  210 ,  24.78 ,  0.07 ,  4.46
24 ,  2 ,  705607 ,  0 ,  210 ,  24.78 ,  0.07 ,  4.46
24 ,  2 ,  705647 ,  0 ,  210 ,  24.67 ,  0.07 ,  4.46
24 ,  2 ,  705688 ,  0 ,  210 ,  24.56 ,  0.06 ,  4.46
24 ,  2 ,  705729 ,  0 ,  210 ,  24.56 ,  0.07 ,  4.46
24 ,  2 ,  705770 ,  0 ,  210 ,  24.45 ,  0.07 ,  4.46
24 ,  2 ,  705810 ,  0 ,  210 ,  24.34 ,  0.07 ,  4.37
24 ,  2 ,  705853 ,  0 ,  210 ,  24.34 ,  0.07 ,  4.37
24 ,  2 ,  705894 ,  0 ,  210 ,  24.34 ,  0.07 ,  4.37
24 ,  2 ,  705935 ,  0 ,  210 ,  24.23 ,  0.07 ,  4.37
24 ,  2 ,  705976 ,  0 ,  210 ,  24.12 ,  0.07 ,  4.37
24 ,  2 ,  706017 ,  0 ,  210 ,  24.01 ,  0.07 ,  4.27
24 ,  2 ,  706057 ,  0 ,  210 ,  24.01 ,  0.07 ,  4.27
24 ,  2 ,  706098 ,  0 ,  210 ,  23.90 ,  0.07 ,  4.27
24 ,  2 ,  706139 ,  0 ,  210 ,  23.90 ,  0.07 ,  4.27
24 ,  2 ,  706180 ,  0 ,  210 ,  23.79 ,  0.06 ,  4.27
24 ,  2 ,  706223 ,  0 ,  210 ,  23.68 ,  0.06 ,  4.27
24 ,  2 ,  706264 ,  0 ,  210 ,  23.68 ,  0.07 ,  4.17
24 ,  2 ,  706304 ,  0 ,  210 ,  23.57 ,  0.06 ,  4.17
24 ,  2 ,  706344 ,  0 ,  210 ,  23.46 ,  0.06 ,  4.17
24 ,  2 ,  706385 ,  0 ,  210 ,  23.46 ,  0.06 ,  4.17
24 ,  2 ,  706426 ,  0 ,  210 ,  23.35 ,  0.07 ,  4.17
24 ,  2 ,  706466 ,  0 ,  210 ,  23.35 ,  0.06 ,  4.17
24 ,  2 ,  706507 ,  0 ,  210 ,  23.24 ,  0.07 ,  4.07
24 ,  2 ,  706548 ,  0 ,  210 ,  23.24 ,  0.06 ,  4.07
24 ,  2 ,  706587 ,  0 ,  210 ,  23.13 ,  0.06 ,  4.07
24 ,  2 ,  706628 ,  0 ,  210 ,  23.02 ,  0.07 ,  4.07
24 ,  2 ,  706668 ,  0 ,  210 ,  23.02 ,  0.07 ,  4.07
24 ,  2 ,  706709 ,  0 ,  210 ,  22.91 ,  0.07 ,  4.07
24 ,  2 ,  706750 ,  0 ,  210 ,  22.80 ,  0.07 ,  3.97
24 ,  2 ,  706791 ,  0 ,  210 ,  22.80 ,  0.07 ,  3.97
24 ,  2 ,  706832 ,  0 ,  210 ,  22.69 ,  0.06 ,  3.97
24 ,  2 ,  706873 ,  0 ,  210 ,  22.69 ,  0.07 ,  3.97
24 ,  2 ,  706914 ,  0 ,  210 ,  22.58 ,  0.06 ,  3.97
24 ,  2 ,  706957 ,  0 ,  210 ,  22.47 ,  0.06 ,  3.97
24 ,  2 ,  707003 ,  0 ,  210 ,  22.47 ,  0.07 ,  3.87
24 ,  2 ,  707044 ,  0 ,  210 ,  22.36 ,  0.06 ,  3.87
24 ,  2 ,  707085 ,  0 ,  210 ,  22.36 ,  0.06 ,  3.87
24 ,  2 ,  707126 ,  0 ,  210 ,  22.25 ,  0.07 ,  3.87
24 ,  2 ,  707166 ,  0 ,  210 ,  22.25 ,  0.06 ,  3.87
24 ,  2 ,  707207 ,  0 ,  210 ,  22.14 ,  0.06 ,  3.87
24 ,  2 ,  707248 ,  0 ,  210 ,  22.03 ,  0.06 ,  3.77
24 ,  2 ,  707289 ,  0 ,  210 ,  22.03 ,  0.06 ,  3.77
24 ,  2 ,  707329 ,  0 ,  210 ,  21.92 ,  0.06 ,  3.77
24 ,  2 ,  707372 ,  0 ,  210 ,  21.92 ,  0.06 ,  3.77
24 ,  2 ,  707412 ,  0 ,  210 ,  21.81 ,  0.06 ,  3.77
24 ,  2 ,  707453 ,  0 ,  210 ,  21.70 ,  0.06 ,  3.77
24 ,  2 ,  707494 ,  0 ,  210 ,  21.70 ,  0.07 ,  3.77
24 ,  2 ,  707534 ,  0 ,  210 ,  21.59 ,  0.06 ,  3.67
24 ,  2 ,  707575 ,  0 ,  210 ,  21.59 ,  0.07 ,  3.67
24 ,  2 ,  707616 ,  0 ,  210 ,  21.48 ,  0.06 ,  3.67
24 ,  2 ,  707657 ,  0 ,  210 ,  21.48 ,  0.06 ,  3.67
24 ,  2 ,  707698 ,  0 ,  210 ,  21.37 ,  0.06 ,  3.67
24 ,  2 ,  707741 ,  0 ,  210 ,  21.37 ,  0.06 ,  3.67
24 ,  2 ,  707781 ,  0 ,  210 ,  21.26 ,  0.07 ,  3.67
24 ,  2 ,  707822 ,  0 ,  210 ,  21.15 ,  0.07 ,  3.67
24 ,  2 ,  707863 ,  0 ,  210 ,  21.15 ,  0.07 ,  3.57
24 ,  2 ,  707904 ,  0 ,  210 ,  21.04 ,  0.06 ,  3.57
24 ,  2 ,  707944 ,  0 ,  210 ,  21.04 ,  0.06 ,  3.57
24 ,  2 ,  707985 ,  0 ,  210 ,  20.93 ,  0.06 ,  3.57
24 ,  2 ,  708026 ,  0 ,  210 ,  20.93 ,  0.06 ,  3.57
24 ,  2 ,  708067 ,  0 ,  210 ,  20.82 ,  0.06 ,  3.57
24 ,  2 ,  708110 ,  0 ,  210 ,  20.71 ,  0.06 ,  3.57
24 ,  2 ,  708150 ,  0 ,  210 ,  20.71 ,  0.06 ,  3.47
24 ,  2 ,  708191 ,  0 ,  210 ,  20.60 ,  0.06 ,  3.47
24 ,  2 ,  708232 ,  0 ,  210 ,  20.60 ,  0.06 ,  3.47
24 ,  2 ,  708273 ,  0 ,  210 ,  20.60 ,  0.06 ,  3.47
24 ,  2 ,  708314 ,  0 ,  210 ,  20.49 ,  0.06 ,  3.47
24 ,  2 ,  708354 ,  0 ,  210 ,  20.38 ,  0.06 ,  3.47
24 ,  2 ,  708395 ,  0 ,  210 ,  20.38 ,  0.06 ,  3.37
24 ,  2 ,  708435 ,  0 ,  210 ,  20.27 ,  0.06 ,  3.37
24 ,  2 ,  708478 ,  0 ,  210 ,  20.16 ,  0.06 ,  3.37
24 ,  2 ,  708519 ,  0 ,  210 ,  20.16 ,  0.06 ,  3.37
24 ,  2 ,  708559 ,  0 ,  210 ,  20.16 ,  0.06 ,  3.37
24 ,  2 ,  708600 ,  0 ,  210 ,  20.05 ,  0.06 ,  3.37
24 ,  2 ,  708641 ,  0 ,  210 ,  20.05 ,  0.06 ,  3.37
24 ,  2 ,  708682 ,  0 ,  210 ,  19.94 ,  0.06 ,  3.27
24 ,  2 ,  708723 ,  0 ,  210 ,  19.94 ,  0.06 ,  3.27
24 ,  2 ,  708763 ,  0 ,  210 ,  19.83 ,  0.06 ,  3.27
24 ,  2 ,  708804 ,  0 ,  210 ,  19.72 ,  0.06 ,  3.27
24 ,  2 ,  708847 ,  0 ,  210 ,  19.72 ,  0.06 ,  3.27
24 ,  2 ,  708888 ,  0 ,  210 ,  19.61 ,  0.06 ,  3.27
24 ,  2 ,  708929 ,  0 ,  210 ,  19.61 ,  0.06 ,  3.27
24 ,  2 ,  708969 ,  0 ,  210 ,  19.61 ,  0.06 ,  3.27
24 ,  2 ,  709010 ,  0 ,  210 ,  19.50 ,  0.06 ,  3.27
24 ,  2 ,  709051 ,  0 ,  210 ,  19.50 ,  0.06 ,  3.18
24 ,  2 ,  709092 ,  0 ,  210 ,  19.39 ,  0.06 ,  3.18
24 ,  2 ,  709133 ,  0 ,  210 ,  19.39 ,  0.06 ,  3.18
24 ,  2 ,  709173 ,  0 ,  210 ,  19.28 ,  0.06 ,  3.18
24 ,  2 ,  709212 ,  0 ,  210 ,  19.17 ,  0.06 ,  3.18
24 ,  2 ,  709253 ,  0 ,  210 ,  19.17 ,  0.06 ,  3.18
24 ,  2 ,  709294 ,  0 ,  210 ,  19.06 ,  0.06 ,  3.08
24 ,  2 ,  709334 ,  0 ,  210 ,  19.06 ,  0.06 ,  3.08
24 ,  2 ,  709374 ,  0 ,  210 ,  19.06 ,  0.06 ,  3.08
24 ,  2 ,  709415 ,  0 ,  210 ,  18.95 ,  0.06 ,  3.08
24 ,  2 ,  709456 ,  0 ,  210 ,  18.95 ,  0.06 ,  3.08
24 ,  2 ,  709496 ,  0 ,  210 ,  18.84 ,  0.06 ,  3.08
24 ,  2 ,  709537 ,  0 ,  210 ,  18.73 ,  0.06 ,  3.08
24 ,  2 ,  709580 ,  0 ,  210 ,  18.73 ,  0.06 ,  3.08
24 ,  2 ,  709621 ,  0 ,  210 ,  18.62 ,  0.06 ,  3.08
24 ,  2 ,  709662 ,  0 ,  210 ,  18.62 ,  0.06 ,  3.08
24 ,  2 ,  709703 ,  0 ,  210 ,  18.51 ,  0.06 ,  2.98
24 ,  2 ,  709743 ,  0 ,  210 ,  18.51 ,  0.06 ,  2.98
24 ,  2 ,  709784 ,  0 ,  210 ,  18.40 ,  0.06 ,  2.98
24 ,  2 ,  709825 ,  0 ,  210 ,  18.40 ,  0.06 ,  2.98
24 ,  2 ,  709866 ,  0 ,  210 ,  18.29 ,  0.06 ,  2.98
24 ,  2 ,  709906 ,  0 ,  210 ,  18.29 ,  0.06 ,  2.98
24 ,  2 ,  709947 ,  0 ,  210 ,  18.29 ,  0.06 ,  2.98
24 ,  2 ,  709990 ,  0 ,  210 ,  18.18 ,  0.06 ,  2.98
24 ,  2 ,  710031 ,  0 ,  210 ,  18.18 ,  0.06 ,  2.98
24 ,  2 ,  710072 ,  0 ,  210 ,  18.18 ,  0.06 ,  2.88
24 ,  2 ,  710113 ,  0 ,  210 ,  18.07 ,  0.06 ,  2.88
24 ,  2 ,  710153 ,  0 ,  210 ,  17.96 ,  0.06 ,  2.88
24 ,  2 ,  710194 ,  0 ,  210 ,  17.96 ,  0.06 ,  2.88
24 ,  2 ,  710235 ,  0 ,  210 ,  17.96 ,  0.06 ,  2.88
24 ,  2 ,  710276 ,  0 ,  210 ,  17.85 ,  0.06 ,  2.88
24 ,  2 ,  710316 ,  0 ,  210 ,  17.85 ,  0.06 ,  2.78
24 ,  2 ,  710359 ,  0 ,  210 ,  17.73 ,  0.06 ,  2.88
24 ,  2 ,  710400 ,  0 ,  210 ,  17.73 ,  0.06 ,  2.88
24 ,  2 ,  710440 ,  0 ,  210 ,  17.62 ,  0.06 ,  2.78
24 ,  2 ,  710481 ,  0 ,  210 ,  17.62 ,  0.06 ,  2.78
24 ,  2 ,  710522 ,  0 ,  210 ,  17.51 ,  0.06 ,  2.78
24 ,  2 ,  710562 ,  0 ,  210 ,  17.51 ,  0.06 ,  2.78
24 ,  2 ,  710603 ,  0 ,  210 ,  17.40 ,  0.06 ,  2.78
24 ,  2 ,  710644 ,  0 ,  210 ,  17.40 ,  0.05 ,  2.78
24 ,  2 ,  710685 ,  0 ,  210 ,  17.29 ,  0.06 ,  2.78
24 ,  2 ,  710728 ,  0 ,  210 ,  17.29 ,  0.06 ,  2.78
24 ,  2 ,  710769 ,  0 ,  210 ,  17.29 ,  0.05 ,  2.78
24 ,  2 ,  710810 ,  0 ,  210 ,  17.18 ,  0.06 ,  2.68
24 ,  2 ,  710851 ,  0 ,  210 ,  17.07 ,  0.06 ,  2.68
24 ,  2 ,  710891 ,  0 ,  210 ,  17.07 ,  0.06 ,  2.68
24 ,  2 ,  710932 ,  0 ,  210 ,  17.07 ,  0.06 ,  2.68
24 ,  2 ,  710973 ,  0 ,  210 ,  16.96 ,  0.06 ,  2.68
24 ,  2 ,  711014 ,  0 ,  210 ,  16.96 ,  0.06 ,  2.68
24 ,  2 ,  711054 ,  0 ,  210 ,  16.85 ,  0.06 ,  2.68
24 ,  2 ,  711097 ,  0 ,  210 ,  16.85 ,  0.06 ,  2.68
24 ,  2 ,  711138 ,  0 ,  210 ,  16.85 ,  0.06 ,  2.68
24 ,  2 ,  711179 ,  0 ,  210 ,  16.74 ,  0.06 ,  2.68
24 ,  2 ,  711220 ,  0 ,  210 ,  16.74 ,  0.06 ,  2.58
24 ,  2 ,  711261 ,  0 ,  210 ,  16.63 ,  0.06 ,  2.58
24 ,  2 ,  711301 ,  0 ,  210 ,  16.63 ,  0.06 ,  2.58
24 ,  2 ,  711342 ,  0 ,  210 ,  16.63 ,  0.06 ,  2.58
24 ,  2 ,  711383 ,  0 ,  210 ,  16.52 ,  0.06 ,  2.58
24 ,  2 ,  711424 ,  0 ,  210 ,  16.41 ,  0.06 ,  2.58
24 ,  2 ,  711467 ,  0 ,  210 ,  16.41 ,  0.06 ,  2.58
24 ,  2 ,  711507 ,  0 ,  210 ,  16.41 ,  0.05 ,  2.58
24 ,  2 ,  711547 ,  0 ,  210 ,  16.30 ,  0.05 ,  2.58
24 ,  2 ,  711588 ,  0 ,  210 ,  16.30 ,  0.06 ,  2.58
24 ,  2 ,  711629 ,  0 ,  210 ,  16.19 ,  0.06 ,  2.58
24 ,  2 ,  711670 ,  0 ,  210 ,  16.19 ,  0.06 ,  2.48
24 ,  2 ,  711710 ,  0 ,  210 ,  16.19 ,  0.06 ,  2.48
24 ,  2 ,  711751 ,  0 ,  210 ,  16.08 ,  0.06 ,  2.48
24 ,  2 ,  711792 ,  0 ,  210 ,  16.08 ,  0.06 ,  2.48
24 ,  2 ,  711831 ,  0 ,  210 ,  16.08 ,  0.06 ,  2.48
24 ,  2 ,  711871 ,  0 ,  210 ,  15.97 ,  0.06 ,  2.48
24 ,  2 ,  711912 ,  0 ,  210 ,  15.97 ,  0.06 ,  2.48
24 ,  2 ,  711953 ,  0 ,  210 ,  15.97 ,  0.06 ,  2.48
24 ,  2 ,  711994 ,  0 ,  210 ,  15.86 ,  0.05 ,  2.48
24 ,  2 ,  712035 ,  0 ,  210 ,  15.75 ,  0.06 ,  2.38
24 ,  2 ,  712075 ,  0 ,  210 ,  15.75 ,  0.05 ,  2.38
24 ,  2 ,  712116 ,  0 ,  210 ,  15.75 ,  0.05 ,  2.38
24 ,  2 ,  712157 ,  0 ,  210 ,  15.64 ,  0.06 ,  2.38
24 ,  2 ,  712200 ,  0 ,  210 ,  15.64 ,  0.06 ,  2.38
24 ,  2 ,  712241 ,  0 ,  210 ,  15.53 ,  0.06 ,  2.38
24 ,  2 ,  712281 ,  0 ,  210 ,  15.53 ,  0.06 ,  2.38
24 ,  2 ,  712322 ,  0 ,  210 ,  15.42 ,  0.05 ,  2.38
24 ,  2 ,  712363 ,  0 ,  210 ,  15.42 ,  0.05 ,  2.38
24 ,  2 ,  712403 ,  0 ,  210 ,  15.42 ,  0.06 ,  2.38
24 ,  2 ,  712443 ,  0 ,  210 ,  15.42 ,  0.05 ,  2.38
24 ,  2 ,  712484 ,  0 ,  210 ,  15.31 ,  0.06 ,  2.38
24 ,  2 ,  712525 ,  0 ,  210 ,  15.31 ,  0.06 ,  2.38
24 ,  2 ,  712566 ,  0 ,  210 ,  15.31 ,  0.06 ,  2.38
24 ,  2 ,  712609 ,  0 ,  210 ,  15.20 ,  0.05 ,  2.28
24 ,  2 ,  712650 ,  0 ,  210 ,  15.09 ,  0.06 ,  2.28
24 ,  2 ,  712690 ,  0 ,  210 ,  15.09 ,  0.06 ,  2.28
24 ,  2 ,  712731 ,  0 ,  210 ,  15.09 ,  0.06 ,  2.28
24 ,  2 ,  712772 ,  0 ,  210 ,  15.09 ,  0.05 ,  2.28
24 ,  2 ,  712813 ,  0 ,  210 ,  14.98 ,  0.05 ,  2.28
24 ,  2 ,  712853 ,  0 ,  210 ,  14.98 ,  0.06 ,  2.28
24 ,  2 ,  712894 ,  0 ,  210 ,  14.87 ,  0.05 ,  2.28
24 ,  2 ,  712935 ,  0 ,  210 ,  14.87 ,  0.05 ,  2.28
24 ,  2 ,  712978 ,  0 ,  210 ,  14.87 ,  0.06 ,  2.28
24 ,  2 ,  713019 ,  0 ,  210 ,  14.76 ,  0.06 ,  2.28
24 ,  2 ,  713060 ,  0 ,  210 ,  14.65 ,  0.06 ,  2.28
24 ,  2 ,  713100 ,  0 ,  210 ,  14.65 ,  0.06 ,  2.28
24 ,  2 ,  713141 ,  0 ,  210 ,  14.76 ,  0.06 ,  2.18
24 ,  2 ,  713182 ,  0 ,  210 ,  14.65 ,  0.06 ,  2.18
24 ,  2 ,  713223 ,  0 ,  210 ,  14.54 ,  0.06 ,  2.18
24 ,  2 ,  713263 ,  0 ,  210 ,  14.54 ,  0.06 ,  2.18
24 ,  2 ,  713304 ,  0 ,  210 ,  14.54 ,  0.05 ,  2.18
24 ,  2 ,  713347 ,  0 ,  210 ,  14.43 ,  0.06 ,  2.18
24 ,  2 ,  713388 ,  0 ,  210 ,  14.43 ,  0.05 ,  2.18
24 ,  2 ,  713428 ,  0 ,  210 ,  14.32 ,  0.06 ,  2.18
24 ,  2 ,  713469 ,  0 ,  210 ,  14.32 ,  0.05 ,  2.08
24 ,  2 ,  713509 ,  0 ,  210 ,  14.32 ,  0.05 ,  2.18
24 ,  2 ,  713550 ,  0 ,  210 ,  14.21 ,  0.05 ,  2.18
24 ,  2 ,  713591 ,  0 ,  210 ,  14.21 ,  0.05 ,  2.08
24 ,  2 ,  713632 ,  0 ,  210 ,  14.21 ,  0.06 ,  2.18
24 ,  2 ,  713672 ,  0 ,  210 ,  14.21 ,  0.06 ,  2.08
24 ,  2 ,  713715 ,  0 ,  210 ,  14.10 ,  0.05 ,  2.08
24 ,  2 ,  713756 ,  0 ,  210 ,  14.10 ,  0.05 ,  2.08
24 ,  2 ,  713797 ,  0 ,  210 ,  14.10 ,  0.06 ,  2.08
24 ,  2 ,  713838 ,  0 ,  210 ,  13.99 ,  0.05 ,  2.08
24 ,  2 ,  713878 ,  0 ,  210 ,  13.99 ,  0.05 ,  2.08
24 ,  2 ,  713919 ,  0 ,  210 ,  13.88 ,  0.06 ,  2.08
24 ,  2 ,  713960 ,  0 ,  210 ,  13.88 ,  0.06 ,  2.08
24 ,  2 ,  714001 ,  0 ,  210 ,  13.88 ,  0.05 ,  2.08
24 ,  2 ,  714041 ,  0 ,  210 ,  13.77 ,  0.05 ,  2.08
24 ,  2 ,  714085 ,  0 ,  210 ,  13.77 ,  0.05 ,  2.08
24 ,  2 ,  714125 ,  0 ,  210 ,  13.77 ,  0.05 ,  2.08
24 ,  2 ,  714166 ,  0 ,  210 ,  13.66 ,  0.05 ,  2.08
24 ,  2 ,  714207 ,  0 ,  210 ,  13.66 ,  0.06 ,  2.08
24 ,  2 ,  714248 ,  0 ,  210 ,  13.66 ,  0.05 ,  2.08
24 ,  2 ,  714288 ,  0 ,  210 ,  13.55 ,  0.05 ,  1.98
