MS, MPT, t (s), PWMi, PWMe, Pressure (Psi), LW (V), Displacement (mm)
25 ,  4 ,  848697 ,  0 ,  205 ,  13.22 ,  0.05 ,  1.98
25 ,  4 ,  848738 ,  255 ,  0 ,  13.11 ,  0.05 ,  1.98
25 ,  4 ,  848780 ,  255 ,  0 ,  16.19 ,  0.05 ,  2.08
25 ,  4 ,  848821 ,  255 ,  0 ,  32.60 ,  0.08 ,  4.27
25 ,  4 ,  848862 ,  255 ,  0 ,  47.69 ,  0.15 ,  7.84
25 ,  4 ,  848903 ,  255 ,  0 ,  57.93 ,  0.24 ,  11.51
25 ,  4 ,  848945 ,  255 ,  0 ,  64.65 ,  0.34 ,  14.29
25 ,  4 ,  848986 ,  255 ,  0 ,  69.49 ,  0.40 ,  16.27
25 ,  4 ,  849029 ,  255 ,  0 ,  73.13 ,  0.45 ,  17.66
25 ,  4 ,  849071 ,  255 ,  0 ,  75.88 ,  0.47 ,  18.65
25 ,  4 ,  849112 ,  255 ,  0 ,  77.97 ,  0.49 ,  19.45
25 ,  4 ,  849153 ,  255 ,  0 ,  79.96 ,  0.50 ,  20.04
25 ,  4 ,  849193 ,  255 ,  0 ,  81.61 ,  0.50 ,  20.54
25 ,  4 ,  849234 ,  255 ,  0 ,  83.04 ,  0.51 ,  21.03
25 ,  4 ,  849275 ,  255 ,  0 ,  84.47 ,  0.51 ,  21.43
25 ,  4 ,  849316 ,  255 ,  0 ,  85.68 ,  0.52 ,  21.73
25 ,  4 ,  849357 ,  255 ,  0 ,  86.89 ,  0.52 ,  22.13
25 ,  4 ,  849401 ,  255 ,  0 ,  88.00 ,  0.52 ,  22.32
25 ,  4 ,  849442 ,  255 ,  0 ,  89.10 ,  0.52 ,  22.72
25 ,  4 ,  849483 ,  255 ,  0 ,  89.98 ,  0.52 ,  22.92
25 ,  4 ,  849524 ,  255 ,  0 ,  90.97 ,  0.52 ,  23.12
25 ,  4 ,  849565 ,  255 ,  0 ,  91.85 ,  0.52 ,  23.32
25 ,  4 ,  849606 ,  255 ,  0 ,  92.62 ,  0.53 ,  23.51
25 ,  4 ,  849647 ,  255 ,  0 ,  93.39 ,  0.53 ,  23.71
25 ,  4 ,  849688 ,  255 ,  0 ,  94.05 ,  0.52 ,  23.91
25 ,  4 ,  849729 ,  255 ,  0 ,  94.71 ,  0.53 ,  24.01
25 ,  4 ,  849773 ,  255 ,  0 ,  95.26 ,  0.53 ,  24.11
25 ,  4 ,  849814 ,  255 ,  0 ,  95.82 ,  0.53 ,  24.21
25 ,  4 ,  849855 ,  255 ,  0 ,  96.15 ,  0.52 ,  24.31
25 ,  4 ,  849896 ,  255 ,  0 ,  96.48 ,  0.52 ,  24.41
25 ,  4 ,  849937 ,  255 ,  0 ,  96.70 ,  0.52 ,  24.51
25 ,  4 ,  849978 ,  255 ,  0 ,  96.81 ,  0.53 ,  24.51
25 ,  4 ,  850019 ,  255 ,  0 ,  96.92 ,  0.52 ,  24.61
25 ,  4 ,  850061 ,  255 ,  0 ,  97.03 ,  0.53 ,  24.61
25 ,  4 ,  850102 ,  255 ,  0 ,  96.92 ,  0.53 ,  24.71
25 ,  4 ,  850145 ,  255 ,  0 ,  97.03 ,  0.53 ,  24.71
25 ,  4 ,  850186 ,  255 ,  0 ,  97.03 ,  0.53 ,  24.71
25 ,  4 ,  850227 ,  255 ,  0 ,  97.03 ,  0.53 ,  24.80
25 ,  4 ,  850268 ,  255 ,  0 ,  97.03 ,  0.53 ,  24.80
25 ,  4 ,  850309 ,  255 ,  0 ,  97.03 ,  0.53 ,  24.80
25 ,  4 ,  850351 ,  255 ,  0 ,  97.03 ,  0.52 ,  24.80
25 ,  4 ,  850392 ,  255 ,  0 ,  97.03 ,  0.52 ,  24.80
25 ,  4 ,  850433 ,  255 ,  0 ,  97.03 ,  0.53 ,  24.80
25 ,  4 ,  850473 ,  255 ,  0 ,  97.03 ,  0.52 ,  24.80
25 ,  4 ,  850516 ,  255 ,  0 ,  97.03 ,  0.53 ,  24.90
25 ,  4 ,  850557 ,  255 ,  0 ,  97.03 ,  0.53 ,  24.90
25 ,  4 ,  850598 ,  255 ,  0 ,  97.03 ,  0.53 ,  24.90
25 ,  4 ,  850640 ,  255 ,  0 ,  97.03 ,  0.53 ,  24.90
25 ,  4 ,  850681 ,  255 ,  0 ,  97.03 ,  0.53 ,  24.80
25 ,  4 ,  850722 ,  255 ,  0 ,  96.92 ,  0.53 ,  24.90
25 ,  4 ,  850763 ,  255 ,  0 ,  97.03 ,  0.53 ,  24.90
25 ,  4 ,  850804 ,  255 ,  0 ,  97.03 ,  0.53 ,  25.00
25 ,  4 ,  850845 ,  255 ,  0 ,  96.92 ,  0.53 ,  24.90
25 ,  4 ,  850889 ,  255 ,  0 ,  96.92 ,  0.53 ,  24.90
25 ,  4 ,  850930 ,  255 ,  0 ,  96.92 ,  0.52 ,  25.00
25 ,  4 ,  850971 ,  255 ,  0 ,  96.92 ,  0.52 ,  25.00
25 ,  4 ,  851012 ,  255 ,  0 ,  97.03 ,  0.53 ,  25.00
25 ,  4 ,  851053 ,  255 ,  0 ,  96.92 ,  0.53 ,  25.00
25 ,  4 ,  851094 ,  255 ,  0 ,  96.92 ,  0.53 ,  25.00
25 ,  4 ,  851135 ,  255 ,  0 ,  96.92 ,  0.53 ,  25.00
25 ,  4 ,  851176 ,  255 ,  0 ,  96.92 ,  0.53 ,  25.00
25 ,  4 ,  851217 ,  255 ,  0 ,  96.92 ,  0.53 ,  25.00
25 ,  4 ,  851261 ,  255 ,  0 ,  96.92 ,  0.53 ,  25.10
25 ,  4 ,  851302 ,  255 ,  0 ,  96.92 ,  0.53 ,  25.00
25 ,  4 ,  851343 ,  255 ,  0 ,  96.92 ,  0.52 ,  25.00
25 ,  4 ,  851384 ,  255 ,  0 ,  96.92 ,  0.53 ,  25.10
25 ,  4 ,  851425 ,  255 ,  0 ,  96.92 ,  0.52 ,  25.10
25 ,  4 ,  851466 ,  255 ,  0 ,  96.92 ,  0.52 ,  25.10
25 ,  4 ,  851508 ,  255 ,  0 ,  96.92 ,  0.53 ,  25.10
25 ,  4 ,  851549 ,  255 ,  0 ,  96.92 ,  0.53 ,  25.10
25 ,  4 ,  851590 ,  255 ,  0 ,  96.92 ,  0.53 ,  25.10
25 ,  4 ,  851633 ,  255 ,  0 ,  96.92 ,  0.53 ,  25.10
25 ,  4 ,  851674 ,  0 ,  205 ,  96.92 ,  0.52 ,  25.10
25 ,  4 ,  851715 ,  0 ,  205 ,  93.06 ,  0.52 ,  25.00
25 ,  4 ,  851757 ,  0 ,  205 ,  86.67 ,  0.53 ,  24.21
25 ,  4 ,  851798 ,  0 ,  205 ,  81.06 ,  0.52 ,  23.32
25 ,  4 ,  851838 ,  0 ,  205 ,  76.32 ,  0.52 ,  22.42
25 ,  4 ,  851879 ,  0 ,  205 ,  72.47 ,  0.52 ,  21.63
25 ,  4 ,  851920 ,  0 ,  205 ,  69.27 ,  0.51 ,  20.84
25 ,  4 ,  851962 ,  0 ,  205 ,  66.52 ,  0.50 ,  20.14
25 ,  4 ,  852005 ,  0 ,  205 ,  64.10 ,  0.49 ,  19.45
25 ,  4 ,  852046 ,  0 ,  205 ,  62.23 ,  0.48 ,  18.85
25 ,  4 ,  852087 ,  0 ,  205 ,  60.57 ,  0.46 ,  18.26
25 ,  4 ,  852128 ,  0 ,  205 ,  59.03 ,  0.45 ,  17.76
25 ,  4 ,  852170 ,  0 ,  205 ,  57.71 ,  0.43 ,  17.26
25 ,  4 ,  852211 ,  0 ,  205 ,  56.61 ,  0.42 ,  16.87
25 ,  4 ,  852252 ,  0 ,  205 ,  55.62 ,  0.40 ,  16.47
25 ,  4 ,  852293 ,  0 ,  205 ,  54.63 ,  0.38 ,  16.17
25 ,  4 ,  852334 ,  0 ,  205 ,  53.86 ,  0.37 ,  15.78
25 ,  4 ,  852377 ,  0 ,  205 ,  53.09 ,  0.35 ,  15.48
25 ,  4 ,  852418 ,  0 ,  205 ,  52.42 ,  0.34 ,  15.28
25 ,  4 ,  852460 ,  0 ,  205 ,  51.87 ,  0.33 ,  14.98
25 ,  4 ,  852501 ,  0 ,  205 ,  51.32 ,  0.32 ,  14.78
25 ,  4 ,  852542 ,  0 ,  205 ,  50.88 ,  0.31 ,  14.49
25 ,  4 ,  852583 ,  0 ,  205 ,  50.44 ,  0.30 ,  14.29
25 ,  4 ,  852624 ,  0 ,  205 ,  50.00 ,  0.29 ,  14.09
25 ,  4 ,  852665 ,  0 ,  205 ,  49.67 ,  0.28 ,  13.99
25 ,  4 ,  852706 ,  0 ,  205 ,  49.34 ,  0.28 ,  13.79
25 ,  4 ,  852749 ,  0 ,  205 ,  49.01 ,  0.27 ,  13.69
25 ,  4 ,  852791 ,  0 ,  205 ,  48.68 ,  0.27 ,  13.49
25 ,  4 ,  852832 ,  0 ,  205 ,  48.46 ,  0.26 ,  13.39
25 ,  4 ,  852873 ,  0 ,  205 ,  48.13 ,  0.25 ,  13.20
25 ,  4 ,  852914 ,  0 ,  205 ,  47.91 ,  0.25 ,  13.20
25 ,  4 ,  852955 ,  0 ,  205 ,  47.69 ,  0.25 ,  13.00
25 ,  4 ,  852996 ,  0 ,  205 ,  47.47 ,  0.24 ,  12.90
25 ,  4 ,  853037 ,  0 ,  205 ,  47.25 ,  0.24 ,  12.80
25 ,  4 ,  853078 ,  0 ,  205 ,  47.03 ,  0.23 ,  12.70
25 ,  4 ,  853122 ,  0 ,  205 ,  46.92 ,  0.23 ,  12.70
25 ,  4 ,  853163 ,  0 ,  205 ,  46.70 ,  0.22 ,  12.60
25 ,  4 ,  853203 ,  0 ,  205 ,  46.48 ,  0.22 ,  12.50
25 ,  4 ,  853244 ,  0 ,  205 ,  46.37 ,  0.22 ,  12.40
25 ,  4 ,  853285 ,  0 ,  205 ,  46.26 ,  0.22 ,  12.30
25 ,  4 ,  853326 ,  0 ,  205 ,  46.04 ,  0.22 ,  12.30
25 ,  4 ,  853367 ,  0 ,  205 ,  45.93 ,  0.21 ,  12.20
25 ,  4 ,  853408 ,  0 ,  205 ,  45.82 ,  0.21 ,  12.10
25 ,  4 ,  853450 ,  0 ,  205 ,  45.60 ,  0.21 ,  12.10
25 ,  4 ,  853493 ,  0 ,  205 ,  45.49 ,  0.20 ,  12.01
25 ,  4 ,  853534 ,  0 ,  205 ,  45.38 ,  0.21 ,  11.91
25 ,  4 ,  853575 ,  0 ,  205 ,  45.16 ,  0.20 ,  11.91
25 ,  4 ,  853616 ,  0 ,  205 ,  45.05 ,  0.20 ,  11.81
25 ,  4 ,  853657 ,  0 ,  205 ,  44.94 ,  0.20 ,  11.81
25 ,  4 ,  853698 ,  0 ,  205 ,  44.83 ,  0.19 ,  11.71
25 ,  4 ,  853739 ,  0 ,  205 ,  44.72 ,  0.19 ,  11.71
25 ,  4 ,  853781 ,  0 ,  205 ,  44.61 ,  0.19 ,  11.61
25 ,  4 ,  853822 ,  0 ,  205 ,  44.39 ,  0.19 ,  11.51
25 ,  4 ,  853865 ,  0 ,  205 ,  44.39 ,  0.19 ,  11.51
25 ,  4 ,  853906 ,  0 ,  205 ,  44.28 ,  0.19 ,  11.41
25 ,  4 ,  853947 ,  0 ,  205 ,  44.17 ,  0.18 ,  11.41
25 ,  4 ,  853988 ,  0 ,  205 ,  43.95 ,  0.18 ,  11.31
25 ,  4 ,  854030 ,  0 ,  205 ,  43.84 ,  0.18 ,  11.31
25 ,  4 ,  854071 ,  0 ,  205 ,  43.84 ,  0.18 ,  11.21
25 ,  4 ,  854112 ,  0 ,  205 ,  43.72 ,  0.18 ,  11.21
25 ,  4 ,  854153 ,  0 ,  205 ,  43.61 ,  0.18 ,  11.21
25 ,  4 ,  854194 ,  0 ,  205 ,  43.50 ,  0.17 ,  11.11
25 ,  4 ,  854237 ,  0 ,  205 ,  43.39 ,  0.17 ,  11.11
25 ,  4 ,  854278 ,  0 ,  205 ,  43.28 ,  0.17 ,  11.01
25 ,  4 ,  854320 ,  0 ,  205 ,  43.17 ,  0.17 ,  11.01
25 ,  4 ,  854361 ,  0 ,  205 ,  43.06 ,  0.17 ,  10.91
25 ,  4 ,  854402 ,  0 ,  205 ,  42.95 ,  0.16 ,  10.91
25 ,  4 ,  854443 ,  0 ,  205 ,  42.84 ,  0.16 ,  10.81
25 ,  4 ,  854483 ,  0 ,  205 ,  42.73 ,  0.16 ,  10.81
25 ,  4 ,  854524 ,  0 ,  205 ,  42.62 ,  0.16 ,  10.81
25 ,  4 ,  854565 ,  0 ,  205 ,  42.51 ,  0.16 ,  10.72
25 ,  4 ,  854609 ,  0 ,  205 ,  42.51 ,  0.16 ,  10.62
25 ,  4 ,  854650 ,  0 ,  205 ,  42.40 ,  0.16 ,  10.62
25 ,  4 ,  854691 ,  0 ,  205 ,  42.29 ,  0.15 ,  10.62
25 ,  4 ,  854732 ,  0 ,  205 ,  42.18 ,  0.15 ,  10.62
25 ,  4 ,  854773 ,  0 ,  205 ,  42.07 ,  0.15 ,  10.52
25 ,  4 ,  854814 ,  0 ,  205 ,  41.96 ,  0.15 ,  10.52
25 ,  4 ,  854855 ,  0 ,  205 ,  41.85 ,  0.15 ,  10.42
25 ,  4 ,  854896 ,  0 ,  205 ,  41.74 ,  0.15 ,  10.42
25 ,  4 ,  854938 ,  0 ,  205 ,  41.63 ,  0.15 ,  10.32
25 ,  4 ,  854981 ,  0 ,  205 ,  41.52 ,  0.15 ,  10.32
25 ,  4 ,  855022 ,  0 ,  205 ,  41.41 ,  0.15 ,  10.32
25 ,  4 ,  855063 ,  0 ,  205 ,  41.41 ,  0.14 ,  10.22
25 ,  4 ,  855104 ,  0 ,  205 ,  41.30 ,  0.14 ,  10.22
25 ,  4 ,  855145 ,  0 ,  205 ,  41.19 ,  0.14 ,  10.12
25 ,  4 ,  855186 ,  0 ,  205 ,  41.08 ,  0.14 ,  10.12
25 ,  4 ,  855227 ,  0 ,  205 ,  40.97 ,  0.14 ,  10.02
25 ,  4 ,  855269 ,  0 ,  205 ,  40.86 ,  0.14 ,  10.12
25 ,  4 ,  855315 ,  0 ,  205 ,  40.75 ,  0.14 ,  10.02
25 ,  4 ,  855359 ,  0 ,  205 ,  40.64 ,  0.14 ,  9.92
25 ,  4 ,  855400 ,  0 ,  205 ,  40.53 ,  0.13 ,  9.92
25 ,  4 ,  855441 ,  0 ,  205 ,  40.53 ,  0.14 ,  9.92
25 ,  4 ,  855482 ,  0 ,  205 ,  40.42 ,  0.14 ,  9.82
25 ,  4 ,  855523 ,  0 ,  205 ,  40.31 ,  0.13 ,  9.82
25 ,  4 ,  855564 ,  0 ,  205 ,  40.20 ,  0.13 ,  9.72
25 ,  4 ,  855605 ,  0 ,  205 ,  40.09 ,  0.13 ,  9.72
25 ,  4 ,  855646 ,  0 ,  205 ,  39.98 ,  0.13 ,  9.72
25 ,  4 ,  855687 ,  0 ,  205 ,  39.87 ,  0.13 ,  9.62
25 ,  4 ,  855730 ,  0 ,  205 ,  39.76 ,  0.13 ,  9.62
25 ,  4 ,  855771 ,  0 ,  205 ,  39.65 ,  0.13 ,  9.53
25 ,  4 ,  855812 ,  0 ,  205 ,  39.54 ,  0.12 ,  9.53
25 ,  4 ,  855854 ,  0 ,  205 ,  39.54 ,  0.13 ,  9.53
25 ,  4 ,  855895 ,  0 ,  205 ,  39.43 ,  0.12 ,  9.43
25 ,  4 ,  855936 ,  0 ,  205 ,  39.32 ,  0.12 ,  9.43
25 ,  4 ,  855976 ,  0 ,  205 ,  39.21 ,  0.12 ,  9.33
25 ,  4 ,  856017 ,  0 ,  205 ,  39.10 ,  0.12 ,  9.33
25 ,  4 ,  856058 ,  0 ,  205 ,  38.99 ,  0.12 ,  9.33
25 ,  4 ,  856101 ,  0 ,  205 ,  38.88 ,  0.12 ,  9.23
25 ,  4 ,  856142 ,  0 ,  205 ,  38.88 ,  0.12 ,  9.23
25 ,  4 ,  856183 ,  0 ,  205 ,  38.77 ,  0.12 ,  9.23
25 ,  4 ,  856224 ,  0 ,  205 ,  38.66 ,  0.12 ,  9.13
25 ,  4 ,  856265 ,  0 ,  205 ,  38.55 ,  0.12 ,  9.13
25 ,  4 ,  856306 ,  0 ,  205 ,  38.44 ,  0.12 ,  9.03
25 ,  4 ,  856347 ,  0 ,  205 ,  38.33 ,  0.11 ,  9.03
25 ,  4 ,  856388 ,  0 ,  205 ,  38.22 ,  0.12 ,  9.03
25 ,  4 ,  856429 ,  0 ,  205 ,  38.11 ,  0.12 ,  8.93
25 ,  4 ,  856473 ,  0 ,  205 ,  38.11 ,  0.11 ,  8.93
25 ,  4 ,  856514 ,  0 ,  205 ,  38.00 ,  0.11 ,  8.93
25 ,  4 ,  856555 ,  0 ,  205 ,  37.89 ,  0.11 ,  8.83
25 ,  4 ,  856596 ,  0 ,  205 ,  37.78 ,  0.11 ,  8.83
25 ,  4 ,  856637 ,  0 ,  205 ,  37.67 ,  0.11 ,  8.73
25 ,  4 ,  856678 ,  0 ,  205 ,  37.56 ,  0.10 ,  8.73
25 ,  4 ,  856719 ,  0 ,  205 ,  37.56 ,  0.11 ,  8.63
25 ,  4 ,  856760 ,  0 ,  205 ,  37.45 ,  0.11 ,  8.73
25 ,  4 ,  856801 ,  0 ,  205 ,  37.34 ,  0.10 ,  8.63
25 ,  4 ,  856844 ,  0 ,  205 ,  37.23 ,  0.11 ,  8.63
25 ,  4 ,  856886 ,  0 ,  205 ,  37.12 ,  0.10 ,  8.53
25 ,  4 ,  856927 ,  0 ,  205 ,  37.01 ,  0.10 ,  8.53
25 ,  4 ,  856968 ,  0 ,  205 ,  36.90 ,  0.10 ,  8.53
25 ,  4 ,  857009 ,  0 ,  205 ,  36.90 ,  0.10 ,  8.43
25 ,  4 ,  857050 ,  0 ,  205 ,  36.68 ,  0.10 ,  8.43
25 ,  4 ,  857091 ,  0 ,  205 ,  36.68 ,  0.10 ,  8.43
25 ,  4 ,  857132 ,  0 ,  205 ,  36.57 ,  0.10 ,  8.33
25 ,  4 ,  857172 ,  0 ,  205 ,  36.46 ,  0.10 ,  8.33
25 ,  4 ,  857213 ,  0 ,  205 ,  36.35 ,  0.10 ,  8.24
25 ,  4 ,  857256 ,  0 ,  205 ,  36.24 ,  0.10 ,  8.24
25 ,  4 ,  857297 ,  0 ,  205 ,  36.24 ,  0.10 ,  8.24
25 ,  4 ,  857338 ,  0 ,  205 ,  36.13 ,  0.10 ,  8.24
25 ,  4 ,  857379 ,  0 ,  205 ,  36.02 ,  0.10 ,  8.14
25 ,  4 ,  857421 ,  0 ,  205 ,  35.91 ,  0.10 ,  8.14
25 ,  4 ,  857462 ,  0 ,  205 ,  35.80 ,  0.10 ,  8.04
25 ,  4 ,  857503 ,  0 ,  205 ,  35.69 ,  0.10 ,  8.04
25 ,  4 ,  857544 ,  0 ,  205 ,  35.69 ,  0.09 ,  8.04
25 ,  4 ,  857585 ,  0 ,  205 ,  35.58 ,  0.09 ,  7.94
25 ,  4 ,  857628 ,  0 ,  205 ,  35.47 ,  0.09 ,  7.94
25 ,  4 ,  857669 ,  0 ,  205 ,  35.36 ,  0.09 ,  7.94
25 ,  4 ,  857710 ,  0 ,  205 ,  35.36 ,  0.09 ,  7.94
25 ,  4 ,  857751 ,  0 ,  205 ,  35.13 ,  0.09 ,  7.84
25 ,  4 ,  857792 ,  0 ,  205 ,  35.13 ,  0.09 ,  7.84
25 ,  4 ,  857833 ,  0 ,  205 ,  34.91 ,  0.09 ,  7.84
25 ,  4 ,  857874 ,  0 ,  205 ,  34.91 ,  0.09 ,  7.74
25 ,  4 ,  857915 ,  0 ,  205 ,  34.80 ,  0.09 ,  7.74
25 ,  4 ,  857957 ,  0 ,  205 ,  34.80 ,  0.09 ,  7.74
25 ,  4 ,  858000 ,  0 ,  205 ,  34.58 ,  0.09 ,  7.64
25 ,  4 ,  858041 ,  0 ,  205 ,  34.58 ,  0.09 ,  7.64
25 ,  4 ,  858082 ,  0 ,  205 ,  34.47 ,  0.09 ,  7.64
25 ,  4 ,  858123 ,  0 ,  205 ,  34.36 ,  0.09 ,  7.54
25 ,  4 ,  858164 ,  0 ,  205 ,  34.25 ,  0.09 ,  7.54
25 ,  4 ,  858205 ,  0 ,  205 ,  34.25 ,  0.09 ,  7.54
25 ,  4 ,  858246 ,  0 ,  205 ,  34.14 ,  0.09 ,  7.44
25 ,  4 ,  858287 ,  0 ,  205 ,  34.03 ,  0.09 ,  7.44
25 ,  4 ,  858328 ,  0 ,  205 ,  33.92 ,  0.09 ,  7.44
25 ,  4 ,  858371 ,  0 ,  205 ,  33.92 ,  0.09 ,  7.34
25 ,  4 ,  858413 ,  0 ,  205 ,  33.70 ,  0.08 ,  7.34
25 ,  4 ,  858454 ,  0 ,  205 ,  33.59 ,  0.08 ,  7.34
25 ,  4 ,  858494 ,  0 ,  205 ,  33.48 ,  0.09 ,  7.24
25 ,  4 ,  858535 ,  0 ,  205 ,  33.48 ,  0.08 ,  7.24
25 ,  4 ,  858576 ,  0 ,  205 ,  33.37 ,  0.08 ,  7.24
25 ,  4 ,  858617 ,  0 ,  205 ,  33.26 ,  0.08 ,  7.24
25 ,  4 ,  858658 ,  0 ,  205 ,  33.26 ,  0.09 ,  7.14
25 ,  4 ,  858699 ,  0 ,  205 ,  33.15 ,  0.08 ,  7.14
25 ,  4 ,  858742 ,  0 ,  205 ,  33.04 ,  0.08 ,  7.14
25 ,  4 ,  858783 ,  0 ,  205 ,  32.93 ,  0.08 ,  7.04
25 ,  4 ,  858824 ,  0 ,  205 ,  32.82 ,  0.08 ,  7.04
25 ,  4 ,  858865 ,  0 ,  205 ,  32.82 ,  0.08 ,  7.04
25 ,  4 ,  858906 ,  0 ,  205 ,  32.71 ,  0.08 ,  7.04
25 ,  4 ,  858947 ,  0 ,  205 ,  32.60 ,  0.08 ,  6.95
25 ,  4 ,  858989 ,  0 ,  205 ,  32.49 ,  0.08 ,  6.95
25 ,  4 ,  859030 ,  0 ,  205 ,  32.38 ,  0.08 ,  6.95
25 ,  4 ,  859071 ,  0 ,  205 ,  32.38 ,  0.08 ,  6.85
25 ,  4 ,  859114 ,  0 ,  205 ,  32.27 ,  0.08 ,  6.85
25 ,  4 ,  859156 ,  0 ,  205 ,  32.16 ,  0.08 ,  6.85
25 ,  4 ,  859197 ,  0 ,  205 ,  32.05 ,  0.08 ,  6.75
25 ,  4 ,  859238 ,  0 ,  205 ,  31.94 ,  0.08 ,  6.75
25 ,  4 ,  859279 ,  0 ,  205 ,  31.94 ,  0.08 ,  6.75
25 ,  4 ,  859320 ,  0 ,  205 ,  31.83 ,  0.08 ,  6.75
25 ,  4 ,  859361 ,  0 ,  205 ,  31.83 ,  0.07 ,  6.65
25 ,  4 ,  859402 ,  0 ,  205 ,  31.72 ,  0.08 ,  6.65
25 ,  4 ,  859443 ,  0 ,  205 ,  31.61 ,  0.08 ,  6.65
25 ,  4 ,  859486 ,  0 ,  205 ,  31.50 ,  0.08 ,  6.65
25 ,  4 ,  859527 ,  0 ,  205 ,  31.39 ,  0.08 ,  6.55
25 ,  4 ,  859569 ,  0 ,  205 ,  31.28 ,  0.08 ,  6.55
25 ,  4 ,  859610 ,  0 ,  205 ,  31.28 ,  0.07 ,  6.55
25 ,  4 ,  859651 ,  0 ,  205 ,  31.17 ,  0.08 ,  6.45
25 ,  4 ,  859692 ,  0 ,  205 ,  31.06 ,  0.07 ,  6.45
25 ,  4 ,  859732 ,  0 ,  205 ,  31.06 ,  0.07 ,  6.45
25 ,  4 ,  859773 ,  0 ,  205 ,  30.95 ,  0.07 ,  6.35
25 ,  4 ,  859815 ,  0 ,  205 ,  30.84 ,  0.07 ,  6.35
25 ,  4 ,  859856 ,  0 ,  205 ,  30.73 ,  0.07 ,  6.35
25 ,  4 ,  859899 ,  0 ,  205 ,  30.73 ,  0.07 ,  6.35
25 ,  4 ,  859940 ,  0 ,  205 ,  30.62 ,  0.07 ,  6.25
25 ,  4 ,  860001 ,  0 ,  205 ,  30.40 ,  0.07 ,  6.25
25 ,  4 ,  860042 ,  0 ,  205 ,  30.40 ,  0.07 ,  6.15
25 ,  4 ,  860083 ,  0 ,  205 ,  30.29 ,  0.07 ,  6.15
25 ,  4 ,  860124 ,  0 ,  205 ,  30.18 ,  0.07 ,  6.15
25 ,  4 ,  860165 ,  0 ,  205 ,  30.18 ,  0.07 ,  6.15
25 ,  4 ,  860207 ,  0 ,  205 ,  30.07 ,  0.07 ,  6.15
25 ,  4 ,  860248 ,  0 ,  205 ,  29.96 ,  0.07 ,  6.05
25 ,  4 ,  860291 ,  0 ,  205 ,  29.85 ,  0.07 ,  6.05
25 ,  4 ,  860332 ,  0 ,  205 ,  29.74 ,  0.07 ,  6.05
25 ,  4 ,  860372 ,  0 ,  205 ,  29.74 ,  0.07 ,  5.95
25 ,  4 ,  860413 ,  0 ,  205 ,  29.63 ,  0.07 ,  5.95
25 ,  4 ,  860455 ,  0 ,  205 ,  29.52 ,  0.07 ,  5.95
25 ,  4 ,  860496 ,  0 ,  205 ,  29.41 ,  0.07 ,  5.95
25 ,  4 ,  860537 ,  0 ,  205 ,  29.41 ,  0.07 ,  5.95
25 ,  4 ,  860578 ,  0 ,  205 ,  29.30 ,  0.06 ,  5.85
25 ,  4 ,  860619 ,  0 ,  205 ,  29.19 ,  0.07 ,  5.85
25 ,  4 ,  860673 ,  0 ,  205 ,  29.19 ,  0.07 ,  5.85
25 ,  4 ,  860716 ,  0 ,  205 ,  28.97 ,  0.07 ,  5.75
25 ,  4 ,  860759 ,  0 ,  205 ,  28.97 ,  0.07 ,  5.75
25 ,  4 ,  860802 ,  0 ,  205 ,  28.86 ,  0.07 ,  5.75
25 ,  4 ,  860846 ,  0 ,  205 ,  28.75 ,  0.07 ,  5.75
25 ,  4 ,  860889 ,  0 ,  205 ,  28.64 ,  0.07 ,  5.66
25 ,  4 ,  860932 ,  0 ,  205 ,  28.64 ,  0.07 ,  5.66
25 ,  4 ,  860975 ,  0 ,  205 ,  28.53 ,  0.07 ,  5.66
25 ,  4 ,  861019 ,  0 ,  205 ,  28.42 ,  0.07 ,  5.66
25 ,  4 ,  861064 ,  0 ,  205 ,  28.31 ,  0.07 ,  5.56
25 ,  4 ,  861107 ,  0 ,  205 ,  28.31 ,  0.07 ,  5.56
25 ,  4 ,  861150 ,  0 ,  205 ,  28.20 ,  0.06 ,  5.56
25 ,  4 ,  861194 ,  0 ,  205 ,  28.09 ,  0.07 ,  5.56
25 ,  4 ,  861237 ,  0 ,  205 ,  28.09 ,  0.06 ,  5.46
25 ,  4 ,  861280 ,  0 ,  205 ,  27.98 ,  0.07 ,  5.46
25 ,  4 ,  861323 ,  0 ,  205 ,  27.87 ,  0.07 ,  5.46
25 ,  4 ,  861366 ,  0 ,  205 ,  27.76 ,  0.07 ,  5.46
25 ,  4 ,  861409 ,  0 ,  205 ,  27.65 ,  0.07 ,  5.46
25 ,  4 ,  861454 ,  0 ,  205 ,  27.65 ,  0.07 ,  5.36
25 ,  4 ,  861497 ,  0 ,  205 ,  27.54 ,  0.06 ,  5.36
25 ,  4 ,  861540 ,  0 ,  205 ,  27.43 ,  0.07 ,  5.36
25 ,  4 ,  861584 ,  0 ,  205 ,  27.32 ,  0.07 ,  5.36
25 ,  4 ,  861627 ,  0 ,  205 ,  27.32 ,  0.07 ,  5.26
25 ,  4 ,  861670 ,  0 ,  205 ,  27.21 ,  0.06 ,  5.26
25 ,  4 ,  861713 ,  0 ,  205 ,  27.10 ,  0.07 ,  5.26
25 ,  4 ,  861756 ,  0 ,  205 ,  27.10 ,  0.06 ,  5.26
25 ,  4 ,  861799 ,  0 ,  205 ,  26.99 ,  0.06 ,  5.16
25 ,  4 ,  861844 ,  0 ,  205 ,  26.88 ,  0.06 ,  5.16
25 ,  4 ,  861887 ,  0 ,  205 ,  26.88 ,  0.06 ,  5.16
25 ,  4 ,  861931 ,  0 ,  205 ,  26.66 ,  0.06 ,  5.16
25 ,  4 ,  861974 ,  0 ,  205 ,  26.55 ,  0.06 ,  5.06
25 ,  4 ,  862017 ,  0 ,  205 ,  26.55 ,  0.06 ,  5.06
25 ,  4 ,  862060 ,  0 ,  205 ,  26.55 ,  0.07 ,  5.06
25 ,  4 ,  862103 ,  0 ,  205 ,  26.43 ,  0.06 ,  5.06
25 ,  4 ,  862146 ,  0 ,  205 ,  26.32 ,  0.06 ,  5.06
25 ,  4 ,  862189 ,  0 ,  205 ,  26.32 ,  0.06 ,  4.96
25 ,  4 ,  862234 ,  0 ,  205 ,  26.21 ,  0.06 ,  4.96
25 ,  4 ,  862278 ,  0 ,  205 ,  26.10 ,  0.06 ,  4.96
25 ,  4 ,  862321 ,  0 ,  205 ,  25.99 ,  0.06 ,  4.96
25 ,  4 ,  862364 ,  0 ,  205 ,  25.88 ,  0.06 ,  4.86
25 ,  4 ,  862407 ,  0 ,  205 ,  25.88 ,  0.06 ,  4.86
25 ,  4 ,  862450 ,  0 ,  205 ,  25.77 ,  0.07 ,  4.86
25 ,  4 ,  862493 ,  0 ,  205 ,  25.66 ,  0.06 ,  4.86
25 ,  4 ,  862536 ,  0 ,  205 ,  25.66 ,  0.06 ,  4.86
25 ,  4 ,  862579 ,  0 ,  205 ,  25.55 ,  0.06 ,  4.86
25 ,  4 ,  862622 ,  0 ,  205 ,  25.44 ,  0.06 ,  4.76
25 ,  4 ,  862668 ,  0 ,  205 ,  25.33 ,  0.06 ,  4.76
25 ,  4 ,  862711 ,  0 ,  205 ,  25.22 ,  0.06 ,  4.76
25 ,  4 ,  862754 ,  0 ,  205 ,  25.22 ,  0.06 ,  4.76
25 ,  4 ,  862797 ,  0 ,  205 ,  25.11 ,  0.06 ,  4.66
25 ,  4 ,  862840 ,  0 ,  205 ,  25.11 ,  0.06 ,  4.66
25 ,  4 ,  862883 ,  0 ,  205 ,  25.00 ,  0.06 ,  4.66
25 ,  4 ,  862926 ,  0 ,  205 ,  24.89 ,  0.06 ,  4.66
25 ,  4 ,  862969 ,  0 ,  205 ,  24.78 ,  0.06 ,  4.66
25 ,  4 ,  863012 ,  0 ,  205 ,  24.78 ,  0.06 ,  4.56
25 ,  4 ,  863058 ,  0 ,  205 ,  24.67 ,  0.06 ,  4.56
25 ,  4 ,  863101 ,  0 ,  205 ,  24.67 ,  0.06 ,  4.56
25 ,  4 ,  863144 ,  0 ,  205 ,  24.56 ,  0.06 ,  4.56
25 ,  4 ,  863187 ,  0 ,  205 ,  24.45 ,  0.06 ,  4.56
25 ,  4 ,  863230 ,  0 ,  205 ,  24.45 ,  0.06 ,  4.46
25 ,  4 ,  863273 ,  0 ,  205 ,  24.34 ,  0.06 ,  4.46
25 ,  4 ,  863316 ,  0 ,  205 ,  24.23 ,  0.06 ,  4.46
25 ,  4 ,  863360 ,  0 ,  205 ,  24.23 ,  0.06 ,  4.46
25 ,  4 ,  863403 ,  0 ,  205 ,  24.12 ,  0.06 ,  4.46
25 ,  4 ,  863449 ,  0 ,  205 ,  24.12 ,  0.06 ,  4.37
25 ,  4 ,  863492 ,  0 ,  205 ,  24.01 ,  0.06 ,  4.37
25 ,  4 ,  863535 ,  0 ,  205 ,  23.90 ,  0.06 ,  4.37
25 ,  4 ,  863578 ,  0 ,  205 ,  23.79 ,  0.06 ,  4.37
25 ,  4 ,  863621 ,  0 ,  205 ,  23.79 ,  0.06 ,  4.37
25 ,  4 ,  863664 ,  0 ,  205 ,  23.68 ,  0.06 ,  4.37
25 ,  4 ,  863707 ,  0 ,  205 ,  23.57 ,  0.05 ,  4.27
25 ,  4 ,  863750 ,  0 ,  205 ,  23.57 ,  0.06 ,  4.27
25 ,  4 ,  863793 ,  0 ,  205 ,  23.46 ,  0.06 ,  4.27
25 ,  4 ,  863839 ,  0 ,  205 ,  23.46 ,  0.06 ,  4.27
25 ,  4 ,  863882 ,  0 ,  205 ,  23.35 ,  0.06 ,  4.17
25 ,  4 ,  863925 ,  0 ,  205 ,  23.24 ,  0.06 ,  4.27
25 ,  4 ,  863969 ,  0 ,  205 ,  23.24 ,  0.06 ,  4.17
25 ,  4 ,  864012 ,  0 ,  205 ,  23.13 ,  0.06 ,  4.17
25 ,  4 ,  864055 ,  0 ,  205 ,  23.13 ,  0.06 ,  4.17
25 ,  4 ,  864098 ,  0 ,  205 ,  23.02 ,  0.06 ,  4.17
25 ,  4 ,  864141 ,  0 ,  205 ,  22.91 ,  0.06 ,  4.07
25 ,  4 ,  864184 ,  0 ,  205 ,  22.91 ,  0.06 ,  4.07
25 ,  4 ,  864229 ,  0 ,  205 ,  22.80 ,  0.06 ,  4.07
25 ,  4 ,  864272 ,  0 ,  205 ,  22.69 ,  0.05 ,  4.07
25 ,  4 ,  864316 ,  0 ,  205 ,  22.58 ,  0.06 ,  4.07
25 ,  4 ,  864359 ,  0 ,  205 ,  22.58 ,  0.05 ,  3.97
25 ,  4 ,  864402 ,  0 ,  205 ,  22.47 ,  0.06 ,  3.97
25 ,  4 ,  864445 ,  0 ,  205 ,  22.47 ,  0.06 ,  3.97
25 ,  4 ,  864488 ,  0 ,  205 ,  22.36 ,  0.06 ,  3.97
25 ,  4 ,  864531 ,  0 ,  205 ,  22.36 ,  0.06 ,  3.97
25 ,  4 ,  864574 ,  0 ,  205 ,  22.25 ,  0.06 ,  3.97
25 ,  4 ,  864620 ,  0 ,  205 ,  22.14 ,  0.06 ,  3.87
25 ,  4 ,  864663 ,  0 ,  205 ,  22.14 ,  0.06 ,  3.97
25 ,  4 ,  864706 ,  0 ,  205 ,  21.92 ,  0.05 ,  3.87
25 ,  4 ,  864749 ,  0 ,  205 ,  21.92 ,  0.06 ,  3.87
25 ,  4 ,  864792 ,  0 ,  205 ,  21.92 ,  0.06 ,  3.87
25 ,  4 ,  864835 ,  0 ,  205 ,  21.92 ,  0.06 ,  3.87
25 ,  4 ,  864878 ,  0 ,  205 ,  21.70 ,  0.06 ,  3.87
25 ,  4 ,  864921 ,  0 ,  205 ,  21.70 ,  0.06 ,  3.87
25 ,  4 ,  864964 ,  0 ,  205 ,  21.59 ,  0.05 ,  3.77
25 ,  4 ,  865010 ,  0 ,  205 ,  21.59 ,  0.06 ,  3.77
25 ,  4 ,  865053 ,  0 ,  205 ,  21.48 ,  0.06 ,  3.77
25 ,  4 ,  865096 ,  0 ,  205 ,  21.48 ,  0.06 ,  3.77
25 ,  4 ,  865139 ,  0 ,  205 ,  21.37 ,  0.06 ,  3.77
25 ,  4 ,  865182 ,  0 ,  205 ,  21.26 ,  0.06 ,  3.77
25 ,  4 ,  865225 ,  0 ,  205 ,  21.26 ,  0.06 ,  3.77
25 ,  4 ,  865268 ,  0 ,  205 ,  21.15 ,  0.06 ,  3.67
25 ,  4 ,  865311 ,  0 ,  205 ,  21.15 ,  0.06 ,  3.67
25 ,  4 ,  865354 ,  0 ,  205 ,  21.04 ,  0.06 ,  3.67
25 ,  4 ,  865398 ,  0 ,  205 ,  21.04 ,  0.05 ,  3.67
25 ,  4 ,  865443 ,  0 ,  205 ,  20.93 ,  0.05 ,  3.67
25 ,  4 ,  865486 ,  0 ,  205 ,  20.82 ,  0.06 ,  3.57
25 ,  4 ,  865529 ,  0 ,  205 ,  20.82 ,  0.06 ,  3.57
25 ,  4 ,  865572 ,  0 ,  205 ,  20.71 ,  0.06 ,  3.57
25 ,  4 ,  865615 ,  0 ,  205 ,  20.60 ,  0.05 ,  3.57
25 ,  4 ,  865658 ,  0 ,  205 ,  20.60 ,  0.06 ,  3.57
25 ,  4 ,  865701 ,  0 ,  205 ,  20.49 ,  0.06 ,  3.57
25 ,  4 ,  865745 ,  0 ,  205 ,  20.49 ,  0.05 ,  3.57
25 ,  4 ,  865788 ,  0 ,  205 ,  20.38 ,  0.06 ,  3.57
25 ,  4 ,  865833 ,  0 ,  205 ,  20.38 ,  0.05 ,  3.47
25 ,  4 ,  865876 ,  0 ,  205 ,  20.27 ,  0.05 ,  3.47
25 ,  4 ,  865920 ,  0 ,  205 ,  20.16 ,  0.06 ,  3.47
25 ,  4 ,  865963 ,  0 ,  205 ,  20.16 ,  0.06 ,  3.47
25 ,  4 ,  866006 ,  0 ,  205 ,  20.16 ,  0.06 ,  3.47
25 ,  4 ,  866050 ,  0 ,  205 ,  20.05 ,  0.05 ,  3.47
25 ,  4 ,  866093 ,  0 ,  205 ,  20.05 ,  0.06 ,  3.47
25 ,  4 ,  866136 ,  0 ,  205 ,  19.94 ,  0.05 ,  3.37
25 ,  4 ,  866179 ,  0 ,  205 ,  19.83 ,  0.05 ,  3.37
25 ,  4 ,  866224 ,  0 ,  205 ,  19.72 ,  0.05 ,  3.37
25 ,  4 ,  866267 ,  0 ,  205 ,  19.72 ,  0.05 ,  3.37
25 ,  4 ,  866310 ,  0 ,  205 ,  19.72 ,  0.06 ,  3.37
25 ,  4 ,  866353 ,  0 ,  205 ,  19.61 ,  0.06 ,  3.37
25 ,  4 ,  866397 ,  0 ,  205 ,  19.61 ,  0.05 ,  3.27
25 ,  4 ,  866440 ,  0 ,  205 ,  19.50 ,  0.05 ,  3.27
25 ,  4 ,  866483 ,  0 ,  205 ,  19.50 ,  0.06 ,  3.27
25 ,  4 ,  866526 ,  0 ,  205 ,  19.39 ,  0.05 ,  3.27
25 ,  4 ,  866569 ,  0 ,  205 ,  19.28 ,  0.05 ,  3.27
25 ,  4 ,  866614 ,  0 ,  205 ,  19.17 ,  0.06 ,  3.27
25 ,  4 ,  866657 ,  0 ,  205 ,  19.17 ,  0.05 ,  3.27
25 ,  4 ,  866700 ,  0 ,  205 ,  19.17 ,  0.05 ,  3.27
25 ,  4 ,  866743 ,  0 ,  205 ,  19.06 ,  0.06 ,  3.18
25 ,  4 ,  866787 ,  0 ,  205 ,  18.95 ,  0.05 ,  3.18
25 ,  4 ,  866830 ,  0 ,  205 ,  18.95 ,  0.05 ,  3.18
25 ,  4 ,  866873 ,  0 ,  205 ,  18.84 ,  0.05 ,  3.18
25 ,  4 ,  866916 ,  0 ,  205 ,  18.84 ,  0.05 ,  3.18
25 ,  4 ,  866959 ,  0 ,  205 ,  18.84 ,  0.05 ,  3.18
25 ,  4 ,  867004 ,  0 ,  205 ,  18.73 ,  0.06 ,  3.08
25 ,  4 ,  867047 ,  0 ,  205 ,  18.73 ,  0.05 ,  3.08
25 ,  4 ,  867090 ,  0 ,  205 ,  18.62 ,  0.05 ,  3.08
25 ,  4 ,  867134 ,  0 ,  205 ,  18.51 ,  0.05 ,  3.08
25 ,  4 ,  867177 ,  0 ,  205 ,  18.51 ,  0.05 ,  3.08
25 ,  4 ,  867220 ,  0 ,  205 ,  18.51 ,  0.05 ,  3.08
25 ,  4 ,  867263 ,  0 ,  205 ,  18.40 ,  0.05 ,  3.08
25 ,  4 ,  867306 ,  0 ,  205 ,  18.29 ,  0.06 ,  3.08
25 ,  4 ,  867349 ,  0 ,  205 ,  18.29 ,  0.05 ,  2.98
25 ,  4 ,  867394 ,  0 ,  205 ,  18.18 ,  0.05 ,  2.98
25 ,  4 ,  867437 ,  0 ,  205 ,  18.18 ,  0.05 ,  2.98
25 ,  4 ,  867481 ,  0 ,  205 ,  18.18 ,  0.05 ,  2.98
25 ,  4 ,  867524 ,  0 ,  205 ,  18.07 ,  0.05 ,  2.98
25 ,  4 ,  867567 ,  0 ,  205 ,  17.96 ,  0.05 ,  2.98
25 ,  4 ,  867610 ,  0 ,  205 ,  17.96 ,  0.06 ,  2.98
25 ,  4 ,  867653 ,  0 ,  205 ,  17.85 ,  0.06 ,  2.98
25 ,  4 ,  867696 ,  0 ,  205 ,  17.85 ,  0.05 ,  2.98
25 ,  4 ,  867739 ,  0 ,  205 ,  17.85 ,  0.05 ,  2.98
25 ,  4 ,  867785 ,  0 ,  205 ,  17.73 ,  0.05 ,  2.88
25 ,  4 ,  867828 ,  0 ,  205 ,  17.62 ,  0.05 ,  2.88
25 ,  4 ,  867871 ,  0 ,  205 ,  17.62 ,  0.05 ,  2.88
25 ,  4 ,  867915 ,  0 ,  205 ,  17.62 ,  0.05 ,  2.88
25 ,  4 ,  867958 ,  0 ,  205 ,  17.51 ,  0.06 ,  2.88
25 ,  4 ,  868001 ,  0 ,  205 ,  17.51 ,  0.05 ,  2.88
25 ,  4 ,  868050 ,  0 ,  205 ,  17.40 ,  0.05 ,  2.88
25 ,  4 ,  868093 ,  0 ,  205 ,  17.40 ,  0.05 ,  2.78
25 ,  4 ,  868136 ,  0 ,  205 ,  17.29 ,  0.05 ,  2.78
25 ,  4 ,  868179 ,  0 ,  205 ,  17.29 ,  0.06 ,  2.78
25 ,  4 ,  868225 ,  0 ,  205 ,  17.18 ,  0.05 ,  2.78
25 ,  4 ,  868269 ,  0 ,  205 ,  17.18 ,  0.05 ,  2.78
25 ,  4 ,  868312 ,  0 ,  205 ,  17.07 ,  0.05 ,  2.78
25 ,  4 ,  868355 ,  0 ,  205 ,  17.07 ,  0.05 ,  2.78
25 ,  4 ,  868398 ,  0 ,  205 ,  17.07 ,  0.06 ,  2.78
25 ,  4 ,  868441 ,  0 ,  205 ,  16.96 ,  0.05 ,  2.78
25 ,  4 ,  868484 ,  0 ,  205 ,  16.85 ,  0.05 ,  2.78
25 ,  4 ,  868527 ,  0 ,  205 ,  16.85 ,  0.06 ,  2.78
25 ,  4 ,  868570 ,  0 ,  205 ,  16.85 ,  0.05 ,  2.68
25 ,  4 ,  868615 ,  0 ,  205 ,  16.74 ,  0.06 ,  2.68
25 ,  4 ,  868659 ,  0 ,  205 ,  16.63 ,  0.05 ,  2.68
25 ,  4 ,  868702 ,  0 ,  205 ,  16.63 ,  0.05 ,  2.68
25 ,  4 ,  868745 ,  0 ,  205 ,  16.52 ,  0.05 ,  2.58
25 ,  4 ,  868788 ,  0 ,  205 ,  16.52 ,  0.06 ,  2.68
25 ,  4 ,  868831 ,  0 ,  205 ,  16.52 ,  0.05 ,  2.68
25 ,  4 ,  868874 ,  0 ,  205 ,  16.41 ,  0.05 ,  2.58
25 ,  4 ,  868917 ,  0 ,  205 ,  16.41 ,  0.05 ,  2.68
25 ,  4 ,  868960 ,  0 ,  205 ,  16.41 ,  0.06 ,  2.58
25 ,  4 ,  869006 ,  0 ,  205 ,  16.30 ,  0.05 ,  2.58
25 ,  4 ,  869049 ,  0 ,  205 ,  16.19 ,  0.05 ,  2.58
25 ,  4 ,  869092 ,  0 ,  205 ,  16.19 ,  0.05 ,  2.58
25 ,  4 ,  869135 ,  0 ,  205 ,  16.19 ,  0.05 ,  2.58
25 ,  4 ,  869178 ,  0 ,  205 ,  16.08 ,  0.05 ,  2.58
25 ,  4 ,  869221 ,  0 ,  205 ,  16.08 ,  0.05 ,  2.58
25 ,  4 ,  869264 ,  0 ,  205 ,  15.97 ,  0.06 ,  2.58
25 ,  4 ,  869307 ,  0 ,  205 ,  15.97 ,  0.05 ,  2.58
25 ,  4 ,  869350 ,  0 ,  205 ,  15.86 ,  0.06 ,  2.58
25 ,  4 ,  869396 ,  0 ,  205 ,  15.86 ,  0.05 ,  2.58
25 ,  4 ,  869439 ,  0 ,  205 ,  15.75 ,  0.05 ,  2.48
25 ,  4 ,  869482 ,  0 ,  205 ,  15.75 ,  0.06 ,  2.48
25 ,  4 ,  869525 ,  0 ,  205 ,  15.75 ,  0.05 ,  2.48
25 ,  4 ,  869568 ,  0 ,  205 ,  15.64 ,  0.05 ,  2.48
25 ,  4 ,  869611 ,  0 ,  205 ,  15.64 ,  0.05 ,  2.48
25 ,  4 ,  869654 ,  0 ,  205 ,  15.53 ,  0.05 ,  2.48
25 ,  4 ,  869697 ,  0 ,  205 ,  15.53 ,  0.05 ,  2.48
25 ,  4 ,  869740 ,  0 ,  205 ,  15.42 ,  0.05 ,  2.48
25 ,  4 ,  869785 ,  0 ,  205 ,  15.42 ,  0.05 ,  2.48
25 ,  4 ,  869829 ,  0 ,  205 ,  15.42 ,  0.05 ,  2.48
25 ,  4 ,  869872 ,  0 ,  205 ,  15.31 ,  0.05 ,  2.38
25 ,  4 ,  869915 ,  0 ,  205 ,  15.31 ,  0.05 ,  2.38
25 ,  4 ,  869958 ,  0 ,  205 ,  15.31 ,  0.05 ,  2.38
25 ,  4 ,  870001 ,  0 ,  205 ,  15.20 ,  0.05 ,  2.38
25 ,  4 ,  870044 ,  0 ,  205 ,  15.20 ,  0.05 ,  2.38
25 ,  4 ,  870087 ,  0 ,  205 ,  15.09 ,  0.05 ,  2.38
25 ,  4 ,  870130 ,  0 ,  205 ,  15.09 ,  0.05 ,  2.38
25 ,  4 ,  870175 ,  0 ,  205 ,  15.09 ,  0.05 ,  2.38
25 ,  4 ,  870219 ,  0 ,  205 ,  14.98 ,  0.05 ,  2.38
25 ,  4 ,  870262 ,  0 ,  205 ,  14.87 ,  0.05 ,  2.38
25 ,  4 ,  870305 ,  0 ,  205 ,  14.87 ,  0.05 ,  2.38
25 ,  4 ,  870348 ,  0 ,  205 ,  14.87 ,  0.05 ,  2.38
25 ,  4 ,  870391 ,  0 ,  205 ,  14.76 ,  0.05 ,  2.28
25 ,  4 ,  870434 ,  0 ,  205 ,  14.76 ,  0.06 ,  2.28
25 ,  4 ,  870477 ,  0 ,  205 ,  14.76 ,  0.05 ,  2.28
25 ,  4 ,  870520 ,  0 ,  205 ,  14.65 ,  0.05 ,  2.28
25 ,  4 ,  870565 ,  0 ,  205 ,  14.65 ,  0.05 ,  2.28
25 ,  4 ,  870609 ,  0 ,  205 ,  14.65 ,  0.05 ,  2.28
25 ,  4 ,  870652 ,  0 ,  205 ,  14.54 ,  0.05 ,  2.28
25 ,  4 ,  870695 ,  0 ,  205 ,  14.54 ,  0.05 ,  2.28
25 ,  4 ,  870738 ,  0 ,  205 ,  14.43 ,  0.05 ,  2.28
25 ,  4 ,  870781 ,  0 ,  205 ,  14.43 ,  0.05 ,  2.28
25 ,  4 ,  870824 ,  0 ,  205 ,  14.32 ,  0.05 ,  2.28
25 ,  4 ,  870867 ,  0 ,  205 ,  14.32 ,  0.05 ,  2.28
25 ,  4 ,  870910 ,  0 ,  205 ,  14.32 ,  0.05 ,  2.18
25 ,  4 ,  870953 ,  0 ,  205 ,  14.32 ,  0.05 ,  2.18
25 ,  4 ,  871000 ,  0 ,  205 ,  14.21 ,  0.05 ,  2.18
25 ,  4 ,  871043 ,  0 ,  205 ,  14.21 ,  0.05 ,  2.18
25 ,  4 ,  871086 ,  0 ,  205 ,  14.21 ,  0.05 ,  2.18
25 ,  4 ,  871129 ,  0 ,  205 ,  14.10 ,  0.05 ,  2.18
25 ,  4 ,  871172 ,  0 ,  205 ,  14.10 ,  0.05 ,  2.18
25 ,  4 ,  871215 ,  0 ,  205 ,  14.10 ,  0.05 ,  2.18
25 ,  4 ,  871258 ,  0 ,  205 ,  13.99 ,  0.05 ,  2.18
25 ,  4 ,  871301 ,  0 ,  205 ,  13.99 ,  0.05 ,  2.18
25 ,  4 ,  871344 ,  0 ,  205 ,  13.99 ,  0.05 ,  2.18
25 ,  4 ,  871390 ,  0 ,  205 ,  13.88 ,  0.05 ,  2.18
25 ,  4 ,  871433 ,  0 ,  205 ,  13.88 ,  0.05 ,  2.18
25 ,  4 ,  871476 ,  0 ,  205 ,  13.77 ,  0.05 ,  2.18
25 ,  4 ,  871519 ,  0 ,  205 ,  13.77 ,  0.05 ,  2.08
25 ,  4 ,  871562 ,  0 ,  205 ,  13.66 ,  0.05 ,  2.08
25 ,  4 ,  871605 ,  0 ,  205 ,  13.66 ,  0.05 ,  2.08
25 ,  4 ,  871648 ,  0 ,  205 ,  13.66 ,  0.05 ,  2.08
25 ,  4 ,  871691 ,  0 ,  205 ,  13.66 ,  0.05 ,  2.08
25 ,  4 ,  871734 ,  0 ,  205 ,  13.55 ,  0.05 ,  2.08
25 ,  4 ,  871780 ,  0 ,  205 ,  13.55 ,  0.05 ,  2.08
25 ,  4 ,  871823 ,  0 ,  205 ,  13.44 ,  0.05 ,  2.08
25 ,  4 ,  871866 ,  0 ,  205 ,  13.44 ,  0.05 ,  2.08
25 ,  4 ,  871909 ,  0 ,  205 ,  13.44 ,  0.05 ,  2.08
25 ,  4 ,  871952 ,  0 ,  205 ,  13.33 ,  0.05 ,  2.08
25 ,  4 ,  871996 ,  0 ,  205 ,  13.33 ,  0.05 ,  2.08
25 ,  4 ,  872039 ,  0 ,  205 ,  13.22 ,  0.06 ,  2.08
25 ,  4 ,  872082 ,  0 ,  205 ,  13.22 ,  0.05 ,  2.08
25 ,  4 ,  872125 ,  0 ,  205 ,  13.22 ,  0.05 ,  1.98
