MS, MPT, t (s), PWMi, PWMe, Pressure (Psi), LW (V), Displacement (mm)
25 ,  3 ,  825220 ,  0 ,  205 ,  13.33 ,  0.05 ,  1.98
25 ,  3 ,  825259 ,  255 ,  0 ,  13.22 ,  0.05 ,  1.98
25 ,  3 ,  825297 ,  255 ,  0 ,  15.86 ,  0.05 ,  1.98
25 ,  3 ,  825336 ,  255 ,  0 ,  30.84 ,  0.07 ,  3.87
25 ,  3 ,  825375 ,  255 ,  0 ,  45.82 ,  0.14 ,  7.24
25 ,  3 ,  825415 ,  255 ,  0 ,  56.17 ,  0.22 ,  10.81
25 ,  3 ,  825454 ,  255 ,  0 ,  63.22 ,  0.31 ,  13.69
25 ,  3 ,  825493 ,  255 ,  0 ,  68.17 ,  0.38 ,  15.78
25 ,  3 ,  825535 ,  255 ,  0 ,  72.03 ,  0.43 ,  17.26
25 ,  3 ,  825574 ,  255 ,  0 ,  74.78 ,  0.47 ,  18.26
25 ,  3 ,  825613 ,  255 ,  0 ,  77.09 ,  0.48 ,  19.15
25 ,  3 ,  825652 ,  255 ,  0 ,  78.97 ,  0.49 ,  19.74
25 ,  3 ,  825691 ,  255 ,  0 ,  80.62 ,  0.50 ,  20.24
25 ,  3 ,  825730 ,  255 ,  0 ,  82.16 ,  0.51 ,  20.74
25 ,  3 ,  825768 ,  255 ,  0 ,  83.48 ,  0.51 ,  21.13
25 ,  3 ,  825807 ,  255 ,  0 ,  84.80 ,  0.52 ,  21.53
25 ,  3 ,  825846 ,  255 ,  0 ,  85.90 ,  0.52 ,  21.83
25 ,  3 ,  825887 ,  255 ,  0 ,  87.12 ,  0.52 ,  22.13
25 ,  3 ,  825926 ,  255 ,  0 ,  88.22 ,  0.52 ,  22.42
25 ,  3 ,  825965 ,  255 ,  0 ,  89.21 ,  0.52 ,  22.72
25 ,  3 ,  826004 ,  255 ,  0 ,  90.09 ,  0.52 ,  22.92
25 ,  3 ,  826043 ,  255 ,  0 ,  90.97 ,  0.52 ,  23.12
25 ,  3 ,  826082 ,  255 ,  0 ,  91.74 ,  0.52 ,  23.32
25 ,  3 ,  826122 ,  255 ,  0 ,  92.51 ,  0.52 ,  23.51
25 ,  3 ,  826161 ,  255 ,  0 ,  93.28 ,  0.53 ,  23.71
25 ,  3 ,  826200 ,  255 ,  0 ,  93.94 ,  0.53 ,  23.81
25 ,  3 ,  826242 ,  255 ,  0 ,  94.60 ,  0.53 ,  24.01
25 ,  3 ,  826280 ,  255 ,  0 ,  95.15 ,  0.52 ,  24.11
25 ,  3 ,  826319 ,  255 ,  0 ,  95.59 ,  0.53 ,  24.21
25 ,  3 ,  826358 ,  255 ,  0 ,  96.04 ,  0.52 ,  24.31
25 ,  3 ,  826397 ,  255 ,  0 ,  96.37 ,  0.53 ,  24.41
25 ,  3 ,  826436 ,  255 ,  0 ,  96.59 ,  0.53 ,  24.51
25 ,  3 ,  826475 ,  255 ,  0 ,  96.70 ,  0.53 ,  24.51
25 ,  3 ,  826514 ,  255 ,  0 ,  96.81 ,  0.53 ,  24.61
25 ,  3 ,  826553 ,  255 ,  0 ,  96.92 ,  0.52 ,  24.61
25 ,  3 ,  826594 ,  255 ,  0 ,  97.03 ,  0.52 ,  24.61
25 ,  3 ,  826633 ,  255 ,  0 ,  97.03 ,  0.53 ,  24.71
25 ,  3 ,  826672 ,  255 ,  0 ,  97.03 ,  0.53 ,  24.71
25 ,  3 ,  826711 ,  255 ,  0 ,  97.03 ,  0.53 ,  24.71
25 ,  3 ,  826749 ,  255 ,  0 ,  97.03 ,  0.53 ,  24.71
25 ,  3 ,  826788 ,  255 ,  0 ,  97.03 ,  0.53 ,  24.71
25 ,  3 ,  826827 ,  255 ,  0 ,  97.03 ,  0.53 ,  24.80
25 ,  3 ,  826866 ,  255 ,  0 ,  97.03 ,  0.53 ,  24.80
25 ,  3 ,  826906 ,  255 ,  0 ,  97.03 ,  0.53 ,  24.80
25 ,  3 ,  826947 ,  255 ,  0 ,  97.03 ,  0.53 ,  24.80
25 ,  3 ,  826986 ,  255 ,  0 ,  97.03 ,  0.52 ,  24.80
25 ,  3 ,  827025 ,  255 ,  0 ,  97.03 ,  0.52 ,  24.90
25 ,  3 ,  827064 ,  255 ,  0 ,  96.92 ,  0.53 ,  24.90
25 ,  3 ,  827103 ,  255 ,  0 ,  97.03 ,  0.53 ,  24.90
25 ,  3 ,  827142 ,  255 ,  0 ,  97.03 ,  0.53 ,  24.90
25 ,  3 ,  827181 ,  255 ,  0 ,  97.03 ,  0.53 ,  24.90
25 ,  3 ,  827219 ,  255 ,  0 ,  97.03 ,  0.53 ,  24.90
25 ,  3 ,  827258 ,  255 ,  0 ,  97.03 ,  0.52 ,  24.90
25 ,  3 ,  827299 ,  255 ,  0 ,  96.92 ,  0.53 ,  24.90
25 ,  3 ,  827338 ,  255 ,  0 ,  96.92 ,  0.53 ,  24.90
25 ,  3 ,  827377 ,  255 ,  0 ,  97.03 ,  0.52 ,  25.00
25 ,  3 ,  827416 ,  255 ,  0 ,  97.03 ,  0.53 ,  25.00
25 ,  3 ,  827455 ,  255 ,  0 ,  96.92 ,  0.53 ,  25.00
25 ,  3 ,  827495 ,  255 ,  0 ,  96.92 ,  0.53 ,  25.00
25 ,  3 ,  827534 ,  255 ,  0 ,  96.92 ,  0.52 ,  25.00
25 ,  3 ,  827573 ,  255 ,  0 ,  96.92 ,  0.52 ,  25.00
25 ,  3 ,  827612 ,  255 ,  0 ,  96.92 ,  0.52 ,  25.00
25 ,  3 ,  827653 ,  255 ,  0 ,  96.92 ,  0.53 ,  25.00
25 ,  3 ,  827692 ,  255 ,  0 ,  96.92 ,  0.53 ,  25.00
25 ,  3 ,  827730 ,  255 ,  0 ,  96.92 ,  0.53 ,  25.00
25 ,  3 ,  827769 ,  255 ,  0 ,  96.92 ,  0.53 ,  25.00
25 ,  3 ,  827808 ,  255 ,  0 ,  96.92 ,  0.52 ,  25.10
25 ,  3 ,  827847 ,  255 ,  0 ,  96.92 ,  0.53 ,  25.00
25 ,  3 ,  827886 ,  255 ,  0 ,  96.92 ,  0.53 ,  25.10
25 ,  3 ,  827925 ,  255 ,  0 ,  96.92 ,  0.53 ,  25.10
25 ,  3 ,  827964 ,  255 ,  0 ,  96.92 ,  0.53 ,  25.10
25 ,  3 ,  828005 ,  255 ,  0 ,  96.92 ,  0.53 ,  25.10
25 ,  3 ,  828044 ,  255 ,  0 ,  96.92 ,  0.53 ,  25.10
25 ,  3 ,  828084 ,  255 ,  0 ,  96.92 ,  0.52 ,  25.10
25 ,  3 ,  828123 ,  255 ,  0 ,  96.92 ,  0.53 ,  25.10
25 ,  3 ,  828162 ,  255 ,  0 ,  96.92 ,  0.53 ,  25.10
25 ,  3 ,  828200 ,  0 ,  205 ,  96.81 ,  0.52 ,  25.10
25 ,  3 ,  828239 ,  0 ,  205 ,  93.28 ,  0.53 ,  25.00
25 ,  3 ,  828278 ,  0 ,  205 ,  87.34 ,  0.53 ,  24.31
25 ,  3 ,  828317 ,  0 ,  205 ,  81.83 ,  0.53 ,  23.42
25 ,  3 ,  828358 ,  0 ,  205 ,  76.87 ,  0.52 ,  22.62
25 ,  3 ,  828397 ,  0 ,  205 ,  73.02 ,  0.52 ,  21.73
25 ,  3 ,  828436 ,  0 ,  205 ,  70.05 ,  0.51 ,  21.03
25 ,  3 ,  828475 ,  0 ,  205 ,  67.29 ,  0.50 ,  20.34
25 ,  3 ,  828514 ,  0 ,  205 ,  65.09 ,  0.49 ,  19.74
25 ,  3 ,  828553 ,  0 ,  205 ,  63.11 ,  0.48 ,  19.15
25 ,  3 ,  828592 ,  0 ,  205 ,  61.35 ,  0.47 ,  18.55
25 ,  3 ,  828631 ,  0 ,  205 ,  59.80 ,  0.46 ,  18.06
25 ,  3 ,  828669 ,  0 ,  205 ,  58.37 ,  0.44 ,  17.56
25 ,  3 ,  828711 ,  0 ,  205 ,  57.27 ,  0.43 ,  17.16
25 ,  3 ,  828750 ,  0 ,  205 ,  56.17 ,  0.41 ,  16.77
25 ,  3 ,  828789 ,  0 ,  205 ,  55.18 ,  0.40 ,  16.37
25 ,  3 ,  828828 ,  0 ,  205 ,  54.41 ,  0.38 ,  16.07
25 ,  3 ,  828867 ,  0 ,  205 ,  53.64 ,  0.37 ,  15.68
25 ,  3 ,  828906 ,  0 ,  205 ,  52.98 ,  0.35 ,  15.48
25 ,  3 ,  828945 ,  0 ,  205 ,  52.31 ,  0.34 ,  15.18
25 ,  3 ,  828984 ,  0 ,  205 ,  51.76 ,  0.33 ,  14.98
25 ,  3 ,  829023 ,  0 ,  205 ,  51.32 ,  0.32 ,  14.68
25 ,  3 ,  829064 ,  0 ,  205 ,  50.77 ,  0.31 ,  14.49
25 ,  3 ,  829103 ,  0 ,  205 ,  50.33 ,  0.30 ,  14.29
25 ,  3 ,  829142 ,  0 ,  205 ,  50.00 ,  0.30 ,  14.19
25 ,  3 ,  829180 ,  0 ,  205 ,  49.67 ,  0.29 ,  13.99
25 ,  3 ,  829219 ,  0 ,  205 ,  49.34 ,  0.28 ,  13.79
25 ,  3 ,  829258 ,  0 ,  205 ,  49.01 ,  0.28 ,  13.69
25 ,  3 ,  829297 ,  0 ,  205 ,  48.68 ,  0.27 ,  13.49
25 ,  3 ,  829336 ,  0 ,  205 ,  48.46 ,  0.26 ,  13.39
25 ,  3 ,  829375 ,  0 ,  205 ,  48.24 ,  0.26 ,  13.30
25 ,  3 ,  829417 ,  0 ,  205 ,  47.91 ,  0.26 ,  13.20
25 ,  3 ,  829456 ,  0 ,  205 ,  47.69 ,  0.25 ,  13.10
25 ,  3 ,  829495 ,  0 ,  205 ,  47.47 ,  0.24 ,  12.90
25 ,  3 ,  829534 ,  0 ,  205 ,  47.25 ,  0.24 ,  12.80
25 ,  3 ,  829573 ,  0 ,  205 ,  47.14 ,  0.24 ,  12.80
25 ,  3 ,  829612 ,  0 ,  205 ,  46.92 ,  0.24 ,  12.70
25 ,  3 ,  829650 ,  0 ,  205 ,  46.81 ,  0.23 ,  12.60
25 ,  3 ,  829690 ,  0 ,  205 ,  46.59 ,  0.23 ,  12.50
25 ,  3 ,  829729 ,  0 ,  205 ,  46.37 ,  0.22 ,  12.40
25 ,  3 ,  829770 ,  0 ,  205 ,  46.26 ,  0.22 ,  12.40
25 ,  3 ,  829815 ,  0 ,  205 ,  46.15 ,  0.22 ,  12.30
25 ,  3 ,  829854 ,  0 ,  205 ,  45.93 ,  0.22 ,  12.20
25 ,  3 ,  829893 ,  0 ,  205 ,  45.82 ,  0.22 ,  12.10
25 ,  3 ,  829932 ,  0 ,  205 ,  45.71 ,  0.21 ,  12.10
25 ,  3 ,  829971 ,  0 ,  205 ,  45.60 ,  0.21 ,  12.01
25 ,  3 ,  830010 ,  0 ,  205 ,  45.38 ,  0.22 ,  11.91
25 ,  3 ,  830049 ,  0 ,  205 ,  45.27 ,  0.21 ,  11.91
25 ,  3 ,  830088 ,  0 ,  205 ,  45.16 ,  0.20 ,  11.81
25 ,  3 ,  830129 ,  0 ,  205 ,  45.05 ,  0.20 ,  11.81
25 ,  3 ,  830168 ,  0 ,  205 ,  44.83 ,  0.20 ,  11.71
25 ,  3 ,  830206 ,  0 ,  205 ,  44.83 ,  0.20 ,  11.71
25 ,  3 ,  830245 ,  0 ,  205 ,  44.72 ,  0.20 ,  11.61
25 ,  3 ,  830284 ,  0 ,  205 ,  44.61 ,  0.19 ,  11.61
25 ,  3 ,  830323 ,  0 ,  205 ,  44.50 ,  0.19 ,  11.51
25 ,  3 ,  830362 ,  0 ,  205 ,  44.39 ,  0.19 ,  11.51
25 ,  3 ,  830401 ,  0 ,  205 ,  44.28 ,  0.19 ,  11.41
25 ,  3 ,  830440 ,  0 ,  205 ,  44.06 ,  0.18 ,  11.41
25 ,  3 ,  830481 ,  0 ,  205 ,  43.95 ,  0.18 ,  11.31
25 ,  3 ,  830520 ,  0 ,  205 ,  43.95 ,  0.18 ,  11.31
25 ,  3 ,  830559 ,  0 ,  205 ,  43.84 ,  0.18 ,  11.31
25 ,  3 ,  830598 ,  0 ,  205 ,  43.72 ,  0.18 ,  11.21
25 ,  3 ,  830637 ,  0 ,  205 ,  43.61 ,  0.18 ,  11.11
25 ,  3 ,  830675 ,  0 ,  205 ,  43.50 ,  0.17 ,  11.11
25 ,  3 ,  830714 ,  0 ,  205 ,  43.39 ,  0.17 ,  11.01
25 ,  3 ,  830753 ,  0 ,  205 ,  43.28 ,  0.17 ,  11.01
25 ,  3 ,  830792 ,  0 ,  205 ,  43.28 ,  0.17 ,  11.01
25 ,  3 ,  830834 ,  0 ,  205 ,  43.06 ,  0.17 ,  10.91
25 ,  3 ,  830873 ,  0 ,  205 ,  42.95 ,  0.17 ,  10.91
25 ,  3 ,  830912 ,  0 ,  205 ,  42.95 ,  0.17 ,  10.81
25 ,  3 ,  830951 ,  0 ,  205 ,  42.73 ,  0.17 ,  10.81
25 ,  3 ,  830990 ,  0 ,  205 ,  42.73 ,  0.17 ,  10.81
25 ,  3 ,  831029 ,  0 ,  205 ,  42.62 ,  0.16 ,  10.72
25 ,  3 ,  831068 ,  0 ,  205 ,  42.51 ,  0.16 ,  10.72
25 ,  3 ,  831107 ,  0 ,  205 ,  42.40 ,  0.16 ,  10.62
25 ,  3 ,  831145 ,  0 ,  205 ,  42.29 ,  0.16 ,  10.62
25 ,  3 ,  831186 ,  0 ,  205 ,  42.18 ,  0.16 ,  10.52
25 ,  3 ,  831225 ,  0 ,  205 ,  42.18 ,  0.15 ,  10.52
25 ,  3 ,  831264 ,  0 ,  205 ,  41.96 ,  0.15 ,  10.52
25 ,  3 ,  831303 ,  0 ,  205 ,  41.96 ,  0.15 ,  10.52
25 ,  3 ,  831342 ,  0 ,  205 ,  41.85 ,  0.15 ,  10.42
25 ,  3 ,  831381 ,  0 ,  205 ,  41.74 ,  0.15 ,  10.42
25 ,  3 ,  831420 ,  0 ,  205 ,  41.63 ,  0.15 ,  10.32
25 ,  3 ,  831459 ,  0 ,  205 ,  41.52 ,  0.15 ,  10.32
25 ,  3 ,  831498 ,  0 ,  205 ,  41.52 ,  0.15 ,  10.32
25 ,  3 ,  831540 ,  0 ,  205 ,  41.41 ,  0.15 ,  10.22
25 ,  3 ,  831579 ,  0 ,  205 ,  41.30 ,  0.15 ,  10.22
25 ,  3 ,  831618 ,  0 ,  205 ,  41.19 ,  0.15 ,  10.12
25 ,  3 ,  831656 ,  0 ,  205 ,  41.08 ,  0.15 ,  10.12
25 ,  3 ,  831695 ,  0 ,  205 ,  40.97 ,  0.14 ,  10.12
25 ,  3 ,  831734 ,  0 ,  205 ,  40.97 ,  0.14 ,  10.12
25 ,  3 ,  831773 ,  0 ,  205 ,  40.86 ,  0.14 ,  10.02
25 ,  3 ,  831812 ,  0 ,  205 ,  40.75 ,  0.14 ,  10.02
25 ,  3 ,  831851 ,  0 ,  205 ,  40.64 ,  0.14 ,  9.92
25 ,  3 ,  831892 ,  0 ,  205 ,  40.53 ,  0.14 ,  9.92
25 ,  3 ,  831931 ,  0 ,  205 ,  40.53 ,  0.13 ,  9.82
25 ,  3 ,  831970 ,  0 ,  205 ,  40.42 ,  0.13 ,  9.82
25 ,  3 ,  832009 ,  0 ,  205 ,  40.31 ,  0.13 ,  9.82
25 ,  3 ,  832048 ,  0 ,  205 ,  40.20 ,  0.14 ,  9.72
25 ,  3 ,  832087 ,  0 ,  205 ,  40.09 ,  0.13 ,  9.72
25 ,  3 ,  832125 ,  0 ,  205 ,  39.98 ,  0.13 ,  9.72
25 ,  3 ,  832164 ,  0 ,  205 ,  39.87 ,  0.13 ,  9.62
25 ,  3 ,  832203 ,  0 ,  205 ,  39.87 ,  0.13 ,  9.62
25 ,  3 ,  832244 ,  0 ,  205 ,  39.76 ,  0.13 ,  9.62
25 ,  3 ,  832283 ,  0 ,  205 ,  39.65 ,  0.13 ,  9.53
25 ,  3 ,  832322 ,  0 ,  205 ,  39.54 ,  0.13 ,  9.53
25 ,  3 ,  832361 ,  0 ,  205 ,  39.43 ,  0.12 ,  9.43
25 ,  3 ,  832400 ,  0 ,  205 ,  39.43 ,  0.12 ,  9.43
25 ,  3 ,  832439 ,  0 ,  205 ,  39.32 ,  0.12 ,  9.33
25 ,  3 ,  832478 ,  0 ,  205 ,  39.10 ,  0.12 ,  9.33
25 ,  3 ,  832517 ,  0 ,  205 ,  39.10 ,  0.12 ,  9.33
25 ,  3 ,  832556 ,  0 ,  205 ,  38.99 ,  0.12 ,  9.33
25 ,  3 ,  832598 ,  0 ,  205 ,  38.88 ,  0.12 ,  9.23
25 ,  3 ,  832636 ,  0 ,  205 ,  38.77 ,  0.12 ,  9.23
25 ,  3 ,  832675 ,  0 ,  205 ,  38.66 ,  0.12 ,  9.13
25 ,  3 ,  832714 ,  0 ,  205 ,  38.66 ,  0.11 ,  9.13
25 ,  3 ,  832753 ,  0 ,  205 ,  38.55 ,  0.12 ,  9.13
25 ,  3 ,  832792 ,  0 ,  205 ,  38.44 ,  0.11 ,  9.03
25 ,  3 ,  832831 ,  0 ,  205 ,  38.33 ,  0.12 ,  9.03
25 ,  3 ,  832869 ,  0 ,  205 ,  38.22 ,  0.12 ,  9.03
25 ,  3 ,  832908 ,  0 ,  205 ,  38.11 ,  0.11 ,  8.93
25 ,  3 ,  832950 ,  0 ,  205 ,  38.00 ,  0.11 ,  8.93
25 ,  3 ,  832989 ,  0 ,  205 ,  38.00 ,  0.11 ,  8.83
25 ,  3 ,  833028 ,  0 ,  205 ,  37.89 ,  0.11 ,  8.83
25 ,  3 ,  833067 ,  0 ,  205 ,  37.89 ,  0.11 ,  8.83
25 ,  3 ,  833105 ,  0 ,  205 ,  37.78 ,  0.11 ,  8.73
25 ,  3 ,  833144 ,  0 ,  205 ,  37.67 ,  0.11 ,  8.73
25 ,  3 ,  833183 ,  0 ,  205 ,  37.56 ,  0.11 ,  8.73
25 ,  3 ,  833222 ,  0 ,  205 ,  37.45 ,  0.11 ,  8.63
25 ,  3 ,  833261 ,  0 ,  205 ,  37.34 ,  0.11 ,  8.63
25 ,  3 ,  833302 ,  0 ,  205 ,  37.23 ,  0.11 ,  8.63
25 ,  3 ,  833341 ,  0 ,  205 ,  37.12 ,  0.10 ,  8.53
25 ,  3 ,  833381 ,  0 ,  205 ,  37.12 ,  0.11 ,  8.53
25 ,  3 ,  833420 ,  0 ,  205 ,  37.01 ,  0.10 ,  8.53
25 ,  3 ,  833459 ,  0 ,  205 ,  36.90 ,  0.11 ,  8.53
25 ,  3 ,  833498 ,  0 ,  205 ,  36.79 ,  0.10 ,  8.43
25 ,  3 ,  833536 ,  0 ,  205 ,  36.68 ,  0.10 ,  8.43
25 ,  3 ,  833574 ,  0 ,  205 ,  36.68 ,  0.10 ,  8.33
25 ,  3 ,  833613 ,  0 ,  205 ,  36.57 ,  0.11 ,  8.33
25 ,  3 ,  833652 ,  0 ,  205 ,  36.46 ,  0.10 ,  8.33
25 ,  3 ,  833694 ,  0 ,  205 ,  36.35 ,  0.10 ,  8.33
25 ,  3 ,  833733 ,  0 ,  205 ,  36.35 ,  0.10 ,  8.24
25 ,  3 ,  833772 ,  0 ,  205 ,  36.24 ,  0.10 ,  8.24
25 ,  3 ,  833811 ,  0 ,  205 ,  36.13 ,  0.10 ,  8.24
25 ,  3 ,  833850 ,  0 ,  205 ,  36.02 ,  0.10 ,  8.14
25 ,  3 ,  833889 ,  0 ,  205 ,  35.91 ,  0.10 ,  8.14
25 ,  3 ,  833928 ,  0 ,  205 ,  35.91 ,  0.10 ,  8.04
25 ,  3 ,  833967 ,  0 ,  205 ,  35.80 ,  0.10 ,  8.04
25 ,  3 ,  834006 ,  0 ,  205 ,  35.69 ,  0.10 ,  8.04
25 ,  3 ,  834046 ,  0 ,  205 ,  35.58 ,  0.09 ,  7.94
25 ,  3 ,  834085 ,  0 ,  205 ,  35.47 ,  0.09 ,  7.94
25 ,  3 ,  834124 ,  0 ,  205 ,  35.36 ,  0.09 ,  7.94
25 ,  3 ,  834163 ,  0 ,  205 ,  35.36 ,  0.09 ,  7.94
25 ,  3 ,  834202 ,  0 ,  205 ,  35.25 ,  0.09 ,  7.94
25 ,  3 ,  834241 ,  0 ,  205 ,  35.13 ,  0.09 ,  7.84
25 ,  3 ,  834280 ,  0 ,  205 ,  35.13 ,  0.09 ,  7.84
25 ,  3 ,  834319 ,  0 ,  205 ,  35.02 ,  0.09 ,  7.74
25 ,  3 ,  834358 ,  0 ,  205 ,  34.91 ,  0.09 ,  7.74
25 ,  3 ,  834399 ,  0 ,  205 ,  34.80 ,  0.09 ,  7.74
25 ,  3 ,  834438 ,  0 ,  205 ,  34.80 ,  0.09 ,  7.64
25 ,  3 ,  834477 ,  0 ,  205 ,  34.69 ,  0.09 ,  7.64
25 ,  3 ,  834515 ,  0 ,  205 ,  34.58 ,  0.09 ,  7.64
25 ,  3 ,  834554 ,  0 ,  205 ,  34.47 ,  0.09 ,  7.64
25 ,  3 ,  834610 ,  0 ,  205 ,  34.36 ,  0.09 ,  7.54
25 ,  3 ,  834649 ,  0 ,  205 ,  34.25 ,  0.09 ,  7.54
25 ,  3 ,  834688 ,  0 ,  205 ,  34.25 ,  0.09 ,  7.54
25 ,  3 ,  834726 ,  0 ,  205 ,  34.14 ,  0.09 ,  7.44
25 ,  3 ,  834767 ,  0 ,  205 ,  34.03 ,  0.09 ,  7.44
25 ,  3 ,  834806 ,  0 ,  205 ,  33.92 ,  0.09 ,  7.44
25 ,  3 ,  834845 ,  0 ,  205 ,  33.81 ,  0.09 ,  7.34
25 ,  3 ,  834884 ,  0 ,  205 ,  33.81 ,  0.09 ,  7.34
25 ,  3 ,  834923 ,  0 ,  205 ,  33.70 ,  0.09 ,  7.34
25 ,  3 ,  834962 ,  0 ,  205 ,  33.59 ,  0.08 ,  7.34
25 ,  3 ,  835001 ,  0 ,  205 ,  33.48 ,  0.08 ,  7.24
25 ,  3 ,  835040 ,  0 ,  205 ,  33.48 ,  0.09 ,  7.24
25 ,  3 ,  835079 ,  0 ,  205 ,  33.37 ,  0.08 ,  7.24
25 ,  3 ,  835120 ,  0 ,  205 ,  33.26 ,  0.08 ,  7.14
25 ,  3 ,  835159 ,  0 ,  205 ,  33.15 ,  0.08 ,  7.14
25 ,  3 ,  835197 ,  0 ,  205 ,  33.15 ,  0.08 ,  7.14
25 ,  3 ,  835236 ,  0 ,  205 ,  33.04 ,  0.08 ,  7.14
25 ,  3 ,  835275 ,  0 ,  205 ,  32.93 ,  0.08 ,  7.04
25 ,  3 ,  835314 ,  0 ,  205 ,  32.82 ,  0.08 ,  7.04
25 ,  3 ,  835353 ,  0 ,  205 ,  32.82 ,  0.08 ,  7.04
25 ,  3 ,  835392 ,  0 ,  205 ,  32.71 ,  0.08 ,  6.95
25 ,  3 ,  835431 ,  0 ,  205 ,  32.60 ,  0.08 ,  6.95
25 ,  3 ,  835472 ,  0 ,  205 ,  32.49 ,  0.08 ,  6.95
25 ,  3 ,  835511 ,  0 ,  205 ,  32.49 ,  0.08 ,  6.85
25 ,  3 ,  835550 ,  0 ,  205 ,  32.38 ,  0.08 ,  6.85
25 ,  3 ,  835589 ,  0 ,  205 ,  32.27 ,  0.08 ,  6.85
25 ,  3 ,  835628 ,  0 ,  205 ,  32.16 ,  0.08 ,  6.85
25 ,  3 ,  835667 ,  0 ,  205 ,  32.05 ,  0.08 ,  6.75
25 ,  3 ,  835706 ,  0 ,  205 ,  32.05 ,  0.08 ,  6.75
25 ,  3 ,  835745 ,  0 ,  205 ,  31.94 ,  0.08 ,  6.75
25 ,  3 ,  835784 ,  0 ,  205 ,  31.94 ,  0.08 ,  6.75
25 ,  3 ,  835825 ,  0 ,  205 ,  31.72 ,  0.08 ,  6.65
25 ,  3 ,  835864 ,  0 ,  205 ,  31.72 ,  0.08 ,  6.65
25 ,  3 ,  835903 ,  0 ,  205 ,  31.61 ,  0.08 ,  6.65
25 ,  3 ,  835942 ,  0 ,  205 ,  31.50 ,  0.07 ,  6.65
25 ,  3 ,  835981 ,  0 ,  205 ,  31.50 ,  0.08 ,  6.55
25 ,  3 ,  836021 ,  0 ,  205 ,  31.39 ,  0.07 ,  6.55
25 ,  3 ,  836060 ,  0 ,  205 ,  31.28 ,  0.07 ,  6.55
25 ,  3 ,  836099 ,  0 ,  205 ,  31.28 ,  0.08 ,  6.55
25 ,  3 ,  836137 ,  0 ,  205 ,  31.17 ,  0.08 ,  6.45
25 ,  3 ,  836176 ,  0 ,  205 ,  31.06 ,  0.07 ,  6.45
25 ,  3 ,  836217 ,  0 ,  205 ,  30.95 ,  0.07 ,  6.45
25 ,  3 ,  836256 ,  0 ,  205 ,  30.95 ,  0.07 ,  6.35
25 ,  3 ,  836295 ,  0 ,  205 ,  30.84 ,  0.07 ,  6.35
25 ,  3 ,  836334 ,  0 ,  205 ,  30.73 ,  0.07 ,  6.35
25 ,  3 ,  836373 ,  0 ,  205 ,  30.73 ,  0.07 ,  6.25
25 ,  3 ,  836413 ,  0 ,  205 ,  30.62 ,  0.08 ,  6.25
25 ,  3 ,  836452 ,  0 ,  205 ,  30.51 ,  0.07 ,  6.25
25 ,  3 ,  836491 ,  0 ,  205 ,  30.40 ,  0.07 ,  6.25
25 ,  3 ,  836530 ,  0 ,  205 ,  30.40 ,  0.07 ,  6.15
25 ,  3 ,  836580 ,  0 ,  205 ,  30.29 ,  0.07 ,  6.15
25 ,  3 ,  836621 ,  0 ,  205 ,  30.18 ,  0.08 ,  6.15
25 ,  3 ,  836662 ,  0 ,  205 ,  30.07 ,  0.07 ,  6.15
25 ,  3 ,  836704 ,  0 ,  205 ,  30.07 ,  0.07 ,  6.05
25 ,  3 ,  836745 ,  0 ,  205 ,  29.96 ,  0.07 ,  6.05
25 ,  3 ,  836786 ,  0 ,  205 ,  29.85 ,  0.07 ,  6.05
25 ,  3 ,  836827 ,  0 ,  205 ,  29.74 ,  0.07 ,  6.05
25 ,  3 ,  836869 ,  0 ,  205 ,  29.74 ,  0.07 ,  5.95
25 ,  3 ,  836910 ,  0 ,  205 ,  29.52 ,  0.07 ,  5.95
25 ,  3 ,  836953 ,  0 ,  205 ,  29.52 ,  0.07 ,  5.95
25 ,  3 ,  836994 ,  0 ,  205 ,  29.41 ,  0.07 ,  5.95
25 ,  3 ,  837035 ,  0 ,  205 ,  29.30 ,  0.07 ,  5.85
25 ,  3 ,  837075 ,  0 ,  205 ,  29.30 ,  0.07 ,  5.85
25 ,  3 ,  837116 ,  0 ,  205 ,  29.19 ,  0.07 ,  5.85
25 ,  3 ,  837157 ,  0 ,  205 ,  29.08 ,  0.07 ,  5.85
25 ,  3 ,  837198 ,  0 ,  205 ,  29.08 ,  0.07 ,  5.75
25 ,  3 ,  837239 ,  0 ,  205 ,  28.97 ,  0.07 ,  5.75
25 ,  3 ,  837280 ,  0 ,  205 ,  28.86 ,  0.07 ,  5.75
25 ,  3 ,  837324 ,  0 ,  205 ,  28.86 ,  0.07 ,  5.75
25 ,  3 ,  837365 ,  0 ,  205 ,  28.75 ,  0.07 ,  5.66
25 ,  3 ,  837406 ,  0 ,  205 ,  28.64 ,  0.07 ,  5.66
25 ,  3 ,  837447 ,  0 ,  205 ,  28.64 ,  0.07 ,  5.66
25 ,  3 ,  837488 ,  0 ,  205 ,  28.53 ,  0.06 ,  5.66
25 ,  3 ,  837529 ,  0 ,  205 ,  28.42 ,  0.07 ,  5.56
25 ,  3 ,  837570 ,  0 ,  205 ,  28.31 ,  0.06 ,  5.56
25 ,  3 ,  837611 ,  0 ,  205 ,  28.31 ,  0.07 ,  5.56
25 ,  3 ,  837652 ,  0 ,  205 ,  28.09 ,  0.07 ,  5.56
25 ,  3 ,  837695 ,  0 ,  205 ,  28.09 ,  0.07 ,  5.46
25 ,  3 ,  837736 ,  0 ,  205 ,  27.98 ,  0.06 ,  5.46
25 ,  3 ,  837777 ,  0 ,  205 ,  27.87 ,  0.07 ,  5.46
25 ,  3 ,  837818 ,  0 ,  205 ,  27.87 ,  0.06 ,  5.46
25 ,  3 ,  837859 ,  0 ,  205 ,  27.76 ,  0.07 ,  5.46
25 ,  3 ,  837901 ,  0 ,  205 ,  27.65 ,  0.06 ,  5.36
25 ,  3 ,  837942 ,  0 ,  205 ,  27.65 ,  0.07 ,  5.36
25 ,  3 ,  837983 ,  0 ,  205 ,  27.54 ,  0.07 ,  5.36
25 ,  3 ,  838024 ,  0 ,  205 ,  27.54 ,  0.07 ,  5.36
25 ,  3 ,  838067 ,  0 ,  205 ,  27.32 ,  0.07 ,  5.36
25 ,  3 ,  838108 ,  0 ,  205 ,  27.32 ,  0.06 ,  5.26
25 ,  3 ,  838149 ,  0 ,  205 ,  27.21 ,  0.07 ,  5.26
25 ,  3 ,  838191 ,  0 ,  205 ,  27.21 ,  0.06 ,  5.26
25 ,  3 ,  838232 ,  0 ,  205 ,  27.10 ,  0.07 ,  5.26
25 ,  3 ,  838273 ,  0 ,  205 ,  26.99 ,  0.06 ,  5.16
25 ,  3 ,  838313 ,  0 ,  205 ,  26.88 ,  0.06 ,  5.16
25 ,  3 ,  838354 ,  0 ,  205 ,  26.88 ,  0.06 ,  5.16
25 ,  3 ,  838395 ,  0 ,  205 ,  26.77 ,  0.06 ,  5.16
25 ,  3 ,  838438 ,  0 ,  205 ,  26.66 ,  0.06 ,  5.16
25 ,  3 ,  838479 ,  0 ,  205 ,  26.55 ,  0.06 ,  5.06
25 ,  3 ,  838520 ,  0 ,  205 ,  26.55 ,  0.07 ,  5.06
25 ,  3 ,  838561 ,  0 ,  205 ,  26.43 ,  0.07 ,  5.06
25 ,  3 ,  838603 ,  0 ,  205 ,  26.43 ,  0.06 ,  5.06
25 ,  3 ,  838644 ,  0 ,  205 ,  26.32 ,  0.06 ,  4.96
25 ,  3 ,  838685 ,  0 ,  205 ,  26.21 ,  0.06 ,  4.96
25 ,  3 ,  838726 ,  0 ,  205 ,  26.10 ,  0.06 ,  4.96
25 ,  3 ,  838767 ,  0 ,  205 ,  25.99 ,  0.06 ,  4.96
25 ,  3 ,  838808 ,  0 ,  205 ,  25.99 ,  0.06 ,  4.96
25 ,  3 ,  838851 ,  0 ,  205 ,  25.99 ,  0.06 ,  4.86
25 ,  3 ,  838892 ,  0 ,  205 ,  25.88 ,  0.06 ,  4.86
25 ,  3 ,  838933 ,  0 ,  205 ,  25.77 ,  0.06 ,  4.86
25 ,  3 ,  838974 ,  0 ,  205 ,  25.66 ,  0.06 ,  4.86
25 ,  3 ,  839015 ,  0 ,  205 ,  25.66 ,  0.06 ,  4.86
25 ,  3 ,  839056 ,  0 ,  205 ,  25.55 ,  0.06 ,  4.76
25 ,  3 ,  839097 ,  0 ,  205 ,  25.44 ,  0.06 ,  4.76
25 ,  3 ,  839138 ,  0 ,  205 ,  25.44 ,  0.06 ,  4.76
25 ,  3 ,  839179 ,  0 ,  205 ,  25.33 ,  0.06 ,  4.76
25 ,  3 ,  839223 ,  0 ,  205 ,  25.33 ,  0.06 ,  4.66
25 ,  3 ,  839264 ,  0 ,  205 ,  25.22 ,  0.06 ,  4.66
25 ,  3 ,  839305 ,  0 ,  205 ,  25.11 ,  0.06 ,  4.66
25 ,  3 ,  839346 ,  0 ,  205 ,  25.11 ,  0.06 ,  4.66
25 ,  3 ,  839387 ,  0 ,  205 ,  25.00 ,  0.06 ,  4.66
25 ,  3 ,  839428 ,  0 ,  205 ,  24.89 ,  0.06 ,  4.66
25 ,  3 ,  839469 ,  0 ,  205 ,  24.78 ,  0.06 ,  4.56
25 ,  3 ,  839510 ,  0 ,  205 ,  24.78 ,  0.06 ,  4.56
25 ,  3 ,  839550 ,  0 ,  205 ,  24.67 ,  0.06 ,  4.56
25 ,  3 ,  839593 ,  0 ,  205 ,  24.56 ,  0.06 ,  4.46
25 ,  3 ,  839634 ,  0 ,  205 ,  24.56 ,  0.06 ,  4.56
25 ,  3 ,  839675 ,  0 ,  205 ,  24.56 ,  0.06 ,  4.46
25 ,  3 ,  839716 ,  0 ,  205 ,  24.45 ,  0.06 ,  4.46
25 ,  3 ,  839758 ,  0 ,  205 ,  24.34 ,  0.06 ,  4.46
25 ,  3 ,  839799 ,  0 ,  205 ,  24.34 ,  0.06 ,  4.46
25 ,  3 ,  839840 ,  0 ,  205 ,  24.23 ,  0.06 ,  4.46
25 ,  3 ,  839881 ,  0 ,  205 ,  24.12 ,  0.06 ,  4.46
25 ,  3 ,  839922 ,  0 ,  205 ,  24.01 ,  0.06 ,  4.37
25 ,  3 ,  839965 ,  0 ,  205 ,  24.01 ,  0.06 ,  4.37
25 ,  3 ,  840006 ,  0 ,  205 ,  24.01 ,  0.06 ,  4.37
25 ,  3 ,  840047 ,  0 ,  205 ,  23.79 ,  0.06 ,  4.37
25 ,  3 ,  840088 ,  0 ,  205 ,  23.79 ,  0.06 ,  4.37
25 ,  3 ,  840129 ,  0 ,  205 ,  23.68 ,  0.06 ,  4.27
25 ,  3 ,  840170 ,  0 ,  205 ,  23.57 ,  0.06 ,  4.27
25 ,  3 ,  840211 ,  0 ,  205 ,  23.57 ,  0.06 ,  4.27
25 ,  3 ,  840252 ,  0 ,  205 ,  23.46 ,  0.06 ,  4.27
25 ,  3 ,  840293 ,  0 ,  205 ,  23.46 ,  0.06 ,  4.27
25 ,  3 ,  840336 ,  0 ,  205 ,  23.35 ,  0.06 ,  4.27
25 ,  3 ,  840377 ,  0 ,  205 ,  23.24 ,  0.06 ,  4.27
25 ,  3 ,  840418 ,  0 ,  205 ,  23.35 ,  0.06 ,  4.17
25 ,  3 ,  840460 ,  0 ,  205 ,  23.13 ,  0.06 ,  4.17
25 ,  3 ,  840501 ,  0 ,  205 ,  23.13 ,  0.06 ,  4.17
25 ,  3 ,  840542 ,  0 ,  205 ,  23.02 ,  0.06 ,  4.17
25 ,  3 ,  840583 ,  0 ,  205 ,  23.02 ,  0.06 ,  4.17
25 ,  3 ,  840624 ,  0 ,  205 ,  22.91 ,  0.06 ,  4.07
25 ,  3 ,  840665 ,  0 ,  205 ,  22.91 ,  0.06 ,  4.07
25 ,  3 ,  840708 ,  0 ,  205 ,  22.80 ,  0.06 ,  4.07
25 ,  3 ,  840749 ,  0 ,  205 ,  22.69 ,  0.06 ,  4.07
25 ,  3 ,  840790 ,  0 ,  205 ,  22.69 ,  0.06 ,  4.07
25 ,  3 ,  840830 ,  0 ,  205 ,  22.58 ,  0.06 ,  4.07
25 ,  3 ,  840871 ,  0 ,  205 ,  22.58 ,  0.06 ,  4.07
25 ,  3 ,  840912 ,  0 ,  205 ,  22.47 ,  0.06 ,  3.97
25 ,  3 ,  840953 ,  0 ,  205 ,  22.47 ,  0.06 ,  3.97
25 ,  3 ,  840994 ,  0 ,  205 ,  22.36 ,  0.06 ,  3.97
25 ,  3 ,  841035 ,  0 ,  205 ,  22.25 ,  0.06 ,  3.97
25 ,  3 ,  841078 ,  0 ,  205 ,  22.25 ,  0.06 ,  3.97
25 ,  3 ,  841119 ,  0 ,  205 ,  22.14 ,  0.06 ,  3.97
25 ,  3 ,  841161 ,  0 ,  205 ,  22.03 ,  0.06 ,  3.87
25 ,  3 ,  841202 ,  0 ,  205 ,  22.03 ,  0.06 ,  3.87
25 ,  3 ,  841243 ,  0 ,  205 ,  21.92 ,  0.06 ,  3.87
25 ,  3 ,  841284 ,  0 ,  205 ,  21.92 ,  0.06 ,  3.87
25 ,  3 ,  841325 ,  0 ,  205 ,  21.81 ,  0.06 ,  3.87
25 ,  3 ,  841366 ,  0 ,  205 ,  21.70 ,  0.06 ,  3.87
25 ,  3 ,  841413 ,  0 ,  205 ,  21.70 ,  0.05 ,  3.77
25 ,  3 ,  841454 ,  0 ,  205 ,  21.59 ,  0.06 ,  3.77
25 ,  3 ,  841497 ,  0 ,  205 ,  21.59 ,  0.06 ,  3.77
25 ,  3 ,  841538 ,  0 ,  205 ,  21.48 ,  0.05 ,  3.77
25 ,  3 ,  841579 ,  0 ,  205 ,  21.48 ,  0.06 ,  3.77
25 ,  3 ,  841620 ,  0 ,  205 ,  21.37 ,  0.06 ,  3.77
25 ,  3 ,  841661 ,  0 ,  205 ,  21.26 ,  0.06 ,  3.77
25 ,  3 ,  841702 ,  0 ,  205 ,  21.26 ,  0.06 ,  3.67
25 ,  3 ,  841743 ,  0 ,  205 ,  21.15 ,  0.06 ,  3.67
25 ,  3 ,  841784 ,  0 ,  205 ,  21.15 ,  0.06 ,  3.67
25 ,  3 ,  841825 ,  0 ,  205 ,  21.04 ,  0.06 ,  3.67
25 ,  3 ,  841869 ,  0 ,  205 ,  20.93 ,  0.05 ,  3.67
25 ,  3 ,  841910 ,  0 ,  205 ,  20.93 ,  0.06 ,  3.67
25 ,  3 ,  841951 ,  0 ,  205 ,  20.93 ,  0.05 ,  3.67
25 ,  3 ,  841992 ,  0 ,  205 ,  20.82 ,  0.05 ,  3.57
25 ,  3 ,  842033 ,  0 ,  205 ,  20.71 ,  0.05 ,  3.57
25 ,  3 ,  842074 ,  0 ,  205 ,  20.71 ,  0.06 ,  3.57
25 ,  3 ,  842115 ,  0 ,  205 ,  20.60 ,  0.06 ,  3.57
25 ,  3 ,  842156 ,  0 ,  205 ,  20.60 ,  0.06 ,  3.57
25 ,  3 ,  842196 ,  0 ,  205 ,  20.60 ,  0.06 ,  3.57
25 ,  3 ,  842240 ,  0 ,  205 ,  20.38 ,  0.05 ,  3.57
25 ,  3 ,  842280 ,  0 ,  205 ,  20.49 ,  0.06 ,  3.47
25 ,  3 ,  842321 ,  0 ,  205 ,  20.27 ,  0.06 ,  3.47
25 ,  3 ,  842362 ,  0 ,  205 ,  20.27 ,  0.06 ,  3.47
25 ,  3 ,  842403 ,  0 ,  205 ,  20.16 ,  0.06 ,  3.47
25 ,  3 ,  842444 ,  0 ,  205 ,  20.16 ,  0.06 ,  3.47
25 ,  3 ,  842485 ,  0 ,  205 ,  20.05 ,  0.05 ,  3.47
25 ,  3 ,  842526 ,  0 ,  205 ,  20.05 ,  0.05 ,  3.37
25 ,  3 ,  842567 ,  0 ,  205 ,  19.94 ,  0.06 ,  3.37
25 ,  3 ,  842610 ,  0 ,  205 ,  19.94 ,  0.05 ,  3.37
25 ,  3 ,  842651 ,  0 ,  205 ,  19.94 ,  0.06 ,  3.37
25 ,  3 ,  842692 ,  0 ,  205 ,  19.83 ,  0.06 ,  3.37
25 ,  3 ,  842733 ,  0 ,  205 ,  19.72 ,  0.05 ,  3.37
25 ,  3 ,  842774 ,  0 ,  205 ,  19.72 ,  0.05 ,  3.27
25 ,  3 ,  842815 ,  0 ,  205 ,  19.61 ,  0.06 ,  3.37
25 ,  3 ,  842856 ,  0 ,  205 ,  19.61 ,  0.06 ,  3.27
25 ,  3 ,  842898 ,  0 ,  205 ,  19.50 ,  0.05 ,  3.27
25 ,  3 ,  842939 ,  0 ,  205 ,  19.50 ,  0.06 ,  3.27
25 ,  3 ,  842982 ,  0 ,  205 ,  19.39 ,  0.06 ,  3.27
25 ,  3 ,  843023 ,  0 ,  205 ,  19.39 ,  0.06 ,  3.27
25 ,  3 ,  843064 ,  0 ,  205 ,  19.28 ,  0.05 ,  3.27
25 ,  3 ,  843105 ,  0 ,  205 ,  19.28 ,  0.05 ,  3.27
25 ,  3 ,  843146 ,  0 ,  205 ,  19.17 ,  0.06 ,  3.27
25 ,  3 ,  843187 ,  0 ,  205 ,  19.17 ,  0.05 ,  3.18
25 ,  3 ,  843228 ,  0 ,  205 ,  19.17 ,  0.06 ,  3.18
25 ,  3 ,  843269 ,  0 ,  205 ,  19.06 ,  0.05 ,  3.18
25 ,  3 ,  843310 ,  0 ,  205 ,  18.95 ,  0.05 ,  3.18
25 ,  3 ,  843353 ,  0 ,  205 ,  18.95 ,  0.06 ,  3.18
25 ,  3 ,  843394 ,  0 ,  205 ,  18.84 ,  0.06 ,  3.18
25 ,  3 ,  843435 ,  0 ,  205 ,  18.73 ,  0.06 ,  3.08
25 ,  3 ,  843475 ,  0 ,  205 ,  18.73 ,  0.05 ,  3.18
25 ,  3 ,  843516 ,  0 ,  205 ,  18.73 ,  0.06 ,  3.08
25 ,  3 ,  843557 ,  0 ,  205 ,  18.62 ,  0.05 ,  3.08
25 ,  3 ,  843598 ,  0 ,  205 ,  18.62 ,  0.05 ,  3.08
25 ,  3 ,  843639 ,  0 ,  205 ,  18.51 ,  0.05 ,  3.08
25 ,  3 ,  843680 ,  0 ,  205 ,  18.51 ,  0.05 ,  3.08
25 ,  3 ,  843724 ,  0 ,  205 ,  18.40 ,  0.05 ,  3.08
25 ,  3 ,  843765 ,  0 ,  205 ,  18.40 ,  0.06 ,  3.08
25 ,  3 ,  843806 ,  0 ,  205 ,  18.29 ,  0.05 ,  3.08
25 ,  3 ,  843847 ,  0 ,  205 ,  18.29 ,  0.06 ,  3.08
25 ,  3 ,  843888 ,  0 ,  205 ,  18.18 ,  0.05 ,  2.98
25 ,  3 ,  843929 ,  0 ,  205 ,  18.18 ,  0.06 ,  2.98
25 ,  3 ,  843970 ,  0 ,  205 ,  18.18 ,  0.05 ,  2.98
25 ,  3 ,  844011 ,  0 ,  205 ,  18.07 ,  0.05 ,  2.98
25 ,  3 ,  844052 ,  0 ,  205 ,  18.07 ,  0.05 ,  2.98
25 ,  3 ,  844093 ,  0 ,  205 ,  17.96 ,  0.05 ,  2.98
25 ,  3 ,  844136 ,  0 ,  205 ,  17.85 ,  0.05 ,  2.98
25 ,  3 ,  844177 ,  0 ,  205 ,  17.85 ,  0.05 ,  2.98
25 ,  3 ,  844218 ,  0 ,  205 ,  17.85 ,  0.05 ,  2.98
25 ,  3 ,  844259 ,  0 ,  205 ,  17.73 ,  0.06 ,  2.88
25 ,  3 ,  844300 ,  0 ,  205 ,  17.73 ,  0.06 ,  2.88
25 ,  3 ,  844341 ,  0 ,  205 ,  17.62 ,  0.06 ,  2.88
25 ,  3 ,  844382 ,  0 ,  205 ,  17.62 ,  0.06 ,  2.88
25 ,  3 ,  844423 ,  0 ,  205 ,  17.51 ,  0.05 ,  2.88
25 ,  3 ,  844464 ,  0 ,  205 ,  17.51 ,  0.05 ,  2.88
25 ,  3 ,  844508 ,  0 ,  205 ,  17.40 ,  0.05 ,  2.88
25 ,  3 ,  844549 ,  0 ,  205 ,  17.40 ,  0.05 ,  2.78
25 ,  3 ,  844590 ,  0 ,  205 ,  17.29 ,  0.05 ,  2.88
25 ,  3 ,  844631 ,  0 ,  205 ,  17.29 ,  0.06 ,  2.78
25 ,  3 ,  844672 ,  0 ,  205 ,  17.18 ,  0.06 ,  2.78
25 ,  3 ,  844712 ,  0 ,  205 ,  17.18 ,  0.06 ,  2.78
25 ,  3 ,  844753 ,  0 ,  205 ,  17.07 ,  0.05 ,  2.78
25 ,  3 ,  844794 ,  0 ,  205 ,  17.18 ,  0.05 ,  2.78
25 ,  3 ,  844835 ,  0 ,  205 ,  17.07 ,  0.05 ,  2.78
25 ,  3 ,  844878 ,  0 ,  205 ,  16.96 ,  0.05 ,  2.78
25 ,  3 ,  844919 ,  0 ,  205 ,  16.96 ,  0.05 ,  2.78
25 ,  3 ,  844960 ,  0 ,  205 ,  16.96 ,  0.05 ,  2.78
25 ,  3 ,  845001 ,  0 ,  205 ,  16.85 ,  0.05 ,  2.68
25 ,  3 ,  845042 ,  0 ,  205 ,  16.74 ,  0.05 ,  2.68
25 ,  3 ,  845083 ,  0 ,  205 ,  16.74 ,  0.05 ,  2.68
25 ,  3 ,  845125 ,  0 ,  205 ,  16.74 ,  0.05 ,  2.68
25 ,  3 ,  845166 ,  0 ,  205 ,  16.63 ,  0.05 ,  2.68
25 ,  3 ,  845207 ,  0 ,  205 ,  16.63 ,  0.05 ,  2.68
25 ,  3 ,  845250 ,  0 ,  205 ,  16.63 ,  0.05 ,  2.68
25 ,  3 ,  845291 ,  0 ,  205 ,  16.52 ,  0.05 ,  2.68
25 ,  3 ,  845332 ,  0 ,  205 ,  16.41 ,  0.05 ,  2.68
25 ,  3 ,  845373 ,  0 ,  205 ,  16.41 ,  0.05 ,  2.58
25 ,  3 ,  845415 ,  0 ,  205 ,  16.41 ,  0.05 ,  2.58
25 ,  3 ,  845456 ,  0 ,  205 ,  16.30 ,  0.05 ,  2.58
25 ,  3 ,  845497 ,  0 ,  205 ,  16.30 ,  0.05 ,  2.58
25 ,  3 ,  845538 ,  0 ,  205 ,  16.19 ,  0.05 ,  2.58
25 ,  3 ,  845579 ,  0 ,  205 ,  16.19 ,  0.05 ,  2.58
25 ,  3 ,  845622 ,  0 ,  205 ,  16.19 ,  0.05 ,  2.58
25 ,  3 ,  845663 ,  0 ,  205 ,  16.08 ,  0.05 ,  2.58
25 ,  3 ,  845704 ,  0 ,  205 ,  16.08 ,  0.05 ,  2.58
25 ,  3 ,  845745 ,  0 ,  205 ,  15.97 ,  0.05 ,  2.58
25 ,  3 ,  845786 ,  0 ,  205 ,  15.97 ,  0.05 ,  2.58
25 ,  3 ,  845827 ,  0 ,  205 ,  15.97 ,  0.05 ,  2.58
25 ,  3 ,  845868 ,  0 ,  205 ,  15.86 ,  0.05 ,  2.48
25 ,  3 ,  845908 ,  0 ,  205 ,  15.75 ,  0.05 ,  2.48
25 ,  3 ,  845949 ,  0 ,  205 ,  15.75 ,  0.05 ,  2.48
25 ,  3 ,  845992 ,  0 ,  205 ,  15.75 ,  0.05 ,  2.48
25 ,  3 ,  846033 ,  0 ,  205 ,  15.75 ,  0.05 ,  2.48
25 ,  3 ,  846074 ,  0 ,  205 ,  15.64 ,  0.05 ,  2.48
25 ,  3 ,  846115 ,  0 ,  205 ,  15.64 ,  0.05 ,  2.48
25 ,  3 ,  846156 ,  0 ,  205 ,  15.53 ,  0.05 ,  2.48
25 ,  3 ,  846197 ,  0 ,  205 ,  15.53 ,  0.05 ,  2.48
25 ,  3 ,  846238 ,  0 ,  205 ,  15.53 ,  0.05 ,  2.48
25 ,  3 ,  846279 ,  0 ,  205 ,  15.42 ,  0.05 ,  2.48
25 ,  3 ,  846320 ,  0 ,  205 ,  15.42 ,  0.05 ,  2.38
25 ,  3 ,  846364 ,  0 ,  205 ,  15.31 ,  0.05 ,  2.38
25 ,  3 ,  846405 ,  0 ,  205 ,  15.31 ,  0.05 ,  2.38
25 ,  3 ,  846446 ,  0 ,  205 ,  15.20 ,  0.05 ,  2.38
25 ,  3 ,  846487 ,  0 ,  205 ,  15.20 ,  0.06 ,  2.38
25 ,  3 ,  846528 ,  0 ,  205 ,  15.20 ,  0.05 ,  2.38
25 ,  3 ,  846569 ,  0 ,  205 ,  15.09 ,  0.05 ,  2.38
25 ,  3 ,  846610 ,  0 ,  205 ,  15.09 ,  0.05 ,  2.38
25 ,  3 ,  846651 ,  0 ,  205 ,  14.98 ,  0.05 ,  2.28
25 ,  3 ,  846692 ,  0 ,  205 ,  14.98 ,  0.05 ,  2.38
25 ,  3 ,  846733 ,  0 ,  205 ,  14.98 ,  0.05 ,  2.38
25 ,  3 ,  846776 ,  0 ,  205 ,  14.87 ,  0.05 ,  2.28
25 ,  3 ,  846817 ,  0 ,  205 ,  14.76 ,  0.05 ,  2.28
25 ,  3 ,  846858 ,  0 ,  205 ,  14.87 ,  0.05 ,  2.28
25 ,  3 ,  846899 ,  0 ,  205 ,  14.76 ,  0.05 ,  2.28
25 ,  3 ,  846940 ,  0 ,  205 ,  14.76 ,  0.05 ,  2.28
25 ,  3 ,  846981 ,  0 ,  205 ,  14.76 ,  0.05 ,  2.28
25 ,  3 ,  847022 ,  0 ,  205 ,  14.65 ,  0.05 ,  2.28
25 ,  3 ,  847063 ,  0 ,  205 ,  14.65 ,  0.05 ,  2.28
25 ,  3 ,  847104 ,  0 ,  205 ,  14.54 ,  0.05 ,  2.28
25 ,  3 ,  847147 ,  0 ,  205 ,  14.54 ,  0.05 ,  2.28
25 ,  3 ,  847187 ,  0 ,  205 ,  14.54 ,  0.05 ,  2.28
25 ,  3 ,  847228 ,  0 ,  205 ,  14.43 ,  0.05 ,  2.28
25 ,  3 ,  847269 ,  0 ,  205 ,  14.43 ,  0.05 ,  2.28
25 ,  3 ,  847310 ,  0 ,  205 ,  14.43 ,  0.05 ,  2.28
25 ,  3 ,  847352 ,  0 ,  205 ,  14.32 ,  0.05 ,  2.18
25 ,  3 ,  847393 ,  0 ,  205 ,  14.32 ,  0.05 ,  2.18
25 ,  3 ,  847434 ,  0 ,  205 ,  14.32 ,  0.05 ,  2.18
25 ,  3 ,  847475 ,  0 ,  205 ,  14.21 ,  0.05 ,  2.18
25 ,  3 ,  847518 ,  0 ,  205 ,  14.21 ,  0.05 ,  2.18
25 ,  3 ,  847559 ,  0 ,  205 ,  14.21 ,  0.05 ,  2.18
25 ,  3 ,  847600 ,  0 ,  205 ,  14.10 ,  0.05 ,  2.18
25 ,  3 ,  847641 ,  0 ,  205 ,  14.10 ,  0.05 ,  2.18
25 ,  3 ,  847682 ,  0 ,  205 ,  13.99 ,  0.05 ,  2.18
25 ,  3 ,  847723 ,  0 ,  205 ,  13.99 ,  0.05 ,  2.18
25 ,  3 ,  847764 ,  0 ,  205 ,  13.88 ,  0.05 ,  2.18
25 ,  3 ,  847806 ,  0 ,  205 ,  13.99 ,  0.05 ,  2.18
25 ,  3 ,  847847 ,  0 ,  205 ,  13.77 ,  0.05 ,  2.18
25 ,  3 ,  847890 ,  0 ,  205 ,  13.88 ,  0.05 ,  2.18
25 ,  3 ,  847931 ,  0 ,  205 ,  13.77 ,  0.05 ,  2.08
25 ,  3 ,  847972 ,  0 ,  205 ,  13.77 ,  0.05 ,  2.08
25 ,  3 ,  848013 ,  0 ,  205 ,  13.77 ,  0.05 ,  2.08
25 ,  3 ,  848054 ,  0 ,  205 ,  13.66 ,  0.05 ,  2.08
25 ,  3 ,  848096 ,  0 ,  205 ,  13.66 ,  0.05 ,  2.08
25 ,  3 ,  848137 ,  0 ,  205 ,  13.66 ,  0.05 ,  2.08
25 ,  3 ,  848178 ,  0 ,  205 ,  13.55 ,  0.05 ,  2.08
25 ,  3 ,  848219 ,  0 ,  205 ,  13.55 ,  0.05 ,  2.08
25 ,  3 ,  848262 ,  0 ,  205 ,  13.44 ,  0.05 ,  2.08
25 ,  3 ,  848308 ,  0 ,  205 ,  13.44 ,  0.05 ,  2.08
25 ,  3 ,  848350 ,  0 ,  205 ,  13.44 ,  0.05 ,  2.08
25 ,  3 ,  848391 ,  0 ,  205 ,  13.44 ,  0.05 ,  2.08
25 ,  3 ,  848432 ,  0 ,  205 ,  13.33 ,  0.05 ,  2.08
25 ,  3 ,  848473 ,  0 ,  205 ,  13.33 ,  0.05 ,  2.08
25 ,  3 ,  848514 ,  0 ,  205 ,  13.33 ,  0.05 ,  2.08
25 ,  3 ,  848555 ,  0 ,  205 ,  13.33 ,  0.05 ,  2.08
25 ,  3 ,  848595 ,  0 ,  205 ,  13.22 ,  0.05 ,  1.98
