MS, MPT, t (s), PWMi, PWMe, Pressure (Psi), LW (V), Displacement (mm)
25 ,  2 ,  801930 ,  0 ,  205 ,  13.22 ,  0.05 ,  1.98
25 ,  2 ,  801970 ,  255 ,  0 ,  13.22 ,  0.05 ,  1.98
25 ,  2 ,  802009 ,  255 ,  0 ,  15.86 ,  0.05 ,  1.98
25 ,  2 ,  802048 ,  255 ,  0 ,  30.84 ,  0.08 ,  3.87
25 ,  2 ,  802086 ,  255 ,  0 ,  45.71 ,  0.14 ,  7.24
25 ,  2 ,  802125 ,  255 ,  0 ,  56.06 ,  0.22 ,  10.81
25 ,  2 ,  802164 ,  255 ,  0 ,  63.11 ,  0.31 ,  13.69
25 ,  2 ,  802204 ,  255 ,  0 ,  68.06 ,  0.39 ,  15.68
25 ,  2 ,  802245 ,  255 ,  0 ,  71.92 ,  0.43 ,  17.26
25 ,  2 ,  802284 ,  255 ,  0 ,  74.78 ,  0.47 ,  18.16
25 ,  2 ,  802323 ,  255 ,  0 ,  76.98 ,  0.48 ,  19.05
25 ,  2 ,  802362 ,  255 ,  0 ,  78.86 ,  0.50 ,  19.74
25 ,  2 ,  802401 ,  255 ,  0 ,  80.62 ,  0.50 ,  20.24
25 ,  2 ,  802440 ,  255 ,  0 ,  81.94 ,  0.51 ,  20.74
25 ,  2 ,  802479 ,  255 ,  0 ,  83.37 ,  0.51 ,  21.13
25 ,  2 ,  802518 ,  255 ,  0 ,  84.69 ,  0.52 ,  21.43
25 ,  2 ,  802556 ,  255 ,  0 ,  85.90 ,  0.52 ,  21.83
25 ,  2 ,  802598 ,  255 ,  0 ,  87.12 ,  0.52 ,  22.13
25 ,  2 ,  802637 ,  255 ,  0 ,  88.11 ,  0.52 ,  22.42
25 ,  2 ,  802676 ,  255 ,  0 ,  89.10 ,  0.52 ,  22.72
25 ,  2 ,  802720 ,  255 ,  0 ,  90.09 ,  0.52 ,  22.92
25 ,  2 ,  802760 ,  255 ,  0 ,  90.97 ,  0.53 ,  23.12
25 ,  2 ,  802799 ,  255 ,  0 ,  91.74 ,  0.53 ,  23.32
25 ,  2 ,  802838 ,  255 ,  0 ,  92.51 ,  0.52 ,  23.51
25 ,  2 ,  802877 ,  255 ,  0 ,  93.28 ,  0.53 ,  23.71
25 ,  2 ,  802916 ,  255 ,  0 ,  93.94 ,  0.52 ,  23.81
25 ,  2 ,  802957 ,  255 ,  0 ,  94.71 ,  0.52 ,  24.01
25 ,  2 ,  802996 ,  255 ,  0 ,  95.15 ,  0.53 ,  24.11
25 ,  2 ,  803035 ,  255 ,  0 ,  95.70 ,  0.53 ,  24.21
25 ,  2 ,  803074 ,  255 ,  0 ,  96.04 ,  0.53 ,  24.31
25 ,  2 ,  803112 ,  255 ,  0 ,  96.37 ,  0.52 ,  24.41
25 ,  2 ,  803151 ,  255 ,  0 ,  96.59 ,  0.52 ,  24.51
25 ,  2 ,  803190 ,  255 ,  0 ,  96.70 ,  0.53 ,  24.51
25 ,  2 ,  803229 ,  255 ,  0 ,  96.92 ,  0.53 ,  24.61
25 ,  2 ,  803268 ,  255 ,  0 ,  96.92 ,  0.53 ,  24.61
25 ,  2 ,  803309 ,  255 ,  0 ,  97.03 ,  0.52 ,  24.61
25 ,  2 ,  803348 ,  255 ,  0 ,  97.03 ,  0.53 ,  24.71
25 ,  2 ,  803387 ,  255 ,  0 ,  97.03 ,  0.53 ,  24.71
25 ,  2 ,  803426 ,  255 ,  0 ,  97.03 ,  0.53 ,  24.71
25 ,  2 ,  803465 ,  255 ,  0 ,  97.03 ,  0.52 ,  24.71
25 ,  2 ,  803504 ,  255 ,  0 ,  97.03 ,  0.53 ,  24.80
25 ,  2 ,  803543 ,  255 ,  0 ,  97.03 ,  0.52 ,  24.80
25 ,  2 ,  803581 ,  255 ,  0 ,  97.03 ,  0.53 ,  24.80
25 ,  2 ,  803620 ,  255 ,  0 ,  97.03 ,  0.53 ,  24.80
25 ,  2 ,  803661 ,  255 ,  0 ,  97.03 ,  0.52 ,  24.80
25 ,  2 ,  803700 ,  255 ,  0 ,  96.92 ,  0.53 ,  24.80
25 ,  2 ,  803739 ,  255 ,  0 ,  97.03 ,  0.53 ,  24.90
25 ,  2 ,  803778 ,  255 ,  0 ,  97.03 ,  0.52 ,  24.90
25 ,  2 ,  803817 ,  255 ,  0 ,  97.03 ,  0.52 ,  24.90
25 ,  2 ,  803856 ,  255 ,  0 ,  96.92 ,  0.53 ,  24.90
25 ,  2 ,  803895 ,  255 ,  0 ,  96.92 ,  0.52 ,  24.90
25 ,  2 ,  803934 ,  255 ,  0 ,  96.92 ,  0.53 ,  24.90
25 ,  2 ,  803973 ,  255 ,  0 ,  96.92 ,  0.52 ,  24.90
25 ,  2 ,  804014 ,  255 ,  0 ,  96.92 ,  0.53 ,  24.90
25 ,  2 ,  804052 ,  255 ,  0 ,  96.92 ,  0.52 ,  24.90
25 ,  2 ,  804091 ,  255 ,  0 ,  96.92 ,  0.52 ,  24.90
25 ,  2 ,  804130 ,  255 ,  0 ,  96.92 ,  0.53 ,  24.90
25 ,  2 ,  804169 ,  255 ,  0 ,  96.92 ,  0.53 ,  25.00
25 ,  2 ,  804208 ,  255 ,  0 ,  96.92 ,  0.53 ,  25.00
25 ,  2 ,  804247 ,  255 ,  0 ,  96.92 ,  0.53 ,  25.00
25 ,  2 ,  804286 ,  255 ,  0 ,  96.92 ,  0.52 ,  25.00
25 ,  2 ,  804325 ,  255 ,  0 ,  96.92 ,  0.52 ,  25.00
25 ,  2 ,  804366 ,  255 ,  0 ,  96.92 ,  0.53 ,  25.00
25 ,  2 ,  804405 ,  255 ,  0 ,  96.92 ,  0.53 ,  25.00
25 ,  2 ,  804444 ,  255 ,  0 ,  96.92 ,  0.53 ,  25.00
25 ,  2 ,  804483 ,  255 ,  0 ,  96.92 ,  0.53 ,  25.00
25 ,  2 ,  804521 ,  255 ,  0 ,  96.92 ,  0.53 ,  25.10
25 ,  2 ,  804560 ,  255 ,  0 ,  96.92 ,  0.53 ,  25.10
25 ,  2 ,  804599 ,  255 ,  0 ,  96.81 ,  0.52 ,  25.10
25 ,  2 ,  804638 ,  255 ,  0 ,  96.92 ,  0.53 ,  25.10
25 ,  2 ,  804677 ,  255 ,  0 ,  96.81 ,  0.53 ,  25.10
25 ,  2 ,  804719 ,  255 ,  0 ,  96.92 ,  0.53 ,  25.10
25 ,  2 ,  804758 ,  255 ,  0 ,  96.92 ,  0.53 ,  25.10
25 ,  2 ,  804797 ,  255 ,  0 ,  96.81 ,  0.52 ,  25.10
25 ,  2 ,  804836 ,  255 ,  0 ,  96.92 ,  0.53 ,  25.10
25 ,  2 ,  804875 ,  255 ,  0 ,  96.81 ,  0.53 ,  25.10
25 ,  2 ,  804914 ,  0 ,  205 ,  96.92 ,  0.53 ,  25.10
25 ,  2 ,  804953 ,  0 ,  205 ,  93.39 ,  0.53 ,  25.00
25 ,  2 ,  804992 ,  0 ,  205 ,  87.45 ,  0.53 ,  24.31
25 ,  2 ,  805030 ,  0 ,  205 ,  81.83 ,  0.52 ,  23.42
25 ,  2 ,  805071 ,  0 ,  205 ,  76.98 ,  0.52 ,  22.62
25 ,  2 ,  805110 ,  0 ,  205 ,  73.13 ,  0.52 ,  21.73
25 ,  2 ,  805149 ,  0 ,  205 ,  69.94 ,  0.51 ,  21.03
25 ,  2 ,  805188 ,  0 ,  205 ,  67.29 ,  0.51 ,  20.34
25 ,  2 ,  805227 ,  0 ,  205 ,  65.09 ,  0.49 ,  19.74
25 ,  2 ,  805266 ,  0 ,  205 ,  63.00 ,  0.48 ,  19.15
25 ,  2 ,  805305 ,  0 ,  205 ,  61.35 ,  0.47 ,  18.45
25 ,  2 ,  805344 ,  0 ,  205 ,  59.80 ,  0.46 ,  18.06
25 ,  2 ,  805383 ,  0 ,  205 ,  58.37 ,  0.45 ,  17.56
25 ,  2 ,  805424 ,  0 ,  205 ,  57.16 ,  0.43 ,  17.07
25 ,  2 ,  805463 ,  0 ,  205 ,  56.17 ,  0.41 ,  16.67
25 ,  2 ,  805501 ,  0 ,  205 ,  55.18 ,  0.40 ,  16.37
25 ,  2 ,  805540 ,  0 ,  205 ,  54.30 ,  0.38 ,  15.97
25 ,  2 ,  805579 ,  0 ,  205 ,  53.64 ,  0.37 ,  15.68
25 ,  2 ,  805618 ,  0 ,  205 ,  52.87 ,  0.36 ,  15.38
25 ,  2 ,  805657 ,  0 ,  205 ,  52.31 ,  0.34 ,  15.18
25 ,  2 ,  805696 ,  0 ,  205 ,  51.76 ,  0.33 ,  14.88
25 ,  2 ,  805735 ,  0 ,  205 ,  51.32 ,  0.32 ,  14.68
25 ,  2 ,  805776 ,  0 ,  205 ,  50.77 ,  0.31 ,  14.49
25 ,  2 ,  805815 ,  0 ,  205 ,  50.33 ,  0.31 ,  14.29
25 ,  2 ,  805854 ,  0 ,  205 ,  49.89 ,  0.29 ,  14.09
25 ,  2 ,  805893 ,  0 ,  205 ,  49.56 ,  0.29 ,  13.89
25 ,  2 ,  805932 ,  0 ,  205 ,  49.23 ,  0.28 ,  13.79
25 ,  2 ,  805970 ,  0 ,  205 ,  48.90 ,  0.27 ,  13.59
25 ,  2 ,  806009 ,  0 ,  205 ,  48.57 ,  0.27 ,  13.49
25 ,  2 ,  806048 ,  0 ,  205 ,  48.35 ,  0.26 ,  13.39
25 ,  2 ,  806087 ,  0 ,  205 ,  48.13 ,  0.26 ,  13.30
25 ,  2 ,  806128 ,  0 ,  205 ,  47.91 ,  0.25 ,  13.10
25 ,  2 ,  806167 ,  0 ,  205 ,  47.58 ,  0.25 ,  13.00
25 ,  2 ,  806206 ,  0 ,  205 ,  47.36 ,  0.24 ,  12.90
25 ,  2 ,  806245 ,  0 ,  205 ,  47.25 ,  0.24 ,  12.80
25 ,  2 ,  806285 ,  0 ,  205 ,  47.03 ,  0.24 ,  12.70
25 ,  2 ,  806324 ,  0 ,  205 ,  46.81 ,  0.23 ,  12.60
25 ,  2 ,  806363 ,  0 ,  205 ,  46.70 ,  0.23 ,  12.50
25 ,  2 ,  806402 ,  0 ,  205 ,  46.59 ,  0.23 ,  12.50
25 ,  2 ,  806439 ,  0 ,  205 ,  46.37 ,  0.22 ,  12.40
25 ,  2 ,  806481 ,  0 ,  205 ,  46.15 ,  0.22 ,  12.30
25 ,  2 ,  806520 ,  0 ,  205 ,  46.04 ,  0.22 ,  12.20
25 ,  2 ,  806559 ,  0 ,  205 ,  45.93 ,  0.22 ,  12.10
25 ,  2 ,  806598 ,  0 ,  205 ,  45.71 ,  0.22 ,  12.10
25 ,  2 ,  806637 ,  0 ,  205 ,  45.60 ,  0.21 ,  12.01
25 ,  2 ,  806676 ,  0 ,  205 ,  45.49 ,  0.21 ,  12.01
25 ,  2 ,  806715 ,  0 ,  205 ,  45.38 ,  0.21 ,  11.91
25 ,  2 ,  806754 ,  0 ,  205 ,  45.27 ,  0.20 ,  11.91
25 ,  2 ,  806793 ,  0 ,  205 ,  45.16 ,  0.20 ,  11.81
25 ,  2 ,  806834 ,  0 ,  205 ,  44.94 ,  0.21 ,  11.71
25 ,  2 ,  806873 ,  0 ,  205 ,  44.83 ,  0.20 ,  11.71
25 ,  2 ,  806912 ,  0 ,  205 ,  44.72 ,  0.21 ,  11.61
25 ,  2 ,  806950 ,  0 ,  205 ,  44.61 ,  0.20 ,  11.61
25 ,  2 ,  806989 ,  0 ,  205 ,  44.50 ,  0.19 ,  11.51
25 ,  2 ,  807028 ,  0 ,  205 ,  44.39 ,  0.19 ,  11.51
25 ,  2 ,  807067 ,  0 ,  205 ,  44.28 ,  0.19 ,  11.41
25 ,  2 ,  807106 ,  0 ,  205 ,  44.17 ,  0.19 ,  11.41
25 ,  2 ,  807145 ,  0 ,  205 ,  44.06 ,  0.19 ,  11.31
25 ,  2 ,  807186 ,  0 ,  205 ,  43.95 ,  0.19 ,  11.31
25 ,  2 ,  807225 ,  0 ,  205 ,  43.84 ,  0.18 ,  11.21
25 ,  2 ,  807264 ,  0 ,  205 ,  43.72 ,  0.18 ,  11.21
25 ,  2 ,  807303 ,  0 ,  205 ,  43.61 ,  0.18 ,  11.11
25 ,  2 ,  807342 ,  0 ,  205 ,  43.50 ,  0.18 ,  11.11
25 ,  2 ,  807380 ,  0 ,  205 ,  43.39 ,  0.18 ,  11.11
25 ,  2 ,  807419 ,  0 ,  205 ,  43.28 ,  0.17 ,  11.01
25 ,  2 ,  807458 ,  0 ,  205 ,  43.17 ,  0.17 ,  11.01
25 ,  2 ,  807513 ,  0 ,  205 ,  43.06 ,  0.17 ,  10.91
25 ,  2 ,  807554 ,  0 ,  205 ,  42.95 ,  0.17 ,  10.91
25 ,  2 ,  807592 ,  0 ,  205 ,  42.84 ,  0.17 ,  10.81
25 ,  2 ,  807631 ,  0 ,  205 ,  42.73 ,  0.17 ,  10.72
25 ,  2 ,  807670 ,  0 ,  205 ,  42.73 ,  0.17 ,  10.72
25 ,  2 ,  807709 ,  0 ,  205 ,  42.62 ,  0.17 ,  10.72
25 ,  2 ,  807748 ,  0 ,  205 ,  42.51 ,  0.16 ,  10.72
25 ,  2 ,  807787 ,  0 ,  205 ,  42.40 ,  0.16 ,  10.62
25 ,  2 ,  807826 ,  0 ,  205 ,  42.40 ,  0.16 ,  10.62
25 ,  2 ,  807865 ,  0 ,  205 ,  42.18 ,  0.16 ,  10.52
25 ,  2 ,  807906 ,  0 ,  205 ,  42.07 ,  0.16 ,  10.52
25 ,  2 ,  807945 ,  0 ,  205 ,  42.07 ,  0.16 ,  10.42
25 ,  2 ,  807984 ,  0 ,  205 ,  41.96 ,  0.16 ,  10.42
25 ,  2 ,  808023 ,  0 ,  205 ,  41.85 ,  0.16 ,  10.42
25 ,  2 ,  808061 ,  0 ,  205 ,  41.74 ,  0.15 ,  10.42
25 ,  2 ,  808100 ,  0 ,  205 ,  41.63 ,  0.15 ,  10.32
25 ,  2 ,  808139 ,  0 ,  205 ,  41.63 ,  0.15 ,  10.32
25 ,  2 ,  808178 ,  0 ,  205 ,  41.41 ,  0.15 ,  10.22
25 ,  2 ,  808217 ,  0 ,  205 ,  41.41 ,  0.15 ,  10.22
25 ,  2 ,  808259 ,  0 ,  205 ,  41.30 ,  0.15 ,  10.22
25 ,  2 ,  808298 ,  0 ,  205 ,  41.19 ,  0.15 ,  10.12
25 ,  2 ,  808337 ,  0 ,  205 ,  41.08 ,  0.14 ,  10.12
25 ,  2 ,  808375 ,  0 ,  205 ,  40.97 ,  0.14 ,  10.12
25 ,  2 ,  808414 ,  0 ,  205 ,  40.97 ,  0.14 ,  10.02
25 ,  2 ,  808453 ,  0 ,  205 ,  40.86 ,  0.14 ,  9.92
25 ,  2 ,  808492 ,  0 ,  205 ,  40.75 ,  0.14 ,  9.92
25 ,  2 ,  808530 ,  0 ,  205 ,  40.64 ,  0.14 ,  9.92
25 ,  2 ,  808569 ,  0 ,  205 ,  40.53 ,  0.14 ,  9.92
25 ,  2 ,  808610 ,  0 ,  205 ,  40.42 ,  0.14 ,  9.82
25 ,  2 ,  808649 ,  0 ,  205 ,  40.42 ,  0.14 ,  9.82
25 ,  2 ,  808688 ,  0 ,  205 ,  40.31 ,  0.13 ,  9.82
25 ,  2 ,  808727 ,  0 ,  205 ,  40.20 ,  0.14 ,  9.72
25 ,  2 ,  808766 ,  0 ,  205 ,  40.09 ,  0.13 ,  9.72
25 ,  2 ,  808805 ,  0 ,  205 ,  39.98 ,  0.13 ,  9.62
25 ,  2 ,  808844 ,  0 ,  205 ,  39.87 ,  0.13 ,  9.62
25 ,  2 ,  808883 ,  0 ,  205 ,  39.87 ,  0.13 ,  9.62
25 ,  2 ,  808922 ,  0 ,  205 ,  39.76 ,  0.13 ,  9.53
25 ,  2 ,  808963 ,  0 ,  205 ,  39.65 ,  0.13 ,  9.53
25 ,  2 ,  809001 ,  0 ,  205 ,  39.54 ,  0.13 ,  9.43
25 ,  2 ,  809040 ,  0 ,  205 ,  39.43 ,  0.13 ,  9.43
25 ,  2 ,  809079 ,  0 ,  205 ,  39.32 ,  0.13 ,  9.43
25 ,  2 ,  809118 ,  0 ,  205 ,  39.32 ,  0.12 ,  9.33
25 ,  2 ,  809157 ,  0 ,  205 ,  39.21 ,  0.13 ,  9.33
25 ,  2 ,  809196 ,  0 ,  205 ,  39.10 ,  0.12 ,  9.33
25 ,  2 ,  809235 ,  0 ,  205 ,  39.10 ,  0.13 ,  9.23
25 ,  2 ,  809274 ,  0 ,  205 ,  38.88 ,  0.12 ,  9.23
25 ,  2 ,  809315 ,  0 ,  205 ,  38.88 ,  0.12 ,  9.23
25 ,  2 ,  809354 ,  0 ,  205 ,  38.77 ,  0.12 ,  9.13
25 ,  2 ,  809393 ,  0 ,  205 ,  38.66 ,  0.12 ,  9.13
25 ,  2 ,  809432 ,  0 ,  205 ,  38.55 ,  0.12 ,  9.03
25 ,  2 ,  809470 ,  0 ,  205 ,  38.44 ,  0.12 ,  9.03
25 ,  2 ,  809509 ,  0 ,  205 ,  38.33 ,  0.12 ,  9.03
25 ,  2 ,  809548 ,  0 ,  205 ,  38.22 ,  0.12 ,  8.93
25 ,  2 ,  809587 ,  0 ,  205 ,  38.22 ,  0.12 ,  8.93
25 ,  2 ,  809626 ,  0 ,  205 ,  38.00 ,  0.12 ,  8.93
25 ,  2 ,  809662 ,  0 ,  205 ,  38.00 ,  0.12 ,  8.93
25 ,  2 ,  809701 ,  0 ,  205 ,  37.89 ,  0.11 ,  8.83
25 ,  2 ,  809740 ,  0 ,  205 ,  37.78 ,  0.11 ,  8.83
25 ,  2 ,  809779 ,  0 ,  205 ,  37.78 ,  0.11 ,  8.73
25 ,  2 ,  809818 ,  0 ,  205 ,  37.67 ,  0.11 ,  8.73
25 ,  2 ,  809857 ,  0 ,  205 ,  37.67 ,  0.11 ,  8.73
25 ,  2 ,  809895 ,  0 ,  205 ,  37.45 ,  0.11 ,  8.63
25 ,  2 ,  809934 ,  0 ,  205 ,  37.34 ,  0.11 ,  8.63
25 ,  2 ,  809973 ,  0 ,  205 ,  37.34 ,  0.11 ,  8.63
25 ,  2 ,  810014 ,  0 ,  205 ,  37.23 ,  0.11 ,  8.53
25 ,  2 ,  810053 ,  0 ,  205 ,  37.12 ,  0.11 ,  8.53
25 ,  2 ,  810092 ,  0 ,  205 ,  37.01 ,  0.11 ,  8.53
25 ,  2 ,  810131 ,  0 ,  205 ,  36.90 ,  0.11 ,  8.43
25 ,  2 ,  810170 ,  0 ,  205 ,  36.79 ,  0.11 ,  8.43
25 ,  2 ,  810209 ,  0 ,  205 ,  36.79 ,  0.11 ,  8.43
25 ,  2 ,  810248 ,  0 ,  205 ,  36.68 ,  0.11 ,  8.33
25 ,  2 ,  810287 ,  0 ,  205 ,  36.57 ,  0.10 ,  8.33
25 ,  2 ,  810326 ,  0 ,  205 ,  36.57 ,  0.10 ,  8.33
25 ,  2 ,  810364 ,  0 ,  205 ,  36.46 ,  0.10 ,  8.24
25 ,  2 ,  810405 ,  0 ,  205 ,  36.35 ,  0.10 ,  8.24
25 ,  2 ,  810444 ,  0 ,  205 ,  36.24 ,  0.10 ,  8.24
25 ,  2 ,  810483 ,  0 ,  205 ,  36.13 ,  0.10 ,  8.14
25 ,  2 ,  810522 ,  0 ,  205 ,  36.02 ,  0.10 ,  8.14
25 ,  2 ,  810561 ,  0 ,  205 ,  35.91 ,  0.10 ,  8.14
25 ,  2 ,  810600 ,  0 ,  205 ,  35.91 ,  0.10 ,  8.04
25 ,  2 ,  810639 ,  0 ,  205 ,  35.80 ,  0.10 ,  8.04
25 ,  2 ,  810678 ,  0 ,  205 ,  35.69 ,  0.09 ,  8.04
25 ,  2 ,  810716 ,  0 ,  205 ,  35.69 ,  0.10 ,  8.04
25 ,  2 ,  810758 ,  0 ,  205 ,  35.58 ,  0.10 ,  7.94
25 ,  2 ,  810797 ,  0 ,  205 ,  35.47 ,  0.10 ,  7.94
25 ,  2 ,  810835 ,  0 ,  205 ,  35.36 ,  0.10 ,  7.84
25 ,  2 ,  810874 ,  0 ,  205 ,  35.25 ,  0.09 ,  7.84
25 ,  2 ,  810913 ,  0 ,  205 ,  35.25 ,  0.10 ,  7.84
25 ,  2 ,  810951 ,  0 ,  205 ,  35.13 ,  0.09 ,  7.84
25 ,  2 ,  810990 ,  0 ,  205 ,  35.02 ,  0.10 ,  7.74
25 ,  2 ,  811029 ,  0 ,  205 ,  34.91 ,  0.09 ,  7.74
25 ,  2 ,  811069 ,  0 ,  205 ,  34.80 ,  0.09 ,  7.74
25 ,  2 ,  811110 ,  0 ,  205 ,  34.69 ,  0.09 ,  7.74
25 ,  2 ,  811149 ,  0 ,  205 ,  34.69 ,  0.09 ,  7.64
25 ,  2 ,  811188 ,  0 ,  205 ,  34.58 ,  0.09 ,  7.64
25 ,  2 ,  811227 ,  0 ,  205 ,  34.47 ,  0.09 ,  7.54
25 ,  2 ,  811266 ,  0 ,  205 ,  34.36 ,  0.09 ,  7.54
25 ,  2 ,  811304 ,  0 ,  205 ,  34.36 ,  0.09 ,  7.54
25 ,  2 ,  811343 ,  0 ,  205 ,  34.25 ,  0.09 ,  7.44
25 ,  2 ,  811382 ,  0 ,  205 ,  34.14 ,  0.09 ,  7.44
25 ,  2 ,  811421 ,  0 ,  205 ,  34.03 ,  0.09 ,  7.44
25 ,  2 ,  811462 ,  0 ,  205 ,  34.03 ,  0.09 ,  7.44
25 ,  2 ,  811501 ,  0 ,  205 ,  33.92 ,  0.09 ,  7.44
25 ,  2 ,  811540 ,  0 ,  205 ,  33.81 ,  0.09 ,  7.34
25 ,  2 ,  811579 ,  0 ,  205 ,  33.70 ,  0.09 ,  7.34
25 ,  2 ,  811618 ,  0 ,  205 ,  33.70 ,  0.09 ,  7.24
25 ,  2 ,  811657 ,  0 ,  205 ,  33.59 ,  0.09 ,  7.24
25 ,  2 ,  811696 ,  0 ,  205 ,  33.48 ,  0.09 ,  7.24
25 ,  2 ,  811735 ,  0 ,  205 ,  33.48 ,  0.09 ,  7.24
25 ,  2 ,  811773 ,  0 ,  205 ,  33.26 ,  0.09 ,  7.14
25 ,  2 ,  811814 ,  0 ,  205 ,  33.26 ,  0.09 ,  7.14
25 ,  2 ,  811853 ,  0 ,  205 ,  33.15 ,  0.09 ,  7.04
25 ,  2 ,  811892 ,  0 ,  205 ,  33.04 ,  0.09 ,  7.14
25 ,  2 ,  811931 ,  0 ,  205 ,  33.04 ,  0.08 ,  7.04
25 ,  2 ,  811970 ,  0 ,  205 ,  32.93 ,  0.08 ,  7.04
25 ,  2 ,  812009 ,  0 ,  205 ,  32.82 ,  0.09 ,  7.04
25 ,  2 ,  812047 ,  0 ,  205 ,  32.82 ,  0.08 ,  6.95
25 ,  2 ,  812086 ,  0 ,  205 ,  32.60 ,  0.09 ,  6.95
25 ,  2 ,  812125 ,  0 ,  205 ,  32.49 ,  0.08 ,  6.95
25 ,  2 ,  812162 ,  0 ,  205 ,  32.49 ,  0.08 ,  6.95
25 ,  2 ,  812200 ,  0 ,  205 ,  32.38 ,  0.08 ,  6.85
25 ,  2 ,  812239 ,  0 ,  205 ,  32.38 ,  0.08 ,  6.85
25 ,  2 ,  812278 ,  0 ,  205 ,  32.27 ,  0.08 ,  6.85
25 ,  2 ,  812317 ,  0 ,  205 ,  32.16 ,  0.09 ,  6.75
25 ,  2 ,  812356 ,  0 ,  205 ,  32.05 ,  0.08 ,  6.75
25 ,  2 ,  812395 ,  0 ,  205 ,  32.05 ,  0.09 ,  6.75
25 ,  2 ,  812435 ,  0 ,  205 ,  31.94 ,  0.09 ,  6.65
25 ,  2 ,  812474 ,  0 ,  205 ,  31.83 ,  0.08 ,  6.65
25 ,  2 ,  812515 ,  0 ,  205 ,  31.83 ,  0.08 ,  6.65
25 ,  2 ,  812554 ,  0 ,  205 ,  31.72 ,  0.08 ,  6.65
25 ,  2 ,  812593 ,  0 ,  205 ,  31.61 ,  0.08 ,  6.65
25 ,  2 ,  812632 ,  0 ,  205 ,  31.50 ,  0.08 ,  6.55
25 ,  2 ,  812670 ,  0 ,  205 ,  31.39 ,  0.08 ,  6.55
25 ,  2 ,  812709 ,  0 ,  205 ,  31.39 ,  0.08 ,  6.55
25 ,  2 ,  812748 ,  0 ,  205 ,  31.28 ,  0.08 ,  6.45
25 ,  2 ,  812787 ,  0 ,  205 ,  31.28 ,  0.08 ,  6.45
25 ,  2 ,  812826 ,  0 ,  205 ,  31.17 ,  0.08 ,  6.45
25 ,  2 ,  812865 ,  0 ,  205 ,  31.06 ,  0.08 ,  6.45
25 ,  2 ,  812907 ,  0 ,  205 ,  30.95 ,  0.08 ,  6.35
25 ,  2 ,  812946 ,  0 ,  205 ,  30.84 ,  0.07 ,  6.35
25 ,  2 ,  812985 ,  0 ,  205 ,  30.84 ,  0.07 ,  6.35
25 ,  2 ,  813024 ,  0 ,  205 ,  30.73 ,  0.07 ,  6.35
25 ,  2 ,  813063 ,  0 ,  205 ,  30.62 ,  0.08 ,  6.25
25 ,  2 ,  813102 ,  0 ,  205 ,  30.62 ,  0.07 ,  6.25
25 ,  2 ,  813140 ,  0 ,  205 ,  30.51 ,  0.08 ,  6.25
25 ,  2 ,  813179 ,  0 ,  205 ,  30.40 ,  0.08 ,  6.15
25 ,  2 ,  813218 ,  0 ,  205 ,  30.40 ,  0.07 ,  6.15
25 ,  2 ,  813268 ,  0 ,  205 ,  30.29 ,  0.08 ,  6.15
25 ,  2 ,  813310 ,  0 ,  205 ,  30.18 ,  0.08 ,  6.15
25 ,  2 ,  813351 ,  0 ,  205 ,  30.07 ,  0.08 ,  6.05
25 ,  2 ,  813392 ,  0 ,  205 ,  30.07 ,  0.08 ,  6.05
25 ,  2 ,  813433 ,  0 ,  205 ,  29.85 ,  0.07 ,  5.95
25 ,  2 ,  813474 ,  0 ,  205 ,  29.85 ,  0.07 ,  5.95
25 ,  2 ,  813515 ,  0 ,  205 ,  29.74 ,  0.07 ,  5.95
25 ,  2 ,  813557 ,  0 ,  205 ,  29.63 ,  0.07 ,  5.95
25 ,  2 ,  813598 ,  0 ,  205 ,  29.63 ,  0.08 ,  5.95
25 ,  2 ,  813641 ,  0 ,  205 ,  29.52 ,  0.08 ,  5.95
25 ,  2 ,  813682 ,  0 ,  205 ,  29.41 ,  0.07 ,  5.85
25 ,  2 ,  813723 ,  0 ,  205 ,  29.30 ,  0.07 ,  5.85
25 ,  2 ,  813764 ,  0 ,  205 ,  29.30 ,  0.07 ,  5.85
25 ,  2 ,  813805 ,  0 ,  205 ,  29.19 ,  0.08 ,  5.85
25 ,  2 ,  813846 ,  0 ,  205 ,  29.08 ,  0.08 ,  5.75
25 ,  2 ,  813887 ,  0 ,  205 ,  28.97 ,  0.07 ,  5.75
25 ,  2 ,  813928 ,  0 ,  205 ,  28.97 ,  0.07 ,  5.75
25 ,  2 ,  813969 ,  0 ,  205 ,  28.86 ,  0.07 ,  5.75
25 ,  2 ,  814012 ,  0 ,  205 ,  28.75 ,  0.07 ,  5.66
25 ,  2 ,  814053 ,  0 ,  205 ,  28.75 ,  0.07 ,  5.66
25 ,  2 ,  814094 ,  0 ,  205 ,  28.64 ,  0.08 ,  5.66
25 ,  2 ,  814135 ,  0 ,  205 ,  28.53 ,  0.07 ,  5.66
25 ,  2 ,  814176 ,  0 ,  205 ,  28.53 ,  0.07 ,  5.56
25 ,  2 ,  814217 ,  0 ,  205 ,  28.42 ,  0.07 ,  5.56
25 ,  2 ,  814258 ,  0 ,  205 ,  28.31 ,  0.07 ,  5.56
25 ,  2 ,  814299 ,  0 ,  205 ,  28.31 ,  0.07 ,  5.56
25 ,  2 ,  814340 ,  0 ,  205 ,  28.20 ,  0.07 ,  5.46
25 ,  2 ,  814384 ,  0 ,  205 ,  27.98 ,  0.07 ,  5.46
25 ,  2 ,  814425 ,  0 ,  205 ,  27.98 ,  0.07 ,  5.46
25 ,  2 ,  814466 ,  0 ,  205 ,  27.87 ,  0.07 ,  5.46
25 ,  2 ,  814507 ,  0 ,  205 ,  27.87 ,  0.07 ,  5.46
25 ,  2 ,  814547 ,  0 ,  205 ,  27.76 ,  0.07 ,  5.36
25 ,  2 ,  814588 ,  0 ,  205 ,  27.65 ,  0.07 ,  5.36
25 ,  2 ,  814629 ,  0 ,  205 ,  27.54 ,  0.07 ,  5.36
25 ,  2 ,  814670 ,  0 ,  205 ,  27.43 ,  0.06 ,  5.36
25 ,  2 ,  814711 ,  0 ,  205 ,  27.43 ,  0.06 ,  5.26
25 ,  2 ,  814750 ,  0 ,  205 ,  27.32 ,  0.07 ,  5.26
25 ,  2 ,  814791 ,  0 ,  205 ,  27.32 ,  0.06 ,  5.26
25 ,  2 ,  814832 ,  0 ,  205 ,  27.21 ,  0.07 ,  5.26
25 ,  2 ,  814873 ,  0 ,  205 ,  27.21 ,  0.07 ,  5.26
25 ,  2 ,  814920 ,  0 ,  205 ,  27.10 ,  0.07 ,  5.16
25 ,  2 ,  814961 ,  0 ,  205 ,  26.99 ,  0.07 ,  5.16
25 ,  2 ,  815002 ,  0 ,  205 ,  26.88 ,  0.07 ,  5.16
25 ,  2 ,  815043 ,  0 ,  205 ,  26.77 ,  0.07 ,  5.16
25 ,  2 ,  815084 ,  0 ,  205 ,  26.77 ,  0.07 ,  5.06
25 ,  2 ,  815127 ,  0 ,  205 ,  26.66 ,  0.06 ,  5.06
25 ,  2 ,  815168 ,  0 ,  205 ,  26.55 ,  0.07 ,  5.06
25 ,  2 ,  815209 ,  0 ,  205 ,  26.43 ,  0.07 ,  5.06
25 ,  2 ,  815250 ,  0 ,  205 ,  26.43 ,  0.07 ,  5.06
25 ,  2 ,  815291 ,  0 ,  205 ,  26.32 ,  0.07 ,  4.96
25 ,  2 ,  815332 ,  0 ,  205 ,  26.32 ,  0.07 ,  4.96
25 ,  2 ,  815373 ,  0 ,  205 ,  26.21 ,  0.07 ,  4.96
25 ,  2 ,  815414 ,  0 ,  205 ,  26.10 ,  0.07 ,  4.96
25 ,  2 ,  815455 ,  0 ,  205 ,  26.10 ,  0.07 ,  4.96
25 ,  2 ,  815496 ,  0 ,  205 ,  25.99 ,  0.07 ,  4.86
25 ,  2 ,  815539 ,  0 ,  205 ,  25.88 ,  0.06 ,  4.86
25 ,  2 ,  815580 ,  0 ,  205 ,  25.88 ,  0.06 ,  4.86
25 ,  2 ,  815621 ,  0 ,  205 ,  25.77 ,  0.06 ,  4.86
25 ,  2 ,  815662 ,  0 ,  205 ,  25.66 ,  0.06 ,  4.86
25 ,  2 ,  815703 ,  0 ,  205 ,  25.66 ,  0.06 ,  4.76
25 ,  2 ,  815744 ,  0 ,  205 ,  25.55 ,  0.06 ,  4.76
25 ,  2 ,  815784 ,  0 ,  205 ,  25.44 ,  0.07 ,  4.76
25 ,  2 ,  815825 ,  0 ,  205 ,  25.33 ,  0.07 ,  4.76
25 ,  2 ,  815866 ,  0 ,  205 ,  25.33 ,  0.07 ,  4.66
25 ,  2 ,  815910 ,  0 ,  205 ,  25.22 ,  0.06 ,  4.66
25 ,  2 ,  815951 ,  0 ,  205 ,  25.22 ,  0.07 ,  4.66
25 ,  2 ,  815992 ,  0 ,  205 ,  25.11 ,  0.06 ,  4.66
25 ,  2 ,  816033 ,  0 ,  205 ,  25.11 ,  0.06 ,  4.66
25 ,  2 ,  816074 ,  0 ,  205 ,  25.00 ,  0.07 ,  4.66
25 ,  2 ,  816115 ,  0 ,  205 ,  24.89 ,  0.07 ,  4.66
25 ,  2 ,  816156 ,  0 ,  205 ,  24.78 ,  0.06 ,  4.56
25 ,  2 ,  816197 ,  0 ,  205 ,  24.78 ,  0.06 ,  4.56
25 ,  2 ,  816238 ,  0 ,  205 ,  24.67 ,  0.07 ,  4.56
25 ,  2 ,  816281 ,  0 ,  205 ,  24.67 ,  0.06 ,  4.56
25 ,  2 ,  816322 ,  0 ,  205 ,  24.56 ,  0.07 ,  4.56
25 ,  2 ,  816363 ,  0 ,  205 ,  24.45 ,  0.06 ,  4.46
25 ,  2 ,  816404 ,  0 ,  205 ,  24.34 ,  0.06 ,  4.46
25 ,  2 ,  816445 ,  0 ,  205 ,  24.34 ,  0.06 ,  4.46
25 ,  2 ,  816486 ,  0 ,  205 ,  24.23 ,  0.07 ,  4.46
25 ,  2 ,  816527 ,  0 ,  205 ,  24.23 ,  0.06 ,  4.46
25 ,  2 ,  816568 ,  0 ,  205 ,  24.12 ,  0.07 ,  4.37
25 ,  2 ,  816609 ,  0 ,  205 ,  24.01 ,  0.06 ,  4.37
25 ,  2 ,  816652 ,  0 ,  205 ,  24.01 ,  0.06 ,  4.37
25 ,  2 ,  816693 ,  0 ,  205 ,  23.90 ,  0.06 ,  4.37
25 ,  2 ,  816734 ,  0 ,  205 ,  23.90 ,  0.06 ,  4.37
25 ,  2 ,  816775 ,  0 ,  205 ,  23.79 ,  0.06 ,  4.37
25 ,  2 ,  816816 ,  0 ,  205 ,  23.68 ,  0.06 ,  4.27
25 ,  2 ,  816857 ,  0 ,  205 ,  23.57 ,  0.06 ,  4.27
25 ,  2 ,  816898 ,  0 ,  205 ,  23.57 ,  0.06 ,  4.27
25 ,  2 ,  816939 ,  0 ,  205 ,  23.57 ,  0.06 ,  4.27
25 ,  2 ,  816979 ,  0 ,  205 ,  23.46 ,  0.06 ,  4.27
25 ,  2 ,  817022 ,  0 ,  205 ,  23.35 ,  0.06 ,  4.27
25 ,  2 ,  817063 ,  0 ,  205 ,  23.35 ,  0.06 ,  4.17
25 ,  2 ,  817104 ,  0 ,  205 ,  23.24 ,  0.07 ,  4.17
25 ,  2 ,  817145 ,  0 ,  205 ,  23.13 ,  0.06 ,  4.17
25 ,  2 ,  817186 ,  0 ,  205 ,  23.13 ,  0.06 ,  4.17
25 ,  2 ,  817227 ,  0 ,  205 ,  23.02 ,  0.06 ,  4.17
25 ,  2 ,  817268 ,  0 ,  205 ,  23.02 ,  0.06 ,  4.07
25 ,  2 ,  817309 ,  0 ,  205 ,  22.91 ,  0.06 ,  4.07
25 ,  2 ,  817350 ,  0 ,  205 ,  22.80 ,  0.06 ,  4.07
25 ,  2 ,  817389 ,  0 ,  205 ,  22.80 ,  0.06 ,  3.97
25 ,  2 ,  817430 ,  0 ,  205 ,  22.69 ,  0.06 ,  4.07
25 ,  2 ,  817471 ,  0 ,  205 ,  22.58 ,  0.06 ,  4.07
25 ,  2 ,  817512 ,  0 ,  205 ,  22.58 ,  0.06 ,  3.97
25 ,  2 ,  817553 ,  0 ,  205 ,  22.47 ,  0.06 ,  3.97
25 ,  2 ,  817594 ,  0 ,  205 ,  22.47 ,  0.06 ,  3.97
25 ,  2 ,  817635 ,  0 ,  205 ,  22.36 ,  0.06 ,  3.97
25 ,  2 ,  817676 ,  0 ,  205 ,  22.36 ,  0.06 ,  3.97
25 ,  2 ,  817717 ,  0 ,  205 ,  22.25 ,  0.06 ,  3.97
25 ,  2 ,  817760 ,  0 ,  205 ,  22.14 ,  0.06 ,  3.97
25 ,  2 ,  817801 ,  0 ,  205 ,  22.14 ,  0.06 ,  3.87
25 ,  2 ,  817842 ,  0 ,  205 ,  22.03 ,  0.06 ,  3.87
25 ,  2 ,  817883 ,  0 ,  205 ,  22.03 ,  0.06 ,  3.87
25 ,  2 ,  817924 ,  0 ,  205 ,  21.92 ,  0.06 ,  3.87
25 ,  2 ,  817965 ,  0 ,  205 ,  21.92 ,  0.06 ,  3.87
25 ,  2 ,  818006 ,  0 ,  205 ,  21.81 ,  0.06 ,  3.87
25 ,  2 ,  818046 ,  0 ,  205 ,  21.70 ,  0.06 ,  3.87
25 ,  2 ,  818087 ,  0 ,  205 ,  21.70 ,  0.06 ,  3.77
25 ,  2 ,  818128 ,  0 ,  205 ,  21.59 ,  0.06 ,  3.77
25 ,  2 ,  818171 ,  0 ,  205 ,  21.59 ,  0.06 ,  3.77
25 ,  2 ,  818212 ,  0 ,  205 ,  21.48 ,  0.06 ,  3.77
25 ,  2 ,  818253 ,  0 ,  205 ,  21.37 ,  0.06 ,  3.67
25 ,  2 ,  818294 ,  0 ,  205 ,  21.37 ,  0.06 ,  3.77
25 ,  2 ,  818335 ,  0 ,  205 ,  21.26 ,  0.06 ,  3.77
25 ,  2 ,  818376 ,  0 ,  205 ,  21.26 ,  0.06 ,  3.67
25 ,  2 ,  818417 ,  0 ,  205 ,  21.15 ,  0.06 ,  3.67
25 ,  2 ,  818458 ,  0 ,  205 ,  21.15 ,  0.06 ,  3.67
25 ,  2 ,  818499 ,  0 ,  205 ,  21.04 ,  0.06 ,  3.67
25 ,  2 ,  818542 ,  0 ,  205 ,  20.93 ,  0.06 ,  3.67
25 ,  2 ,  818583 ,  0 ,  205 ,  20.93 ,  0.06 ,  3.67
25 ,  2 ,  818624 ,  0 ,  205 ,  20.93 ,  0.06 ,  3.67
25 ,  2 ,  818666 ,  0 ,  205 ,  20.82 ,  0.06 ,  3.57
25 ,  2 ,  818707 ,  0 ,  205 ,  20.82 ,  0.06 ,  3.57
25 ,  2 ,  818748 ,  0 ,  205 ,  20.71 ,  0.06 ,  3.57
25 ,  2 ,  818789 ,  0 ,  205 ,  20.60 ,  0.06 ,  3.57
25 ,  2 ,  818829 ,  0 ,  205 ,  20.60 ,  0.06 ,  3.57
25 ,  2 ,  818870 ,  0 ,  205 ,  20.49 ,  0.06 ,  3.47
25 ,  2 ,  818914 ,  0 ,  205 ,  20.49 ,  0.06 ,  3.47
25 ,  2 ,  818955 ,  0 ,  205 ,  20.38 ,  0.06 ,  3.47
25 ,  2 ,  818996 ,  0 ,  205 ,  20.38 ,  0.06 ,  3.47
25 ,  2 ,  819037 ,  0 ,  205 ,  20.27 ,  0.06 ,  3.47
25 ,  2 ,  819078 ,  0 ,  205 ,  20.27 ,  0.06 ,  3.47
25 ,  2 ,  819119 ,  0 ,  205 ,  20.16 ,  0.06 ,  3.47
25 ,  2 ,  819160 ,  0 ,  205 ,  20.16 ,  0.05 ,  3.47
25 ,  2 ,  819201 ,  0 ,  205 ,  20.05 ,  0.06 ,  3.37
25 ,  2 ,  819241 ,  0 ,  205 ,  19.94 ,  0.05 ,  3.37
25 ,  2 ,  819284 ,  0 ,  205 ,  19.94 ,  0.06 ,  3.37
25 ,  2 ,  819325 ,  0 ,  205 ,  19.83 ,  0.05 ,  3.37
25 ,  2 ,  819366 ,  0 ,  205 ,  19.83 ,  0.06 ,  3.37
25 ,  2 ,  819407 ,  0 ,  205 ,  19.83 ,  0.06 ,  3.37
25 ,  2 ,  819448 ,  0 ,  205 ,  19.72 ,  0.06 ,  3.37
25 ,  2 ,  819489 ,  0 ,  205 ,  19.61 ,  0.06 ,  3.37
25 ,  2 ,  819530 ,  0 ,  205 ,  19.61 ,  0.05 ,  3.27
25 ,  2 ,  819571 ,  0 ,  205 ,  19.50 ,  0.06 ,  3.27
25 ,  2 ,  819612 ,  0 ,  205 ,  19.50 ,  0.06 ,  3.27
25 ,  2 ,  819655 ,  0 ,  205 ,  19.39 ,  0.06 ,  3.27
25 ,  2 ,  819696 ,  0 ,  205 ,  19.39 ,  0.06 ,  3.27
25 ,  2 ,  819737 ,  0 ,  205 ,  19.28 ,  0.06 ,  3.27
25 ,  2 ,  819778 ,  0 ,  205 ,  19.17 ,  0.06 ,  3.18
25 ,  2 ,  819819 ,  0 ,  205 ,  19.17 ,  0.06 ,  3.18
25 ,  2 ,  819860 ,  0 ,  205 ,  19.17 ,  0.06 ,  3.18
25 ,  2 ,  819901 ,  0 ,  205 ,  19.06 ,  0.05 ,  3.18
25 ,  2 ,  819942 ,  0 ,  205 ,  18.95 ,  0.05 ,  3.18
25 ,  2 ,  819983 ,  0 ,  205 ,  18.95 ,  0.06 ,  3.18
25 ,  2 ,  820022 ,  0 ,  205 ,  18.95 ,  0.06 ,  3.18
25 ,  2 ,  820063 ,  0 ,  205 ,  18.84 ,  0.05 ,  3.18
25 ,  2 ,  820104 ,  0 ,  205 ,  18.84 ,  0.05 ,  3.18
25 ,  2 ,  820145 ,  0 ,  205 ,  18.73 ,  0.06 ,  3.08
25 ,  2 ,  820186 ,  0 ,  205 ,  18.73 ,  0.06 ,  3.08
25 ,  2 ,  820227 ,  0 ,  205 ,  18.62 ,  0.06 ,  3.08
25 ,  2 ,  820268 ,  0 ,  205 ,  18.62 ,  0.06 ,  3.08
25 ,  2 ,  820308 ,  0 ,  205 ,  18.51 ,  0.06 ,  3.08
25 ,  2 ,  820349 ,  0 ,  205 ,  18.51 ,  0.06 ,  3.08
25 ,  2 ,  820392 ,  0 ,  205 ,  18.40 ,  0.05 ,  3.08
25 ,  2 ,  820433 ,  0 ,  205 ,  18.40 ,  0.06 ,  3.08
25 ,  2 ,  820474 ,  0 ,  205 ,  18.29 ,  0.06 ,  3.08
25 ,  2 ,  820515 ,  0 ,  205 ,  18.29 ,  0.06 ,  2.98
25 ,  2 ,  820556 ,  0 ,  205 ,  18.18 ,  0.06 ,  2.98
25 ,  2 ,  820597 ,  0 ,  205 ,  18.18 ,  0.05 ,  2.98
25 ,  2 ,  820638 ,  0 ,  205 ,  18.07 ,  0.05 ,  2.98
25 ,  2 ,  820679 ,  0 ,  205 ,  18.07 ,  0.06 ,  2.98
25 ,  2 ,  820720 ,  0 ,  205 ,  18.07 ,  0.06 ,  2.98
25 ,  2 ,  820761 ,  0 ,  205 ,  17.96 ,  0.06 ,  2.98
25 ,  2 ,  820804 ,  0 ,  205 ,  17.85 ,  0.05 ,  2.88
25 ,  2 ,  820845 ,  0 ,  205 ,  17.85 ,  0.05 ,  2.88
25 ,  2 ,  820886 ,  0 ,  205 ,  17.73 ,  0.06 ,  2.88
25 ,  2 ,  820927 ,  0 ,  205 ,  17.73 ,  0.06 ,  2.88
25 ,  2 ,  820968 ,  0 ,  205 ,  17.73 ,  0.06 ,  2.88
25 ,  2 ,  821009 ,  0 ,  205 ,  17.73 ,  0.06 ,  2.88
25 ,  2 ,  821050 ,  0 ,  205 ,  17.51 ,  0.06 ,  2.88
25 ,  2 ,  821091 ,  0 ,  205 ,  17.51 ,  0.05 ,  2.78
25 ,  2 ,  821132 ,  0 ,  205 ,  17.40 ,  0.06 ,  2.78
25 ,  2 ,  821175 ,  0 ,  205 ,  17.40 ,  0.06 ,  2.88
25 ,  2 ,  821216 ,  0 ,  205 ,  17.40 ,  0.05 ,  2.78
25 ,  2 ,  821257 ,  0 ,  205 ,  17.29 ,  0.06 ,  2.78
25 ,  2 ,  821298 ,  0 ,  205 ,  17.29 ,  0.06 ,  2.78
25 ,  2 ,  821339 ,  0 ,  205 ,  17.18 ,  0.06 ,  2.78
25 ,  2 ,  821380 ,  0 ,  205 ,  17.18 ,  0.06 ,  2.78
25 ,  2 ,  821421 ,  0 ,  205 ,  17.07 ,  0.05 ,  2.78
25 ,  2 ,  821462 ,  0 ,  205 ,  17.07 ,  0.06 ,  2.78
25 ,  2 ,  821502 ,  0 ,  205 ,  16.96 ,  0.05 ,  2.78
25 ,  2 ,  821545 ,  0 ,  205 ,  17.07 ,  0.05 ,  2.68
25 ,  2 ,  821586 ,  0 ,  205 ,  16.96 ,  0.06 ,  2.78
25 ,  2 ,  821627 ,  0 ,  205 ,  16.96 ,  0.06 ,  2.68
25 ,  2 ,  821668 ,  0 ,  205 ,  16.85 ,  0.05 ,  2.68
25 ,  2 ,  821709 ,  0 ,  205 ,  16.85 ,  0.06 ,  2.68
25 ,  2 ,  821750 ,  0 ,  205 ,  16.74 ,  0.06 ,  2.68
25 ,  2 ,  821791 ,  0 ,  205 ,  16.74 ,  0.06 ,  2.68
25 ,  2 ,  821832 ,  0 ,  205 ,  16.63 ,  0.06 ,  2.68
25 ,  2 ,  821873 ,  0 ,  205 ,  16.63 ,  0.05 ,  2.68
25 ,  2 ,  821916 ,  0 ,  205 ,  16.52 ,  0.05 ,  2.68
25 ,  2 ,  821957 ,  0 ,  205 ,  16.52 ,  0.06 ,  2.68
25 ,  2 ,  821998 ,  0 ,  205 ,  16.41 ,  0.06 ,  2.58
25 ,  2 ,  822039 ,  0 ,  205 ,  16.41 ,  0.06 ,  2.58
25 ,  2 ,  822080 ,  0 ,  205 ,  16.41 ,  0.06 ,  2.58
25 ,  2 ,  822121 ,  0 ,  205 ,  16.30 ,  0.06 ,  2.58
25 ,  2 ,  822162 ,  0 ,  205 ,  16.30 ,  0.06 ,  2.58
25 ,  2 ,  822203 ,  0 ,  205 ,  16.30 ,  0.05 ,  2.58
25 ,  2 ,  822244 ,  0 ,  205 ,  16.19 ,  0.06 ,  2.58
25 ,  2 ,  822287 ,  0 ,  205 ,  16.19 ,  0.06 ,  2.58
25 ,  2 ,  822328 ,  0 ,  205 ,  16.19 ,  0.06 ,  2.58
25 ,  2 ,  822369 ,  0 ,  205 ,  16.08 ,  0.06 ,  2.48
25 ,  2 ,  822411 ,  0 ,  205 ,  16.08 ,  0.05 ,  2.58
25 ,  2 ,  822455 ,  0 ,  205 ,  15.97 ,  0.06 ,  2.58
25 ,  2 ,  822496 ,  0 ,  205 ,  15.97 ,  0.06 ,  2.58
25 ,  2 ,  822537 ,  0 ,  205 ,  15.86 ,  0.05 ,  2.48
25 ,  2 ,  822578 ,  0 ,  205 ,  15.86 ,  0.06 ,  2.48
25 ,  2 ,  822619 ,  0 ,  205 ,  15.75 ,  0.06 ,  2.48
25 ,  2 ,  822658 ,  0 ,  205 ,  15.75 ,  0.05 ,  2.48
25 ,  2 ,  822699 ,  0 ,  205 ,  15.75 ,  0.06 ,  2.48
25 ,  2 ,  822739 ,  0 ,  205 ,  15.64 ,  0.05 ,  2.48
25 ,  2 ,  822780 ,  0 ,  205 ,  15.64 ,  0.06 ,  2.48
25 ,  2 ,  822821 ,  0 ,  205 ,  15.64 ,  0.05 ,  2.48
25 ,  2 ,  822862 ,  0 ,  205 ,  15.53 ,  0.05 ,  2.48
25 ,  2 ,  822903 ,  0 ,  205 ,  15.42 ,  0.06 ,  2.38
25 ,  2 ,  822944 ,  0 ,  205 ,  15.42 ,  0.05 ,  2.38
25 ,  2 ,  822985 ,  0 ,  205 ,  15.42 ,  0.05 ,  2.38
25 ,  2 ,  823028 ,  0 ,  205 ,  15.31 ,  0.05 ,  2.38
25 ,  2 ,  823069 ,  0 ,  205 ,  15.31 ,  0.05 ,  2.38
25 ,  2 ,  823110 ,  0 ,  205 ,  15.31 ,  0.05 ,  2.38
25 ,  2 ,  823151 ,  0 ,  205 ,  15.20 ,  0.05 ,  2.38
25 ,  2 ,  823192 ,  0 ,  205 ,  15.20 ,  0.05 ,  2.38
25 ,  2 ,  823233 ,  0 ,  205 ,  15.09 ,  0.05 ,  2.38
25 ,  2 ,  823274 ,  0 ,  205 ,  15.09 ,  0.05 ,  2.38
25 ,  2 ,  823315 ,  0 ,  205 ,  15.09 ,  0.05 ,  2.38
25 ,  2 ,  823356 ,  0 ,  205 ,  14.98 ,  0.05 ,  2.38
25 ,  2 ,  823397 ,  0 ,  205 ,  14.98 ,  0.05 ,  2.38
25 ,  2 ,  823440 ,  0 ,  205 ,  14.87 ,  0.06 ,  2.28
25 ,  2 ,  823481 ,  0 ,  205 ,  14.87 ,  0.06 ,  2.28
25 ,  2 ,  823522 ,  0 ,  205 ,  14.87 ,  0.06 ,  2.28
25 ,  2 ,  823563 ,  0 ,  205 ,  14.76 ,  0.06 ,  2.28
25 ,  2 ,  823604 ,  0 ,  205 ,  14.76 ,  0.06 ,  2.28
25 ,  2 ,  823645 ,  0 ,  205 ,  14.65 ,  0.06 ,  2.28
25 ,  2 ,  823686 ,  0 ,  205 ,  14.76 ,  0.06 ,  2.28
25 ,  2 ,  823727 ,  0 ,  205 ,  14.65 ,  0.05 ,  2.28
25 ,  2 ,  823768 ,  0 ,  205 ,  14.54 ,  0.06 ,  2.28
25 ,  2 ,  823811 ,  0 ,  205 ,  14.54 ,  0.05 ,  2.28
25 ,  2 ,  823852 ,  0 ,  205 ,  14.54 ,  0.05 ,  2.28
25 ,  2 ,  823892 ,  0 ,  205 ,  14.43 ,  0.06 ,  2.28
25 ,  2 ,  823933 ,  0 ,  205 ,  14.43 ,  0.05 ,  2.18
25 ,  2 ,  823974 ,  0 ,  205 ,  14.43 ,  0.06 ,  2.18
25 ,  2 ,  824015 ,  0 ,  205 ,  14.32 ,  0.05 ,  2.28
25 ,  2 ,  824056 ,  0 ,  205 ,  14.32 ,  0.05 ,  2.18
25 ,  2 ,  824097 ,  0 ,  205 ,  14.32 ,  0.05 ,  2.18
25 ,  2 ,  824138 ,  0 ,  205 ,  14.21 ,  0.05 ,  2.18
25 ,  2 ,  824181 ,  0 ,  205 ,  14.21 ,  0.05 ,  2.18
25 ,  2 ,  824222 ,  0 ,  205 ,  14.21 ,  0.05 ,  2.18
25 ,  2 ,  824263 ,  0 ,  205 ,  14.10 ,  0.05 ,  2.18
25 ,  2 ,  824304 ,  0 ,  205 ,  14.10 ,  0.05 ,  2.18
25 ,  2 ,  824345 ,  0 ,  205 ,  14.10 ,  0.05 ,  2.18
25 ,  2 ,  824386 ,  0 ,  205 ,  13.99 ,  0.05 ,  2.18
25 ,  2 ,  824427 ,  0 ,  205 ,  13.99 ,  0.05 ,  2.18
25 ,  2 ,  824469 ,  0 ,  205 ,  13.88 ,  0.05 ,  2.18
25 ,  2 ,  824510 ,  0 ,  205 ,  13.88 ,  0.05 ,  2.08
25 ,  2 ,  824553 ,  0 ,  205 ,  13.88 ,  0.05 ,  2.08
25 ,  2 ,  824594 ,  0 ,  205 ,  13.88 ,  0.05 ,  2.18
25 ,  2 ,  824635 ,  0 ,  205 ,  13.77 ,  0.05 ,  2.08
25 ,  2 ,  824676 ,  0 ,  205 ,  13.77 ,  0.05 ,  2.08
25 ,  2 ,  824717 ,  0 ,  205 ,  13.66 ,  0.05 ,  2.08
25 ,  2 ,  824758 ,  0 ,  205 ,  13.66 ,  0.05 ,  2.08
25 ,  2 ,  824799 ,  0 ,  205 ,  13.66 ,  0.05 ,  2.08
25 ,  2 ,  824840 ,  0 ,  205 ,  13.66 ,  0.05 ,  2.08
25 ,  2 ,  824881 ,  0 ,  205 ,  13.55 ,  0.05 ,  2.08
25 ,  2 ,  824925 ,  0 ,  205 ,  13.55 ,  0.06 ,  2.08
25 ,  2 ,  824966 ,  0 ,  205 ,  13.55 ,  0.05 ,  2.08
25 ,  2 ,  825007 ,  0 ,  205 ,  13.44 ,  0.05 ,  2.08
25 ,  2 ,  825048 ,  0 ,  205 ,  13.44 ,  0.05 ,  2.08
25 ,  2 ,  825089 ,  0 ,  205 ,  13.33 ,  0.05 ,  2.08
25 ,  2 ,  825129 ,  0 ,  205 ,  13.33 ,  0.05 ,  1.98
