MS, MPT, t (s), PWMi, PWMe, Pressure (Psi), LW (V), Displacement (mm)
25 ,  5 ,  872219 ,  0 ,  205 ,  13.11 ,  0.05 ,  1.98
25 ,  5 ,  872260 ,  255 ,  0 ,  13.11 ,  0.05 ,  1.98
25 ,  5 ,  872301 ,  255 ,  0 ,  16.19 ,  0.05 ,  2.08
25 ,  5 ,  872343 ,  255 ,  0 ,  32.60 ,  0.08 ,  4.27
25 ,  5 ,  872384 ,  255 ,  0 ,  47.80 ,  0.15 ,  7.84
25 ,  5 ,  872425 ,  255 ,  0 ,  57.93 ,  0.24 ,  11.51
25 ,  5 ,  872467 ,  255 ,  0 ,  64.65 ,  0.33 ,  14.29
25 ,  5 ,  872508 ,  255 ,  0 ,  69.38 ,  0.41 ,  16.27
25 ,  5 ,  872552 ,  255 ,  0 ,  73.24 ,  0.45 ,  17.66
25 ,  5 ,  872593 ,  255 ,  0 ,  75.77 ,  0.48 ,  18.65
25 ,  5 ,  872634 ,  255 ,  0 ,  78.08 ,  0.49 ,  19.45
25 ,  5 ,  872675 ,  255 ,  0 ,  79.85 ,  0.50 ,  20.04
25 ,  5 ,  872716 ,  255 ,  0 ,  81.50 ,  0.50 ,  20.54
25 ,  5 ,  872758 ,  255 ,  0 ,  82.93 ,  0.51 ,  21.03
25 ,  5 ,  872799 ,  255 ,  0 ,  84.36 ,  0.52 ,  21.33
25 ,  5 ,  872840 ,  255 ,  0 ,  85.68 ,  0.52 ,  21.73
25 ,  5 ,  872881 ,  255 ,  0 ,  86.89 ,  0.52 ,  22.13
25 ,  5 ,  872924 ,  255 ,  0 ,  88.00 ,  0.52 ,  22.42
25 ,  5 ,  872966 ,  255 ,  0 ,  88.99 ,  0.52 ,  22.62
25 ,  5 ,  873007 ,  255 ,  0 ,  90.09 ,  0.52 ,  22.92
25 ,  5 ,  873048 ,  255 ,  0 ,  90.97 ,  0.52 ,  23.12
25 ,  5 ,  873089 ,  255 ,  0 ,  91.85 ,  0.52 ,  23.32
25 ,  5 ,  873129 ,  255 ,  0 ,  92.62 ,  0.52 ,  23.51
25 ,  5 ,  873170 ,  255 ,  0 ,  93.39 ,  0.52 ,  23.71
25 ,  5 ,  873211 ,  255 ,  0 ,  94.05 ,  0.52 ,  23.91
25 ,  5 ,  873253 ,  255 ,  0 ,  94.71 ,  0.52 ,  24.01
25 ,  5 ,  873296 ,  255 ,  0 ,  95.37 ,  0.52 ,  24.11
25 ,  5 ,  873337 ,  255 ,  0 ,  95.82 ,  0.52 ,  24.21
25 ,  5 ,  873378 ,  255 ,  0 ,  96.15 ,  0.53 ,  24.31
25 ,  5 ,  873419 ,  255 ,  0 ,  96.48 ,  0.53 ,  24.41
25 ,  5 ,  873461 ,  255 ,  0 ,  96.70 ,  0.52 ,  24.51
25 ,  5 ,  873502 ,  255 ,  0 ,  96.81 ,  0.53 ,  24.61
25 ,  5 ,  873543 ,  255 ,  0 ,  96.92 ,  0.53 ,  24.61
25 ,  5 ,  873584 ,  255 ,  0 ,  96.92 ,  0.52 ,  24.61
25 ,  5 ,  873625 ,  255 ,  0 ,  97.03 ,  0.52 ,  24.61
25 ,  5 ,  873669 ,  255 ,  0 ,  97.03 ,  0.53 ,  24.71
25 ,  5 ,  873710 ,  255 ,  0 ,  97.03 ,  0.53 ,  24.71
25 ,  5 ,  873751 ,  255 ,  0 ,  97.03 ,  0.52 ,  24.71
25 ,  5 ,  873792 ,  255 ,  0 ,  97.03 ,  0.52 ,  24.71
25 ,  5 ,  873833 ,  255 ,  0 ,  97.03 ,  0.53 ,  24.71
25 ,  5 ,  873874 ,  255 ,  0 ,  97.03 ,  0.53 ,  24.80
25 ,  5 ,  873916 ,  255 ,  0 ,  97.03 ,  0.53 ,  24.80
25 ,  5 ,  873957 ,  255 ,  0 ,  96.92 ,  0.53 ,  24.80
25 ,  5 ,  873998 ,  255 ,  0 ,  97.03 ,  0.53 ,  24.80
25 ,  5 ,  874041 ,  255 ,  0 ,  97.03 ,  0.53 ,  24.80
25 ,  5 ,  874082 ,  255 ,  0 ,  96.92 ,  0.52 ,  24.90
25 ,  5 ,  874124 ,  255 ,  0 ,  97.03 ,  0.52 ,  24.90
25 ,  5 ,  874165 ,  255 ,  0 ,  96.92 ,  0.53 ,  24.90
25 ,  5 ,  874206 ,  255 ,  0 ,  96.92 ,  0.52 ,  24.90
25 ,  5 ,  874247 ,  255 ,  0 ,  96.92 ,  0.53 ,  24.90
25 ,  5 ,  874288 ,  255 ,  0 ,  96.92 ,  0.53 ,  24.90
25 ,  5 ,  874329 ,  255 ,  0 ,  96.92 ,  0.53 ,  24.90
25 ,  5 ,  874370 ,  255 ,  0 ,  96.92 ,  0.52 ,  24.90
25 ,  5 ,  874414 ,  255 ,  0 ,  96.92 ,  0.52 ,  24.90
25 ,  5 ,  874455 ,  255 ,  0 ,  96.92 ,  0.52 ,  25.00
25 ,  5 ,  874496 ,  255 ,  0 ,  96.92 ,  0.53 ,  25.00
25 ,  5 ,  874536 ,  255 ,  0 ,  96.92 ,  0.52 ,  25.00
25 ,  5 ,  874577 ,  255 ,  0 ,  96.92 ,  0.53 ,  25.00
25 ,  5 ,  874619 ,  255 ,  0 ,  96.92 ,  0.53 ,  25.00
25 ,  5 ,  874660 ,  255 ,  0 ,  96.92 ,  0.53 ,  25.00
25 ,  5 ,  874701 ,  255 ,  0 ,  96.92 ,  0.53 ,  25.00
25 ,  5 ,  874742 ,  255 ,  0 ,  96.92 ,  0.52 ,  25.00
25 ,  5 ,  874785 ,  255 ,  0 ,  96.92 ,  0.53 ,  25.00
25 ,  5 ,  874827 ,  255 ,  0 ,  96.92 ,  0.53 ,  25.00
25 ,  5 ,  874868 ,  255 ,  0 ,  96.92 ,  0.52 ,  25.10
25 ,  5 ,  874909 ,  255 ,  0 ,  96.92 ,  0.53 ,  25.10
25 ,  5 ,  874950 ,  255 ,  0 ,  96.81 ,  0.53 ,  25.10
25 ,  5 ,  874991 ,  255 ,  0 ,  96.92 ,  0.52 ,  25.10
25 ,  5 ,  875032 ,  255 ,  0 ,  96.92 ,  0.52 ,  25.10
25 ,  5 ,  875073 ,  255 ,  0 ,  96.92 ,  0.53 ,  25.10
25 ,  5 ,  875115 ,  255 ,  0 ,  96.92 ,  0.53 ,  25.10
25 ,  5 ,  875158 ,  255 ,  0 ,  96.92 ,  0.53 ,  25.10
25 ,  5 ,  875199 ,  0 ,  205 ,  96.92 ,  0.53 ,  25.10
25 ,  5 ,  875240 ,  0 ,  205 ,  93.06 ,  0.53 ,  24.90
25 ,  5 ,  875281 ,  0 ,  205 ,  86.67 ,  0.52 ,  24.21
25 ,  5 ,  875323 ,  0 ,  205 ,  81.06 ,  0.53 ,  23.32
25 ,  5 ,  875364 ,  0 ,  205 ,  76.32 ,  0.52 ,  22.52
25 ,  5 ,  875405 ,  0 ,  205 ,  72.47 ,  0.52 ,  21.63
25 ,  5 ,  875446 ,  0 ,  205 ,  69.27 ,  0.51 ,  20.94
25 ,  5 ,  875487 ,  0 ,  205 ,  66.63 ,  0.50 ,  20.14
25 ,  5 ,  875531 ,  0 ,  205 ,  64.21 ,  0.49 ,  19.45
25 ,  5 ,  875572 ,  0 ,  205 ,  62.34 ,  0.48 ,  18.85
25 ,  5 ,  875613 ,  0 ,  205 ,  60.57 ,  0.47 ,  18.36
25 ,  5 ,  875654 ,  0 ,  205 ,  59.14 ,  0.45 ,  17.86
25 ,  5 ,  875696 ,  0 ,  205 ,  57.82 ,  0.43 ,  17.36
25 ,  5 ,  875741 ,  0 ,  205 ,  56.50 ,  0.42 ,  16.87
25 ,  5 ,  875782 ,  0 ,  205 ,  55.51 ,  0.40 ,  16.47
25 ,  5 ,  875823 ,  0 ,  205 ,  54.63 ,  0.39 ,  16.17
25 ,  5 ,  875864 ,  0 ,  205 ,  53.86 ,  0.37 ,  15.88
25 ,  5 ,  875907 ,  0 ,  205 ,  53.09 ,  0.36 ,  15.48
25 ,  5 ,  875949 ,  0 ,  205 ,  52.42 ,  0.35 ,  15.18
25 ,  5 ,  875990 ,  0 ,  205 ,  51.87 ,  0.33 ,  14.98
25 ,  5 ,  876030 ,  0 ,  205 ,  51.43 ,  0.32 ,  14.78
25 ,  5 ,  876071 ,  0 ,  205 ,  50.88 ,  0.32 ,  14.59
25 ,  5 ,  876112 ,  0 ,  205 ,  50.44 ,  0.30 ,  14.39
25 ,  5 ,  876153 ,  0 ,  205 ,  50.11 ,  0.30 ,  14.19
25 ,  5 ,  876194 ,  0 ,  205 ,  49.67 ,  0.29 ,  13.99
25 ,  5 ,  876235 ,  0 ,  205 ,  49.34 ,  0.28 ,  13.79
25 ,  5 ,  876279 ,  0 ,  205 ,  49.01 ,  0.28 ,  13.69
25 ,  5 ,  876320 ,  0 ,  205 ,  48.79 ,  0.27 ,  13.49
25 ,  5 ,  876361 ,  0 ,  205 ,  48.46 ,  0.27 ,  13.39
25 ,  5 ,  876402 ,  0 ,  205 ,  48.24 ,  0.26 ,  13.30
25 ,  5 ,  876443 ,  0 ,  205 ,  47.91 ,  0.25 ,  13.20
25 ,  5 ,  876485 ,  0 ,  205 ,  47.80 ,  0.25 ,  13.10
25 ,  5 ,  876526 ,  0 ,  205 ,  47.58 ,  0.25 ,  13.00
25 ,  5 ,  876567 ,  0 ,  205 ,  47.36 ,  0.24 ,  12.90
25 ,  5 ,  876608 ,  0 ,  205 ,  47.14 ,  0.24 ,  12.80
25 ,  5 ,  876651 ,  0 ,  205 ,  46.92 ,  0.24 ,  12.70
25 ,  5 ,  876692 ,  0 ,  205 ,  46.81 ,  0.23 ,  12.60
25 ,  5 ,  876734 ,  0 ,  205 ,  46.59 ,  0.23 ,  12.50
25 ,  5 ,  876775 ,  0 ,  205 ,  46.37 ,  0.22 ,  12.40
25 ,  5 ,  876816 ,  0 ,  205 ,  46.26 ,  0.22 ,  12.40
25 ,  5 ,  876857 ,  0 ,  205 ,  46.15 ,  0.22 ,  12.20
25 ,  5 ,  876898 ,  0 ,  205 ,  46.04 ,  0.22 ,  12.20
25 ,  5 ,  876939 ,  0 ,  205 ,  45.82 ,  0.22 ,  12.20
25 ,  5 ,  876980 ,  0 ,  205 ,  45.71 ,  0.21 ,  12.10
25 ,  5 ,  877024 ,  0 ,  205 ,  45.60 ,  0.21 ,  12.01
25 ,  5 ,  877065 ,  0 ,  205 ,  45.38 ,  0.21 ,  12.01
25 ,  5 ,  877106 ,  0 ,  205 ,  45.27 ,  0.21 ,  11.91
25 ,  5 ,  877147 ,  0 ,  205 ,  45.16 ,  0.20 ,  11.91
25 ,  5 ,  877188 ,  0 ,  205 ,  45.05 ,  0.20 ,  11.81
25 ,  5 ,  877229 ,  0 ,  205 ,  44.94 ,  0.20 ,  11.71
25 ,  5 ,  877270 ,  0 ,  205 ,  44.72 ,  0.20 ,  11.71
25 ,  5 ,  877312 ,  0 ,  205 ,  44.61 ,  0.20 ,  11.61
25 ,  5 ,  877352 ,  0 ,  205 ,  44.50 ,  0.20 ,  11.51
25 ,  5 ,  877395 ,  0 ,  205 ,  44.50 ,  0.19 ,  11.51
25 ,  5 ,  877436 ,  0 ,  205 ,  44.28 ,  0.19 ,  11.51
25 ,  5 ,  877477 ,  0 ,  205 ,  44.17 ,  0.19 ,  11.41
25 ,  5 ,  877519 ,  0 ,  205 ,  44.17 ,  0.18 ,  11.41
25 ,  5 ,  877560 ,  0 ,  205 ,  43.95 ,  0.19 ,  11.31
25 ,  5 ,  877601 ,  0 ,  205 ,  43.84 ,  0.18 ,  11.31
25 ,  5 ,  877642 ,  0 ,  205 ,  43.84 ,  0.18 ,  11.21
25 ,  5 ,  877683 ,  0 ,  205 ,  43.61 ,  0.18 ,  11.21
25 ,  5 ,  877724 ,  0 ,  205 ,  43.61 ,  0.17 ,  11.11
25 ,  5 ,  877768 ,  0 ,  205 ,  43.50 ,  0.18 ,  11.11
25 ,  5 ,  877809 ,  0 ,  205 ,  43.39 ,  0.18 ,  11.01
25 ,  5 ,  877850 ,  0 ,  205 ,  43.17 ,  0.17 ,  11.01
25 ,  5 ,  877891 ,  0 ,  205 ,  43.17 ,  0.17 ,  11.01
25 ,  5 ,  877932 ,  0 ,  205 ,  43.06 ,  0.17 ,  10.91
25 ,  5 ,  877973 ,  0 ,  205 ,  42.95 ,  0.17 ,  10.91
25 ,  5 ,  878014 ,  0 ,  205 ,  42.84 ,  0.17 ,  10.81
25 ,  5 ,  878056 ,  0 ,  205 ,  42.73 ,  0.16 ,  10.81
25 ,  5 ,  878097 ,  0 ,  205 ,  42.62 ,  0.17 ,  10.81
25 ,  5 ,  878140 ,  0 ,  205 ,  42.51 ,  0.16 ,  10.72
25 ,  5 ,  878181 ,  0 ,  205 ,  42.51 ,  0.16 ,  10.72
25 ,  5 ,  878222 ,  0 ,  205 ,  42.40 ,  0.16 ,  10.62
25 ,  5 ,  878264 ,  0 ,  205 ,  42.29 ,  0.16 ,  10.62
25 ,  5 ,  878305 ,  0 ,  205 ,  42.18 ,  0.16 ,  10.52
25 ,  5 ,  878346 ,  0 ,  205 ,  41.96 ,  0.16 ,  10.52
25 ,  5 ,  878387 ,  0 ,  205 ,  41.96 ,  0.15 ,  10.52
25 ,  5 ,  878428 ,  0 ,  205 ,  41.85 ,  0.15 ,  10.42
25 ,  5 ,  878469 ,  0 ,  205 ,  41.74 ,  0.15 ,  10.42
25 ,  5 ,  878513 ,  0 ,  205 ,  41.63 ,  0.15 ,  10.42
25 ,  5 ,  878554 ,  0 ,  205 ,  41.52 ,  0.15 ,  10.32
25 ,  5 ,  878595 ,  0 ,  205 ,  41.41 ,  0.14 ,  10.32
25 ,  5 ,  878636 ,  0 ,  205 ,  41.30 ,  0.15 ,  10.22
25 ,  5 ,  878676 ,  0 ,  205 ,  41.19 ,  0.14 ,  10.22
25 ,  5 ,  878717 ,  0 ,  205 ,  41.19 ,  0.15 ,  10.22
25 ,  5 ,  878759 ,  0 ,  205 ,  41.08 ,  0.14 ,  10.12
25 ,  5 ,  878800 ,  0 ,  205 ,  40.97 ,  0.14 ,  10.12
25 ,  5 ,  878841 ,  0 ,  205 ,  40.86 ,  0.14 ,  10.02
25 ,  5 ,  878884 ,  0 ,  205 ,  40.75 ,  0.14 ,  10.02
25 ,  5 ,  878925 ,  0 ,  205 ,  40.64 ,  0.14 ,  10.02
25 ,  5 ,  878966 ,  0 ,  205 ,  40.53 ,  0.14 ,  9.92
25 ,  5 ,  879008 ,  0 ,  205 ,  40.42 ,  0.14 ,  9.92
25 ,  5 ,  879049 ,  0 ,  205 ,  40.42 ,  0.13 ,  9.82
25 ,  5 ,  879090 ,  0 ,  205 ,  40.20 ,  0.14 ,  9.82
25 ,  5 ,  879131 ,  0 ,  205 ,  40.20 ,  0.13 ,  9.82
25 ,  5 ,  879172 ,  0 ,  205 ,  40.09 ,  0.13 ,  9.72
25 ,  5 ,  879213 ,  0 ,  205 ,  39.98 ,  0.13 ,  9.72
25 ,  5 ,  879256 ,  0 ,  205 ,  39.87 ,  0.13 ,  9.62
25 ,  5 ,  879298 ,  0 ,  205 ,  39.76 ,  0.13 ,  9.62
25 ,  5 ,  879339 ,  0 ,  205 ,  39.65 ,  0.12 ,  9.62
25 ,  5 ,  879380 ,  0 ,  205 ,  39.54 ,  0.13 ,  9.53
25 ,  5 ,  879421 ,  0 ,  205 ,  39.54 ,  0.12 ,  9.53
25 ,  5 ,  879463 ,  0 ,  205 ,  39.32 ,  0.12 ,  9.43
25 ,  5 ,  879504 ,  0 ,  205 ,  39.21 ,  0.12 ,  9.43
25 ,  5 ,  879545 ,  0 ,  205 ,  39.21 ,  0.12 ,  9.43
25 ,  5 ,  879586 ,  0 ,  205 ,  39.10 ,  0.12 ,  9.33
25 ,  5 ,  879629 ,  0 ,  205 ,  38.99 ,  0.12 ,  9.33
25 ,  5 ,  879670 ,  0 ,  205 ,  38.88 ,  0.12 ,  9.23
25 ,  5 ,  879711 ,  0 ,  205 ,  38.77 ,  0.12 ,  9.23
25 ,  5 ,  879753 ,  0 ,  205 ,  38.66 ,  0.12 ,  9.23
25 ,  5 ,  879794 ,  0 ,  205 ,  38.66 ,  0.12 ,  9.13
25 ,  5 ,  879835 ,  0 ,  205 ,  38.55 ,  0.12 ,  9.13
25 ,  5 ,  879876 ,  0 ,  205 ,  38.44 ,  0.12 ,  9.13
25 ,  5 ,  879917 ,  0 ,  205 ,  38.33 ,  0.12 ,  9.03
25 ,  5 ,  879958 ,  0 ,  205 ,  38.22 ,  0.11 ,  9.03
25 ,  5 ,  880001 ,  0 ,  205 ,  38.11 ,  0.11 ,  8.93
25 ,  5 ,  880043 ,  0 ,  205 ,  38.11 ,  0.11 ,  8.93
25 ,  5 ,  880083 ,  0 ,  205 ,  37.89 ,  0.11 ,  8.93
25 ,  5 ,  880124 ,  0 ,  205 ,  37.78 ,  0.12 ,  8.83
25 ,  5 ,  880165 ,  0 ,  205 ,  37.78 ,  0.11 ,  8.83
25 ,  5 ,  880206 ,  0 ,  205 ,  37.67 ,  0.11 ,  8.83
25 ,  5 ,  880247 ,  0 ,  205 ,  37.56 ,  0.11 ,  8.73
25 ,  5 ,  880288 ,  0 ,  205 ,  37.45 ,  0.11 ,  8.73
25 ,  5 ,  880329 ,  0 ,  205 ,  37.45 ,  0.11 ,  8.63
25 ,  5 ,  880373 ,  0 ,  205 ,  37.34 ,  0.11 ,  8.63
25 ,  5 ,  880414 ,  0 ,  205 ,  37.12 ,  0.11 ,  8.63
25 ,  5 ,  880455 ,  0 ,  205 ,  37.12 ,  0.10 ,  8.53
25 ,  5 ,  880496 ,  0 ,  205 ,  37.01 ,  0.11 ,  8.53
25 ,  5 ,  880537 ,  0 ,  205 ,  36.90 ,  0.10 ,  8.53
25 ,  5 ,  880578 ,  0 ,  205 ,  36.79 ,  0.10 ,  8.43
25 ,  5 ,  880619 ,  0 ,  205 ,  36.68 ,  0.10 ,  8.43
25 ,  5 ,  880660 ,  0 ,  205 ,  36.68 ,  0.10 ,  8.43
25 ,  5 ,  880701 ,  0 ,  205 ,  36.57 ,  0.10 ,  8.33
25 ,  5 ,  880743 ,  0 ,  205 ,  36.46 ,  0.10 ,  8.33
25 ,  5 ,  880786 ,  0 ,  205 ,  36.35 ,  0.10 ,  8.33
25 ,  5 ,  880827 ,  0 ,  205 ,  36.24 ,  0.10 ,  8.24
25 ,  5 ,  880868 ,  0 ,  205 ,  36.24 ,  0.10 ,  8.24
25 ,  5 ,  880909 ,  0 ,  205 ,  36.02 ,  0.10 ,  8.24
25 ,  5 ,  880950 ,  0 ,  205 ,  36.02 ,  0.10 ,  8.14
25 ,  5 ,  880991 ,  0 ,  205 ,  35.91 ,  0.10 ,  8.14
25 ,  5 ,  881032 ,  0 ,  205 ,  35.80 ,  0.10 ,  8.14
25 ,  5 ,  881074 ,  0 ,  205 ,  35.69 ,  0.10 ,  8.04
25 ,  5 ,  881115 ,  0 ,  205 ,  35.58 ,  0.10 ,  8.04
25 ,  5 ,  881158 ,  0 ,  205 ,  35.58 ,  0.10 ,  8.04
25 ,  5 ,  881199 ,  0 ,  205 ,  35.47 ,  0.10 ,  7.94
25 ,  5 ,  881240 ,  0 ,  205 ,  35.36 ,  0.10 ,  7.94
25 ,  5 ,  881281 ,  0 ,  205 ,  35.25 ,  0.09 ,  7.94
25 ,  5 ,  881321 ,  0 ,  205 ,  35.25 ,  0.09 ,  7.84
25 ,  5 ,  881363 ,  0 ,  205 ,  35.13 ,  0.10 ,  7.84
25 ,  5 ,  881404 ,  0 ,  205 ,  34.91 ,  0.09 ,  7.84
25 ,  5 ,  881445 ,  0 ,  205 ,  34.91 ,  0.09 ,  7.74
25 ,  5 ,  881486 ,  0 ,  205 ,  34.80 ,  0.09 ,  7.74
25 ,  5 ,  881529 ,  0 ,  205 ,  34.69 ,  0.09 ,  7.74
25 ,  5 ,  881570 ,  0 ,  205 ,  34.58 ,  0.09 ,  7.64
25 ,  5 ,  881611 ,  0 ,  205 ,  34.47 ,  0.09 ,  7.64
25 ,  5 ,  881652 ,  0 ,  205 ,  34.36 ,  0.09 ,  7.64
25 ,  5 ,  881694 ,  0 ,  205 ,  34.36 ,  0.09 ,  7.54
25 ,  5 ,  881735 ,  0 ,  205 ,  34.25 ,  0.09 ,  7.54
25 ,  5 ,  881776 ,  0 ,  205 ,  34.14 ,  0.09 ,  7.54
25 ,  5 ,  881817 ,  0 ,  205 ,  34.03 ,  0.09 ,  7.54
25 ,  5 ,  881858 ,  0 ,  205 ,  34.03 ,  0.09 ,  7.44
25 ,  5 ,  881901 ,  0 ,  205 ,  33.92 ,  0.09 ,  7.44
25 ,  5 ,  881942 ,  0 ,  205 ,  33.81 ,  0.09 ,  7.44
25 ,  5 ,  881984 ,  0 ,  205 ,  33.70 ,  0.09 ,  7.34
25 ,  5 ,  882025 ,  0 ,  205 ,  33.70 ,  0.08 ,  7.24
25 ,  5 ,  882066 ,  0 ,  205 ,  33.59 ,  0.08 ,  7.34
25 ,  5 ,  882107 ,  0 ,  205 ,  33.48 ,  0.09 ,  7.24
25 ,  5 ,  882148 ,  0 ,  205 ,  33.37 ,  0.09 ,  7.24
25 ,  5 ,  882189 ,  0 ,  205 ,  33.26 ,  0.08 ,  7.24
25 ,  5 ,  882230 ,  0 ,  205 ,  33.15 ,  0.08 ,  7.14
25 ,  5 ,  882273 ,  0 ,  205 ,  33.15 ,  0.08 ,  7.14
25 ,  5 ,  882315 ,  0 ,  205 ,  33.04 ,  0.09 ,  7.14
25 ,  5 ,  882356 ,  0 ,  205 ,  32.93 ,  0.09 ,  7.14
25 ,  5 ,  882397 ,  0 ,  205 ,  32.82 ,  0.08 ,  7.04
25 ,  5 ,  882438 ,  0 ,  205 ,  32.71 ,  0.08 ,  7.04
25 ,  5 ,  882479 ,  0 ,  205 ,  32.71 ,  0.08 ,  6.95
25 ,  5 ,  882520 ,  0 ,  205 ,  32.60 ,  0.08 ,  6.95
25 ,  5 ,  882561 ,  0 ,  205 ,  32.49 ,  0.08 ,  6.95
25 ,  5 ,  882601 ,  0 ,  205 ,  32.38 ,  0.09 ,  6.95
25 ,  5 ,  882646 ,  0 ,  205 ,  32.27 ,  0.08 ,  6.85
25 ,  5 ,  882686 ,  0 ,  205 ,  32.27 ,  0.08 ,  6.85
25 ,  5 ,  882727 ,  0 ,  205 ,  32.16 ,  0.08 ,  6.85
25 ,  5 ,  882768 ,  0 ,  205 ,  32.05 ,  0.08 ,  6.75
25 ,  5 ,  882809 ,  0 ,  205 ,  32.05 ,  0.08 ,  6.75
25 ,  5 ,  882850 ,  0 ,  205 ,  31.94 ,  0.08 ,  6.75
25 ,  5 ,  882891 ,  0 ,  205 ,  31.83 ,  0.08 ,  6.75
25 ,  5 ,  882932 ,  0 ,  205 ,  31.72 ,  0.08 ,  6.65
25 ,  5 ,  882973 ,  0 ,  205 ,  31.61 ,  0.08 ,  6.65
25 ,  5 ,  883017 ,  0 ,  205 ,  31.50 ,  0.07 ,  6.65
25 ,  5 ,  883058 ,  0 ,  205 ,  31.50 ,  0.08 ,  6.55
25 ,  5 ,  883099 ,  0 ,  205 ,  31.39 ,  0.08 ,  6.55
25 ,  5 ,  883140 ,  0 ,  205 ,  31.28 ,  0.08 ,  6.55
25 ,  5 ,  883181 ,  0 ,  205 ,  31.17 ,  0.08 ,  6.55
25 ,  5 ,  883223 ,  0 ,  205 ,  31.17 ,  0.08 ,  6.45
25 ,  5 ,  883268 ,  0 ,  205 ,  31.06 ,  0.07 ,  6.45
25 ,  5 ,  883309 ,  0 ,  205 ,  30.95 ,  0.08 ,  6.45
25 ,  5 ,  883350 ,  0 ,  205 ,  30.84 ,  0.08 ,  6.35
25 ,  5 ,  883391 ,  0 ,  205 ,  30.84 ,  0.08 ,  6.35
25 ,  5 ,  883435 ,  0 ,  205 ,  30.73 ,  0.08 ,  6.35
25 ,  5 ,  883476 ,  0 ,  205 ,  30.62 ,  0.08 ,  6.35
25 ,  5 ,  883517 ,  0 ,  205 ,  30.51 ,  0.08 ,  6.25
25 ,  5 ,  883558 ,  0 ,  205 ,  30.51 ,  0.08 ,  6.25
25 ,  5 ,  883600 ,  0 ,  205 ,  30.40 ,  0.08 ,  6.25
25 ,  5 ,  883641 ,  0 ,  205 ,  30.29 ,  0.07 ,  6.15
25 ,  5 ,  883682 ,  0 ,  205 ,  30.18 ,  0.08 ,  6.15
25 ,  5 ,  883723 ,  0 ,  205 ,  30.07 ,  0.07 ,  6.15
25 ,  5 ,  883764 ,  0 ,  205 ,  30.07 ,  0.07 ,  6.15
25 ,  5 ,  883808 ,  0 ,  205 ,  29.96 ,  0.07 ,  6.05
25 ,  5 ,  883849 ,  0 ,  205 ,  29.85 ,  0.07 ,  6.05
25 ,  5 ,  883890 ,  0 ,  205 ,  29.74 ,  0.07 ,  6.05
25 ,  5 ,  883931 ,  0 ,  205 ,  29.74 ,  0.07 ,  6.05
25 ,  5 ,  883972 ,  0 ,  205 ,  29.63 ,  0.07 ,  5.95
25 ,  5 ,  884014 ,  0 ,  205 ,  29.52 ,  0.07 ,  5.95
25 ,  5 ,  884055 ,  0 ,  205 ,  29.41 ,  0.07 ,  5.95
25 ,  5 ,  884096 ,  0 ,  205 ,  29.41 ,  0.07 ,  5.95
25 ,  5 ,  884136 ,  0 ,  205 ,  29.30 ,  0.08 ,  5.85
25 ,  5 ,  884190 ,  0 ,  205 ,  29.19 ,  0.07 ,  5.85
25 ,  5 ,  884233 ,  0 ,  205 ,  29.08 ,  0.07 ,  5.85
25 ,  5 ,  884276 ,  0 ,  205 ,  29.08 ,  0.07 ,  5.85
25 ,  5 ,  884319 ,  0 ,  205 ,  28.97 ,  0.07 ,  5.75
25 ,  5 ,  884363 ,  0 ,  205 ,  28.86 ,  0.07 ,  5.75
25 ,  5 ,  884406 ,  0 ,  205 ,  28.75 ,  0.07 ,  5.75
25 ,  5 ,  884449 ,  0 ,  205 ,  28.75 ,  0.07 ,  5.75
25 ,  5 ,  884493 ,  0 ,  205 ,  28.64 ,  0.07 ,  5.66
25 ,  5 ,  884536 ,  0 ,  205 ,  28.53 ,  0.07 ,  5.66
25 ,  5 ,  884582 ,  0 ,  205 ,  28.42 ,  0.07 ,  5.66
25 ,  5 ,  884625 ,  0 ,  205 ,  28.42 ,  0.07 ,  5.56
25 ,  5 ,  884668 ,  0 ,  205 ,  28.31 ,  0.07 ,  5.56
25 ,  5 ,  884711 ,  0 ,  205 ,  28.20 ,  0.06 ,  5.56
25 ,  5 ,  884754 ,  0 ,  205 ,  28.09 ,  0.07 ,  5.56
25 ,  5 ,  884797 ,  0 ,  205 ,  27.98 ,  0.07 ,  5.56
25 ,  5 ,  884840 ,  0 ,  205 ,  27.98 ,  0.07 ,  5.46
25 ,  5 ,  884884 ,  0 ,  205 ,  27.87 ,  0.07 ,  5.46
25 ,  5 ,  884927 ,  0 ,  205 ,  27.76 ,  0.06 ,  5.46
25 ,  5 ,  884972 ,  0 ,  205 ,  27.65 ,  0.07 ,  5.46
25 ,  5 ,  885015 ,  0 ,  205 ,  27.54 ,  0.07 ,  5.36
25 ,  5 ,  885058 ,  0 ,  205 ,  27.54 ,  0.07 ,  5.36
25 ,  5 ,  885101 ,  0 ,  205 ,  27.43 ,  0.06 ,  5.36
25 ,  5 ,  885145 ,  0 ,  205 ,  27.43 ,  0.07 ,  5.36
25 ,  5 ,  885188 ,  0 ,  205 ,  27.32 ,  0.07 ,  5.26
25 ,  5 ,  885231 ,  0 ,  205 ,  27.21 ,  0.07 ,  5.26
25 ,  5 ,  885274 ,  0 ,  205 ,  27.10 ,  0.06 ,  5.26
25 ,  5 ,  885317 ,  0 ,  205 ,  27.10 ,  0.07 ,  5.26
25 ,  5 ,  885363 ,  0 ,  205 ,  26.99 ,  0.06 ,  5.26
25 ,  5 ,  885406 ,  0 ,  205 ,  26.88 ,  0.06 ,  5.16
25 ,  5 ,  885449 ,  0 ,  205 ,  26.88 ,  0.07 ,  5.16
25 ,  5 ,  885492 ,  0 ,  205 ,  26.77 ,  0.07 ,  5.16
25 ,  5 ,  885535 ,  0 ,  205 ,  26.66 ,  0.06 ,  5.16
25 ,  5 ,  885578 ,  0 ,  205 ,  26.66 ,  0.06 ,  5.06
25 ,  5 ,  885621 ,  0 ,  205 ,  26.43 ,  0.06 ,  5.06
25 ,  5 ,  885664 ,  0 ,  205 ,  26.43 ,  0.06 ,  5.06
25 ,  5 ,  885708 ,  0 ,  205 ,  26.32 ,  0.07 ,  5.06
25 ,  5 ,  885753 ,  0 ,  205 ,  26.32 ,  0.06 ,  4.96
25 ,  5 ,  885796 ,  0 ,  205 ,  26.10 ,  0.07 ,  4.96
25 ,  5 ,  885839 ,  0 ,  205 ,  26.10 ,  0.06 ,  4.96
25 ,  5 ,  885882 ,  0 ,  205 ,  25.99 ,  0.07 ,  4.96
25 ,  5 ,  885925 ,  0 ,  205 ,  25.99 ,  0.06 ,  4.96
25 ,  5 ,  885969 ,  0 ,  205 ,  25.88 ,  0.07 ,  4.86
25 ,  5 ,  886012 ,  0 ,  205 ,  25.77 ,  0.07 ,  4.86
25 ,  5 ,  886055 ,  0 ,  205 ,  25.66 ,  0.07 ,  4.86
25 ,  5 ,  886098 ,  0 ,  205 ,  25.66 ,  0.07 ,  4.76
25 ,  5 ,  886141 ,  0 ,  205 ,  25.55 ,  0.06 ,  4.86
25 ,  5 ,  886187 ,  0 ,  205 ,  25.44 ,  0.07 ,  4.76
25 ,  5 ,  886231 ,  0 ,  205 ,  25.33 ,  0.06 ,  4.76
25 ,  5 ,  886274 ,  0 ,  205 ,  25.33 ,  0.06 ,  4.76
25 ,  5 ,  886317 ,  0 ,  205 ,  25.33 ,  0.06 ,  4.76
25 ,  5 ,  886360 ,  0 ,  205 ,  25.22 ,  0.07 ,  4.76
25 ,  5 ,  886403 ,  0 ,  205 ,  25.11 ,  0.06 ,  4.66
25 ,  5 ,  886446 ,  0 ,  205 ,  25.11 ,  0.06 ,  4.66
25 ,  5 ,  886489 ,  0 ,  205 ,  25.00 ,  0.06 ,  4.66
25 ,  5 ,  886533 ,  0 ,  205 ,  24.89 ,  0.06 ,  4.66
25 ,  5 ,  886578 ,  0 ,  205 ,  24.78 ,  0.06 ,  4.56
25 ,  5 ,  886621 ,  0 ,  205 ,  24.67 ,  0.06 ,  4.56
25 ,  5 ,  886664 ,  0 ,  205 ,  24.67 ,  0.06 ,  4.56
25 ,  5 ,  886707 ,  0 ,  205 ,  24.56 ,  0.06 ,  4.56
25 ,  5 ,  886750 ,  0 ,  205 ,  24.45 ,  0.06 ,  4.56
25 ,  5 ,  886794 ,  0 ,  205 ,  24.45 ,  0.06 ,  4.46
25 ,  5 ,  886837 ,  0 ,  205 ,  24.34 ,  0.06 ,  4.56
25 ,  5 ,  886880 ,  0 ,  205 ,  24.34 ,  0.06 ,  4.46
25 ,  5 ,  886923 ,  0 ,  205 ,  24.23 ,  0.06 ,  4.46
25 ,  5 ,  886968 ,  0 ,  205 ,  24.12 ,  0.06 ,  4.46
25 ,  5 ,  887012 ,  0 ,  205 ,  24.12 ,  0.06 ,  4.37
25 ,  5 ,  887055 ,  0 ,  205 ,  24.01 ,  0.06 ,  4.46
25 ,  5 ,  887098 ,  0 ,  205 ,  23.90 ,  0.06 ,  4.37
25 ,  5 ,  887142 ,  0 ,  205 ,  23.79 ,  0.06 ,  4.37
25 ,  5 ,  887185 ,  0 ,  205 ,  23.79 ,  0.06 ,  4.37
25 ,  5 ,  887228 ,  0 ,  205 ,  23.68 ,  0.06 ,  4.37
25 ,  5 ,  887271 ,  0 ,  205 ,  23.68 ,  0.06 ,  4.27
25 ,  5 ,  887314 ,  0 ,  205 ,  23.57 ,  0.06 ,  4.27
25 ,  5 ,  887360 ,  0 ,  205 ,  23.46 ,  0.06 ,  4.27
25 ,  5 ,  887403 ,  0 ,  205 ,  23.35 ,  0.06 ,  4.27
25 ,  5 ,  887446 ,  0 ,  205 ,  23.35 ,  0.06 ,  4.27
25 ,  5 ,  887489 ,  0 ,  205 ,  23.35 ,  0.06 ,  4.17
25 ,  5 ,  887532 ,  0 ,  205 ,  23.13 ,  0.06 ,  4.17
25 ,  5 ,  887575 ,  0 ,  205 ,  23.13 ,  0.06 ,  4.17
25 ,  5 ,  887618 ,  0 ,  205 ,  23.02 ,  0.06 ,  4.17
25 ,  5 ,  887661 ,  0 ,  205 ,  23.02 ,  0.06 ,  4.07
25 ,  5 ,  887705 ,  0 ,  205 ,  22.91 ,  0.06 ,  4.17
25 ,  5 ,  887750 ,  0 ,  205 ,  22.91 ,  0.06 ,  4.07
25 ,  5 ,  887793 ,  0 ,  205 ,  22.80 ,  0.05 ,  4.07
25 ,  5 ,  887836 ,  0 ,  205 ,  22.69 ,  0.06 ,  4.07
25 ,  5 ,  887879 ,  0 ,  205 ,  22.58 ,  0.06 ,  4.07
25 ,  5 ,  887922 ,  0 ,  205 ,  22.58 ,  0.06 ,  4.07
25 ,  5 ,  887966 ,  0 ,  205 ,  22.47 ,  0.06 ,  4.07
25 ,  5 ,  888009 ,  0 ,  205 ,  22.36 ,  0.06 ,  3.97
25 ,  5 ,  888052 ,  0 ,  205 ,  22.36 ,  0.06 ,  4.07
25 ,  5 ,  888095 ,  0 ,  205 ,  22.25 ,  0.06 ,  3.97
25 ,  5 ,  888140 ,  0 ,  205 ,  22.25 ,  0.06 ,  3.97
25 ,  5 ,  888184 ,  0 ,  205 ,  22.14 ,  0.06 ,  3.97
25 ,  5 ,  888227 ,  0 ,  205 ,  22.14 ,  0.06 ,  3.87
25 ,  5 ,  888270 ,  0 ,  205 ,  22.03 ,  0.06 ,  3.97
25 ,  5 ,  888313 ,  0 ,  205 ,  21.92 ,  0.06 ,  3.87
25 ,  5 ,  888356 ,  0 ,  205 ,  21.81 ,  0.06 ,  3.87
25 ,  5 ,  888399 ,  0 ,  205 ,  21.81 ,  0.06 ,  3.87
25 ,  5 ,  888442 ,  0 ,  205 ,  21.81 ,  0.06 ,  3.77
25 ,  5 ,  888486 ,  0 ,  205 ,  21.70 ,  0.06 ,  3.87
25 ,  5 ,  888531 ,  0 ,  205 ,  21.59 ,  0.06 ,  3.77
25 ,  5 ,  888574 ,  0 ,  205 ,  21.59 ,  0.06 ,  3.77
25 ,  5 ,  888617 ,  0 ,  205 ,  21.48 ,  0.06 ,  3.77
25 ,  5 ,  888679 ,  0 ,  205 ,  21.37 ,  0.06 ,  3.77
25 ,  5 ,  888722 ,  0 ,  205 ,  21.37 ,  0.06 ,  3.77
25 ,  5 ,  888765 ,  0 ,  205 ,  21.26 ,  0.06 ,  3.77
25 ,  5 ,  888808 ,  0 ,  205 ,  21.26 ,  0.06 ,  3.67
25 ,  5 ,  888851 ,  0 ,  205 ,  21.15 ,  0.06 ,  3.77
25 ,  5 ,  888895 ,  0 ,  205 ,  21.15 ,  0.06 ,  3.67
25 ,  5 ,  888938 ,  0 ,  205 ,  21.04 ,  0.06 ,  3.67
25 ,  5 ,  888983 ,  0 ,  205 ,  20.93 ,  0.06 ,  3.67
25 ,  5 ,  889026 ,  0 ,  205 ,  20.93 ,  0.06 ,  3.67
25 ,  5 ,  889069 ,  0 ,  205 ,  20.82 ,  0.06 ,  3.57
25 ,  5 ,  889112 ,  0 ,  205 ,  20.71 ,  0.06 ,  3.57
25 ,  5 ,  889156 ,  0 ,  205 ,  20.71 ,  0.06 ,  3.57
25 ,  5 ,  889199 ,  0 ,  205 ,  20.71 ,  0.06 ,  3.57
25 ,  5 ,  889242 ,  0 ,  205 ,  20.60 ,  0.06 ,  3.57
25 ,  5 ,  889285 ,  0 ,  205 ,  20.49 ,  0.05 ,  3.57
25 ,  5 ,  889328 ,  0 ,  205 ,  20.38 ,  0.06 ,  3.57
25 ,  5 ,  889374 ,  0 ,  205 ,  20.38 ,  0.06 ,  3.57
25 ,  5 ,  889417 ,  0 ,  205 ,  20.27 ,  0.06 ,  3.57
25 ,  5 ,  889460 ,  0 ,  205 ,  20.27 ,  0.06 ,  3.47
25 ,  5 ,  889503 ,  0 ,  205 ,  20.16 ,  0.06 ,  3.47
25 ,  5 ,  889546 ,  0 ,  205 ,  20.16 ,  0.06 ,  3.47
25 ,  5 ,  889589 ,  0 ,  205 ,  20.05 ,  0.06 ,  3.47
25 ,  5 ,  889632 ,  0 ,  205 ,  20.05 ,  0.06 ,  3.37
25 ,  5 ,  889675 ,  0 ,  205 ,  19.94 ,  0.05 ,  3.47
25 ,  5 ,  889719 ,  0 ,  205 ,  19.94 ,  0.06 ,  3.37
25 ,  5 ,  889764 ,  0 ,  205 ,  19.83 ,  0.05 ,  3.37
25 ,  5 ,  889807 ,  0 ,  205 ,  19.72 ,  0.06 ,  3.37
25 ,  5 ,  889850 ,  0 ,  205 ,  19.72 ,  0.06 ,  3.37
25 ,  5 ,  889893 ,  0 ,  205 ,  19.61 ,  0.06 ,  3.37
25 ,  5 ,  889936 ,  0 ,  205 ,  19.61 ,  0.05 ,  3.37
25 ,  5 ,  889980 ,  0 ,  205 ,  19.50 ,  0.06 ,  3.37
25 ,  5 ,  890023 ,  0 ,  205 ,  19.50 ,  0.06 ,  3.27
25 ,  5 ,  890066 ,  0 ,  205 ,  19.39 ,  0.06 ,  3.27
25 ,  5 ,  890109 ,  0 ,  205 ,  19.28 ,  0.06 ,  3.27
25 ,  5 ,  890155 ,  0 ,  205 ,  19.28 ,  0.06 ,  3.27
25 ,  5 ,  890199 ,  0 ,  205 ,  19.17 ,  0.06 ,  3.27
25 ,  5 ,  890242 ,  0 ,  205 ,  19.17 ,  0.06 ,  3.27
25 ,  5 ,  890285 ,  0 ,  205 ,  19.06 ,  0.06 ,  3.27
25 ,  5 ,  890328 ,  0 ,  205 ,  19.06 ,  0.06 ,  3.18
25 ,  5 ,  890371 ,  0 ,  205 ,  18.95 ,  0.06 ,  3.18
25 ,  5 ,  890414 ,  0 ,  205 ,  18.95 ,  0.06 ,  3.18
25 ,  5 ,  890457 ,  0 ,  205 ,  18.95 ,  0.06 ,  3.18
25 ,  5 ,  890501 ,  0 ,  205 ,  18.84 ,  0.06 ,  3.18
25 ,  5 ,  890546 ,  0 ,  205 ,  18.73 ,  0.06 ,  3.18
25 ,  5 ,  890589 ,  0 ,  205 ,  18.73 ,  0.06 ,  3.18
25 ,  5 ,  890632 ,  0 ,  205 ,  18.62 ,  0.05 ,  3.08
25 ,  5 ,  890675 ,  0 ,  205 ,  18.62 ,  0.06 ,  3.08
25 ,  5 ,  890718 ,  0 ,  205 ,  18.51 ,  0.06 ,  3.08
25 ,  5 ,  890762 ,  0 ,  205 ,  18.40 ,  0.05 ,  3.08
25 ,  5 ,  890805 ,  0 ,  205 ,  18.40 ,  0.05 ,  3.08
25 ,  5 ,  890848 ,  0 ,  205 ,  18.40 ,  0.06 ,  3.08
25 ,  5 ,  890891 ,  0 ,  205 ,  18.29 ,  0.06 ,  3.08
25 ,  5 ,  890936 ,  0 ,  205 ,  18.29 ,  0.05 ,  3.08
25 ,  5 ,  890979 ,  0 ,  205 ,  18.18 ,  0.05 ,  2.98
25 ,  5 ,  891023 ,  0 ,  205 ,  18.18 ,  0.05 ,  2.98
25 ,  5 ,  891066 ,  0 ,  205 ,  18.07 ,  0.06 ,  2.98
25 ,  5 ,  891109 ,  0 ,  205 ,  18.07 ,  0.05 ,  2.98
25 ,  5 ,  891152 ,  0 ,  205 ,  17.96 ,  0.05 ,  2.98
25 ,  5 ,  891195 ,  0 ,  205 ,  17.96 ,  0.05 ,  2.98
25 ,  5 ,  891238 ,  0 ,  205 ,  17.85 ,  0.05 ,  2.98
25 ,  5 ,  891281 ,  0 ,  205 ,  17.85 ,  0.05 ,  2.88
25 ,  5 ,  891327 ,  0 ,  205 ,  17.73 ,  0.05 ,  2.98
25 ,  5 ,  891370 ,  0 ,  205 ,  17.73 ,  0.05 ,  2.98
25 ,  5 ,  891413 ,  0 ,  205 ,  17.62 ,  0.05 ,  2.88
25 ,  5 ,  891456 ,  0 ,  205 ,  17.62 ,  0.05 ,  2.88
25 ,  5 ,  891499 ,  0 ,  205 ,  17.51 ,  0.06 ,  2.88
25 ,  5 ,  891542 ,  0 ,  205 ,  17.51 ,  0.05 ,  2.88
25 ,  5 ,  891586 ,  0 ,  205 ,  17.40 ,  0.05 ,  2.88
25 ,  5 ,  891629 ,  0 ,  205 ,  17.40 ,  0.05 ,  2.88
25 ,  5 ,  891672 ,  0 ,  205 ,  17.29 ,  0.05 ,  2.88
25 ,  5 ,  891715 ,  0 ,  205 ,  17.29 ,  0.06 ,  2.88
25 ,  5 ,  891760 ,  0 ,  205 ,  17.18 ,  0.05 ,  2.78
25 ,  5 ,  891803 ,  0 ,  205 ,  17.18 ,  0.05 ,  2.78
25 ,  5 ,  891847 ,  0 ,  205 ,  17.07 ,  0.05 ,  2.78
25 ,  5 ,  891890 ,  0 ,  205 ,  17.07 ,  0.05 ,  2.78
25 ,  5 ,  891933 ,  0 ,  205 ,  16.96 ,  0.05 ,  2.78
25 ,  5 ,  891976 ,  0 ,  205 ,  16.96 ,  0.06 ,  2.78
25 ,  5 ,  892019 ,  0 ,  205 ,  16.96 ,  0.05 ,  2.78
25 ,  5 ,  892062 ,  0 ,  205 ,  16.85 ,  0.05 ,  2.78
25 ,  5 ,  892105 ,  0 ,  205 ,  16.74 ,  0.05 ,  2.78
25 ,  5 ,  892151 ,  0 ,  205 ,  16.74 ,  0.05 ,  2.68
25 ,  5 ,  892194 ,  0 ,  205 ,  16.74 ,  0.05 ,  2.68
25 ,  5 ,  892237 ,  0 ,  205 ,  16.63 ,  0.06 ,  2.68
25 ,  5 ,  892280 ,  0 ,  205 ,  16.52 ,  0.05 ,  2.68
25 ,  5 ,  892323 ,  0 ,  205 ,  16.52 ,  0.05 ,  2.68
25 ,  5 ,  892366 ,  0 ,  205 ,  16.52 ,  0.05 ,  2.68
25 ,  5 ,  892410 ,  0 ,  205 ,  16.52 ,  0.05 ,  2.68
25 ,  5 ,  892453 ,  0 ,  205 ,  16.41 ,  0.06 ,  2.68
25 ,  5 ,  892496 ,  0 ,  205 ,  16.30 ,  0.06 ,  2.68
25 ,  5 ,  892541 ,  0 ,  205 ,  16.30 ,  0.05 ,  2.58
25 ,  5 ,  892585 ,  0 ,  205 ,  16.30 ,  0.05 ,  2.58
25 ,  5 ,  892628 ,  0 ,  205 ,  16.19 ,  0.06 ,  2.58
25 ,  5 ,  892672 ,  0 ,  205 ,  16.19 ,  0.06 ,  2.58
25 ,  5 ,  892716 ,  0 ,  205 ,  16.19 ,  0.05 ,  2.58
25 ,  5 ,  892759 ,  0 ,  205 ,  16.08 ,  0.05 ,  2.58
25 ,  5 ,  892802 ,  0 ,  205 ,  15.97 ,  0.06 ,  2.58
25 ,  5 ,  892845 ,  0 ,  205 ,  15.97 ,  0.05 ,  2.58
25 ,  5 ,  892888 ,  0 ,  205 ,  15.97 ,  0.05 ,  2.58
25 ,  5 ,  892934 ,  0 ,  205 ,  15.86 ,  0.05 ,  2.58
25 ,  5 ,  892977 ,  0 ,  205 ,  15.75 ,  0.06 ,  2.48
25 ,  5 ,  893020 ,  0 ,  205 ,  15.75 ,  0.05 ,  2.48
25 ,  5 ,  893063 ,  0 ,  205 ,  15.75 ,  0.05 ,  2.48
25 ,  5 ,  893106 ,  0 ,  205 ,  15.75 ,  0.05 ,  2.48
25 ,  5 ,  893149 ,  0 ,  205 ,  15.64 ,  0.05 ,  2.48
25 ,  5 ,  893192 ,  0 ,  205 ,  15.64 ,  0.05 ,  2.48
25 ,  5 ,  893236 ,  0 ,  205 ,  15.53 ,  0.05 ,  2.48
25 ,  5 ,  893279 ,  0 ,  205 ,  15.53 ,  0.05 ,  2.48
25 ,  5 ,  893324 ,  0 ,  205 ,  15.42 ,  0.05 ,  2.48
25 ,  5 ,  893367 ,  0 ,  205 ,  15.42 ,  0.06 ,  2.48
25 ,  5 ,  893411 ,  0 ,  205 ,  15.31 ,  0.05 ,  2.48
25 ,  5 ,  893454 ,  0 ,  205 ,  15.31 ,  0.05 ,  2.38
25 ,  5 ,  893497 ,  0 ,  205 ,  15.31 ,  0.06 ,  2.38
25 ,  5 ,  893540 ,  0 ,  205 ,  15.20 ,  0.06 ,  2.38
25 ,  5 ,  893583 ,  0 ,  205 ,  15.20 ,  0.05 ,  2.38
25 ,  5 ,  893626 ,  0 ,  205 ,  15.09 ,  0.06 ,  2.38
25 ,  5 ,  893669 ,  0 ,  205 ,  15.09 ,  0.05 ,  2.38
25 ,  5 ,  893715 ,  0 ,  205 ,  14.98 ,  0.05 ,  2.38
25 ,  5 ,  893758 ,  0 ,  205 ,  14.98 ,  0.06 ,  2.38
25 ,  5 ,  893801 ,  0 ,  205 ,  14.98 ,  0.05 ,  2.38
25 ,  5 ,  893844 ,  0 ,  205 ,  14.98 ,  0.05 ,  2.38
25 ,  5 ,  893887 ,  0 ,  205 ,  14.87 ,  0.05 ,  2.38
25 ,  5 ,  893930 ,  0 ,  205 ,  14.87 ,  0.05 ,  2.38
25 ,  5 ,  893974 ,  0 ,  205 ,  14.76 ,  0.05 ,  2.28
25 ,  5 ,  894017 ,  0 ,  205 ,  14.76 ,  0.05 ,  2.38
25 ,  5 ,  894060 ,  0 ,  205 ,  14.65 ,  0.05 ,  2.28
25 ,  5 ,  894105 ,  0 ,  205 ,  14.76 ,  0.05 ,  2.28
25 ,  5 ,  894148 ,  0 ,  205 ,  14.65 ,  0.05 ,  2.28
25 ,  5 ,  894192 ,  0 ,  205 ,  14.54 ,  0.06 ,  2.28
25 ,  5 ,  894235 ,  0 ,  205 ,  14.54 ,  0.05 ,  2.28
25 ,  5 ,  894278 ,  0 ,  205 ,  14.54 ,  0.05 ,  2.28
25 ,  5 ,  894321 ,  0 ,  205 ,  14.43 ,  0.05 ,  2.28
25 ,  5 ,  894364 ,  0 ,  205 ,  14.43 ,  0.05 ,  2.28
25 ,  5 ,  894407 ,  0 ,  205 ,  14.43 ,  0.05 ,  2.28
25 ,  5 ,  894451 ,  0 ,  205 ,  14.32 ,  0.05 ,  2.28
25 ,  5 ,  894494 ,  0 ,  205 ,  14.32 ,  0.05 ,  2.18
25 ,  5 ,  894539 ,  0 ,  205 ,  14.21 ,  0.05 ,  2.18
25 ,  5 ,  894582 ,  0 ,  205 ,  14.21 ,  0.05 ,  2.28
25 ,  5 ,  894625 ,  0 ,  205 ,  14.21 ,  0.06 ,  2.18
25 ,  5 ,  894669 ,  0 ,  205 ,  14.10 ,  0.05 ,  2.18
25 ,  5 ,  894712 ,  0 ,  205 ,  14.10 ,  0.05 ,  2.18
25 ,  5 ,  894755 ,  0 ,  205 ,  13.99 ,  0.05 ,  2.18
25 ,  5 ,  894798 ,  0 ,  205 ,  13.99 ,  0.05 ,  2.18
25 ,  5 ,  894841 ,  0 ,  205 ,  13.99 ,  0.05 ,  2.18
25 ,  5 ,  894884 ,  0 ,  205 ,  13.88 ,  0.05 ,  2.18
25 ,  5 ,  894930 ,  0 ,  205 ,  13.88 ,  0.05 ,  2.08
25 ,  5 ,  894973 ,  0 ,  205 ,  13.88 ,  0.05 ,  2.18
25 ,  5 ,  895016 ,  0 ,  205 ,  13.77 ,  0.05 ,  2.08
25 ,  5 ,  895059 ,  0 ,  205 ,  13.77 ,  0.05 ,  2.18
25 ,  5 ,  895102 ,  0 ,  205 ,  13.77 ,  0.05 ,  2.08
25 ,  5 ,  895147 ,  0 ,  205 ,  13.77 ,  0.05 ,  2.08
25 ,  5 ,  895190 ,  0 ,  205 ,  13.66 ,  0.06 ,  2.08
25 ,  5 ,  895233 ,  0 ,  205 ,  13.66 ,  0.05 ,  2.08
25 ,  5 ,  895276 ,  0 ,  205 ,  13.55 ,  0.05 ,  2.08
25 ,  5 ,  895321 ,  0 ,  205 ,  13.55 ,  0.05 ,  2.08
25 ,  5 ,  895365 ,  0 ,  205 ,  13.55 ,  0.05 ,  2.08
25 ,  5 ,  895408 ,  0 ,  205 ,  13.44 ,  0.05 ,  2.08
25 ,  5 ,  895451 ,  0 ,  205 ,  13.44 ,  0.05 ,  2.08
25 ,  5 ,  895494 ,  0 ,  205 ,  13.44 ,  0.05 ,  2.08
25 ,  5 ,  895537 ,  0 ,  205 ,  13.33 ,  0.05 ,  2.08
25 ,  5 ,  895580 ,  0 ,  205 ,  13.33 ,  0.05 ,  2.08
25 ,  5 ,  895623 ,  0 ,  205 ,  13.33 ,  0.05 ,  2.08
25 ,  5 ,  895667 ,  0 ,  205 ,  13.22 ,  0.05 ,  2.08
25 ,  5 ,  895712 ,  0 ,  205 ,  13.22 ,  0.05 ,  1.98
