MS, MPT, t (s), PWMi, PWMe, Pressure (Psi), LW (V), Displacement (mm)
26 ,  2 ,  920773 ,  0 ,  200 ,  13.11 ,  0.05 ,  1.98
26 ,  2 ,  920814 ,  255 ,  0 ,  13.11 ,  0.05 ,  1.98
26 ,  2 ,  920856 ,  255 ,  0 ,  16.19 ,  0.05 ,  2.08
26 ,  2 ,  920897 ,  255 ,  0 ,  32.60 ,  0.08 ,  4.27
26 ,  2 ,  920938 ,  255 ,  0 ,  47.69 ,  0.15 ,  7.94
26 ,  2 ,  920980 ,  255 ,  0 ,  57.93 ,  0.24 ,  11.51
26 ,  2 ,  921021 ,  255 ,  0 ,  64.65 ,  0.33 ,  14.39
26 ,  2 ,  921063 ,  255 ,  0 ,  69.38 ,  0.40 ,  16.27
26 ,  2 ,  921106 ,  255 ,  0 ,  73.13 ,  0.45 ,  17.66
26 ,  2 ,  921147 ,  255 ,  0 ,  75.77 ,  0.47 ,  18.65
26 ,  2 ,  921189 ,  255 ,  0 ,  77.97 ,  0.49 ,  19.45
26 ,  2 ,  921231 ,  255 ,  0 ,  79.85 ,  0.50 ,  20.04
26 ,  2 ,  921272 ,  255 ,  0 ,  81.50 ,  0.50 ,  20.64
26 ,  2 ,  921313 ,  255 ,  0 ,  83.04 ,  0.51 ,  21.03
26 ,  2 ,  921354 ,  255 ,  0 ,  84.36 ,  0.51 ,  21.43
26 ,  2 ,  921395 ,  255 ,  0 ,  85.57 ,  0.52 ,  21.73
26 ,  2 ,  921437 ,  255 ,  0 ,  86.89 ,  0.52 ,  22.03
26 ,  2 ,  921480 ,  255 ,  0 ,  88.00 ,  0.52 ,  22.42
26 ,  2 ,  921521 ,  255 ,  0 ,  88.99 ,  0.53 ,  22.62
26 ,  2 ,  921563 ,  255 ,  0 ,  89.98 ,  0.52 ,  22.92
26 ,  2 ,  921604 ,  255 ,  0 ,  90.86 ,  0.52 ,  23.02
26 ,  2 ,  921645 ,  255 ,  0 ,  91.74 ,  0.52 ,  23.32
26 ,  2 ,  921686 ,  255 ,  0 ,  92.51 ,  0.52 ,  23.51
26 ,  2 ,  921728 ,  255 ,  0 ,  93.28 ,  0.53 ,  23.71
26 ,  2 ,  921768 ,  255 ,  0 ,  93.94 ,  0.52 ,  23.81
26 ,  2 ,  921809 ,  255 ,  0 ,  94.71 ,  0.52 ,  24.01
26 ,  2 ,  921852 ,  255 ,  0 ,  95.26 ,  0.52 ,  24.11
26 ,  2 ,  921894 ,  255 ,  0 ,  95.70 ,  0.52 ,  24.21
26 ,  2 ,  921935 ,  255 ,  0 ,  96.15 ,  0.52 ,  24.31
26 ,  2 ,  921976 ,  255 ,  0 ,  96.48 ,  0.53 ,  24.41
26 ,  2 ,  922017 ,  255 ,  0 ,  96.59 ,  0.52 ,  24.51
26 ,  2 ,  922059 ,  255 ,  0 ,  96.81 ,  0.53 ,  24.51
26 ,  2 ,  922100 ,  255 ,  0 ,  96.92 ,  0.53 ,  24.61
26 ,  2 ,  922141 ,  255 ,  0 ,  97.03 ,  0.53 ,  24.61
26 ,  2 ,  922182 ,  255 ,  0 ,  97.03 ,  0.53 ,  24.61
26 ,  2 ,  922226 ,  255 ,  0 ,  97.03 ,  0.53 ,  24.71
26 ,  2 ,  922267 ,  255 ,  0 ,  97.03 ,  0.52 ,  24.71
26 ,  2 ,  922308 ,  255 ,  0 ,  97.03 ,  0.53 ,  24.80
26 ,  2 ,  922350 ,  255 ,  0 ,  97.03 ,  0.52 ,  24.80
26 ,  2 ,  922391 ,  255 ,  0 ,  97.03 ,  0.53 ,  24.80
26 ,  2 ,  922432 ,  255 ,  0 ,  97.03 ,  0.53 ,  24.80
26 ,  2 ,  922473 ,  255 ,  0 ,  97.03 ,  0.52 ,  24.80
26 ,  2 ,  922514 ,  255 ,  0 ,  97.03 ,  0.53 ,  24.80
26 ,  2 ,  922556 ,  255 ,  0 ,  97.03 ,  0.53 ,  24.80
26 ,  2 ,  922599 ,  255 ,  0 ,  96.92 ,  0.53 ,  24.90
26 ,  2 ,  922640 ,  255 ,  0 ,  97.03 ,  0.53 ,  24.90
26 ,  2 ,  922682 ,  255 ,  0 ,  97.03 ,  0.53 ,  24.90
26 ,  2 ,  922723 ,  255 ,  0 ,  96.92 ,  0.52 ,  24.90
26 ,  2 ,  922764 ,  255 ,  0 ,  96.92 ,  0.53 ,  24.90
26 ,  2 ,  922805 ,  255 ,  0 ,  97.03 ,  0.53 ,  24.90
26 ,  2 ,  922847 ,  255 ,  0 ,  96.92 ,  0.53 ,  24.90
26 ,  2 ,  922888 ,  255 ,  0 ,  96.92 ,  0.53 ,  24.90
26 ,  2 ,  922929 ,  255 ,  0 ,  96.92 ,  0.52 ,  24.90
26 ,  2 ,  922973 ,  255 ,  0 ,  96.92 ,  0.53 ,  24.90
26 ,  2 ,  923014 ,  255 ,  0 ,  96.92 ,  0.53 ,  25.00
26 ,  2 ,  923055 ,  255 ,  0 ,  96.92 ,  0.53 ,  25.00
26 ,  2 ,  923096 ,  255 ,  0 ,  96.92 ,  0.53 ,  25.00
26 ,  2 ,  923137 ,  255 ,  0 ,  96.92 ,  0.53 ,  25.00
26 ,  2 ,  923179 ,  255 ,  0 ,  96.92 ,  0.53 ,  25.00
26 ,  2 ,  923219 ,  255 ,  0 ,  96.92 ,  0.53 ,  25.00
26 ,  2 ,  923260 ,  255 ,  0 ,  96.92 ,  0.53 ,  25.00
26 ,  2 ,  923301 ,  255 ,  0 ,  96.92 ,  0.53 ,  25.00
26 ,  2 ,  923345 ,  255 ,  0 ,  96.92 ,  0.53 ,  25.00
26 ,  2 ,  923386 ,  255 ,  0 ,  96.92 ,  0.53 ,  25.00
26 ,  2 ,  923427 ,  255 ,  0 ,  96.92 ,  0.52 ,  25.10
26 ,  2 ,  923469 ,  255 ,  0 ,  96.92 ,  0.53 ,  25.00
26 ,  2 ,  923510 ,  255 ,  0 ,  96.92 ,  0.53 ,  25.10
26 ,  2 ,  923551 ,  255 ,  0 ,  96.92 ,  0.53 ,  25.10
26 ,  2 ,  923592 ,  255 ,  0 ,  96.92 ,  0.53 ,  25.10
26 ,  2 ,  923634 ,  255 ,  0 ,  96.92 ,  0.53 ,  25.10
26 ,  2 ,  923675 ,  255 ,  0 ,  96.92 ,  0.53 ,  25.00
26 ,  2 ,  923718 ,  255 ,  0 ,  96.92 ,  0.53 ,  25.10
26 ,  2 ,  923760 ,  0 ,  200 ,  96.92 ,  0.53 ,  25.00
26 ,  2 ,  923801 ,  0 ,  200 ,  93.39 ,  0.53 ,  25.00
26 ,  2 ,  923842 ,  0 ,  200 ,  87.56 ,  0.52 ,  24.31
26 ,  2 ,  923883 ,  0 ,  200 ,  82.38 ,  0.52 ,  23.51
26 ,  2 ,  923924 ,  0 ,  200 ,  77.97 ,  0.52 ,  22.82
26 ,  2 ,  923966 ,  0 ,  200 ,  74.45 ,  0.52 ,  22.03
26 ,  2 ,  924007 ,  0 ,  200 ,  71.48 ,  0.51 ,  21.43
26 ,  2 ,  924048 ,  0 ,  200 ,  68.94 ,  0.51 ,  20.74
26 ,  2 ,  924092 ,  0 ,  200 ,  66.74 ,  0.50 ,  20.14
26 ,  2 ,  924133 ,  0 ,  200 ,  64.87 ,  0.49 ,  19.65
26 ,  2 ,  924174 ,  0 ,  200 ,  63.33 ,  0.48 ,  19.15
26 ,  2 ,  924215 ,  0 ,  200 ,  61.90 ,  0.47 ,  18.65
26 ,  2 ,  924256 ,  0 ,  200 ,  60.68 ,  0.46 ,  18.26
26 ,  2 ,  924298 ,  0 ,  200 ,  59.58 ,  0.45 ,  17.96
26 ,  2 ,  924339 ,  0 ,  200 ,  58.59 ,  0.44 ,  17.56
26 ,  2 ,  924380 ,  0 ,  200 ,  57.82 ,  0.43 ,  17.26
26 ,  2 ,  924421 ,  0 ,  200 ,  57.05 ,  0.42 ,  16.97
26 ,  2 ,  924465 ,  0 ,  200 ,  56.28 ,  0.41 ,  16.67
26 ,  2 ,  924506 ,  0 ,  200 ,  55.73 ,  0.39 ,  16.47
26 ,  2 ,  924547 ,  0 ,  200 ,  55.18 ,  0.38 ,  16.27
26 ,  2 ,  924588 ,  0 ,  200 ,  54.63 ,  0.37 ,  16.07
26 ,  2 ,  924630 ,  0 ,  200 ,  54.19 ,  0.36 ,  15.88
26 ,  2 ,  924670 ,  0 ,  200 ,  53.75 ,  0.36 ,  15.68
26 ,  2 ,  924711 ,  0 ,  200 ,  53.42 ,  0.35 ,  15.58
26 ,  2 ,  924752 ,  0 ,  200 ,  53.09 ,  0.34 ,  15.38
26 ,  2 ,  924794 ,  0 ,  200 ,  52.76 ,  0.33 ,  15.18
26 ,  2 ,  924837 ,  0 ,  200 ,  52.42 ,  0.33 ,  15.08
26 ,  2 ,  924878 ,  0 ,  200 ,  52.09 ,  0.32 ,  14.98
26 ,  2 ,  924920 ,  0 ,  200 ,  51.87 ,  0.32 ,  14.88
26 ,  2 ,  924962 ,  0 ,  200 ,  51.54 ,  0.31 ,  14.78
26 ,  2 ,  925003 ,  0 ,  200 ,  51.43 ,  0.30 ,  14.68
26 ,  2 ,  925044 ,  0 ,  200 ,  51.21 ,  0.30 ,  14.59
26 ,  2 ,  925085 ,  0 ,  200 ,  50.99 ,  0.29 ,  14.49
26 ,  2 ,  925127 ,  0 ,  200 ,  50.77 ,  0.29 ,  14.39
26 ,  2 ,  925173 ,  0 ,  200 ,  50.55 ,  0.29 ,  14.29
26 ,  2 ,  925217 ,  0 ,  200 ,  50.33 ,  0.28 ,  14.19
26 ,  2 ,  925258 ,  0 ,  200 ,  50.22 ,  0.28 ,  14.09
26 ,  2 ,  925299 ,  0 ,  200 ,  50.00 ,  0.28 ,  13.99
26 ,  2 ,  925341 ,  0 ,  200 ,  49.89 ,  0.27 ,  13.99
26 ,  2 ,  925382 ,  0 ,  200 ,  49.67 ,  0.27 ,  13.89
26 ,  2 ,  925423 ,  0 ,  200 ,  49.56 ,  0.27 ,  13.79
26 ,  2 ,  925464 ,  0 ,  200 ,  49.45 ,  0.27 ,  13.79
26 ,  2 ,  925506 ,  0 ,  200 ,  49.23 ,  0.26 ,  13.69
26 ,  2 ,  925547 ,  0 ,  200 ,  49.12 ,  0.26 ,  13.59
26 ,  2 ,  925590 ,  0 ,  200 ,  49.01 ,  0.26 ,  13.59
26 ,  2 ,  925631 ,  0 ,  200 ,  48.79 ,  0.25 ,  13.49
26 ,  2 ,  925673 ,  0 ,  200 ,  48.68 ,  0.26 ,  13.49
26 ,  2 ,  925714 ,  0 ,  200 ,  48.57 ,  0.25 ,  13.39
26 ,  2 ,  925755 ,  0 ,  200 ,  48.46 ,  0.25 ,  13.39
26 ,  2 ,  925796 ,  0 ,  200 ,  48.35 ,  0.25 ,  13.30
26 ,  2 ,  925837 ,  0 ,  200 ,  48.24 ,  0.24 ,  13.20
26 ,  2 ,  925879 ,  0 ,  200 ,  48.13 ,  0.24 ,  13.20
26 ,  2 ,  925920 ,  0 ,  200 ,  48.02 ,  0.24 ,  13.20
26 ,  2 ,  925963 ,  0 ,  200 ,  47.91 ,  0.24 ,  13.10
26 ,  2 ,  926005 ,  0 ,  200 ,  47.80 ,  0.23 ,  13.00
26 ,  2 ,  926046 ,  0 ,  200 ,  47.69 ,  0.23 ,  13.00
26 ,  2 ,  926087 ,  0 ,  200 ,  47.58 ,  0.23 ,  12.90
26 ,  2 ,  926128 ,  0 ,  200 ,  47.47 ,  0.23 ,  12.90
26 ,  2 ,  926169 ,  0 ,  200 ,  47.36 ,  0.23 ,  12.80
26 ,  2 ,  926211 ,  0 ,  200 ,  47.25 ,  0.22 ,  12.80
26 ,  2 ,  926252 ,  0 ,  200 ,  47.14 ,  0.23 ,  12.70
26 ,  2 ,  926292 ,  0 ,  200 ,  47.03 ,  0.22 ,  12.70
26 ,  2 ,  926337 ,  0 ,  200 ,  46.92 ,  0.22 ,  12.60
26 ,  2 ,  926377 ,  0 ,  200 ,  46.81 ,  0.22 ,  12.60
26 ,  2 ,  926418 ,  0 ,  200 ,  46.70 ,  0.22 ,  12.60
26 ,  2 ,  926459 ,  0 ,  200 ,  46.59 ,  0.22 ,  12.50
26 ,  2 ,  926500 ,  0 ,  200 ,  46.48 ,  0.22 ,  12.50
26 ,  2 ,  926542 ,  0 ,  200 ,  46.37 ,  0.22 ,  12.40
26 ,  2 ,  926583 ,  0 ,  200 ,  46.26 ,  0.21 ,  12.40
26 ,  2 ,  926624 ,  0 ,  200 ,  46.15 ,  0.21 ,  12.30
26 ,  2 ,  926665 ,  0 ,  200 ,  46.04 ,  0.21 ,  12.30
26 ,  2 ,  926709 ,  0 ,  200 ,  45.93 ,  0.21 ,  12.20
26 ,  2 ,  926750 ,  0 ,  200 ,  45.82 ,  0.21 ,  12.20
26 ,  2 ,  926791 ,  0 ,  200 ,  45.82 ,  0.21 ,  12.20
26 ,  2 ,  926832 ,  0 ,  200 ,  45.60 ,  0.20 ,  12.10
26 ,  2 ,  926873 ,  0 ,  200 ,  45.49 ,  0.20 ,  12.10
26 ,  2 ,  926915 ,  0 ,  200 ,  45.38 ,  0.20 ,  12.01
26 ,  2 ,  926956 ,  0 ,  200 ,  45.38 ,  0.20 ,  11.91
26 ,  2 ,  926997 ,  0 ,  200 ,  45.27 ,  0.20 ,  11.91
26 ,  2 ,  927038 ,  0 ,  200 ,  45.16 ,  0.20 ,  11.91
26 ,  2 ,  927082 ,  0 ,  200 ,  45.05 ,  0.19 ,  11.81
26 ,  2 ,  927123 ,  0 ,  200 ,  44.94 ,  0.19 ,  11.81
26 ,  2 ,  927164 ,  0 ,  200 ,  44.83 ,  0.19 ,  11.81
26 ,  2 ,  927205 ,  0 ,  200 ,  44.72 ,  0.19 ,  11.71
26 ,  2 ,  927247 ,  0 ,  200 ,  44.61 ,  0.19 ,  11.71
26 ,  2 ,  927288 ,  0 ,  200 ,  44.50 ,  0.19 ,  11.71
26 ,  2 ,  927329 ,  0 ,  200 ,  44.39 ,  0.18 ,  11.61
26 ,  2 ,  927370 ,  0 ,  200 ,  44.28 ,  0.18 ,  11.51
26 ,  2 ,  927412 ,  0 ,  200 ,  44.17 ,  0.18 ,  11.51
26 ,  2 ,  927455 ,  0 ,  200 ,  44.17 ,  0.18 ,  11.51
26 ,  2 ,  927496 ,  0 ,  200 ,  44.06 ,  0.18 ,  11.41
26 ,  2 ,  927537 ,  0 ,  200 ,  43.84 ,  0.18 ,  11.41
26 ,  2 ,  927579 ,  0 ,  200 ,  43.72 ,  0.18 ,  11.41
26 ,  2 ,  927620 ,  0 ,  200 ,  43.72 ,  0.18 ,  11.31
26 ,  2 ,  927661 ,  0 ,  200 ,  43.61 ,  0.17 ,  11.31
26 ,  2 ,  927702 ,  0 ,  200 ,  43.50 ,  0.18 ,  11.21
26 ,  2 ,  927744 ,  0 ,  200 ,  43.39 ,  0.18 ,  11.21
26 ,  2 ,  927784 ,  0 ,  200 ,  43.28 ,  0.17 ,  11.11
26 ,  2 ,  927827 ,  0 ,  200 ,  43.17 ,  0.17 ,  11.11
26 ,  2 ,  927868 ,  0 ,  200 ,  43.06 ,  0.16 ,  11.11
26 ,  2 ,  927910 ,  0 ,  200 ,  42.95 ,  0.17 ,  11.01
26 ,  2 ,  927951 ,  0 ,  200 ,  42.84 ,  0.17 ,  11.01
26 ,  2 ,  927992 ,  0 ,  200 ,  42.73 ,  0.17 ,  10.91
26 ,  2 ,  928033 ,  0 ,  200 ,  42.62 ,  0.16 ,  10.91
26 ,  2 ,  928074 ,  0 ,  200 ,  42.51 ,  0.16 ,  10.91
26 ,  2 ,  928116 ,  0 ,  200 ,  42.51 ,  0.16 ,  10.81
26 ,  2 ,  928157 ,  0 ,  200 ,  42.40 ,  0.16 ,  10.81
26 ,  2 ,  928200 ,  0 ,  200 ,  42.29 ,  0.15 ,  10.72
26 ,  2 ,  928242 ,  0 ,  200 ,  42.18 ,  0.16 ,  10.72
26 ,  2 ,  928283 ,  0 ,  200 ,  42.07 ,  0.15 ,  10.62
26 ,  2 ,  928324 ,  0 ,  200 ,  41.96 ,  0.15 ,  10.62
26 ,  2 ,  928365 ,  0 ,  200 ,  41.85 ,  0.15 ,  10.62
26 ,  2 ,  928406 ,  0 ,  200 ,  41.74 ,  0.15 ,  10.52
26 ,  2 ,  928448 ,  0 ,  200 ,  41.63 ,  0.15 ,  10.52
26 ,  2 ,  928489 ,  0 ,  200 ,  41.52 ,  0.15 ,  10.42
26 ,  2 ,  928530 ,  0 ,  200 ,  41.41 ,  0.15 ,  10.42
26 ,  2 ,  928574 ,  0 ,  200 ,  41.30 ,  0.14 ,  10.42
26 ,  2 ,  928615 ,  0 ,  200 ,  41.30 ,  0.14 ,  10.32
26 ,  2 ,  928656 ,  0 ,  200 ,  41.08 ,  0.14 ,  10.32
26 ,  2 ,  928697 ,  0 ,  200 ,  41.08 ,  0.13 ,  10.22
26 ,  2 ,  928738 ,  0 ,  200 ,  40.97 ,  0.14 ,  10.22
26 ,  2 ,  928780 ,  0 ,  200 ,  40.86 ,  0.14 ,  10.22
26 ,  2 ,  928821 ,  0 ,  200 ,  40.75 ,  0.14 ,  10.12
26 ,  2 ,  928862 ,  0 ,  200 ,  40.64 ,  0.14 ,  10.12
26 ,  2 ,  928903 ,  0 ,  200 ,  40.53 ,  0.14 ,  10.02
26 ,  2 ,  928947 ,  0 ,  200 ,  40.42 ,  0.13 ,  10.02
26 ,  2 ,  928989 ,  0 ,  200 ,  40.31 ,  0.13 ,  10.02
26 ,  2 ,  929030 ,  0 ,  200 ,  40.20 ,  0.13 ,  9.92
26 ,  2 ,  929071 ,  0 ,  200 ,  40.09 ,  0.13 ,  9.92
26 ,  2 ,  929112 ,  0 ,  200 ,  40.09 ,  0.13 ,  9.82
26 ,  2 ,  929153 ,  0 ,  200 ,  39.98 ,  0.13 ,  9.82
26 ,  2 ,  929193 ,  0 ,  200 ,  39.87 ,  0.13 ,  9.82
26 ,  2 ,  929235 ,  0 ,  200 ,  39.76 ,  0.13 ,  9.72
26 ,  2 ,  929276 ,  0 ,  200 ,  39.65 ,  0.13 ,  9.72
26 ,  2 ,  929319 ,  0 ,  200 ,  39.54 ,  0.13 ,  9.62
26 ,  2 ,  929360 ,  0 ,  200 ,  39.54 ,  0.13 ,  9.62
26 ,  2 ,  929402 ,  0 ,  200 ,  39.43 ,  0.12 ,  9.62
26 ,  2 ,  929443 ,  0 ,  200 ,  39.21 ,  0.12 ,  9.53
26 ,  2 ,  929484 ,  0 ,  200 ,  39.21 ,  0.12 ,  9.53
26 ,  2 ,  929525 ,  0 ,  200 ,  39.10 ,  0.12 ,  9.43
26 ,  2 ,  929566 ,  0 ,  200 ,  38.99 ,  0.12 ,  9.43
26 ,  2 ,  929608 ,  0 ,  200 ,  38.88 ,  0.12 ,  9.33
26 ,  2 ,  929649 ,  0 ,  200 ,  38.77 ,  0.12 ,  9.33
26 ,  2 ,  929692 ,  0 ,  200 ,  38.66 ,  0.11 ,  9.33
26 ,  2 ,  929733 ,  0 ,  200 ,  38.55 ,  0.12 ,  9.23
26 ,  2 ,  929775 ,  0 ,  200 ,  38.44 ,  0.12 ,  9.23
26 ,  2 ,  929816 ,  0 ,  200 ,  38.44 ,  0.11 ,  9.23
26 ,  2 ,  929857 ,  0 ,  200 ,  38.33 ,  0.11 ,  9.13
26 ,  2 ,  929898 ,  0 ,  200 ,  38.22 ,  0.11 ,  9.13
26 ,  2 ,  929939 ,  0 ,  200 ,  38.11 ,  0.11 ,  9.03
26 ,  2 ,  929981 ,  0 ,  200 ,  38.00 ,  0.11 ,  9.03
26 ,  2 ,  930022 ,  0 ,  200 ,  37.89 ,  0.11 ,  9.03
26 ,  2 ,  930065 ,  0 ,  200 ,  37.89 ,  0.11 ,  8.93
26 ,  2 ,  930106 ,  0 ,  200 ,  37.78 ,  0.11 ,  8.93
26 ,  2 ,  930148 ,  0 ,  200 ,  37.67 ,  0.11 ,  8.93
26 ,  2 ,  930189 ,  0 ,  200 ,  37.56 ,  0.11 ,  8.83
26 ,  2 ,  930230 ,  0 ,  200 ,  37.45 ,  0.11 ,  8.83
26 ,  2 ,  930271 ,  0 ,  200 ,  37.34 ,  0.11 ,  8.73
26 ,  2 ,  930312 ,  0 ,  200 ,  37.23 ,  0.11 ,  8.73
26 ,  2 ,  930353 ,  0 ,  200 ,  37.12 ,  0.10 ,  8.73
26 ,  2 ,  930395 ,  0 ,  200 ,  37.01 ,  0.11 ,  8.63
26 ,  2 ,  930438 ,  0 ,  200 ,  37.01 ,  0.10 ,  8.63
26 ,  2 ,  930479 ,  0 ,  200 ,  36.90 ,  0.10 ,  8.63
26 ,  2 ,  930520 ,  0 ,  200 ,  36.79 ,  0.10 ,  8.53
26 ,  2 ,  930562 ,  0 ,  200 ,  36.79 ,  0.10 ,  8.53
26 ,  2 ,  930603 ,  0 ,  200 ,  36.57 ,  0.10 ,  8.53
26 ,  2 ,  930643 ,  0 ,  200 ,  36.57 ,  0.11 ,  8.43
26 ,  2 ,  930684 ,  0 ,  200 ,  36.35 ,  0.10 ,  8.43
26 ,  2 ,  930725 ,  0 ,  200 ,  36.24 ,  0.10 ,  8.33
26 ,  2 ,  930766 ,  0 ,  200 ,  36.24 ,  0.10 ,  8.33
26 ,  2 ,  930810 ,  0 ,  200 ,  36.13 ,  0.10 ,  8.33
26 ,  2 ,  930851 ,  0 ,  200 ,  36.02 ,  0.10 ,  8.33
26 ,  2 ,  930892 ,  0 ,  200 ,  36.02 ,  0.10 ,  8.24
26 ,  2 ,  930933 ,  0 ,  200 ,  35.91 ,  0.10 ,  8.24
26 ,  2 ,  930975 ,  0 ,  200 ,  35.80 ,  0.09 ,  8.14
26 ,  2 ,  931016 ,  0 ,  200 ,  35.69 ,  0.10 ,  8.14
26 ,  2 ,  931057 ,  0 ,  200 ,  35.58 ,  0.09 ,  8.14
26 ,  2 ,  931098 ,  0 ,  200 ,  35.58 ,  0.09 ,  8.04
26 ,  2 ,  931139 ,  0 ,  200 ,  35.36 ,  0.09 ,  8.04
26 ,  2 ,  931180 ,  0 ,  200 ,  35.36 ,  0.09 ,  8.04
26 ,  2 ,  931224 ,  0 ,  200 ,  35.25 ,  0.09 ,  7.94
26 ,  2 ,  931265 ,  0 ,  200 ,  35.13 ,  0.09 ,  7.94
26 ,  2 ,  931306 ,  0 ,  200 ,  35.02 ,  0.09 ,  7.94
26 ,  2 ,  931347 ,  0 ,  200 ,  34.91 ,  0.09 ,  7.84
26 ,  2 ,  931389 ,  0 ,  200 ,  34.91 ,  0.09 ,  7.84
26 ,  2 ,  931430 ,  0 ,  200 ,  34.80 ,  0.09 ,  7.84
26 ,  2 ,  931471 ,  0 ,  200 ,  34.69 ,  0.09 ,  7.74
26 ,  2 ,  931512 ,  0 ,  200 ,  34.58 ,  0.09 ,  7.74
26 ,  2 ,  931553 ,  0 ,  200 ,  34.47 ,  0.08 ,  7.74
26 ,  2 ,  931597 ,  0 ,  200 ,  34.36 ,  0.09 ,  7.74
26 ,  2 ,  931638 ,  0 ,  200 ,  34.36 ,  0.09 ,  7.64
26 ,  2 ,  931679 ,  0 ,  200 ,  34.25 ,  0.09 ,  7.64
26 ,  2 ,  931720 ,  0 ,  200 ,  34.14 ,  0.09 ,  7.64
26 ,  2 ,  931762 ,  0 ,  200 ,  34.03 ,  0.08 ,  7.54
26 ,  2 ,  931803 ,  0 ,  200 ,  33.92 ,  0.09 ,  7.54
26 ,  2 ,  931844 ,  0 ,  200 ,  33.92 ,  0.09 ,  7.44
26 ,  2 ,  931886 ,  0 ,  200 ,  33.81 ,  0.09 ,  7.44
26 ,  2 ,  931927 ,  0 ,  200 ,  33.70 ,  0.08 ,  7.44
26 ,  2 ,  931970 ,  0 ,  200 ,  33.59 ,  0.09 ,  7.44
26 ,  2 ,  932012 ,  0 ,  200 ,  33.48 ,  0.08 ,  7.34
26 ,  2 ,  932052 ,  0 ,  200 ,  33.37 ,  0.08 ,  7.34
26 ,  2 ,  932093 ,  0 ,  200 ,  33.37 ,  0.09 ,  7.34
26 ,  2 ,  932134 ,  0 ,  200 ,  33.26 ,  0.08 ,  7.24
26 ,  2 ,  932176 ,  0 ,  200 ,  33.15 ,  0.08 ,  7.24
26 ,  2 ,  932217 ,  0 ,  200 ,  33.04 ,  0.08 ,  7.24
26 ,  2 ,  932258 ,  0 ,  200 ,  32.93 ,  0.08 ,  7.14
26 ,  2 ,  932299 ,  0 ,  200 ,  32.93 ,  0.08 ,  7.14
26 ,  2 ,  932343 ,  0 ,  200 ,  32.82 ,  0.08 ,  7.14
26 ,  2 ,  932384 ,  0 ,  200 ,  32.71 ,  0.08 ,  7.04
26 ,  2 ,  932425 ,  0 ,  200 ,  32.60 ,  0.08 ,  7.04
26 ,  2 ,  932467 ,  0 ,  200 ,  32.49 ,  0.08 ,  7.04
26 ,  2 ,  932508 ,  0 ,  200 ,  32.49 ,  0.07 ,  7.04
26 ,  2 ,  932549 ,  0 ,  200 ,  32.38 ,  0.08 ,  6.95
26 ,  2 ,  932591 ,  0 ,  200 ,  32.27 ,  0.08 ,  6.95
26 ,  2 ,  932632 ,  0 ,  200 ,  32.27 ,  0.08 ,  6.95
26 ,  2 ,  932673 ,  0 ,  200 ,  32.05 ,  0.08 ,  6.95
26 ,  2 ,  932726 ,  0 ,  200 ,  32.05 ,  0.08 ,  6.85
26 ,  2 ,  932770 ,  0 ,  200 ,  31.94 ,  0.08 ,  6.85
26 ,  2 ,  932813 ,  0 ,  200 ,  31.83 ,  0.08 ,  6.75
26 ,  2 ,  932856 ,  0 ,  200 ,  31.72 ,  0.08 ,  6.75
26 ,  2 ,  932905 ,  0 ,  200 ,  31.61 ,  0.08 ,  6.75
26 ,  2 ,  932950 ,  0 ,  200 ,  31.61 ,  0.08 ,  6.65
26 ,  2 ,  932993 ,  0 ,  200 ,  31.50 ,  0.08 ,  6.65
26 ,  2 ,  933036 ,  0 ,  200 ,  31.39 ,  0.08 ,  6.65
26 ,  2 ,  933080 ,  0 ,  200 ,  31.28 ,  0.08 ,  6.65
26 ,  2 ,  933126 ,  0 ,  200 ,  31.28 ,  0.08 ,  6.55
26 ,  2 ,  933169 ,  0 ,  200 ,  31.06 ,  0.08 ,  6.55
26 ,  2 ,  933212 ,  0 ,  200 ,  30.95 ,  0.07 ,  6.55
26 ,  2 ,  933255 ,  0 ,  200 ,  30.95 ,  0.08 ,  6.45
26 ,  2 ,  933298 ,  0 ,  200 ,  30.84 ,  0.07 ,  6.45
26 ,  2 ,  933342 ,  0 ,  200 ,  30.73 ,  0.08 ,  6.45
26 ,  2 ,  933385 ,  0 ,  200 ,  30.62 ,  0.07 ,  6.35
26 ,  2 ,  933428 ,  0 ,  200 ,  30.62 ,  0.07 ,  6.35
26 ,  2 ,  933471 ,  0 ,  200 ,  30.51 ,  0.07 ,  6.25
26 ,  2 ,  933517 ,  0 ,  200 ,  30.40 ,  0.07 ,  6.25
26 ,  2 ,  933560 ,  0 ,  200 ,  30.29 ,  0.07 ,  6.25
26 ,  2 ,  933603 ,  0 ,  200 ,  30.29 ,  0.07 ,  6.25
26 ,  2 ,  933646 ,  0 ,  200 ,  30.18 ,  0.07 ,  6.25
26 ,  2 ,  933689 ,  0 ,  200 ,  30.07 ,  0.07 ,  6.15
26 ,  2 ,  933733 ,  0 ,  200 ,  29.96 ,  0.07 ,  6.15
26 ,  2 ,  933776 ,  0 ,  200 ,  29.96 ,  0.07 ,  6.15
26 ,  2 ,  933819 ,  0 ,  200 ,  29.74 ,  0.07 ,  6.05
26 ,  2 ,  933862 ,  0 ,  200 ,  29.74 ,  0.07 ,  6.05
26 ,  2 ,  933905 ,  0 ,  200 ,  29.63 ,  0.07 ,  6.05
26 ,  2 ,  933951 ,  0 ,  200 ,  29.52 ,  0.07 ,  6.05
26 ,  2 ,  933994 ,  0 ,  200 ,  29.41 ,  0.07 ,  5.95
26 ,  2 ,  934037 ,  0 ,  200 ,  29.41 ,  0.07 ,  5.95
26 ,  2 ,  934080 ,  0 ,  200 ,  29.30 ,  0.07 ,  5.95
26 ,  2 ,  934124 ,  0 ,  200 ,  29.19 ,  0.06 ,  5.95
26 ,  2 ,  934167 ,  0 ,  200 ,  29.08 ,  0.07 ,  5.85
26 ,  2 ,  934210 ,  0 ,  200 ,  29.08 ,  0.07 ,  5.85
26 ,  2 ,  934253 ,  0 ,  200 ,  28.97 ,  0.07 ,  5.85
26 ,  2 ,  934297 ,  0 ,  200 ,  28.86 ,  0.07 ,  5.85
26 ,  2 ,  934342 ,  0 ,  200 ,  28.75 ,  0.07 ,  5.75
26 ,  2 ,  934385 ,  0 ,  200 ,  28.75 ,  0.07 ,  5.75
26 ,  2 ,  934428 ,  0 ,  200 ,  28.64 ,  0.07 ,  5.75
26 ,  2 ,  934472 ,  0 ,  200 ,  28.53 ,  0.07 ,  5.66
26 ,  2 ,  934515 ,  0 ,  200 ,  28.42 ,  0.06 ,  5.66
26 ,  2 ,  934558 ,  0 ,  200 ,  28.42 ,  0.07 ,  5.66
26 ,  2 ,  934601 ,  0 ,  200 ,  28.31 ,  0.06 ,  5.66
26 ,  2 ,  934644 ,  0 ,  200 ,  28.20 ,  0.07 ,  5.66
26 ,  2 ,  934688 ,  0 ,  200 ,  28.09 ,  0.07 ,  5.56
26 ,  2 ,  934733 ,  0 ,  200 ,  28.09 ,  0.06 ,  5.56
26 ,  2 ,  934776 ,  0 ,  200 ,  27.98 ,  0.07 ,  5.56
26 ,  2 ,  934819 ,  0 ,  200 ,  27.87 ,  0.06 ,  5.56
26 ,  2 ,  934863 ,  0 ,  200 ,  27.76 ,  0.07 ,  5.56
26 ,  2 ,  934906 ,  0 ,  200 ,  27.65 ,  0.07 ,  5.46
26 ,  2 ,  934949 ,  0 ,  200 ,  27.54 ,  0.06 ,  5.46
26 ,  2 ,  934992 ,  0 ,  200 ,  27.54 ,  0.07 ,  5.46
26 ,  2 ,  935035 ,  0 ,  200 ,  27.54 ,  0.07 ,  5.36
26 ,  2 ,  935079 ,  0 ,  200 ,  27.32 ,  0.07 ,  5.36
26 ,  2 ,  935124 ,  0 ,  200 ,  27.32 ,  0.06 ,  5.36
26 ,  2 ,  935168 ,  0 ,  200 ,  27.21 ,  0.07 ,  5.36
26 ,  2 ,  935212 ,  0 ,  200 ,  27.21 ,  0.07 ,  5.26
26 ,  2 ,  935255 ,  0 ,  200 ,  27.10 ,  0.07 ,  5.26
26 ,  2 ,  935298 ,  0 ,  200 ,  26.99 ,  0.07 ,  5.26
26 ,  2 ,  935341 ,  0 ,  200 ,  26.88 ,  0.06 ,  5.26
26 ,  2 ,  935384 ,  0 ,  200 ,  26.77 ,  0.06 ,  5.26
26 ,  2 ,  935428 ,  0 ,  200 ,  26.77 ,  0.07 ,  5.26
26 ,  2 ,  935471 ,  0 ,  200 ,  26.66 ,  0.07 ,  5.16
26 ,  2 ,  935516 ,  0 ,  200 ,  26.55 ,  0.07 ,  5.16
26 ,  2 ,  935559 ,  0 ,  200 ,  26.43 ,  0.07 ,  5.16
26 ,  2 ,  935603 ,  0 ,  200 ,  26.43 ,  0.07 ,  5.06
26 ,  2 ,  935646 ,  0 ,  200 ,  26.32 ,  0.06 ,  5.06
26 ,  2 ,  935689 ,  0 ,  200 ,  26.32 ,  0.06 ,  5.06
26 ,  2 ,  935732 ,  0 ,  200 ,  26.10 ,  0.07 ,  5.06
26 ,  2 ,  935776 ,  0 ,  200 ,  26.10 ,  0.06 ,  5.06
26 ,  2 ,  935819 ,  0 ,  200 ,  25.99 ,  0.06 ,  4.96
26 ,  2 ,  935862 ,  0 ,  200 ,  25.99 ,  0.06 ,  4.96
26 ,  2 ,  935907 ,  0 ,  200 ,  25.88 ,  0.07 ,  4.96
26 ,  2 ,  935951 ,  0 ,  200 ,  25.77 ,  0.06 ,  4.96
26 ,  2 ,  935994 ,  0 ,  200 ,  25.66 ,  0.06 ,  4.86
26 ,  2 ,  936037 ,  0 ,  200 ,  25.66 ,  0.06 ,  4.86
26 ,  2 ,  936080 ,  0 ,  200 ,  25.55 ,  0.06 ,  4.86
26 ,  2 ,  936123 ,  0 ,  200 ,  25.44 ,  0.06 ,  4.86
26 ,  2 ,  936167 ,  0 ,  200 ,  25.44 ,  0.06 ,  4.86
26 ,  2 ,  936210 ,  0 ,  200 ,  25.33 ,  0.07 ,  4.76
26 ,  2 ,  936253 ,  0 ,  200 ,  25.22 ,  0.06 ,  4.76
26 ,  2 ,  936298 ,  0 ,  200 ,  25.22 ,  0.06 ,  4.76
26 ,  2 ,  936342 ,  0 ,  200 ,  25.11 ,  0.06 ,  4.76
26 ,  2 ,  936385 ,  0 ,  200 ,  25.00 ,  0.06 ,  4.76
26 ,  2 ,  936428 ,  0 ,  200 ,  24.89 ,  0.06 ,  4.66
26 ,  2 ,  936471 ,  0 ,  200 ,  24.78 ,  0.06 ,  4.66
26 ,  2 ,  936515 ,  0 ,  200 ,  24.78 ,  0.06 ,  4.66
26 ,  2 ,  936558 ,  0 ,  200 ,  24.67 ,  0.06 ,  4.66
26 ,  2 ,  936601 ,  0 ,  200 ,  24.67 ,  0.06 ,  4.66
26 ,  2 ,  936644 ,  0 ,  200 ,  24.56 ,  0.06 ,  4.56
26 ,  2 ,  936687 ,  0 ,  200 ,  24.45 ,  0.06 ,  4.56
26 ,  2 ,  936733 ,  0 ,  200 ,  24.45 ,  0.06 ,  4.56
26 ,  2 ,  936776 ,  0 ,  200 ,  24.34 ,  0.06 ,  4.56
26 ,  2 ,  936820 ,  0 ,  200 ,  24.23 ,  0.06 ,  4.56
26 ,  2 ,  936863 ,  0 ,  200 ,  24.23 ,  0.06 ,  4.56
26 ,  2 ,  936906 ,  0 ,  200 ,  24.12 ,  0.06 ,  4.46
26 ,  2 ,  936949 ,  0 ,  200 ,  24.01 ,  0.06 ,  4.46
26 ,  2 ,  936993 ,  0 ,  200 ,  24.01 ,  0.06 ,  4.46
26 ,  2 ,  937036 ,  0 ,  200 ,  23.90 ,  0.06 ,  4.46
26 ,  2 ,  937079 ,  0 ,  200 ,  23.90 ,  0.06 ,  4.37
26 ,  2 ,  937125 ,  0 ,  200 ,  23.79 ,  0.06 ,  4.37
26 ,  2 ,  937168 ,  0 ,  200 ,  23.68 ,  0.06 ,  4.37
26 ,  2 ,  937211 ,  0 ,  200 ,  23.68 ,  0.06 ,  4.37
26 ,  2 ,  937254 ,  0 ,  200 ,  23.57 ,  0.06 ,  4.37
26 ,  2 ,  937297 ,  0 ,  200 ,  23.46 ,  0.06 ,  4.27
26 ,  2 ,  937341 ,  0 ,  200 ,  23.46 ,  0.06 ,  4.27
26 ,  2 ,  937384 ,  0 ,  200 ,  23.35 ,  0.06 ,  4.27
26 ,  2 ,  937427 ,  0 ,  200 ,  23.35 ,  0.06 ,  4.27
26 ,  2 ,  937470 ,  0 ,  200 ,  23.24 ,  0.06 ,  4.27
26 ,  2 ,  937517 ,  0 ,  200 ,  23.13 ,  0.06 ,  4.27
26 ,  2 ,  937560 ,  0 ,  200 ,  23.02 ,  0.06 ,  4.17
26 ,  2 ,  937603 ,  0 ,  200 ,  23.02 ,  0.06 ,  4.17
26 ,  2 ,  937646 ,  0 ,  200 ,  22.91 ,  0.06 ,  4.17
26 ,  2 ,  937690 ,  0 ,  200 ,  22.80 ,  0.06 ,  4.17
26 ,  2 ,  937733 ,  0 ,  200 ,  22.80 ,  0.06 ,  4.17
26 ,  2 ,  937776 ,  0 ,  200 ,  22.69 ,  0.06 ,  4.07
26 ,  2 ,  937819 ,  0 ,  200 ,  22.58 ,  0.06 ,  4.07
26 ,  2 ,  937862 ,  0 ,  200 ,  22.58 ,  0.05 ,  4.07
26 ,  2 ,  937908 ,  0 ,  200 ,  22.47 ,  0.06 ,  4.07
26 ,  2 ,  937951 ,  0 ,  200 ,  22.47 ,  0.06 ,  4.07
26 ,  2 ,  937994 ,  0 ,  200 ,  22.36 ,  0.06 ,  4.07
26 ,  2 ,  938037 ,  0 ,  200 ,  22.36 ,  0.06 ,  3.97
26 ,  2 ,  938081 ,  0 ,  200 ,  22.25 ,  0.06 ,  3.97
26 ,  2 ,  938124 ,  0 ,  200 ,  22.14 ,  0.06 ,  3.97
26 ,  2 ,  938167 ,  0 ,  200 ,  22.03 ,  0.06 ,  3.97
26 ,  2 ,  938210 ,  0 ,  200 ,  22.03 ,  0.06 ,  3.97
26 ,  2 ,  938253 ,  0 ,  200 ,  21.92 ,  0.06 ,  3.87
26 ,  2 ,  938299 ,  0 ,  200 ,  21.81 ,  0.06 ,  3.87
26 ,  2 ,  938342 ,  0 ,  200 ,  21.81 ,  0.06 ,  3.87
26 ,  2 ,  938385 ,  0 ,  200 ,  21.70 ,  0.06 ,  3.87
26 ,  2 ,  938428 ,  0 ,  200 ,  21.70 ,  0.06 ,  3.87
26 ,  2 ,  938472 ,  0 ,  200 ,  21.59 ,  0.05 ,  3.87
26 ,  2 ,  938515 ,  0 ,  200 ,  21.59 ,  0.05 ,  3.87
26 ,  2 ,  938558 ,  0 ,  200 ,  21.48 ,  0.06 ,  3.87
26 ,  2 ,  938601 ,  0 ,  200 ,  21.37 ,  0.06 ,  3.77
26 ,  2 ,  938644 ,  0 ,  200 ,  21.37 ,  0.06 ,  3.77
26 ,  2 ,  938690 ,  0 ,  200 ,  21.26 ,  0.06 ,  3.77
26 ,  2 ,  938733 ,  0 ,  200 ,  21.26 ,  0.06 ,  3.77
26 ,  2 ,  938776 ,  0 ,  200 ,  21.15 ,  0.05 ,  3.77
26 ,  2 ,  938819 ,  0 ,  200 ,  21.15 ,  0.06 ,  3.77
26 ,  2 ,  938863 ,  0 ,  200 ,  20.93 ,  0.06 ,  3.77
26 ,  2 ,  938906 ,  0 ,  200 ,  20.93 ,  0.05 ,  3.67
26 ,  2 ,  938949 ,  0 ,  200 ,  20.93 ,  0.05 ,  3.67
26 ,  2 ,  938992 ,  0 ,  200 ,  20.82 ,  0.06 ,  3.67
26 ,  2 ,  939035 ,  0 ,  200 ,  20.82 ,  0.06 ,  3.67
26 ,  2 ,  939081 ,  0 ,  200 ,  20.71 ,  0.06 ,  3.67
26 ,  2 ,  939124 ,  0 ,  200 ,  20.71 ,  0.06 ,  3.67
26 ,  2 ,  939167 ,  0 ,  200 ,  20.60 ,  0.06 ,  3.57
26 ,  2 ,  939211 ,  0 ,  200 ,  20.49 ,  0.06 ,  3.57
26 ,  2 ,  939254 ,  0 ,  200 ,  20.49 ,  0.06 ,  3.57
26 ,  2 ,  939297 ,  0 ,  200 ,  20.38 ,  0.06 ,  3.57
26 ,  2 ,  939340 ,  0 ,  200 ,  20.27 ,  0.06 ,  3.57
26 ,  2 ,  939383 ,  0 ,  200 ,  20.27 ,  0.05 ,  3.57
26 ,  2 ,  939427 ,  0 ,  200 ,  20.27 ,  0.06 ,  3.47
26 ,  2 ,  939470 ,  0 ,  200 ,  20.16 ,  0.06 ,  3.47
26 ,  2 ,  939515 ,  0 ,  200 ,  20.05 ,  0.05 ,  3.47
26 ,  2 ,  939558 ,  0 ,  200 ,  20.05 ,  0.06 ,  3.47
26 ,  2 ,  939602 ,  0 ,  200 ,  19.94 ,  0.05 ,  3.47
26 ,  2 ,  939645 ,  0 ,  200 ,  19.94 ,  0.06 ,  3.47
26 ,  2 ,  939688 ,  0 ,  200 ,  19.83 ,  0.06 ,  3.47
26 ,  2 ,  939731 ,  0 ,  200 ,  19.72 ,  0.05 ,  3.37
26 ,  2 ,  939774 ,  0 ,  200 ,  19.72 ,  0.06 ,  3.37
26 ,  2 ,  939819 ,  0 ,  200 ,  19.72 ,  0.06 ,  3.37
26 ,  2 ,  939862 ,  0 ,  200 ,  19.61 ,  0.05 ,  3.37
26 ,  2 ,  939907 ,  0 ,  200 ,  19.50 ,  0.06 ,  3.37
26 ,  2 ,  939950 ,  0 ,  200 ,  19.39 ,  0.06 ,  3.37
26 ,  2 ,  939994 ,  0 ,  200 ,  19.39 ,  0.05 ,  3.37
26 ,  2 ,  940037 ,  0 ,  200 ,  19.28 ,  0.06 ,  3.37
26 ,  2 ,  940080 ,  0 ,  200 ,  19.28 ,  0.06 ,  3.37
26 ,  2 ,  940123 ,  0 ,  200 ,  19.17 ,  0.06 ,  3.27
26 ,  2 ,  940167 ,  0 ,  200 ,  19.17 ,  0.06 ,  3.27
26 ,  2 ,  940210 ,  0 ,  200 ,  19.06 ,  0.05 ,  3.27
26 ,  2 ,  940253 ,  0 ,  200 ,  19.06 ,  0.05 ,  3.27
26 ,  2 ,  940298 ,  0 ,  200 ,  19.06 ,  0.06 ,  3.27
26 ,  2 ,  940342 ,  0 ,  200 ,  18.95 ,  0.05 ,  3.18
26 ,  2 ,  940385 ,  0 ,  200 ,  18.84 ,  0.05 ,  3.18
26 ,  2 ,  940428 ,  0 ,  200 ,  18.84 ,  0.05 ,  3.18
26 ,  2 ,  940471 ,  0 ,  200 ,  18.73 ,  0.05 ,  3.18
26 ,  2 ,  940514 ,  0 ,  200 ,  18.73 ,  0.05 ,  3.18
26 ,  2 ,  940558 ,  0 ,  200 ,  18.62 ,  0.06 ,  3.18
26 ,  2 ,  940601 ,  0 ,  200 ,  18.62 ,  0.06 ,  3.18
26 ,  2 ,  940644 ,  0 ,  200 ,  18.62 ,  0.05 ,  3.18
26 ,  2 ,  940689 ,  0 ,  200 ,  18.51 ,  0.06 ,  3.18
26 ,  2 ,  940733 ,  0 ,  200 ,  18.40 ,  0.05 ,  3.08
26 ,  2 ,  940776 ,  0 ,  200 ,  18.29 ,  0.05 ,  3.08
26 ,  2 ,  940823 ,  0 ,  200 ,  18.29 ,  0.06 ,  3.08
26 ,  2 ,  940867 ,  0 ,  200 ,  18.29 ,  0.05 ,  3.08
26 ,  2 ,  940910 ,  0 ,  200 ,  18.18 ,  0.06 ,  3.08
26 ,  2 ,  940953 ,  0 ,  200 ,  18.07 ,  0.05 ,  3.08
26 ,  2 ,  940996 ,  0 ,  200 ,  18.07 ,  0.05 ,  3.08
26 ,  2 ,  941039 ,  0 ,  200 ,  18.07 ,  0.06 ,  2.98
26 ,  2 ,  941085 ,  0 ,  200 ,  17.96 ,  0.06 ,  2.98
26 ,  2 ,  941128 ,  0 ,  200 ,  17.96 ,  0.05 ,  2.98
26 ,  2 ,  941171 ,  0 ,  200 ,  17.85 ,  0.05 ,  2.98
26 ,  2 ,  941215 ,  0 ,  200 ,  17.85 ,  0.05 ,  2.98
26 ,  2 ,  941258 ,  0 ,  200 ,  17.73 ,  0.05 ,  2.98
26 ,  2 ,  941301 ,  0 ,  200 ,  17.73 ,  0.06 ,  2.98
26 ,  2 ,  941344 ,  0 ,  200 ,  17.62 ,  0.06 ,  2.98
26 ,  2 ,  941387 ,  0 ,  200 ,  17.62 ,  0.06 ,  2.98
26 ,  2 ,  941431 ,  0 ,  200 ,  17.62 ,  0.06 ,  2.88
26 ,  2 ,  941476 ,  0 ,  200 ,  17.51 ,  0.05 ,  2.88
26 ,  2 ,  941519 ,  0 ,  200 ,  17.40 ,  0.05 ,  2.88
26 ,  2 ,  941562 ,  0 ,  200 ,  17.40 ,  0.05 ,  2.88
26 ,  2 ,  941606 ,  0 ,  200 ,  17.29 ,  0.05 ,  2.88
26 ,  2 ,  941649 ,  0 ,  200 ,  17.29 ,  0.05 ,  2.88
26 ,  2 ,  941692 ,  0 ,  200 ,  17.18 ,  0.05 ,  2.88
26 ,  2 ,  941735 ,  0 ,  200 ,  17.18 ,  0.05 ,  2.88
26 ,  2 ,  941778 ,  0 ,  200 ,  17.07 ,  0.06 ,  2.78
26 ,  2 ,  941822 ,  0 ,  200 ,  17.07 ,  0.05 ,  2.78
26 ,  2 ,  941868 ,  0 ,  200 ,  16.96 ,  0.05 ,  2.78
26 ,  2 ,  941911 ,  0 ,  200 ,  16.96 ,  0.05 ,  2.78
26 ,  2 ,  941954 ,  0 ,  200 ,  16.96 ,  0.05 ,  2.78
26 ,  2 ,  941998 ,  0 ,  200 ,  16.85 ,  0.05 ,  2.78
26 ,  2 ,  942041 ,  0 ,  200 ,  16.74 ,  0.05 ,  2.78
26 ,  2 ,  942084 ,  0 ,  200 ,  16.74 ,  0.05 ,  2.78
26 ,  2 ,  942127 ,  0 ,  200 ,  16.74 ,  0.05 ,  2.78
26 ,  2 ,  942170 ,  0 ,  200 ,  16.63 ,  0.05 ,  2.68
26 ,  2 ,  942214 ,  0 ,  200 ,  16.63 ,  0.05 ,  2.68
26 ,  2 ,  942257 ,  0 ,  200 ,  16.52 ,  0.05 ,  2.68
26 ,  2 ,  942302 ,  0 ,  200 ,  16.52 ,  0.05 ,  2.68
26 ,  2 ,  942345 ,  0 ,  200 ,  16.52 ,  0.05 ,  2.68
26 ,  2 ,  942389 ,  0 ,  200 ,  16.41 ,  0.05 ,  2.68
26 ,  2 ,  942432 ,  0 ,  200 ,  16.30 ,  0.05 ,  2.68
26 ,  2 ,  942475 ,  0 ,  200 ,  16.19 ,  0.05 ,  2.68
26 ,  2 ,  942518 ,  0 ,  200 ,  16.30 ,  0.05 ,  2.68
26 ,  2 ,  942561 ,  0 ,  200 ,  16.30 ,  0.05 ,  2.58
26 ,  2 ,  942604 ,  0 ,  200 ,  16.19 ,  0.05 ,  2.68
26 ,  2 ,  942648 ,  0 ,  200 ,  16.08 ,  0.05 ,  2.58
26 ,  2 ,  942693 ,  0 ,  200 ,  15.97 ,  0.05 ,  2.58
26 ,  2 ,  942736 ,  0 ,  200 ,  16.08 ,  0.05 ,  2.58
26 ,  2 ,  942780 ,  0 ,  200 ,  15.97 ,  0.05 ,  2.58
26 ,  2 ,  942823 ,  0 ,  200 ,  15.97 ,  0.05 ,  2.58
26 ,  2 ,  942866 ,  0 ,  200 ,  15.86 ,  0.06 ,  2.58
26 ,  2 ,  942909 ,  0 ,  200 ,  15.86 ,  0.05 ,  2.58
26 ,  2 ,  942952 ,  0 ,  200 ,  15.86 ,  0.05 ,  2.58
26 ,  2 ,  942995 ,  0 ,  200 ,  15.75 ,  0.05 ,  2.58
26 ,  2 ,  943039 ,  0 ,  200 ,  15.75 ,  0.05 ,  2.48
26 ,  2 ,  943084 ,  0 ,  200 ,  15.64 ,  0.05 ,  2.58
26 ,  2 ,  943127 ,  0 ,  200 ,  15.64 ,  0.05 ,  2.48
26 ,  2 ,  943171 ,  0 ,  200 ,  15.53 ,  0.05 ,  2.48
26 ,  2 ,  943214 ,  0 ,  200 ,  15.53 ,  0.05 ,  2.48
26 ,  2 ,  943257 ,  0 ,  200 ,  15.42 ,  0.05 ,  2.48
26 ,  2 ,  943300 ,  0 ,  200 ,  15.42 ,  0.05 ,  2.48
26 ,  2 ,  943343 ,  0 ,  200 ,  15.42 ,  0.05 ,  2.48
26 ,  2 ,  943387 ,  0 ,  200 ,  15.31 ,  0.05 ,  2.48
26 ,  2 ,  943430 ,  0 ,  200 ,  15.20 ,  0.05 ,  2.48
26 ,  2 ,  943475 ,  0 ,  200 ,  15.20 ,  0.05 ,  2.48
26 ,  2 ,  943518 ,  0 ,  200 ,  15.20 ,  0.05 ,  2.38
26 ,  2 ,  943562 ,  0 ,  200 ,  15.09 ,  0.05 ,  2.38
26 ,  2 ,  943605 ,  0 ,  200 ,  15.09 ,  0.05 ,  2.38
26 ,  2 ,  943648 ,  0 ,  200 ,  15.09 ,  0.05 ,  2.38
26 ,  2 ,  943691 ,  0 ,  200 ,  14.98 ,  0.05 ,  2.38
26 ,  2 ,  943734 ,  0 ,  200 ,  14.98 ,  0.05 ,  2.38
26 ,  2 ,  943777 ,  0 ,  200 ,  14.98 ,  0.05 ,  2.38
26 ,  2 ,  943821 ,  0 ,  200 ,  14.87 ,  0.05 ,  2.38
26 ,  2 ,  943866 ,  0 ,  200 ,  14.87 ,  0.05 ,  2.38
26 ,  2 ,  943909 ,  0 ,  200 ,  14.76 ,  0.05 ,  2.38
26 ,  2 ,  943953 ,  0 ,  200 ,  14.65 ,  0.05 ,  2.38
26 ,  2 ,  943996 ,  0 ,  200 ,  14.76 ,  0.05 ,  2.38
26 ,  2 ,  944039 ,  0 ,  200 ,  14.76 ,  0.05 ,  2.28
26 ,  2 ,  944082 ,  0 ,  200 ,  14.65 ,  0.05 ,  2.28
26 ,  2 ,  944125 ,  0 ,  200 ,  14.54 ,  0.05 ,  2.28
26 ,  2 ,  944169 ,  0 ,  200 ,  14.54 ,  0.05 ,  2.28
26 ,  2 ,  944212 ,  0 ,  200 ,  14.54 ,  0.05 ,  2.28
26 ,  2 ,  944258 ,  0 ,  200 ,  14.43 ,  0.05 ,  2.28
26 ,  2 ,  944302 ,  0 ,  200 ,  14.43 ,  0.05 ,  2.28
26 ,  2 ,  944345 ,  0 ,  200 ,  14.32 ,  0.05 ,  2.28
26 ,  2 ,  944388 ,  0 ,  200 ,  14.32 ,  0.05 ,  2.28
26 ,  2 ,  944431 ,  0 ,  200 ,  14.32 ,  0.05 ,  2.28
26 ,  2 ,  944475 ,  0 ,  200 ,  14.21 ,  0.05 ,  2.28
26 ,  2 ,  944518 ,  0 ,  200 ,  14.21 ,  0.05 ,  2.28
26 ,  2 ,  944561 ,  0 ,  200 ,  14.10 ,  0.05 ,  2.18
26 ,  2 ,  944605 ,  0 ,  200 ,  14.10 ,  0.05 ,  2.28
26 ,  2 ,  944650 ,  0 ,  200 ,  13.99 ,  0.05 ,  2.18
26 ,  2 ,  944694 ,  0 ,  200 ,  13.99 ,  0.05 ,  2.18
26 ,  2 ,  944737 ,  0 ,  200 ,  13.99 ,  0.05 ,  2.18
26 ,  2 ,  944781 ,  0 ,  200 ,  13.99 ,  0.04 ,  2.18
26 ,  2 ,  944824 ,  0 ,  200 ,  13.99 ,  0.05 ,  2.18
26 ,  2 ,  944867 ,  0 ,  200 ,  13.88 ,  0.05 ,  2.18
26 ,  2 ,  944911 ,  0 ,  200 ,  13.77 ,  0.05 ,  2.18
26 ,  2 ,  944954 ,  0 ,  200 ,  13.77 ,  0.05 ,  2.18
26 ,  2 ,  944997 ,  0 ,  200 ,  13.77 ,  0.05 ,  2.08
26 ,  2 ,  945041 ,  0 ,  200 ,  13.77 ,  0.05 ,  2.18
26 ,  2 ,  945086 ,  0 ,  200 ,  13.66 ,  0.05 ,  2.08
26 ,  2 ,  945129 ,  0 ,  200 ,  13.66 ,  0.05 ,  2.18
26 ,  2 ,  945173 ,  0 ,  200 ,  13.66 ,  0.05 ,  2.08
26 ,  2 ,  945216 ,  0 ,  200 ,  13.55 ,  0.06 ,  2.08
26 ,  2 ,  945259 ,  0 ,  200 ,  13.55 ,  0.05 ,  2.08
26 ,  2 ,  945303 ,  0 ,  200 ,  13.44 ,  0.05 ,  2.08
26 ,  2 ,  945346 ,  0 ,  200 ,  13.44 ,  0.05 ,  2.08
26 ,  2 ,  945389 ,  0 ,  200 ,  13.33 ,  0.05 ,  2.08
26 ,  2 ,  945433 ,  0 ,  200 ,  13.33 ,  0.06 ,  2.08
26 ,  2 ,  945485 ,  0 ,  200 ,  13.44 ,  0.05 ,  2.08
26 ,  2 ,  945528 ,  0 ,  200 ,  13.22 ,  0.05 ,  2.08
26 ,  2 ,  945572 ,  0 ,  200 ,  13.33 ,  0.05 ,  2.08
26 ,  2 ,  945615 ,  0 ,  200 ,  13.22 ,  0.05 ,  2.08
26 ,  2 ,  945659 ,  0 ,  200 ,  13.22 ,  0.05 ,  2.08
26 ,  2 ,  945702 ,  0 ,  200 ,  13.11 ,  0.05 ,  2.08
26 ,  2 ,  945746 ,  0 ,  200 ,  13.11 ,  0.05 ,  2.08
26 ,  2 ,  945789 ,  0 ,  200 ,  13.11 ,  0.05 ,  1.98
