MS, MPT, t (s), PWMi, PWMe, Pressure (Psi), LW (V), Displacement (mm)
26 ,  4 ,  970772 ,  0 ,  200 ,  13.11 ,  0.06 ,  2.08
26 ,  4 ,  970814 ,  255 ,  0 ,  13.11 ,  0.05 ,  2.08
26 ,  4 ,  970855 ,  255 ,  0 ,  16.30 ,  0.05 ,  2.08
26 ,  4 ,  970896 ,  255 ,  0 ,  32.71 ,  0.08 ,  4.27
26 ,  4 ,  970938 ,  255 ,  0 ,  47.80 ,  0.15 ,  7.94
26 ,  4 ,  970979 ,  255 ,  0 ,  57.93 ,  0.24 ,  11.61
26 ,  4 ,  971021 ,  255 ,  0 ,  64.65 ,  0.33 ,  14.39
26 ,  4 ,  971062 ,  255 ,  0 ,  69.49 ,  0.40 ,  16.37
26 ,  4 ,  971106 ,  255 ,  0 ,  73.13 ,  0.45 ,  17.76
26 ,  4 ,  971147 ,  255 ,  0 ,  75.77 ,  0.47 ,  18.65
26 ,  4 ,  971189 ,  255 ,  0 ,  77.97 ,  0.49 ,  19.45
26 ,  4 ,  971230 ,  255 ,  0 ,  79.85 ,  0.49 ,  20.04
26 ,  4 ,  971271 ,  255 ,  0 ,  81.39 ,  0.50 ,  20.54
26 ,  4 ,  971313 ,  255 ,  0 ,  82.93 ,  0.51 ,  21.03
26 ,  4 ,  971354 ,  255 ,  0 ,  84.25 ,  0.51 ,  21.33
26 ,  4 ,  971395 ,  255 ,  0 ,  85.46 ,  0.52 ,  21.73
26 ,  4 ,  971437 ,  255 ,  0 ,  86.78 ,  0.52 ,  22.03
26 ,  4 ,  971480 ,  255 ,  0 ,  87.89 ,  0.52 ,  22.32
26 ,  4 ,  971521 ,  255 ,  0 ,  88.99 ,  0.52 ,  22.62
26 ,  4 ,  971563 ,  255 ,  0 ,  89.87 ,  0.52 ,  22.92
26 ,  4 ,  971603 ,  255 ,  0 ,  90.75 ,  0.52 ,  23.12
26 ,  4 ,  971644 ,  255 ,  0 ,  91.63 ,  0.53 ,  23.32
26 ,  4 ,  971686 ,  255 ,  0 ,  92.51 ,  0.53 ,  23.51
26 ,  4 ,  971727 ,  255 ,  0 ,  93.17 ,  0.52 ,  23.71
26 ,  4 ,  971768 ,  255 ,  0 ,  93.94 ,  0.52 ,  23.81
26 ,  4 ,  971810 ,  255 ,  0 ,  94.60 ,  0.53 ,  24.01
26 ,  4 ,  971853 ,  255 ,  0 ,  95.15 ,  0.53 ,  24.11
26 ,  4 ,  971894 ,  255 ,  0 ,  95.70 ,  0.52 ,  24.21
26 ,  4 ,  971936 ,  255 ,  0 ,  96.15 ,  0.53 ,  24.31
26 ,  4 ,  971977 ,  255 ,  0 ,  96.37 ,  0.52 ,  24.41
26 ,  4 ,  972018 ,  255 ,  0 ,  96.59 ,  0.52 ,  24.51
26 ,  4 ,  972060 ,  255 ,  0 ,  96.81 ,  0.52 ,  24.51
26 ,  4 ,  972101 ,  255 ,  0 ,  96.92 ,  0.53 ,  24.61
26 ,  4 ,  972142 ,  255 ,  0 ,  96.92 ,  0.52 ,  24.61
26 ,  4 ,  972184 ,  255 ,  0 ,  96.92 ,  0.53 ,  24.71
26 ,  4 ,  972227 ,  255 ,  0 ,  97.03 ,  0.52 ,  24.71
26 ,  4 ,  972269 ,  255 ,  0 ,  97.03 ,  0.53 ,  24.71
26 ,  4 ,  972310 ,  255 ,  0 ,  97.03 ,  0.52 ,  24.71
26 ,  4 ,  972351 ,  255 ,  0 ,  97.03 ,  0.52 ,  24.71
26 ,  4 ,  972393 ,  255 ,  0 ,  97.03 ,  0.52 ,  24.80
26 ,  4 ,  972434 ,  255 ,  0 ,  97.03 ,  0.53 ,  24.71
26 ,  4 ,  972475 ,  255 ,  0 ,  97.03 ,  0.53 ,  24.80
26 ,  4 ,  972516 ,  255 ,  0 ,  97.03 ,  0.53 ,  24.80
26 ,  4 ,  972558 ,  255 ,  0 ,  97.03 ,  0.52 ,  24.80
26 ,  4 ,  972601 ,  255 ,  0 ,  97.03 ,  0.53 ,  24.80
26 ,  4 ,  972643 ,  255 ,  0 ,  97.03 ,  0.53 ,  24.90
26 ,  4 ,  972684 ,  255 ,  0 ,  97.03 ,  0.53 ,  24.80
26 ,  4 ,  972725 ,  255 ,  0 ,  97.03 ,  0.53 ,  24.90
26 ,  4 ,  972767 ,  255 ,  0 ,  97.03 ,  0.53 ,  24.90
26 ,  4 ,  972808 ,  255 ,  0 ,  97.03 ,  0.52 ,  24.90
26 ,  4 ,  972849 ,  255 ,  0 ,  96.92 ,  0.52 ,  24.90
26 ,  4 ,  972890 ,  255 ,  0 ,  97.03 ,  0.53 ,  24.90
26 ,  4 ,  972932 ,  255 ,  0 ,  97.03 ,  0.52 ,  24.90
26 ,  4 ,  972975 ,  255 ,  0 ,  97.03 ,  0.53 ,  25.00
26 ,  4 ,  973017 ,  255 ,  0 ,  96.92 ,  0.53 ,  25.00
26 ,  4 ,  973058 ,  255 ,  0 ,  96.92 ,  0.52 ,  25.00
26 ,  4 ,  973099 ,  255 ,  0 ,  97.03 ,  0.53 ,  25.00
26 ,  4 ,  973140 ,  255 ,  0 ,  96.92 ,  0.53 ,  25.00
26 ,  4 ,  973181 ,  255 ,  0 ,  96.92 ,  0.52 ,  24.90
26 ,  4 ,  973222 ,  255 ,  0 ,  96.92 ,  0.53 ,  24.90
26 ,  4 ,  973263 ,  255 ,  0 ,  96.92 ,  0.52 ,  25.00
26 ,  4 ,  973305 ,  255 ,  0 ,  96.92 ,  0.53 ,  25.00
26 ,  4 ,  973349 ,  255 ,  0 ,  96.92 ,  0.53 ,  25.00
26 ,  4 ,  973390 ,  255 ,  0 ,  96.92 ,  0.53 ,  25.00
26 ,  4 ,  973432 ,  255 ,  0 ,  96.92 ,  0.53 ,  25.00
26 ,  4 ,  973473 ,  255 ,  0 ,  96.92 ,  0.53 ,  25.10
26 ,  4 ,  973514 ,  255 ,  0 ,  96.92 ,  0.53 ,  25.10
26 ,  4 ,  973556 ,  255 ,  0 ,  96.92 ,  0.53 ,  25.10
26 ,  4 ,  973597 ,  255 ,  0 ,  96.81 ,  0.53 ,  25.10
26 ,  4 ,  973638 ,  255 ,  0 ,  96.92 ,  0.53 ,  25.10
26 ,  4 ,  973679 ,  255 ,  0 ,  96.92 ,  0.53 ,  25.10
26 ,  4 ,  973723 ,  0 ,  200 ,  96.92 ,  0.53 ,  25.10
26 ,  4 ,  973764 ,  0 ,  200 ,  93.28 ,  0.53 ,  25.00
26 ,  4 ,  973806 ,  0 ,  200 ,  87.56 ,  0.53 ,  24.31
26 ,  4 ,  973847 ,  0 ,  200 ,  82.27 ,  0.53 ,  23.51
26 ,  4 ,  973888 ,  0 ,  200 ,  77.97 ,  0.52 ,  22.82
26 ,  4 ,  973930 ,  0 ,  200 ,  74.45 ,  0.52 ,  22.03
26 ,  4 ,  973971 ,  0 ,  200 ,  71.48 ,  0.51 ,  21.33
26 ,  4 ,  974012 ,  0 ,  200 ,  68.94 ,  0.51 ,  20.74
26 ,  4 ,  974054 ,  0 ,  200 ,  66.85 ,  0.50 ,  20.24
26 ,  4 ,  974097 ,  0 ,  200 ,  64.87 ,  0.49 ,  19.65
26 ,  4 ,  974138 ,  0 ,  200 ,  63.33 ,  0.48 ,  19.15
26 ,  4 ,  974180 ,  0 ,  200 ,  61.90 ,  0.47 ,  18.75
26 ,  4 ,  974221 ,  0 ,  200 ,  60.68 ,  0.46 ,  18.26
26 ,  4 ,  974262 ,  0 ,  200 ,  59.69 ,  0.45 ,  17.96
26 ,  4 ,  974304 ,  0 ,  200 ,  58.70 ,  0.44 ,  17.66
26 ,  4 ,  974345 ,  0 ,  200 ,  57.82 ,  0.43 ,  17.26
26 ,  4 ,  974386 ,  0 ,  200 ,  57.16 ,  0.42 ,  17.07
26 ,  4 ,  974428 ,  0 ,  200 ,  56.39 ,  0.41 ,  16.77
26 ,  4 ,  974471 ,  0 ,  200 ,  55.73 ,  0.40 ,  16.47
26 ,  4 ,  974512 ,  0 ,  200 ,  55.18 ,  0.38 ,  16.27
26 ,  4 ,  974554 ,  0 ,  200 ,  54.74 ,  0.38 ,  16.07
26 ,  4 ,  974595 ,  0 ,  200 ,  54.30 ,  0.37 ,  15.88
26 ,  4 ,  974636 ,  0 ,  200 ,  53.86 ,  0.36 ,  15.78
26 ,  4 ,  974678 ,  0 ,  200 ,  53.53 ,  0.35 ,  15.58
26 ,  4 ,  974718 ,  0 ,  200 ,  53.20 ,  0.35 ,  15.38
26 ,  4 ,  974759 ,  0 ,  200 ,  52.87 ,  0.34 ,  15.28
26 ,  4 ,  974801 ,  0 ,  200 ,  52.54 ,  0.33 ,  15.18
26 ,  4 ,  974862 ,  0 ,  200 ,  52.09 ,  0.32 ,  14.98
26 ,  4 ,  974904 ,  0 ,  200 ,  51.87 ,  0.32 ,  14.88
26 ,  4 ,  974945 ,  0 ,  200 ,  51.65 ,  0.32 ,  14.78
26 ,  4 ,  974986 ,  0 ,  200 ,  51.43 ,  0.31 ,  14.68
26 ,  4 ,  975028 ,  0 ,  200 ,  51.21 ,  0.31 ,  14.59
26 ,  4 ,  975069 ,  0 ,  200 ,  50.99 ,  0.30 ,  14.49
26 ,  4 ,  975110 ,  0 ,  200 ,  50.88 ,  0.29 ,  14.39
26 ,  4 ,  975151 ,  0 ,  200 ,  50.66 ,  0.29 ,  14.29
26 ,  4 ,  975193 ,  0 ,  200 ,  50.44 ,  0.29 ,  14.19
26 ,  4 ,  975236 ,  0 ,  200 ,  50.33 ,  0.28 ,  14.19
26 ,  4 ,  975278 ,  0 ,  200 ,  50.11 ,  0.28 ,  14.09
26 ,  4 ,  975319 ,  0 ,  200 ,  50.00 ,  0.28 ,  13.99
26 ,  4 ,  975360 ,  0 ,  200 ,  49.78 ,  0.27 ,  13.99
26 ,  4 ,  975400 ,  0 ,  200 ,  49.67 ,  0.28 ,  13.89
26 ,  4 ,  975442 ,  0 ,  200 ,  49.56 ,  0.27 ,  13.79
26 ,  4 ,  975483 ,  0 ,  200 ,  49.34 ,  0.27 ,  13.79
26 ,  4 ,  975524 ,  0 ,  200 ,  49.23 ,  0.27 ,  13.69
26 ,  4 ,  975566 ,  0 ,  200 ,  49.12 ,  0.26 ,  13.69
26 ,  4 ,  975609 ,  0 ,  200 ,  49.01 ,  0.26 ,  13.59
26 ,  4 ,  975650 ,  0 ,  200 ,  48.90 ,  0.26 ,  13.49
26 ,  4 ,  975692 ,  0 ,  200 ,  48.68 ,  0.25 ,  13.49
26 ,  4 ,  975733 ,  0 ,  200 ,  48.57 ,  0.25 ,  13.39
26 ,  4 ,  975774 ,  0 ,  200 ,  48.46 ,  0.25 ,  13.39
26 ,  4 ,  975816 ,  0 ,  200 ,  48.35 ,  0.25 ,  13.30
26 ,  4 ,  975857 ,  0 ,  200 ,  48.24 ,  0.25 ,  13.20
26 ,  4 ,  975898 ,  0 ,  200 ,  48.13 ,  0.24 ,  13.20
26 ,  4 ,  975939 ,  0 ,  200 ,  48.02 ,  0.24 ,  13.20
26 ,  4 ,  975983 ,  0 ,  200 ,  47.91 ,  0.24 ,  13.10
26 ,  4 ,  976024 ,  0 ,  200 ,  47.80 ,  0.24 ,  13.00
26 ,  4 ,  976066 ,  0 ,  200 ,  47.69 ,  0.24 ,  13.00
26 ,  4 ,  976107 ,  0 ,  200 ,  47.58 ,  0.23 ,  12.90
26 ,  4 ,  976148 ,  0 ,  200 ,  47.47 ,  0.23 ,  12.90
26 ,  4 ,  976190 ,  0 ,  200 ,  47.36 ,  0.23 ,  12.80
26 ,  4 ,  976231 ,  0 ,  200 ,  47.25 ,  0.22 ,  12.80
26 ,  4 ,  976272 ,  0 ,  200 ,  47.14 ,  0.22 ,  12.80
26 ,  4 ,  976313 ,  0 ,  200 ,  47.03 ,  0.22 ,  12.70
26 ,  4 ,  976357 ,  0 ,  200 ,  46.92 ,  0.22 ,  12.70
26 ,  4 ,  976398 ,  0 ,  200 ,  46.81 ,  0.22 ,  12.60
26 ,  4 ,  976440 ,  0 ,  200 ,  46.70 ,  0.22 ,  12.60
26 ,  4 ,  976481 ,  0 ,  200 ,  46.59 ,  0.22 ,  12.50
26 ,  4 ,  976522 ,  0 ,  200 ,  46.48 ,  0.22 ,  12.50
26 ,  4 ,  976563 ,  0 ,  200 ,  46.37 ,  0.22 ,  12.50
26 ,  4 ,  976605 ,  0 ,  200 ,  46.26 ,  0.22 ,  12.40
26 ,  4 ,  976646 ,  0 ,  200 ,  46.15 ,  0.22 ,  12.40
26 ,  4 ,  976687 ,  0 ,  200 ,  46.04 ,  0.21 ,  12.30
26 ,  4 ,  976731 ,  0 ,  200 ,  46.04 ,  0.21 ,  12.30
26 ,  4 ,  976772 ,  0 ,  200 ,  45.82 ,  0.21 ,  12.20
26 ,  4 ,  976813 ,  0 ,  200 ,  45.82 ,  0.21 ,  12.20
26 ,  4 ,  976855 ,  0 ,  200 ,  45.60 ,  0.21 ,  12.10
26 ,  4 ,  976896 ,  0 ,  200 ,  45.49 ,  0.20 ,  12.10
26 ,  4 ,  976936 ,  0 ,  200 ,  45.38 ,  0.20 ,  12.10
26 ,  4 ,  976978 ,  0 ,  200 ,  45.38 ,  0.20 ,  12.01
26 ,  4 ,  977019 ,  0 ,  200 ,  45.27 ,  0.20 ,  12.01
26 ,  4 ,  977060 ,  0 ,  200 ,  45.05 ,  0.20 ,  11.91
26 ,  4 ,  977104 ,  0 ,  200 ,  45.05 ,  0.19 ,  11.91
26 ,  4 ,  977145 ,  0 ,  200 ,  44.94 ,  0.20 ,  11.81
26 ,  4 ,  977186 ,  0 ,  200 ,  44.83 ,  0.19 ,  11.81
26 ,  4 ,  977228 ,  0 ,  200 ,  44.72 ,  0.19 ,  11.81
26 ,  4 ,  977269 ,  0 ,  200 ,  44.61 ,  0.19 ,  11.71
26 ,  4 ,  977310 ,  0 ,  200 ,  44.50 ,  0.19 ,  11.71
26 ,  4 ,  977352 ,  0 ,  200 ,  44.39 ,  0.19 ,  11.61
26 ,  4 ,  977393 ,  0 ,  200 ,  44.28 ,  0.19 ,  11.61
26 ,  4 ,  977434 ,  0 ,  200 ,  44.28 ,  0.18 ,  11.61
26 ,  4 ,  977478 ,  0 ,  200 ,  44.06 ,  0.18 ,  11.51
26 ,  4 ,  977519 ,  0 ,  200 ,  43.95 ,  0.18 ,  11.51
26 ,  4 ,  977560 ,  0 ,  200 ,  43.84 ,  0.18 ,  11.41
26 ,  4 ,  977602 ,  0 ,  200 ,  43.84 ,  0.18 ,  11.41
26 ,  4 ,  977643 ,  0 ,  200 ,  43.61 ,  0.18 ,  11.31
26 ,  4 ,  977684 ,  0 ,  200 ,  43.50 ,  0.18 ,  11.31
26 ,  4 ,  977726 ,  0 ,  200 ,  43.50 ,  0.17 ,  11.21
26 ,  4 ,  977767 ,  0 ,  200 ,  43.39 ,  0.17 ,  11.21
26 ,  4 ,  977808 ,  0 ,  200 ,  43.28 ,  0.17 ,  11.21
26 ,  4 ,  977852 ,  0 ,  200 ,  43.17 ,  0.17 ,  11.11
26 ,  4 ,  977893 ,  0 ,  200 ,  43.06 ,  0.17 ,  11.11
26 ,  4 ,  977934 ,  0 ,  200 ,  42.95 ,  0.16 ,  11.01
26 ,  4 ,  977976 ,  0 ,  200 ,  42.84 ,  0.16 ,  11.01
26 ,  4 ,  978017 ,  0 ,  200 ,  42.73 ,  0.16 ,  11.01
26 ,  4 ,  978058 ,  0 ,  200 ,  42.62 ,  0.17 ,  10.91
26 ,  4 ,  978099 ,  0 ,  200 ,  42.51 ,  0.16 ,  10.91
26 ,  4 ,  978141 ,  0 ,  200 ,  42.40 ,  0.16 ,  10.81
26 ,  4 ,  978182 ,  0 ,  200 ,  42.40 ,  0.16 ,  10.81
26 ,  4 ,  978226 ,  0 ,  200 ,  42.18 ,  0.16 ,  10.72
26 ,  4 ,  978267 ,  0 ,  200 ,  42.07 ,  0.15 ,  10.72
26 ,  4 ,  978308 ,  0 ,  200 ,  42.07 ,  0.15 ,  10.72
26 ,  4 ,  978349 ,  0 ,  200 ,  41.96 ,  0.16 ,  10.62
26 ,  4 ,  978391 ,  0 ,  200 ,  41.85 ,  0.15 ,  10.62
26 ,  4 ,  978432 ,  0 ,  200 ,  41.74 ,  0.15 ,  10.52
26 ,  4 ,  978472 ,  0 ,  200 ,  41.63 ,  0.15 ,  10.52
26 ,  4 ,  978514 ,  0 ,  200 ,  41.52 ,  0.15 ,  10.52
26 ,  4 ,  978555 ,  0 ,  200 ,  41.41 ,  0.15 ,  10.42
26 ,  4 ,  978599 ,  0 ,  200 ,  41.30 ,  0.15 ,  10.42
26 ,  4 ,  978641 ,  0 ,  200 ,  41.30 ,  0.15 ,  10.32
26 ,  4 ,  978682 ,  0 ,  200 ,  41.08 ,  0.15 ,  10.32
26 ,  4 ,  978723 ,  0 ,  200 ,  41.08 ,  0.15 ,  10.32
26 ,  4 ,  978765 ,  0 ,  200 ,  40.97 ,  0.14 ,  10.22
26 ,  4 ,  978806 ,  0 ,  200 ,  40.86 ,  0.14 ,  10.22
26 ,  4 ,  978847 ,  0 ,  200 ,  40.75 ,  0.14 ,  10.12
26 ,  4 ,  978888 ,  0 ,  200 ,  40.64 ,  0.14 ,  10.12
26 ,  4 ,  978930 ,  0 ,  200 ,  40.53 ,  0.14 ,  10.12
26 ,  4 ,  978973 ,  0 ,  200 ,  40.42 ,  0.14 ,  10.02
26 ,  4 ,  979015 ,  0 ,  200 ,  40.31 ,  0.14 ,  10.02
26 ,  4 ,  979056 ,  0 ,  200 ,  40.20 ,  0.13 ,  9.92
26 ,  4 ,  979097 ,  0 ,  200 ,  40.09 ,  0.14 ,  9.92
26 ,  4 ,  979139 ,  0 ,  200 ,  39.98 ,  0.13 ,  9.92
26 ,  4 ,  979180 ,  0 ,  200 ,  39.98 ,  0.13 ,  9.82
26 ,  4 ,  979221 ,  0 ,  200 ,  39.76 ,  0.13 ,  9.72
26 ,  4 ,  979262 ,  0 ,  200 ,  39.76 ,  0.13 ,  9.72
26 ,  4 ,  979304 ,  0 ,  200 ,  39.65 ,  0.13 ,  9.72
26 ,  4 ,  979347 ,  0 ,  200 ,  39.54 ,  0.13 ,  9.62
26 ,  4 ,  979389 ,  0 ,  200 ,  39.43 ,  0.12 ,  9.62
26 ,  4 ,  979430 ,  0 ,  200 ,  39.32 ,  0.12 ,  9.62
26 ,  4 ,  979471 ,  0 ,  200 ,  39.21 ,  0.12 ,  9.62
26 ,  4 ,  979512 ,  0 ,  200 ,  39.10 ,  0.12 ,  9.53
26 ,  4 ,  979554 ,  0 ,  200 ,  39.10 ,  0.12 ,  9.53
26 ,  4 ,  979595 ,  0 ,  200 ,  38.99 ,  0.12 ,  9.43
26 ,  4 ,  979636 ,  0 ,  200 ,  38.88 ,  0.12 ,  9.43
26 ,  4 ,  979678 ,  0 ,  200 ,  38.77 ,  0.12 ,  9.33
26 ,  4 ,  979721 ,  0 ,  200 ,  38.66 ,  0.12 ,  9.33
26 ,  4 ,  979762 ,  0 ,  200 ,  38.55 ,  0.12 ,  9.33
26 ,  4 ,  979804 ,  0 ,  200 ,  38.44 ,  0.12 ,  9.23
26 ,  4 ,  979845 ,  0 ,  200 ,  38.44 ,  0.12 ,  9.13
26 ,  4 ,  979886 ,  0 ,  200 ,  38.22 ,  0.12 ,  9.23
26 ,  4 ,  979927 ,  0 ,  200 ,  38.22 ,  0.12 ,  9.13
26 ,  4 ,  979969 ,  0 ,  200 ,  38.11 ,  0.12 ,  9.13
26 ,  4 ,  980009 ,  0 ,  200 ,  38.00 ,  0.11 ,  9.03
26 ,  4 ,  980050 ,  0 ,  200 ,  37.89 ,  0.11 ,  9.03
26 ,  4 ,  980094 ,  0 ,  200 ,  37.78 ,  0.11 ,  8.93
26 ,  4 ,  980135 ,  0 ,  200 ,  37.67 ,  0.11 ,  8.93
26 ,  4 ,  980176 ,  0 ,  200 ,  37.56 ,  0.11 ,  8.93
26 ,  4 ,  980218 ,  0 ,  200 ,  37.56 ,  0.11 ,  8.83
26 ,  4 ,  980259 ,  0 ,  200 ,  37.45 ,  0.11 ,  8.83
26 ,  4 ,  980300 ,  0 ,  200 ,  37.34 ,  0.10 ,  8.83
26 ,  4 ,  980342 ,  0 ,  200 ,  37.23 ,  0.11 ,  8.73
26 ,  4 ,  980383 ,  0 ,  200 ,  37.12 ,  0.11 ,  8.73
26 ,  4 ,  980424 ,  0 ,  200 ,  37.01 ,  0.10 ,  8.73
26 ,  4 ,  980468 ,  0 ,  200 ,  36.90 ,  0.10 ,  8.63
26 ,  4 ,  980509 ,  0 ,  200 ,  36.90 ,  0.11 ,  8.63
26 ,  4 ,  980550 ,  0 ,  200 ,  36.79 ,  0.10 ,  8.63
26 ,  4 ,  980592 ,  0 ,  200 ,  36.68 ,  0.11 ,  8.53
26 ,  4 ,  980633 ,  0 ,  200 ,  36.57 ,  0.10 ,  8.43
26 ,  4 ,  980674 ,  0 ,  200 ,  36.46 ,  0.10 ,  8.43
26 ,  4 ,  980715 ,  0 ,  200 ,  36.35 ,  0.10 ,  8.43
26 ,  4 ,  980757 ,  0 ,  200 ,  36.35 ,  0.10 ,  8.43
26 ,  4 ,  980798 ,  0 ,  200 ,  36.13 ,  0.10 ,  8.33
26 ,  4 ,  980841 ,  0 ,  200 ,  36.13 ,  0.10 ,  8.33
26 ,  4 ,  980883 ,  0 ,  200 ,  36.02 ,  0.10 ,  8.33
26 ,  4 ,  980924 ,  0 ,  200 ,  35.91 ,  0.10 ,  8.24
26 ,  4 ,  980965 ,  0 ,  200 ,  35.91 ,  0.10 ,  8.24
26 ,  4 ,  981007 ,  0 ,  200 ,  35.69 ,  0.10 ,  8.24
26 ,  4 ,  981048 ,  0 ,  200 ,  35.69 ,  0.10 ,  8.14
26 ,  4 ,  981089 ,  0 ,  200 ,  35.58 ,  0.09 ,  8.14
26 ,  4 ,  981130 ,  0 ,  200 ,  35.47 ,  0.10 ,  8.14
26 ,  4 ,  981172 ,  0 ,  200 ,  35.36 ,  0.09 ,  8.04
26 ,  4 ,  981213 ,  0 ,  200 ,  35.25 ,  0.09 ,  8.04
26 ,  4 ,  981256 ,  0 ,  200 ,  35.13 ,  0.09 ,  8.04
26 ,  4 ,  981298 ,  0 ,  200 ,  35.13 ,  0.09 ,  7.94
26 ,  4 ,  981339 ,  0 ,  200 ,  35.02 ,  0.09 ,  7.94
26 ,  4 ,  981380 ,  0 ,  200 ,  34.91 ,  0.09 ,  7.94
26 ,  4 ,  981421 ,  0 ,  200 ,  34.80 ,  0.09 ,  7.94
26 ,  4 ,  981463 ,  0 ,  200 ,  34.80 ,  0.09 ,  7.84
26 ,  4 ,  981504 ,  0 ,  200 ,  34.58 ,  0.09 ,  7.84
26 ,  4 ,  981544 ,  0 ,  200 ,  34.58 ,  0.09 ,  7.74
26 ,  4 ,  981585 ,  0 ,  200 ,  34.47 ,  0.09 ,  7.74
26 ,  4 ,  981629 ,  0 ,  200 ,  34.36 ,  0.08 ,  7.74
26 ,  4 ,  981670 ,  0 ,  200 ,  34.25 ,  0.09 ,  7.64
26 ,  4 ,  981712 ,  0 ,  200 ,  34.25 ,  0.08 ,  7.64
26 ,  4 ,  981753 ,  0 ,  200 ,  34.03 ,  0.09 ,  7.64
26 ,  4 ,  981794 ,  0 ,  200 ,  34.03 ,  0.08 ,  7.54
26 ,  4 ,  981836 ,  0 ,  200 ,  33.92 ,  0.09 ,  7.54
26 ,  4 ,  981877 ,  0 ,  200 ,  33.81 ,  0.09 ,  7.54
26 ,  4 ,  981918 ,  0 ,  200 ,  33.81 ,  0.08 ,  7.44
26 ,  4 ,  981960 ,  0 ,  200 ,  33.70 ,  0.09 ,  7.44
26 ,  4 ,  982004 ,  0 ,  200 ,  33.59 ,  0.08 ,  7.44
26 ,  4 ,  982045 ,  0 ,  200 ,  33.48 ,  0.08 ,  7.34
26 ,  4 ,  982086 ,  0 ,  200 ,  33.37 ,  0.09 ,  7.34
26 ,  4 ,  982128 ,  0 ,  200 ,  33.37 ,  0.09 ,  7.34
26 ,  4 ,  982169 ,  0 ,  200 ,  33.15 ,  0.08 ,  7.24
26 ,  4 ,  982211 ,  0 ,  200 ,  33.15 ,  0.09 ,  7.24
26 ,  4 ,  982252 ,  0 ,  200 ,  33.04 ,  0.08 ,  7.24
26 ,  4 ,  982293 ,  0 ,  200 ,  32.93 ,  0.08 ,  7.24
26 ,  4 ,  982335 ,  0 ,  200 ,  32.82 ,  0.08 ,  7.14
26 ,  4 ,  982379 ,  0 ,  200 ,  32.71 ,  0.08 ,  7.14
26 ,  4 ,  982425 ,  0 ,  200 ,  32.71 ,  0.08 ,  7.14
26 ,  4 ,  982467 ,  0 ,  200 ,  32.60 ,  0.08 ,  7.04
26 ,  4 ,  982508 ,  0 ,  200 ,  32.49 ,  0.08 ,  7.04
26 ,  4 ,  982549 ,  0 ,  200 ,  32.38 ,  0.08 ,  7.04
26 ,  4 ,  982591 ,  0 ,  200 ,  32.27 ,  0.08 ,  7.04
26 ,  4 ,  982632 ,  0 ,  200 ,  32.27 ,  0.08 ,  6.95
26 ,  4 ,  982673 ,  0 ,  200 ,  32.16 ,  0.08 ,  6.95
26 ,  4 ,  982715 ,  0 ,  200 ,  32.05 ,  0.08 ,  6.95
26 ,  4 ,  982767 ,  0 ,  200 ,  32.05 ,  0.09 ,  6.85
26 ,  4 ,  982811 ,  0 ,  200 ,  31.83 ,  0.08 ,  6.85
26 ,  4 ,  982854 ,  0 ,  200 ,  31.83 ,  0.08 ,  6.85
26 ,  4 ,  982898 ,  0 ,  200 ,  31.72 ,  0.08 ,  6.75
26 ,  4 ,  982941 ,  0 ,  200 ,  31.61 ,  0.07 ,  6.75
26 ,  4 ,  982985 ,  0 ,  200 ,  31.50 ,  0.08 ,  6.75
26 ,  4 ,  983028 ,  0 ,  200 ,  31.39 ,  0.07 ,  6.65
26 ,  4 ,  983072 ,  0 ,  200 ,  31.28 ,  0.08 ,  6.65
26 ,  4 ,  983115 ,  0 ,  200 ,  31.28 ,  0.07 ,  6.65
26 ,  4 ,  983161 ,  0 ,  200 ,  31.17 ,  0.08 ,  6.55
26 ,  4 ,  983204 ,  0 ,  200 ,  31.06 ,  0.07 ,  6.55
26 ,  4 ,  983248 ,  0 ,  200 ,  30.95 ,  0.08 ,  6.55
26 ,  4 ,  983291 ,  0 ,  200 ,  30.95 ,  0.07 ,  6.55
26 ,  4 ,  983334 ,  0 ,  200 ,  30.84 ,  0.08 ,  6.45
26 ,  4 ,  983378 ,  0 ,  200 ,  30.73 ,  0.07 ,  6.45
26 ,  4 ,  983421 ,  0 ,  200 ,  30.62 ,  0.07 ,  6.45
26 ,  4 ,  983464 ,  0 ,  200 ,  30.51 ,  0.07 ,  6.35
26 ,  4 ,  983508 ,  0 ,  200 ,  30.51 ,  0.07 ,  6.35
26 ,  4 ,  983554 ,  0 ,  200 ,  30.40 ,  0.07 ,  6.35
26 ,  4 ,  983597 ,  0 ,  200 ,  30.29 ,  0.07 ,  6.25
26 ,  4 ,  983641 ,  0 ,  200 ,  30.18 ,  0.07 ,  6.25
26 ,  4 ,  983684 ,  0 ,  200 ,  30.18 ,  0.07 ,  6.25
26 ,  4 ,  983727 ,  0 ,  200 ,  30.07 ,  0.07 ,  6.15
26 ,  4 ,  983771 ,  0 ,  200 ,  29.96 ,  0.07 ,  6.15
26 ,  4 ,  983814 ,  0 ,  200 ,  29.85 ,  0.07 ,  6.15
26 ,  4 ,  983857 ,  0 ,  200 ,  29.85 ,  0.07 ,  6.15
26 ,  4 ,  983901 ,  0 ,  200 ,  29.74 ,  0.07 ,  6.05
26 ,  4 ,  983944 ,  0 ,  200 ,  29.52 ,  0.07 ,  6.05
26 ,  4 ,  983989 ,  0 ,  200 ,  29.52 ,  0.07 ,  5.95
26 ,  4 ,  984033 ,  0 ,  200 ,  29.41 ,  0.07 ,  6.05
26 ,  4 ,  984076 ,  0 ,  200 ,  29.41 ,  0.07 ,  5.95
26 ,  4 ,  984119 ,  0 ,  200 ,  29.19 ,  0.07 ,  5.95
26 ,  4 ,  984163 ,  0 ,  200 ,  29.19 ,  0.07 ,  5.95
26 ,  4 ,  984206 ,  0 ,  200 ,  29.08 ,  0.07 ,  5.85
26 ,  4 ,  984249 ,  0 ,  200 ,  29.08 ,  0.07 ,  5.85
26 ,  4 ,  984293 ,  0 ,  200 ,  28.97 ,  0.07 ,  5.85
26 ,  4 ,  984336 ,  0 ,  200 ,  28.86 ,  0.07 ,  5.85
26 ,  4 ,  984381 ,  0 ,  200 ,  28.75 ,  0.07 ,  5.75
26 ,  4 ,  984425 ,  0 ,  200 ,  28.64 ,  0.07 ,  5.75
26 ,  4 ,  984468 ,  0 ,  200 ,  28.64 ,  0.07 ,  5.75
26 ,  4 ,  984511 ,  0 ,  200 ,  28.53 ,  0.07 ,  5.75
26 ,  4 ,  984555 ,  0 ,  200 ,  28.42 ,  0.07 ,  5.75
26 ,  4 ,  984598 ,  0 ,  200 ,  28.42 ,  0.07 ,  5.66
26 ,  4 ,  984641 ,  0 ,  200 ,  28.31 ,  0.07 ,  5.66
26 ,  4 ,  984685 ,  0 ,  200 ,  28.20 ,  0.07 ,  5.66
26 ,  4 ,  984728 ,  0 ,  200 ,  28.09 ,  0.06 ,  5.56
26 ,  4 ,  984773 ,  0 ,  200 ,  27.98 ,  0.07 ,  5.56
26 ,  4 ,  984817 ,  0 ,  200 ,  27.98 ,  0.07 ,  5.56
26 ,  4 ,  984860 ,  0 ,  200 ,  27.87 ,  0.06 ,  5.46
26 ,  4 ,  984903 ,  0 ,  200 ,  27.76 ,  0.06 ,  5.56
26 ,  4 ,  984947 ,  0 ,  200 ,  27.65 ,  0.06 ,  5.46
26 ,  4 ,  984990 ,  0 ,  200 ,  27.54 ,  0.06 ,  5.46
26 ,  4 ,  985033 ,  0 ,  200 ,  27.54 ,  0.06 ,  5.46
26 ,  4 ,  985077 ,  0 ,  200 ,  27.43 ,  0.06 ,  5.46
26 ,  4 ,  985120 ,  0 ,  200 ,  27.32 ,  0.06 ,  5.36
26 ,  4 ,  985165 ,  0 ,  200 ,  27.21 ,  0.07 ,  5.36
26 ,  4 ,  985209 ,  0 ,  200 ,  27.21 ,  0.06 ,  5.36
26 ,  4 ,  985252 ,  0 ,  200 ,  27.10 ,  0.06 ,  5.36
26 ,  4 ,  985295 ,  0 ,  200 ,  26.99 ,  0.06 ,  5.26
26 ,  4 ,  985339 ,  0 ,  200 ,  26.88 ,  0.06 ,  5.26
26 ,  4 ,  985382 ,  0 ,  200 ,  26.88 ,  0.06 ,  5.26
26 ,  4 ,  985425 ,  0 ,  200 ,  26.77 ,  0.07 ,  5.26
26 ,  4 ,  985469 ,  0 ,  200 ,  26.66 ,  0.06 ,  5.26
26 ,  4 ,  985512 ,  0 ,  200 ,  26.66 ,  0.06 ,  5.16
26 ,  4 ,  985559 ,  0 ,  200 ,  26.43 ,  0.06 ,  5.16
26 ,  4 ,  985602 ,  0 ,  200 ,  26.43 ,  0.06 ,  5.16
26 ,  4 ,  985645 ,  0 ,  200 ,  26.32 ,  0.06 ,  5.16
26 ,  4 ,  985689 ,  0 ,  200 ,  26.32 ,  0.06 ,  5.06
26 ,  4 ,  985732 ,  0 ,  200 ,  26.21 ,  0.07 ,  5.06
26 ,  4 ,  985775 ,  0 ,  200 ,  26.10 ,  0.06 ,  5.06
26 ,  4 ,  985818 ,  0 ,  200 ,  26.10 ,  0.06 ,  4.96
26 ,  4 ,  985862 ,  0 ,  200 ,  25.99 ,  0.06 ,  5.06
26 ,  4 ,  985905 ,  0 ,  200 ,  25.88 ,  0.06 ,  4.96
26 ,  4 ,  985951 ,  0 ,  200 ,  25.77 ,  0.06 ,  4.96
26 ,  4 ,  985994 ,  0 ,  200 ,  25.77 ,  0.06 ,  4.96
26 ,  4 ,  986037 ,  0 ,  200 ,  25.66 ,  0.06 ,  4.96
26 ,  4 ,  986081 ,  0 ,  200 ,  25.55 ,  0.06 ,  4.86
26 ,  4 ,  986124 ,  0 ,  200 ,  25.44 ,  0.06 ,  4.86
26 ,  4 ,  986167 ,  0 ,  200 ,  25.44 ,  0.06 ,  4.86
26 ,  4 ,  986210 ,  0 ,  200 ,  25.33 ,  0.06 ,  4.86
26 ,  4 ,  986254 ,  0 ,  200 ,  25.22 ,  0.06 ,  4.86
26 ,  4 ,  986297 ,  0 ,  200 ,  25.11 ,  0.06 ,  4.76
26 ,  4 ,  986343 ,  0 ,  200 ,  25.11 ,  0.06 ,  4.76
26 ,  4 ,  986386 ,  0 ,  200 ,  25.00 ,  0.06 ,  4.76
26 ,  4 ,  986430 ,  0 ,  200 ,  25.00 ,  0.06 ,  4.76
26 ,  4 ,  986473 ,  0 ,  200 ,  24.89 ,  0.06 ,  4.76
26 ,  4 ,  986516 ,  0 ,  200 ,  24.78 ,  0.06 ,  4.66
26 ,  4 ,  986560 ,  0 ,  200 ,  24.78 ,  0.06 ,  4.66
26 ,  4 ,  986603 ,  0 ,  200 ,  24.67 ,  0.06 ,  4.66
26 ,  4 ,  986646 ,  0 ,  200 ,  24.56 ,  0.06 ,  4.66
26 ,  4 ,  986690 ,  0 ,  200 ,  24.45 ,  0.06 ,  4.56
26 ,  4 ,  986733 ,  0 ,  200 ,  24.45 ,  0.06 ,  4.56
26 ,  4 ,  986778 ,  0 ,  200 ,  24.34 ,  0.06 ,  4.56
26 ,  4 ,  986822 ,  0 ,  200 ,  24.34 ,  0.06 ,  4.56
26 ,  4 ,  986865 ,  0 ,  200 ,  24.23 ,  0.06 ,  4.56
26 ,  4 ,  986908 ,  0 ,  200 ,  24.12 ,  0.06 ,  4.56
26 ,  4 ,  986952 ,  0 ,  200 ,  24.12 ,  0.06 ,  4.46
26 ,  4 ,  986995 ,  0 ,  200 ,  24.01 ,  0.06 ,  4.46
26 ,  4 ,  987038 ,  0 ,  200 ,  24.01 ,  0.06 ,  4.46
26 ,  4 ,  987082 ,  0 ,  200 ,  23.90 ,  0.06 ,  4.46
26 ,  4 ,  987125 ,  0 ,  200 ,  23.79 ,  0.06 ,  4.46
26 ,  4 ,  987171 ,  0 ,  200 ,  23.68 ,  0.06 ,  4.37
26 ,  4 ,  987214 ,  0 ,  200 ,  23.68 ,  0.06 ,  4.37
26 ,  4 ,  987257 ,  0 ,  200 ,  23.57 ,  0.06 ,  4.37
26 ,  4 ,  987301 ,  0 ,  200 ,  23.46 ,  0.06 ,  4.37
26 ,  4 ,  987344 ,  0 ,  200 ,  23.46 ,  0.06 ,  4.37
26 ,  4 ,  987387 ,  0 ,  200 ,  23.35 ,  0.06 ,  4.27
26 ,  4 ,  987431 ,  0 ,  200 ,  23.35 ,  0.06 ,  4.27
26 ,  4 ,  987474 ,  0 ,  200 ,  23.24 ,  0.06 ,  4.27
26 ,  4 ,  987517 ,  0 ,  200 ,  23.13 ,  0.05 ,  4.27
26 ,  4 ,  987564 ,  0 ,  200 ,  23.13 ,  0.06 ,  4.17
26 ,  4 ,  987607 ,  0 ,  200 ,  23.02 ,  0.06 ,  4.27
26 ,  4 ,  987650 ,  0 ,  200 ,  22.91 ,  0.06 ,  4.17
26 ,  4 ,  987694 ,  0 ,  200 ,  22.80 ,  0.06 ,  4.17
26 ,  4 ,  987737 ,  0 ,  200 ,  22.80 ,  0.06 ,  4.17
26 ,  4 ,  987780 ,  0 ,  200 ,  22.80 ,  0.06 ,  4.17
26 ,  4 ,  987823 ,  0 ,  200 ,  22.69 ,  0.06 ,  4.17
26 ,  4 ,  987867 ,  0 ,  200 ,  22.58 ,  0.06 ,  4.17
26 ,  4 ,  987910 ,  0 ,  200 ,  22.47 ,  0.06 ,  4.07
26 ,  4 ,  987956 ,  0 ,  200 ,  22.47 ,  0.05 ,  4.07
26 ,  4 ,  987999 ,  0 ,  200 ,  22.36 ,  0.06 ,  4.07
26 ,  4 ,  988042 ,  0 ,  200 ,  22.36 ,  0.05 ,  4.07
26 ,  4 ,  988085 ,  0 ,  200 ,  22.25 ,  0.05 ,  4.07
26 ,  4 ,  988129 ,  0 ,  200 ,  22.14 ,  0.05 ,  4.07
26 ,  4 ,  988172 ,  0 ,  200 ,  22.14 ,  0.06 ,  3.97
26 ,  4 ,  988215 ,  0 ,  200 ,  22.03 ,  0.06 ,  3.97
26 ,  4 ,  988259 ,  0 ,  200 ,  21.92 ,  0.06 ,  3.97
26 ,  4 ,  988302 ,  0 ,  200 ,  21.92 ,  0.05 ,  3.97
26 ,  4 ,  988348 ,  0 ,  200 ,  21.81 ,  0.05 ,  3.97
26 ,  4 ,  988391 ,  0 ,  200 ,  21.81 ,  0.06 ,  3.87
26 ,  4 ,  988434 ,  0 ,  200 ,  21.70 ,  0.06 ,  3.87
26 ,  4 ,  988477 ,  0 ,  200 ,  21.70 ,  0.06 ,  3.87
26 ,  4 ,  988521 ,  0 ,  200 ,  21.59 ,  0.05 ,  3.87
26 ,  4 ,  988564 ,  0 ,  200 ,  21.48 ,  0.05 ,  3.87
26 ,  4 ,  988607 ,  0 ,  200 ,  21.48 ,  0.05 ,  3.87
26 ,  4 ,  988651 ,  0 ,  200 ,  21.37 ,  0.05 ,  3.87
26 ,  4 ,  988694 ,  0 ,  200 ,  21.26 ,  0.05 ,  3.87
26 ,  4 ,  988739 ,  0 ,  200 ,  21.26 ,  0.06 ,  3.77
26 ,  4 ,  988783 ,  0 ,  200 ,  21.15 ,  0.06 ,  3.77
26 ,  4 ,  988826 ,  0 ,  200 ,  21.15 ,  0.05 ,  3.77
26 ,  4 ,  988869 ,  0 ,  200 ,  21.04 ,  0.05 ,  3.77
26 ,  4 ,  988913 ,  0 ,  200 ,  20.93 ,  0.05 ,  3.77
26 ,  4 ,  988956 ,  0 ,  200 ,  20.93 ,  0.05 ,  3.77
26 ,  4 ,  988999 ,  0 ,  200 ,  20.93 ,  0.05 ,  3.77
26 ,  4 ,  989043 ,  0 ,  200 ,  20.82 ,  0.05 ,  3.67
26 ,  4 ,  989086 ,  0 ,  200 ,  20.71 ,  0.06 ,  3.67
26 ,  4 ,  989131 ,  0 ,  200 ,  20.60 ,  0.05 ,  3.67
26 ,  4 ,  989175 ,  0 ,  200 ,  20.49 ,  0.06 ,  3.67
26 ,  4 ,  989218 ,  0 ,  200 ,  20.49 ,  0.06 ,  3.67
26 ,  4 ,  989261 ,  0 ,  200 ,  20.49 ,  0.06 ,  3.57
26 ,  4 ,  989305 ,  0 ,  200 ,  20.38 ,  0.06 ,  3.57
26 ,  4 ,  989348 ,  0 ,  200 ,  20.38 ,  0.06 ,  3.57
26 ,  4 ,  989391 ,  0 ,  200 ,  20.27 ,  0.06 ,  3.57
26 ,  4 ,  989434 ,  0 ,  200 ,  20.16 ,  0.05 ,  3.57
26 ,  4 ,  989478 ,  0 ,  200 ,  20.16 ,  0.05 ,  3.57
26 ,  4 ,  989521 ,  0 ,  200 ,  20.05 ,  0.05 ,  3.57
26 ,  4 ,  989568 ,  0 ,  200 ,  20.05 ,  0.05 ,  3.47
26 ,  4 ,  989611 ,  0 ,  200 ,  20.05 ,  0.06 ,  3.47
26 ,  4 ,  989654 ,  0 ,  200 ,  19.94 ,  0.05 ,  3.47
26 ,  4 ,  989697 ,  0 ,  200 ,  19.83 ,  0.05 ,  3.47
26 ,  4 ,  989741 ,  0 ,  200 ,  19.72 ,  0.05 ,  3.47
26 ,  4 ,  989784 ,  0 ,  200 ,  19.72 ,  0.06 ,  3.47
26 ,  4 ,  989827 ,  0 ,  200 ,  19.61 ,  0.05 ,  3.37
26 ,  4 ,  989871 ,  0 ,  200 ,  19.61 ,  0.05 ,  3.37
26 ,  4 ,  989914 ,  0 ,  200 ,  19.50 ,  0.05 ,  3.37
26 ,  4 ,  989960 ,  0 ,  200 ,  19.50 ,  0.06 ,  3.37
26 ,  4 ,  990003 ,  0 ,  200 ,  19.50 ,  0.05 ,  3.37
26 ,  4 ,  990046 ,  0 ,  200 ,  19.39 ,  0.05 ,  3.37
26 ,  4 ,  990089 ,  0 ,  200 ,  19.28 ,  0.05 ,  3.37
26 ,  4 ,  990133 ,  0 ,  200 ,  19.28 ,  0.05 ,  3.27
26 ,  4 ,  990176 ,  0 ,  200 ,  19.17 ,  0.05 ,  3.27
26 ,  4 ,  990219 ,  0 ,  200 ,  19.06 ,  0.05 ,  3.27
26 ,  4 ,  990263 ,  0 ,  200 ,  19.06 ,  0.05 ,  3.27
26 ,  4 ,  990306 ,  0 ,  200 ,  19.06 ,  0.05 ,  3.27
26 ,  4 ,  990352 ,  0 ,  200 ,  18.95 ,  0.05 ,  3.27
26 ,  4 ,  990395 ,  0 ,  200 ,  18.84 ,  0.05 ,  3.27
26 ,  4 ,  990439 ,  0 ,  200 ,  18.84 ,  0.06 ,  3.27
26 ,  4 ,  990488 ,  0 ,  200 ,  18.73 ,  0.05 ,  3.18
26 ,  4 ,  990531 ,  0 ,  200 ,  18.73 ,  0.05 ,  3.18
26 ,  4 ,  990574 ,  0 ,  200 ,  18.73 ,  0.06 ,  3.18
26 ,  4 ,  990618 ,  0 ,  200 ,  18.62 ,  0.06 ,  3.18
26 ,  4 ,  990661 ,  0 ,  200 ,  18.62 ,  0.05 ,  3.08
26 ,  4 ,  990704 ,  0 ,  200 ,  18.51 ,  0.05 ,  3.18
26 ,  4 ,  990750 ,  0 ,  200 ,  18.40 ,  0.05 ,  3.18
26 ,  4 ,  990793 ,  0 ,  200 ,  18.29 ,  0.05 ,  3.08
26 ,  4 ,  990836 ,  0 ,  200 ,  18.40 ,  0.05 ,  3.08
26 ,  4 ,  990880 ,  0 ,  200 ,  18.29 ,  0.05 ,  3.08
26 ,  4 ,  990923 ,  0 ,  200 ,  18.18 ,  0.05 ,  3.08
26 ,  4 ,  990966 ,  0 ,  200 ,  18.18 ,  0.05 ,  3.08
26 ,  4 ,  991010 ,  0 ,  200 ,  18.07 ,  0.06 ,  3.08
26 ,  4 ,  991053 ,  0 ,  200 ,  18.07 ,  0.06 ,  3.08
26 ,  4 ,  991096 ,  0 ,  200 ,  18.07 ,  0.05 ,  3.08
26 ,  4 ,  991142 ,  0 ,  200 ,  17.96 ,  0.05 ,  3.08
26 ,  4 ,  991185 ,  0 ,  200 ,  17.85 ,  0.05 ,  2.98
26 ,  4 ,  991228 ,  0 ,  200 ,  17.85 ,  0.06 ,  2.98
26 ,  4 ,  991271 ,  0 ,  200 ,  17.73 ,  0.05 ,  2.98
26 ,  4 ,  991315 ,  0 ,  200 ,  17.73 ,  0.05 ,  2.98
26 ,  4 ,  991358 ,  0 ,  200 ,  17.73 ,  0.06 ,  2.98
26 ,  4 ,  991401 ,  0 ,  200 ,  17.62 ,  0.05 ,  2.98
26 ,  4 ,  991446 ,  0 ,  200 ,  17.51 ,  0.05 ,  2.98
26 ,  4 ,  991489 ,  0 ,  200 ,  17.51 ,  0.05 ,  2.88
26 ,  4 ,  991534 ,  0 ,  200 ,  17.40 ,  0.05 ,  2.88
26 ,  4 ,  991578 ,  0 ,  200 ,  17.40 ,  0.05 ,  2.88
26 ,  4 ,  991621 ,  0 ,  200 ,  17.29 ,  0.05 ,  2.88
26 ,  4 ,  991664 ,  0 ,  200 ,  17.18 ,  0.05 ,  2.88
26 ,  4 ,  991708 ,  0 ,  200 ,  17.18 ,  0.05 ,  2.88
26 ,  4 ,  991751 ,  0 ,  200 ,  17.18 ,  0.05 ,  2.88
26 ,  4 ,  991794 ,  0 ,  200 ,  17.07 ,  0.05 ,  2.88
26 ,  4 ,  991837 ,  0 ,  200 ,  17.07 ,  0.05 ,  2.78
26 ,  4 ,  991881 ,  0 ,  200 ,  16.96 ,  0.05 ,  2.78
26 ,  4 ,  991926 ,  0 ,  200 ,  16.96 ,  0.05 ,  2.78
26 ,  4 ,  991970 ,  0 ,  200 ,  16.96 ,  0.05 ,  2.78
26 ,  4 ,  992013 ,  0 ,  200 ,  16.85 ,  0.05 ,  2.78
26 ,  4 ,  992056 ,  0 ,  200 ,  16.85 ,  0.05 ,  2.78
26 ,  4 ,  992099 ,  0 ,  200 ,  16.74 ,  0.05 ,  2.68
26 ,  4 ,  992143 ,  0 ,  200 ,  16.63 ,  0.05 ,  2.78
26 ,  4 ,  992186 ,  0 ,  200 ,  16.74 ,  0.05 ,  2.78
26 ,  4 ,  992229 ,  0 ,  200 ,  16.63 ,  0.05 ,  2.78
26 ,  4 ,  992273 ,  0 ,  200 ,  16.52 ,  0.06 ,  2.68
26 ,  4 ,  992316 ,  0 ,  200 ,  16.52 ,  0.05 ,  2.68
26 ,  4 ,  992361 ,  0 ,  200 ,  16.41 ,  0.05 ,  2.68
26 ,  4 ,  992405 ,  0 ,  200 ,  16.41 ,  0.05 ,  2.68
26 ,  4 ,  992448 ,  0 ,  200 ,  16.41 ,  0.05 ,  2.68
26 ,  4 ,  992491 ,  0 ,  200 ,  16.41 ,  0.05 ,  2.68
26 ,  4 ,  992535 ,  0 ,  200 ,  16.30 ,  0.05 ,  2.68
26 ,  4 ,  992578 ,  0 ,  200 ,  16.19 ,  0.05 ,  2.68
26 ,  4 ,  992621 ,  0 ,  200 ,  16.08 ,  0.05 ,  2.68
26 ,  4 ,  992664 ,  0 ,  200 ,  16.08 ,  0.05 ,  2.58
26 ,  4 ,  992708 ,  0 ,  200 ,  16.08 ,  0.06 ,  2.58
26 ,  4 ,  992753 ,  0 ,  200 ,  16.08 ,  0.05 ,  2.58
26 ,  4 ,  992797 ,  0 ,  200 ,  15.97 ,  0.05 ,  2.58
26 ,  4 ,  992840 ,  0 ,  200 ,  15.97 ,  0.05 ,  2.58
26 ,  4 ,  992883 ,  0 ,  200 ,  15.86 ,  0.05 ,  2.58
26 ,  4 ,  992927 ,  0 ,  200 ,  15.86 ,  0.05 ,  2.58
26 ,  4 ,  992970 ,  0 ,  200 ,  15.75 ,  0.05 ,  2.58
26 ,  4 ,  993013 ,  0 ,  200 ,  15.75 ,  0.05 ,  2.58
26 ,  4 ,  993056 ,  0 ,  200 ,  15.75 ,  0.05 ,  2.58
26 ,  4 ,  993100 ,  0 ,  200 ,  15.64 ,  0.05 ,  2.48
26 ,  4 ,  993145 ,  0 ,  200 ,  15.53 ,  0.05 ,  2.48
26 ,  4 ,  993188 ,  0 ,  200 ,  15.53 ,  0.05 ,  2.48
26 ,  4 ,  993232 ,  0 ,  200 ,  15.53 ,  0.05 ,  2.48
26 ,  4 ,  993275 ,  0 ,  200 ,  15.42 ,  0.06 ,  2.48
26 ,  4 ,  993318 ,  0 ,  200 ,  15.42 ,  0.05 ,  2.48
26 ,  4 ,  993362 ,  0 ,  200 ,  15.31 ,  0.05 ,  2.48
26 ,  4 ,  993405 ,  0 ,  200 ,  15.31 ,  0.05 ,  2.48
26 ,  4 ,  993448 ,  0 ,  200 ,  15.20 ,  0.05 ,  2.48
26 ,  4 ,  993492 ,  0 ,  200 ,  15.20 ,  0.05 ,  2.48
26 ,  4 ,  993538 ,  0 ,  200 ,  15.20 ,  0.05 ,  2.48
26 ,  4 ,  993581 ,  0 ,  200 ,  15.09 ,  0.05 ,  2.48
26 ,  4 ,  993625 ,  0 ,  200 ,  15.09 ,  0.05 ,  2.48
26 ,  4 ,  993668 ,  0 ,  200 ,  14.98 ,  0.05 ,  2.38
26 ,  4 ,  993711 ,  0 ,  200 ,  14.98 ,  0.05 ,  2.38
26 ,  4 ,  993755 ,  0 ,  200 ,  14.87 ,  0.05 ,  2.38
26 ,  4 ,  993798 ,  0 ,  200 ,  14.98 ,  0.05 ,  2.38
26 ,  4 ,  993841 ,  0 ,  200 ,  14.87 ,  0.05 ,  2.38
26 ,  4 ,  993884 ,  0 ,  200 ,  14.87 ,  0.05 ,  2.38
26 ,  4 ,  993930 ,  0 ,  200 ,  14.76 ,  0.05 ,  2.38
26 ,  4 ,  993973 ,  0 ,  200 ,  14.76 ,  0.05 ,  2.38
26 ,  4 ,  994017 ,  0 ,  200 ,  14.65 ,  0.05 ,  2.38
26 ,  4 ,  994060 ,  0 ,  200 ,  14.65 ,  0.05 ,  2.38
26 ,  4 ,  994103 ,  0 ,  200 ,  14.65 ,  0.05 ,  2.38
26 ,  4 ,  994147 ,  0 ,  200 ,  14.54 ,  0.05 ,  2.38
26 ,  4 ,  994190 ,  0 ,  200 ,  14.54 ,  0.05 ,  2.28
26 ,  4 ,  994233 ,  0 ,  200 ,  14.54 ,  0.05 ,  2.28
26 ,  4 ,  994276 ,  0 ,  200 ,  14.43 ,  0.05 ,  2.28
26 ,  4 ,  994322 ,  0 ,  200 ,  14.43 ,  0.05 ,  2.28
26 ,  4 ,  994365 ,  0 ,  200 ,  14.32 ,  0.05 ,  2.28
26 ,  4 ,  994409 ,  0 ,  200 ,  14.32 ,  0.05 ,  2.28
26 ,  4 ,  994453 ,  0 ,  200 ,  14.32 ,  0.05 ,  2.28
26 ,  4 ,  994496 ,  0 ,  200 ,  14.21 ,  0.05 ,  2.28
26 ,  4 ,  994540 ,  0 ,  200 ,  14.21 ,  0.05 ,  2.18
26 ,  4 ,  994583 ,  0 ,  200 ,  14.10 ,  0.05 ,  2.28
26 ,  4 ,  994626 ,  0 ,  200 ,  14.10 ,  0.05 ,  2.28
26 ,  4 ,  994670 ,  0 ,  200 ,  14.10 ,  0.05 ,  2.18
26 ,  4 ,  994715 ,  0 ,  200 ,  14.10 ,  0.05 ,  2.28
26 ,  4 ,  994759 ,  0 ,  200 ,  13.99 ,  0.05 ,  2.28
26 ,  4 ,  994802 ,  0 ,  200 ,  13.88 ,  0.05 ,  2.18
26 ,  4 ,  994846 ,  0 ,  200 ,  13.88 ,  0.05 ,  2.18
26 ,  4 ,  994889 ,  0 ,  200 ,  13.88 ,  0.05 ,  2.18
26 ,  4 ,  994932 ,  0 ,  200 ,  13.77 ,  0.05 ,  2.18
26 ,  4 ,  994976 ,  0 ,  200 ,  13.77 ,  0.05 ,  2.18
26 ,  4 ,  995019 ,  0 ,  200 ,  13.77 ,  0.05 ,  2.18
26 ,  4 ,  995063 ,  0 ,  200 ,  13.66 ,  0.05 ,  2.18
26 ,  4 ,  995106 ,  0 ,  200 ,  13.66 ,  0.05 ,  2.18
26 ,  4 ,  995152 ,  0 ,  200 ,  13.66 ,  0.05 ,  2.08
26 ,  4 ,  995195 ,  0 ,  200 ,  13.55 ,  0.05 ,  2.18
26 ,  4 ,  995238 ,  0 ,  200 ,  13.55 ,  0.05 ,  2.18
26 ,  4 ,  995282 ,  0 ,  200 ,  13.55 ,  0.05 ,  2.08
26 ,  4 ,  995325 ,  0 ,  200 ,  13.55 ,  0.05 ,  2.08
26 ,  4 ,  995369 ,  0 ,  200 ,  13.44 ,  0.05 ,  2.08
26 ,  4 ,  995412 ,  0 ,  200 ,  13.44 ,  0.05 ,  2.08
26 ,  4 ,  995456 ,  0 ,  200 ,  13.33 ,  0.05 ,  2.08
26 ,  4 ,  995500 ,  0 ,  200 ,  13.33 ,  0.05 ,  2.08
26 ,  4 ,  995552 ,  0 ,  200 ,  13.33 ,  0.05 ,  2.08
26 ,  4 ,  995596 ,  0 ,  200 ,  13.22 ,  0.05 ,  2.08
26 ,  4 ,  995639 ,  0 ,  200 ,  13.22 ,  0.05 ,  2.08
26 ,  4 ,  995683 ,  0 ,  200 ,  13.22 ,  0.05 ,  2.08
26 ,  4 ,  995726 ,  0 ,  200 ,  13.11 ,  0.05 ,  2.08
26 ,  4 ,  995770 ,  0 ,  200 ,  13.00 ,  0.05 ,  2.08
26 ,  4 ,  995813 ,  0 ,  200 ,  13.00 ,  0.05 ,  2.08
26 ,  4 ,  995857 ,  0 ,  200 ,  13.00 ,  0.05 ,  1.98
