MS, MPT, t (s), PWMi, PWMe, Pressure (Psi), LW (V), Displacement (mm)
27 ,  1 ,  1021221 ,  0 ,  200 ,  12.89 ,  0.05 ,  1.98
27 ,  1 ,  1021262 ,  255 ,  0 ,  12.89 ,  0.05 ,  1.98
27 ,  1 ,  1021304 ,  255 ,  0 ,  16.08 ,  0.05 ,  2.08
27 ,  1 ,  1021345 ,  255 ,  0 ,  32.71 ,  0.08 ,  4.27
27 ,  1 ,  1021387 ,  255 ,  0 ,  47.91 ,  0.15 ,  8.04
27 ,  1 ,  1021429 ,  255 ,  0 ,  57.93 ,  0.24 ,  11.61
27 ,  1 ,  1021470 ,  255 ,  0 ,  64.76 ,  0.33 ,  14.39
27 ,  1 ,  1021512 ,  255 ,  0 ,  69.49 ,  0.40 ,  16.27
27 ,  1 ,  1021556 ,  255 ,  0 ,  73.13 ,  0.44 ,  17.76
27 ,  1 ,  1021597 ,  255 ,  0 ,  75.77 ,  0.47 ,  18.65
27 ,  1 ,  1021639 ,  255 ,  0 ,  77.86 ,  0.49 ,  19.45
27 ,  1 ,  1021680 ,  255 ,  0 ,  79.74 ,  0.50 ,  20.04
27 ,  1 ,  1021722 ,  255 ,  0 ,  81.39 ,  0.50 ,  20.54
27 ,  1 ,  1021764 ,  255 ,  0 ,  82.93 ,  0.51 ,  20.94
27 ,  1 ,  1021805 ,  255 ,  0 ,  84.25 ,  0.51 ,  21.33
27 ,  1 ,  1021846 ,  255 ,  0 ,  85.57 ,  0.52 ,  21.73
27 ,  1 ,  1021888 ,  255 ,  0 ,  86.78 ,  0.52 ,  22.03
27 ,  1 ,  1021932 ,  255 ,  0 ,  87.89 ,  0.52 ,  22.32
27 ,  1 ,  1021973 ,  255 ,  0 ,  88.88 ,  0.52 ,  22.62
27 ,  1 ,  1022014 ,  255 ,  0 ,  89.87 ,  0.52 ,  22.92
27 ,  1 ,  1022056 ,  255 ,  0 ,  90.75 ,  0.52 ,  23.02
27 ,  1 ,  1022097 ,  255 ,  0 ,  91.63 ,  0.52 ,  23.32
27 ,  1 ,  1022139 ,  255 ,  0 ,  92.40 ,  0.52 ,  23.42
27 ,  1 ,  1022180 ,  255 ,  0 ,  93.17 ,  0.53 ,  23.61
27 ,  1 ,  1022222 ,  255 ,  0 ,  93.83 ,  0.52 ,  23.81
27 ,  1 ,  1022263 ,  255 ,  0 ,  94.49 ,  0.52 ,  23.91
27 ,  1 ,  1022307 ,  255 ,  0 ,  95.15 ,  0.52 ,  24.11
27 ,  1 ,  1022348 ,  255 ,  0 ,  95.59 ,  0.53 ,  24.21
27 ,  1 ,  1022390 ,  255 ,  0 ,  96.04 ,  0.53 ,  24.31
27 ,  1 ,  1022431 ,  255 ,  0 ,  96.37 ,  0.53 ,  24.41
27 ,  1 ,  1022472 ,  255 ,  0 ,  96.59 ,  0.53 ,  24.41
27 ,  1 ,  1022514 ,  255 ,  0 ,  96.70 ,  0.52 ,  24.51
27 ,  1 ,  1022555 ,  255 ,  0 ,  96.92 ,  0.52 ,  24.61
27 ,  1 ,  1022597 ,  255 ,  0 ,  96.92 ,  0.52 ,  24.61
27 ,  1 ,  1022640 ,  255 ,  0 ,  97.03 ,  0.52 ,  24.61
27 ,  1 ,  1022682 ,  255 ,  0 ,  97.03 ,  0.52 ,  24.61
27 ,  1 ,  1022723 ,  255 ,  0 ,  97.03 ,  0.53 ,  24.71
27 ,  1 ,  1022765 ,  255 ,  0 ,  97.03 ,  0.53 ,  24.71
27 ,  1 ,  1022806 ,  255 ,  0 ,  97.14 ,  0.53 ,  24.80
27 ,  1 ,  1022848 ,  255 ,  0 ,  97.03 ,  0.53 ,  24.80
27 ,  1 ,  1022888 ,  255 ,  0 ,  97.03 ,  0.52 ,  24.80
27 ,  1 ,  1022929 ,  255 ,  0 ,  97.03 ,  0.53 ,  24.80
27 ,  1 ,  1022971 ,  255 ,  0 ,  97.03 ,  0.53 ,  24.80
27 ,  1 ,  1023010 ,  255 ,  0 ,  97.03 ,  0.53 ,  24.80
27 ,  1 ,  1023052 ,  255 ,  0 ,  97.03 ,  0.53 ,  24.80
27 ,  1 ,  1023093 ,  255 ,  0 ,  97.03 ,  0.53 ,  24.90
27 ,  1 ,  1023135 ,  255 ,  0 ,  97.03 ,  0.52 ,  24.90
27 ,  1 ,  1023176 ,  255 ,  0 ,  97.03 ,  0.53 ,  24.90
27 ,  1 ,  1023217 ,  255 ,  0 ,  96.92 ,  0.53 ,  24.90
27 ,  1 ,  1023259 ,  255 ,  0 ,  96.92 ,  0.52 ,  24.90
27 ,  1 ,  1023300 ,  255 ,  0 ,  97.03 ,  0.53 ,  24.90
27 ,  1 ,  1023342 ,  255 ,  0 ,  96.92 ,  0.52 ,  24.90
27 ,  1 ,  1023385 ,  255 ,  0 ,  97.03 ,  0.53 ,  24.90
27 ,  1 ,  1023427 ,  255 ,  0 ,  97.03 ,  0.53 ,  25.00
27 ,  1 ,  1023468 ,  255 ,  0 ,  96.92 ,  0.53 ,  24.90
27 ,  1 ,  1023510 ,  255 ,  0 ,  96.92 ,  0.53 ,  25.00
27 ,  1 ,  1023551 ,  255 ,  0 ,  96.92 ,  0.53 ,  25.00
27 ,  1 ,  1023592 ,  255 ,  0 ,  96.92 ,  0.53 ,  25.00
27 ,  1 ,  1023634 ,  255 ,  0 ,  97.03 ,  0.53 ,  24.90
27 ,  1 ,  1023675 ,  255 ,  0 ,  96.92 ,  0.53 ,  25.00
27 ,  1 ,  1023717 ,  255 ,  0 ,  96.92 ,  0.52 ,  25.00
27 ,  1 ,  1023760 ,  255 ,  0 ,  96.92 ,  0.53 ,  25.00
27 ,  1 ,  1023802 ,  255 ,  0 ,  96.92 ,  0.53 ,  25.00
27 ,  1 ,  1023843 ,  255 ,  0 ,  96.92 ,  0.53 ,  25.00
27 ,  1 ,  1023885 ,  255 ,  0 ,  96.92 ,  0.52 ,  25.10
27 ,  1 ,  1023926 ,  255 ,  0 ,  96.92 ,  0.52 ,  25.10
27 ,  1 ,  1023968 ,  255 ,  0 ,  96.92 ,  0.53 ,  25.10
27 ,  1 ,  1024009 ,  255 ,  0 ,  96.92 ,  0.52 ,  25.10
27 ,  1 ,  1024050 ,  255 ,  0 ,  96.92 ,  0.52 ,  25.10
27 ,  1 ,  1024092 ,  255 ,  0 ,  96.92 ,  0.53 ,  25.10
27 ,  1 ,  1024135 ,  255 ,  0 ,  96.92 ,  0.53 ,  25.10
27 ,  1 ,  1024177 ,  0 ,  195 ,  96.92 ,  0.53 ,  25.10
27 ,  1 ,  1024218 ,  0 ,  195 ,  93.72 ,  0.53 ,  25.00
27 ,  1 ,  1024260 ,  0 ,  195 ,  88.33 ,  0.52 ,  24.41
27 ,  1 ,  1024301 ,  0 ,  195 ,  83.59 ,  0.52 ,  23.71
27 ,  1 ,  1024343 ,  0 ,  195 ,  79.63 ,  0.52 ,  23.12
27 ,  1 ,  1024384 ,  0 ,  195 ,  76.43 ,  0.52 ,  22.42
27 ,  1 ,  1024424 ,  0 ,  195 ,  73.68 ,  0.52 ,  21.83
27 ,  1 ,  1024466 ,  0 ,  195 ,  71.26 ,  0.51 ,  21.33
27 ,  1 ,  1024510 ,  0 ,  195 ,  69.16 ,  0.51 ,  20.84
27 ,  1 ,  1024551 ,  0 ,  195 ,  67.51 ,  0.50 ,  20.34
27 ,  1 ,  1024592 ,  0 ,  195 ,  66.08 ,  0.49 ,  19.94
27 ,  1 ,  1024634 ,  0 ,  195 ,  64.65 ,  0.49 ,  19.55
27 ,  1 ,  1024675 ,  0 ,  195 ,  63.55 ,  0.48 ,  19.15
27 ,  1 ,  1024717 ,  0 ,  195 ,  62.56 ,  0.47 ,  18.85
27 ,  1 ,  1024758 ,  0 ,  195 ,  61.68 ,  0.47 ,  18.55
27 ,  1 ,  1024800 ,  0 ,  195 ,  60.90 ,  0.46 ,  18.26
27 ,  1 ,  1024843 ,  0 ,  195 ,  60.24 ,  0.45 ,  18.06
27 ,  1 ,  1024885 ,  0 ,  195 ,  59.47 ,  0.44 ,  17.86
27 ,  1 ,  1024926 ,  0 ,  195 ,  58.92 ,  0.43 ,  17.56
27 ,  1 ,  1024967 ,  0 ,  195 ,  58.37 ,  0.43 ,  17.46
27 ,  1 ,  1025009 ,  0 ,  195 ,  57.93 ,  0.42 ,  17.26
27 ,  1 ,  1025050 ,  0 ,  195 ,  57.49 ,  0.41 ,  17.07
27 ,  1 ,  1025092 ,  0 ,  195 ,  57.16 ,  0.41 ,  16.97
27 ,  1 ,  1025139 ,  0 ,  195 ,  56.72 ,  0.40 ,  16.77
27 ,  1 ,  1025180 ,  0 ,  195 ,  56.39 ,  0.39 ,  16.67
27 ,  1 ,  1025224 ,  0 ,  195 ,  56.17 ,  0.39 ,  16.57
27 ,  1 ,  1025265 ,  0 ,  195 ,  55.84 ,  0.38 ,  16.37
27 ,  1 ,  1025307 ,  0 ,  195 ,  55.51 ,  0.37 ,  16.27
27 ,  1 ,  1025348 ,  0 ,  195 ,  55.29 ,  0.37 ,  16.17
27 ,  1 ,  1025390 ,  0 ,  195 ,  55.07 ,  0.36 ,  16.07
27 ,  1 ,  1025431 ,  0 ,  195 ,  54.85 ,  0.36 ,  15.97
27 ,  1 ,  1025472 ,  0 ,  195 ,  54.63 ,  0.36 ,  15.97
27 ,  1 ,  1025514 ,  0 ,  195 ,  54.41 ,  0.35 ,  15.88
27 ,  1 ,  1025555 ,  0 ,  195 ,  54.30 ,  0.35 ,  15.78
27 ,  1 ,  1025599 ,  0 ,  195 ,  54.08 ,  0.34 ,  15.68
27 ,  1 ,  1025640 ,  0 ,  195 ,  53.86 ,  0.34 ,  15.58
27 ,  1 ,  1025682 ,  0 ,  195 ,  53.75 ,  0.34 ,  15.58
27 ,  1 ,  1025723 ,  0 ,  195 ,  53.53 ,  0.34 ,  15.38
27 ,  1 ,  1025764 ,  0 ,  195 ,  53.42 ,  0.34 ,  15.38
27 ,  1 ,  1025806 ,  0 ,  195 ,  53.20 ,  0.33 ,  15.38
27 ,  1 ,  1025847 ,  0 ,  195 ,  53.09 ,  0.33 ,  15.28
27 ,  1 ,  1025889 ,  0 ,  195 ,  52.98 ,  0.33 ,  15.18
27 ,  1 ,  1025930 ,  0 ,  195 ,  52.87 ,  0.32 ,  15.18
27 ,  1 ,  1025974 ,  0 ,  195 ,  52.65 ,  0.32 ,  15.08
27 ,  1 ,  1026015 ,  0 ,  195 ,  52.54 ,  0.32 ,  15.08
27 ,  1 ,  1026057 ,  0 ,  195 ,  52.42 ,  0.32 ,  14.98
27 ,  1 ,  1026098 ,  0 ,  195 ,  52.31 ,  0.32 ,  14.98
27 ,  1 ,  1026139 ,  0 ,  195 ,  52.20 ,  0.31 ,  14.88
27 ,  1 ,  1026181 ,  0 ,  195 ,  51.98 ,  0.31 ,  14.88
27 ,  1 ,  1026222 ,  0 ,  195 ,  51.87 ,  0.31 ,  14.78
27 ,  1 ,  1026264 ,  0 ,  195 ,  51.76 ,  0.30 ,  14.78
27 ,  1 ,  1026305 ,  0 ,  195 ,  51.65 ,  0.30 ,  14.68
27 ,  1 ,  1026349 ,  0 ,  195 ,  51.54 ,  0.30 ,  14.68
27 ,  1 ,  1026390 ,  0 ,  195 ,  51.43 ,  0.30 ,  14.59
27 ,  1 ,  1026430 ,  0 ,  195 ,  51.32 ,  0.30 ,  14.59
27 ,  1 ,  1026472 ,  0 ,  195 ,  51.21 ,  0.29 ,  14.49
27 ,  1 ,  1026513 ,  0 ,  195 ,  51.10 ,  0.29 ,  14.49
27 ,  1 ,  1026555 ,  0 ,  195 ,  50.99 ,  0.29 ,  14.39
27 ,  1 ,  1026596 ,  0 ,  195 ,  50.77 ,  0.29 ,  14.39
27 ,  1 ,  1026638 ,  0 ,  195 ,  50.66 ,  0.28 ,  14.29
27 ,  1 ,  1026679 ,  0 ,  195 ,  50.66 ,  0.29 ,  14.29
27 ,  1 ,  1026723 ,  0 ,  195 ,  50.44 ,  0.28 ,  14.19
27 ,  1 ,  1026764 ,  0 ,  195 ,  50.44 ,  0.28 ,  14.19
27 ,  1 ,  1026805 ,  0 ,  195 ,  50.22 ,  0.28 ,  14.09
27 ,  1 ,  1026847 ,  0 ,  195 ,  50.11 ,  0.28 ,  14.09
27 ,  1 ,  1026888 ,  0 ,  195 ,  50.11 ,  0.27 ,  14.09
27 ,  1 ,  1026930 ,  0 ,  195 ,  49.89 ,  0.28 ,  13.99
27 ,  1 ,  1026971 ,  0 ,  195 ,  49.89 ,  0.27 ,  13.99
27 ,  1 ,  1027012 ,  0 ,  195 ,  49.67 ,  0.27 ,  13.89
27 ,  1 ,  1027056 ,  0 ,  195 ,  49.56 ,  0.27 ,  13.89
27 ,  1 ,  1027097 ,  0 ,  195 ,  49.45 ,  0.26 ,  13.79
27 ,  1 ,  1027139 ,  0 ,  195 ,  49.34 ,  0.26 ,  13.79
27 ,  1 ,  1027180 ,  0 ,  195 ,  49.23 ,  0.26 ,  13.69
27 ,  1 ,  1027222 ,  0 ,  195 ,  49.12 ,  0.26 ,  13.69
27 ,  1 ,  1027263 ,  0 ,  195 ,  49.01 ,  0.26 ,  13.59
27 ,  1 ,  1027304 ,  0 ,  195 ,  48.90 ,  0.26 ,  13.59
27 ,  1 ,  1027346 ,  0 ,  195 ,  48.79 ,  0.26 ,  13.59
27 ,  1 ,  1027387 ,  0 ,  195 ,  48.68 ,  0.26 ,  13.49
27 ,  1 ,  1027431 ,  0 ,  195 ,  48.57 ,  0.25 ,  13.49
27 ,  1 ,  1027472 ,  0 ,  195 ,  48.46 ,  0.24 ,  13.39
27 ,  1 ,  1027514 ,  0 ,  195 ,  48.35 ,  0.24 ,  13.39
27 ,  1 ,  1027555 ,  0 ,  195 ,  48.24 ,  0.24 ,  13.30
27 ,  1 ,  1027597 ,  0 ,  195 ,  48.13 ,  0.24 ,  13.30
27 ,  1 ,  1027638 ,  0 ,  195 ,  48.02 ,  0.25 ,  13.30
27 ,  1 ,  1027679 ,  0 ,  195 ,  47.91 ,  0.24 ,  13.20
27 ,  1 ,  1027721 ,  0 ,  195 ,  47.80 ,  0.24 ,  13.20
27 ,  1 ,  1027762 ,  0 ,  195 ,  47.69 ,  0.24 ,  13.10
27 ,  1 ,  1027806 ,  0 ,  195 ,  47.58 ,  0.23 ,  13.10
27 ,  1 ,  1027847 ,  0 ,  195 ,  47.47 ,  0.23 ,  13.00
27 ,  1 ,  1027889 ,  0 ,  195 ,  47.36 ,  0.23 ,  13.00
27 ,  1 ,  1027930 ,  0 ,  195 ,  47.25 ,  0.23 ,  12.90
27 ,  1 ,  1027971 ,  0 ,  195 ,  47.14 ,  0.23 ,  12.90
27 ,  1 ,  1028013 ,  0 ,  195 ,  47.03 ,  0.22 ,  12.90
27 ,  1 ,  1028054 ,  0 ,  195 ,  46.92 ,  0.23 ,  12.80
27 ,  1 ,  1028096 ,  0 ,  195 ,  46.81 ,  0.23 ,  12.80
27 ,  1 ,  1028136 ,  0 ,  195 ,  46.70 ,  0.22 ,  12.70
27 ,  1 ,  1028180 ,  0 ,  195 ,  46.59 ,  0.22 ,  12.60
27 ,  1 ,  1028221 ,  0 ,  195 ,  46.48 ,  0.22 ,  12.60
27 ,  1 ,  1028262 ,  0 ,  195 ,  46.37 ,  0.22 ,  12.60
27 ,  1 ,  1028304 ,  0 ,  195 ,  46.26 ,  0.22 ,  12.50
27 ,  1 ,  1028345 ,  0 ,  195 ,  46.15 ,  0.22 ,  12.50
27 ,  1 ,  1028387 ,  0 ,  195 ,  46.04 ,  0.22 ,  12.40
27 ,  1 ,  1028428 ,  0 ,  195 ,  45.93 ,  0.21 ,  12.40
27 ,  1 ,  1028469 ,  0 ,  195 ,  45.82 ,  0.21 ,  12.30
27 ,  1 ,  1028511 ,  0 ,  195 ,  45.71 ,  0.21 ,  12.30
27 ,  1 ,  1028555 ,  0 ,  195 ,  45.60 ,  0.21 ,  12.20
27 ,  1 ,  1028596 ,  0 ,  195 ,  45.49 ,  0.21 ,  12.20
27 ,  1 ,  1028637 ,  0 ,  195 ,  45.38 ,  0.21 ,  12.20
27 ,  1 ,  1028679 ,  0 ,  195 ,  45.27 ,  0.20 ,  12.10
27 ,  1 ,  1028720 ,  0 ,  195 ,  45.16 ,  0.20 ,  12.10
27 ,  1 ,  1028762 ,  0 ,  195 ,  45.05 ,  0.20 ,  12.01
27 ,  1 ,  1028803 ,  0 ,  195 ,  45.05 ,  0.20 ,  12.01
27 ,  1 ,  1028844 ,  0 ,  195 ,  44.83 ,  0.20 ,  11.91
27 ,  1 ,  1028886 ,  0 ,  195 ,  44.72 ,  0.19 ,  11.91
27 ,  1 ,  1028930 ,  0 ,  195 ,  44.61 ,  0.20 ,  11.81
27 ,  1 ,  1028971 ,  0 ,  195 ,  44.61 ,  0.19 ,  11.81
27 ,  1 ,  1029013 ,  0 ,  195 ,  44.39 ,  0.19 ,  11.81
27 ,  1 ,  1029054 ,  0 ,  195 ,  44.28 ,  0.19 ,  11.71
27 ,  1 ,  1029096 ,  0 ,  195 ,  44.17 ,  0.19 ,  11.71
27 ,  1 ,  1029137 ,  0 ,  195 ,  44.06 ,  0.19 ,  11.61
27 ,  1 ,  1029179 ,  0 ,  195 ,  44.06 ,  0.18 ,  11.61
27 ,  1 ,  1029220 ,  0 ,  195 ,  43.95 ,  0.19 ,  11.51
27 ,  1 ,  1029264 ,  0 ,  195 ,  43.84 ,  0.18 ,  11.51
27 ,  1 ,  1029305 ,  0 ,  195 ,  43.72 ,  0.17 ,  11.51
27 ,  1 ,  1029346 ,  0 ,  195 ,  43.61 ,  0.18 ,  11.41
27 ,  1 ,  1029388 ,  0 ,  195 ,  43.50 ,  0.18 ,  11.41
27 ,  1 ,  1029429 ,  0 ,  195 ,  43.39 ,  0.17 ,  11.31
27 ,  1 ,  1029471 ,  0 ,  195 ,  43.28 ,  0.17 ,  11.31
27 ,  1 ,  1029512 ,  0 ,  195 ,  43.17 ,  0.17 ,  11.21
27 ,  1 ,  1029554 ,  0 ,  195 ,  43.06 ,  0.17 ,  11.21
27 ,  1 ,  1029595 ,  0 ,  195 ,  42.95 ,  0.17 ,  11.21
27 ,  1 ,  1029639 ,  0 ,  195 ,  42.84 ,  0.17 ,  11.11
27 ,  1 ,  1029680 ,  0 ,  195 ,  42.84 ,  0.16 ,  11.11
27 ,  1 ,  1029722 ,  0 ,  195 ,  42.73 ,  0.16 ,  11.01
27 ,  1 ,  1029763 ,  0 ,  195 ,  42.62 ,  0.16 ,  11.01
27 ,  1 ,  1029804 ,  0 ,  195 ,  42.40 ,  0.16 ,  11.01
27 ,  1 ,  1029861 ,  0 ,  195 ,  42.29 ,  0.16 ,  10.91
27 ,  1 ,  1029902 ,  0 ,  195 ,  42.18 ,  0.16 ,  10.91
27 ,  1 ,  1029944 ,  0 ,  195 ,  42.07 ,  0.16 ,  10.81
27 ,  1 ,  1029985 ,  0 ,  195 ,  41.96 ,  0.16 ,  10.81
27 ,  1 ,  1030029 ,  0 ,  195 ,  41.85 ,  0.15 ,  10.72
27 ,  1 ,  1030070 ,  0 ,  195 ,  41.85 ,  0.15 ,  10.72
27 ,  1 ,  1030112 ,  0 ,  195 ,  41.74 ,  0.15 ,  10.62
27 ,  1 ,  1030153 ,  0 ,  195 ,  41.63 ,  0.16 ,  10.62
27 ,  1 ,  1030194 ,  0 ,  195 ,  41.52 ,  0.15 ,  10.52
27 ,  1 ,  1030236 ,  0 ,  195 ,  41.41 ,  0.15 ,  10.52
27 ,  1 ,  1030277 ,  0 ,  195 ,  41.30 ,  0.15 ,  10.52
27 ,  1 ,  1030319 ,  0 ,  195 ,  41.19 ,  0.15 ,  10.42
27 ,  1 ,  1030360 ,  0 ,  195 ,  41.08 ,  0.15 ,  10.42
27 ,  1 ,  1030404 ,  0 ,  195 ,  40.97 ,  0.14 ,  10.32
27 ,  1 ,  1030445 ,  0 ,  195 ,  40.86 ,  0.14 ,  10.32
27 ,  1 ,  1030486 ,  0 ,  195 ,  40.75 ,  0.14 ,  10.32
27 ,  1 ,  1030528 ,  0 ,  195 ,  40.75 ,  0.14 ,  10.22
27 ,  1 ,  1030568 ,  0 ,  195 ,  40.64 ,  0.14 ,  10.22
27 ,  1 ,  1030610 ,  0 ,  195 ,  40.53 ,  0.13 ,  10.12
27 ,  1 ,  1030651 ,  0 ,  195 ,  40.42 ,  0.14 ,  10.12
27 ,  1 ,  1030693 ,  0 ,  195 ,  40.31 ,  0.13 ,  10.12
27 ,  1 ,  1030734 ,  0 ,  195 ,  40.20 ,  0.13 ,  10.12
27 ,  1 ,  1030778 ,  0 ,  195 ,  40.09 ,  0.13 ,  10.02
27 ,  1 ,  1030819 ,  0 ,  195 ,  39.98 ,  0.13 ,  9.92
27 ,  1 ,  1030860 ,  0 ,  195 ,  39.87 ,  0.13 ,  9.92
27 ,  1 ,  1030902 ,  0 ,  195 ,  39.87 ,  0.13 ,  9.92
27 ,  1 ,  1030943 ,  0 ,  195 ,  39.65 ,  0.13 ,  9.82
27 ,  1 ,  1030984 ,  0 ,  195 ,  39.65 ,  0.13 ,  9.82
27 ,  1 ,  1031026 ,  0 ,  195 ,  39.54 ,  0.13 ,  9.72
27 ,  1 ,  1031067 ,  0 ,  195 ,  39.43 ,  0.13 ,  9.72
27 ,  1 ,  1031109 ,  0 ,  195 ,  39.32 ,  0.13 ,  9.72
27 ,  1 ,  1031152 ,  0 ,  195 ,  39.21 ,  0.13 ,  9.62
27 ,  1 ,  1031194 ,  0 ,  195 ,  39.10 ,  0.12 ,  9.62
27 ,  1 ,  1031235 ,  0 ,  195 ,  38.99 ,  0.12 ,  9.53
27 ,  1 ,  1031276 ,  0 ,  195 ,  38.99 ,  0.13 ,  9.53
27 ,  1 ,  1031318 ,  0 ,  195 ,  38.88 ,  0.12 ,  9.53
27 ,  1 ,  1031359 ,  0 ,  195 ,  38.77 ,  0.12 ,  9.43
27 ,  1 ,  1031400 ,  0 ,  195 ,  38.66 ,  0.12 ,  9.43
27 ,  1 ,  1031442 ,  0 ,  195 ,  38.55 ,  0.12 ,  9.33
27 ,  1 ,  1031483 ,  0 ,  195 ,  38.44 ,  0.12 ,  9.33
27 ,  1 ,  1031527 ,  0 ,  195 ,  38.33 ,  0.12 ,  9.23
27 ,  1 ,  1031568 ,  0 ,  195 ,  38.22 ,  0.11 ,  9.23
27 ,  1 ,  1031610 ,  0 ,  195 ,  38.11 ,  0.12 ,  9.23
27 ,  1 ,  1031651 ,  0 ,  195 ,  38.11 ,  0.11 ,  9.13
27 ,  1 ,  1031692 ,  0 ,  195 ,  38.00 ,  0.11 ,  9.13
27 ,  1 ,  1031734 ,  0 ,  195 ,  37.89 ,  0.11 ,  9.13
27 ,  1 ,  1031775 ,  0 ,  195 ,  37.78 ,  0.11 ,  9.03
27 ,  1 ,  1031816 ,  0 ,  195 ,  37.67 ,  0.11 ,  9.03
27 ,  1 ,  1031858 ,  0 ,  195 ,  37.56 ,  0.11 ,  8.93
27 ,  1 ,  1031901 ,  0 ,  195 ,  37.45 ,  0.11 ,  8.93
27 ,  1 ,  1031943 ,  0 ,  195 ,  37.34 ,  0.11 ,  8.93
27 ,  1 ,  1031984 ,  0 ,  195 ,  37.34 ,  0.11 ,  8.83
27 ,  1 ,  1032026 ,  0 ,  195 ,  37.23 ,  0.10 ,  8.73
27 ,  1 ,  1032067 ,  0 ,  195 ,  37.12 ,  0.11 ,  8.83
27 ,  1 ,  1032109 ,  0 ,  195 ,  37.01 ,  0.11 ,  8.73
27 ,  1 ,  1032150 ,  0 ,  195 ,  36.90 ,  0.10 ,  8.63
27 ,  1 ,  1032192 ,  0 ,  195 ,  36.90 ,  0.11 ,  8.73
27 ,  1 ,  1032232 ,  0 ,  195 ,  36.79 ,  0.10 ,  8.63
27 ,  1 ,  1032276 ,  0 ,  195 ,  36.68 ,  0.10 ,  8.63
27 ,  1 ,  1032317 ,  0 ,  195 ,  36.57 ,  0.10 ,  8.53
27 ,  1 ,  1032359 ,  0 ,  195 ,  36.46 ,  0.10 ,  8.53
27 ,  1 ,  1032400 ,  0 ,  195 ,  36.35 ,  0.10 ,  8.53
27 ,  1 ,  1032442 ,  0 ,  195 ,  36.24 ,  0.10 ,  8.43
27 ,  1 ,  1032483 ,  0 ,  195 ,  36.13 ,  0.10 ,  8.43
27 ,  1 ,  1032525 ,  0 ,  195 ,  36.13 ,  0.10 ,  8.43
27 ,  1 ,  1032566 ,  0 ,  195 ,  36.02 ,  0.10 ,  8.33
27 ,  1 ,  1032608 ,  0 ,  195 ,  35.91 ,  0.10 ,  8.33
27 ,  1 ,  1032651 ,  0 ,  195 ,  35.80 ,  0.10 ,  8.33
27 ,  1 ,  1032693 ,  0 ,  195 ,  35.80 ,  0.10 ,  8.24
27 ,  1 ,  1032734 ,  0 ,  195 ,  35.69 ,  0.10 ,  8.24
27 ,  1 ,  1032776 ,  0 ,  195 ,  35.47 ,  0.09 ,  8.24
27 ,  1 ,  1032817 ,  0 ,  195 ,  35.47 ,  0.09 ,  8.14
27 ,  1 ,  1032859 ,  0 ,  195 ,  35.36 ,  0.10 ,  8.14
27 ,  1 ,  1032900 ,  0 ,  195 ,  35.25 ,  0.09 ,  8.14
27 ,  1 ,  1032942 ,  0 ,  195 ,  35.25 ,  0.09 ,  8.04
27 ,  1 ,  1032983 ,  0 ,  195 ,  35.02 ,  0.09 ,  8.04
27 ,  1 ,  1033036 ,  0 ,  195 ,  35.02 ,  0.09 ,  7.94
27 ,  1 ,  1033079 ,  0 ,  195 ,  34.80 ,  0.09 ,  7.94
27 ,  1 ,  1033123 ,  0 ,  195 ,  34.80 ,  0.09 ,  7.94
27 ,  1 ,  1033167 ,  0 ,  195 ,  34.69 ,  0.09 ,  7.94
27 ,  1 ,  1033210 ,  0 ,  195 ,  34.58 ,  0.09 ,  7.84
27 ,  1 ,  1033254 ,  0 ,  195 ,  34.47 ,  0.09 ,  7.84
27 ,  1 ,  1033297 ,  0 ,  195 ,  34.47 ,  0.09 ,  7.84
27 ,  1 ,  1033341 ,  0 ,  195 ,  34.25 ,  0.09 ,  7.74
27 ,  1 ,  1033385 ,  0 ,  195 ,  34.25 ,  0.09 ,  7.74
27 ,  1 ,  1033431 ,  0 ,  195 ,  34.03 ,  0.09 ,  7.64
27 ,  1 ,  1033475 ,  0 ,  195 ,  34.03 ,  0.09 ,  7.64
27 ,  1 ,  1033518 ,  0 ,  195 ,  33.92 ,  0.09 ,  7.64
27 ,  1 ,  1033562 ,  0 ,  195 ,  33.81 ,  0.09 ,  7.54
27 ,  1 ,  1033605 ,  0 ,  195 ,  33.70 ,  0.09 ,  7.54
27 ,  1 ,  1033649 ,  0 ,  195 ,  33.59 ,  0.08 ,  7.54
27 ,  1 ,  1033693 ,  0 ,  195 ,  33.59 ,  0.08 ,  7.44
27 ,  1 ,  1033736 ,  0 ,  195 ,  33.48 ,  0.08 ,  7.44
27 ,  1 ,  1033779 ,  0 ,  195 ,  33.37 ,  0.08 ,  7.44
27 ,  1 ,  1033825 ,  0 ,  195 ,  33.26 ,  0.09 ,  7.34
27 ,  1 ,  1033869 ,  0 ,  195 ,  33.15 ,  0.08 ,  7.34
27 ,  1 ,  1033912 ,  0 ,  195 ,  33.15 ,  0.08 ,  7.34
27 ,  1 ,  1033955 ,  0 ,  195 ,  32.93 ,  0.08 ,  7.24
27 ,  1 ,  1033999 ,  0 ,  195 ,  32.93 ,  0.08 ,  7.24
27 ,  1 ,  1034042 ,  0 ,  195 ,  32.82 ,  0.08 ,  7.24
27 ,  1 ,  1034086 ,  0 ,  195 ,  32.71 ,  0.08 ,  7.14
27 ,  1 ,  1034129 ,  0 ,  195 ,  32.60 ,  0.08 ,  7.14
27 ,  1 ,  1034173 ,  0 ,  195 ,  32.60 ,  0.08 ,  7.14
27 ,  1 ,  1034218 ,  0 ,  195 ,  32.49 ,  0.08 ,  7.04
27 ,  1 ,  1034262 ,  0 ,  195 ,  32.38 ,  0.08 ,  7.04
27 ,  1 ,  1034305 ,  0 ,  195 ,  32.27 ,  0.08 ,  7.04
27 ,  1 ,  1034348 ,  0 ,  195 ,  32.16 ,  0.08 ,  7.04
27 ,  1 ,  1034392 ,  0 ,  195 ,  32.05 ,  0.08 ,  6.95
27 ,  1 ,  1034435 ,  0 ,  195 ,  31.94 ,  0.08 ,  6.95
27 ,  1 ,  1034479 ,  0 ,  195 ,  31.94 ,  0.08 ,  6.95
27 ,  1 ,  1034522 ,  0 ,  195 ,  31.83 ,  0.08 ,  6.85
27 ,  1 ,  1034568 ,  0 ,  195 ,  31.72 ,  0.08 ,  6.85
27 ,  1 ,  1034611 ,  0 ,  195 ,  31.61 ,  0.07 ,  6.85
27 ,  1 ,  1034655 ,  0 ,  195 ,  31.50 ,  0.07 ,  6.75
27 ,  1 ,  1034698 ,  0 ,  195 ,  31.50 ,  0.07 ,  6.75
27 ,  1 ,  1034741 ,  0 ,  195 ,  31.39 ,  0.07 ,  6.75
27 ,  1 ,  1034785 ,  0 ,  195 ,  31.28 ,  0.08 ,  6.65
27 ,  1 ,  1034828 ,  0 ,  195 ,  31.17 ,  0.08 ,  6.65
27 ,  1 ,  1034872 ,  0 ,  195 ,  31.06 ,  0.08 ,  6.65
27 ,  1 ,  1034915 ,  0 ,  195 ,  30.95 ,  0.08 ,  6.55
27 ,  1 ,  1034961 ,  0 ,  195 ,  30.95 ,  0.07 ,  6.55
27 ,  1 ,  1035004 ,  0 ,  195 ,  30.84 ,  0.07 ,  6.55
27 ,  1 ,  1035048 ,  0 ,  195 ,  30.73 ,  0.07 ,  6.45
27 ,  1 ,  1035091 ,  0 ,  195 ,  30.73 ,  0.07 ,  6.45
27 ,  1 ,  1035136 ,  0 ,  195 ,  30.51 ,  0.07 ,  6.45
27 ,  1 ,  1035179 ,  0 ,  195 ,  30.51 ,  0.07 ,  6.45
27 ,  1 ,  1035222 ,  0 ,  195 ,  30.40 ,  0.07 ,  6.35
27 ,  1 ,  1035266 ,  0 ,  195 ,  30.40 ,  0.07 ,  6.35
27 ,  1 ,  1035309 ,  0 ,  195 ,  30.18 ,  0.07 ,  6.35
27 ,  1 ,  1035355 ,  0 ,  195 ,  30.18 ,  0.07 ,  6.25
27 ,  1 ,  1035398 ,  0 ,  195 ,  30.07 ,  0.07 ,  6.25
27 ,  1 ,  1035442 ,  0 ,  195 ,  29.96 ,  0.07 ,  6.25
27 ,  1 ,  1035485 ,  0 ,  195 ,  29.85 ,  0.08 ,  6.25
27 ,  1 ,  1035529 ,  0 ,  195 ,  29.74 ,  0.07 ,  6.15
27 ,  1 ,  1035572 ,  0 ,  195 ,  29.74 ,  0.07 ,  6.15
27 ,  1 ,  1035615 ,  0 ,  195 ,  29.63 ,  0.07 ,  6.15
27 ,  1 ,  1035659 ,  0 ,  195 ,  29.52 ,  0.07 ,  6.05
27 ,  1 ,  1035702 ,  0 ,  195 ,  29.41 ,  0.07 ,  6.05
27 ,  1 ,  1035748 ,  0 ,  195 ,  29.30 ,  0.07 ,  5.95
27 ,  1 ,  1035791 ,  0 ,  195 ,  29.30 ,  0.07 ,  5.95
27 ,  1 ,  1035835 ,  0 ,  195 ,  29.19 ,  0.07 ,  5.95
27 ,  1 ,  1035878 ,  0 ,  195 ,  29.08 ,  0.07 ,  5.95
27 ,  1 ,  1035922 ,  0 ,  195 ,  29.08 ,  0.07 ,  5.95
27 ,  1 ,  1035965 ,  0 ,  195 ,  28.97 ,  0.07 ,  5.95
27 ,  1 ,  1036009 ,  0 ,  195 ,  28.86 ,  0.07 ,  5.85
27 ,  1 ,  1036052 ,  0 ,  195 ,  28.86 ,  0.07 ,  5.85
27 ,  1 ,  1036095 ,  0 ,  195 ,  28.75 ,  0.07 ,  5.85
27 ,  1 ,  1036141 ,  0 ,  195 ,  28.64 ,  0.07 ,  5.75
27 ,  1 ,  1036184 ,  0 ,  195 ,  28.53 ,  0.07 ,  5.75
27 ,  1 ,  1036228 ,  0 ,  195 ,  28.42 ,  0.07 ,  5.75
27 ,  1 ,  1036271 ,  0 ,  195 ,  28.42 ,  0.07 ,  5.75
27 ,  1 ,  1036315 ,  0 ,  195 ,  28.31 ,  0.07 ,  5.66
27 ,  1 ,  1036358 ,  0 ,  195 ,  28.20 ,  0.07 ,  5.66
27 ,  1 ,  1036402 ,  0 ,  195 ,  28.09 ,  0.07 ,  5.66
27 ,  1 ,  1036445 ,  0 ,  195 ,  28.09 ,  0.07 ,  5.56
27 ,  1 ,  1036488 ,  0 ,  195 ,  27.98 ,  0.07 ,  5.56
27 ,  1 ,  1036534 ,  0 ,  195 ,  27.87 ,  0.07 ,  5.56
27 ,  1 ,  1036577 ,  0 ,  195 ,  27.76 ,  0.07 ,  5.56
27 ,  1 ,  1036621 ,  0 ,  195 ,  27.65 ,  0.06 ,  5.56
27 ,  1 ,  1036664 ,  0 ,  195 ,  27.54 ,  0.07 ,  5.56
27 ,  1 ,  1036708 ,  0 ,  195 ,  27.54 ,  0.07 ,  5.46
27 ,  1 ,  1036751 ,  0 ,  195 ,  27.43 ,  0.07 ,  5.46
27 ,  1 ,  1036795 ,  0 ,  195 ,  27.32 ,  0.06 ,  5.46
27 ,  1 ,  1036838 ,  0 ,  195 ,  27.32 ,  0.06 ,  5.46
27 ,  1 ,  1036881 ,  0 ,  195 ,  27.21 ,  0.07 ,  5.36
27 ,  1 ,  1036928 ,  0 ,  195 ,  27.10 ,  0.07 ,  5.36
27 ,  1 ,  1036972 ,  0 ,  195 ,  26.99 ,  0.07 ,  5.36
27 ,  1 ,  1037015 ,  0 ,  195 ,  26.88 ,  0.06 ,  5.36
27 ,  1 ,  1037058 ,  0 ,  195 ,  26.88 ,  0.06 ,  5.26
27 ,  1 ,  1037102 ,  0 ,  195 ,  26.77 ,  0.06 ,  5.26
27 ,  1 ,  1037145 ,  0 ,  195 ,  26.66 ,  0.06 ,  5.26
27 ,  1 ,  1037189 ,  0 ,  195 ,  26.66 ,  0.07 ,  5.26
27 ,  1 ,  1037232 ,  0 ,  195 ,  26.55 ,  0.06 ,  5.26
27 ,  1 ,  1037276 ,  0 ,  195 ,  26.43 ,  0.06 ,  5.16
27 ,  1 ,  1037321 ,  0 ,  195 ,  26.32 ,  0.07 ,  5.16
27 ,  1 ,  1037365 ,  0 ,  195 ,  26.32 ,  0.07 ,  5.16
27 ,  1 ,  1037408 ,  0 ,  195 ,  26.21 ,  0.07 ,  5.16
27 ,  1 ,  1037452 ,  0 ,  195 ,  26.10 ,  0.06 ,  5.06
27 ,  1 ,  1037495 ,  0 ,  195 ,  25.99 ,  0.06 ,  5.06
27 ,  1 ,  1037539 ,  0 ,  195 ,  25.99 ,  0.06 ,  5.06
27 ,  1 ,  1037582 ,  0 ,  195 ,  25.88 ,  0.06 ,  5.06
27 ,  1 ,  1037626 ,  0 ,  195 ,  25.88 ,  0.06 ,  4.96
27 ,  1 ,  1037669 ,  0 ,  195 ,  25.77 ,  0.06 ,  4.96
27 ,  1 ,  1037715 ,  0 ,  195 ,  25.66 ,  0.06 ,  4.96
27 ,  1 ,  1037759 ,  0 ,  195 ,  25.55 ,  0.06 ,  4.96
27 ,  1 ,  1037802 ,  0 ,  195 ,  25.44 ,  0.06 ,  4.96
27 ,  1 ,  1037851 ,  0 ,  195 ,  25.44 ,  0.06 ,  4.86
27 ,  1 ,  1037895 ,  0 ,  195 ,  25.33 ,  0.06 ,  4.86
27 ,  1 ,  1037938 ,  0 ,  195 ,  25.22 ,  0.06 ,  4.86
27 ,  1 ,  1037982 ,  0 ,  195 ,  25.22 ,  0.06 ,  4.86
27 ,  1 ,  1038025 ,  0 ,  195 ,  25.11 ,  0.06 ,  4.76
27 ,  1 ,  1038068 ,  0 ,  195 ,  25.00 ,  0.06 ,  4.76
27 ,  1 ,  1038114 ,  0 ,  195 ,  25.00 ,  0.06 ,  4.76
27 ,  1 ,  1038157 ,  0 ,  195 ,  24.89 ,  0.06 ,  4.76
27 ,  1 ,  1038201 ,  0 ,  195 ,  24.78 ,  0.06 ,  4.76
27 ,  1 ,  1038244 ,  0 ,  195 ,  24.78 ,  0.06 ,  4.66
27 ,  1 ,  1038288 ,  0 ,  195 ,  24.67 ,  0.06 ,  4.66
27 ,  1 ,  1038331 ,  0 ,  195 ,  24.56 ,  0.06 ,  4.66
27 ,  1 ,  1038375 ,  0 ,  195 ,  24.56 ,  0.06 ,  4.66
27 ,  1 ,  1038418 ,  0 ,  195 ,  24.45 ,  0.06 ,  4.66
27 ,  1 ,  1038461 ,  0 ,  195 ,  24.34 ,  0.06 ,  4.56
27 ,  1 ,  1038503 ,  0 ,  195 ,  24.23 ,  0.06 ,  4.56
27 ,  1 ,  1038546 ,  0 ,  195 ,  24.23 ,  0.06 ,  4.56
27 ,  1 ,  1038590 ,  0 ,  195 ,  24.12 ,  0.06 ,  4.56
27 ,  1 ,  1038633 ,  0 ,  195 ,  24.01 ,  0.06 ,  4.56
27 ,  1 ,  1038676 ,  0 ,  195 ,  24.01 ,  0.06 ,  4.56
27 ,  1 ,  1038721 ,  0 ,  195 ,  23.90 ,  0.06 ,  4.46
27 ,  1 ,  1038764 ,  0 ,  195 ,  23.90 ,  0.06 ,  4.46
27 ,  1 ,  1038808 ,  0 ,  195 ,  23.79 ,  0.06 ,  4.46
27 ,  1 ,  1038851 ,  0 ,  195 ,  23.68 ,  0.06 ,  4.46
27 ,  1 ,  1038897 ,  0 ,  195 ,  23.68 ,  0.06 ,  4.37
27 ,  1 ,  1038940 ,  0 ,  195 ,  23.57 ,  0.06 ,  4.37
27 ,  1 ,  1038983 ,  0 ,  195 ,  23.46 ,  0.06 ,  4.37
27 ,  1 ,  1039027 ,  0 ,  195 ,  23.46 ,  0.06 ,  4.37
27 ,  1 ,  1039070 ,  0 ,  195 ,  23.35 ,  0.06 ,  4.37
27 ,  1 ,  1039114 ,  0 ,  195 ,  23.35 ,  0.06 ,  4.37
27 ,  1 ,  1039157 ,  0 ,  195 ,  23.24 ,  0.06 ,  4.27
27 ,  1 ,  1039200 ,  0 ,  195 ,  23.13 ,  0.06 ,  4.27
27 ,  1 ,  1039244 ,  0 ,  195 ,  23.13 ,  0.06 ,  4.27
27 ,  1 ,  1039290 ,  0 ,  195 ,  23.02 ,  0.05 ,  4.27
27 ,  1 ,  1039333 ,  0 ,  195 ,  22.91 ,  0.06 ,  4.27
27 ,  1 ,  1039376 ,  0 ,  195 ,  22.91 ,  0.06 ,  4.27
27 ,  1 ,  1039420 ,  0 ,  195 ,  22.69 ,  0.06 ,  4.17
27 ,  1 ,  1039463 ,  0 ,  195 ,  22.69 ,  0.06 ,  4.17
27 ,  1 ,  1039506 ,  0 ,  195 ,  22.69 ,  0.06 ,  4.17
27 ,  1 ,  1039550 ,  0 ,  195 ,  22.58 ,  0.06 ,  4.17
27 ,  1 ,  1039593 ,  0 ,  195 ,  22.47 ,  0.06 ,  4.17
27 ,  1 ,  1039637 ,  0 ,  195 ,  22.47 ,  0.06 ,  4.07
27 ,  1 ,  1039682 ,  0 ,  195 ,  22.36 ,  0.06 ,  4.07
27 ,  1 ,  1039726 ,  0 ,  195 ,  22.36 ,  0.06 ,  4.07
27 ,  1 ,  1039769 ,  0 ,  195 ,  22.25 ,  0.06 ,  4.07
27 ,  1 ,  1039812 ,  0 ,  195 ,  22.14 ,  0.06 ,  3.97
27 ,  1 ,  1039856 ,  0 ,  195 ,  22.03 ,  0.05 ,  3.97
27 ,  1 ,  1039899 ,  0 ,  195 ,  22.03 ,  0.06 ,  3.97
27 ,  1 ,  1039943 ,  0 ,  195 ,  21.92 ,  0.06 ,  3.97
27 ,  1 ,  1039986 ,  0 ,  195 ,  21.92 ,  0.06 ,  3.97
27 ,  1 ,  1040029 ,  0 ,  195 ,  21.81 ,  0.05 ,  3.97
27 ,  1 ,  1040075 ,  0 ,  195 ,  21.81 ,  0.06 ,  3.97
27 ,  1 ,  1040118 ,  0 ,  195 ,  21.70 ,  0.06 ,  3.97
27 ,  1 ,  1040162 ,  0 ,  195 ,  21.59 ,  0.06 ,  3.87
27 ,  1 ,  1040205 ,  0 ,  195 ,  21.59 ,  0.05 ,  3.87
27 ,  1 ,  1040249 ,  0 ,  195 ,  21.59 ,  0.06 ,  3.87
27 ,  1 ,  1040292 ,  0 ,  195 ,  21.48 ,  0.06 ,  3.87
27 ,  1 ,  1040335 ,  0 ,  195 ,  21.37 ,  0.05 ,  3.77
27 ,  1 ,  1040379 ,  0 ,  195 ,  21.37 ,  0.05 ,  3.77
27 ,  1 ,  1040422 ,  0 ,  195 ,  21.26 ,  0.05 ,  3.77
27 ,  1 ,  1040468 ,  0 ,  195 ,  21.15 ,  0.06 ,  3.77
27 ,  1 ,  1040512 ,  0 ,  195 ,  21.15 ,  0.05 ,  3.77
27 ,  1 ,  1040556 ,  0 ,  195 ,  21.04 ,  0.05 ,  3.77
27 ,  1 ,  1040599 ,  0 ,  195 ,  21.04 ,  0.05 ,  3.77
27 ,  1 ,  1040642 ,  0 ,  195 ,  20.93 ,  0.05 ,  3.77
27 ,  1 ,  1040686 ,  0 ,  195 ,  20.82 ,  0.06 ,  3.77
27 ,  1 ,  1040729 ,  0 ,  195 ,  20.82 ,  0.06 ,  3.67
27 ,  1 ,  1040773 ,  0 ,  195 ,  20.71 ,  0.06 ,  3.67
27 ,  1 ,  1040816 ,  0 ,  195 ,  20.60 ,  0.06 ,  3.67
27 ,  1 ,  1040862 ,  0 ,  195 ,  20.60 ,  0.05 ,  3.67
27 ,  1 ,  1040905 ,  0 ,  195 ,  20.49 ,  0.06 ,  3.67
27 ,  1 ,  1040948 ,  0 ,  195 ,  20.38 ,  0.05 ,  3.67
27 ,  1 ,  1040992 ,  0 ,  195 ,  20.38 ,  0.06 ,  3.57
27 ,  1 ,  1041035 ,  0 ,  195 ,  20.38 ,  0.05 ,  3.57
27 ,  1 ,  1041079 ,  0 ,  195 ,  20.27 ,  0.05 ,  3.57
27 ,  1 ,  1041122 ,  0 ,  195 ,  20.16 ,  0.05 ,  3.57
27 ,  1 ,  1041165 ,  0 ,  195 ,  20.16 ,  0.05 ,  3.57
27 ,  1 ,  1041209 ,  0 ,  195 ,  20.05 ,  0.05 ,  3.57
27 ,  1 ,  1041255 ,  0 ,  195 ,  20.05 ,  0.05 ,  3.57
27 ,  1 ,  1041298 ,  0 ,  195 ,  19.94 ,  0.06 ,  3.57
27 ,  1 ,  1041341 ,  0 ,  195 ,  19.94 ,  0.06 ,  3.47
27 ,  1 ,  1041385 ,  0 ,  195 ,  19.83 ,  0.06 ,  3.47
27 ,  1 ,  1041428 ,  0 ,  195 ,  19.83 ,  0.05 ,  3.47
27 ,  1 ,  1041471 ,  0 ,  195 ,  19.72 ,  0.06 ,  3.47
27 ,  1 ,  1041515 ,  0 ,  195 ,  19.61 ,  0.05 ,  3.47
27 ,  1 ,  1041558 ,  0 ,  195 ,  19.61 ,  0.05 ,  3.37
27 ,  1 ,  1041602 ,  0 ,  195 ,  19.50 ,  0.05 ,  3.37
27 ,  1 ,  1041647 ,  0 ,  195 ,  19.50 ,  0.05 ,  3.37
27 ,  1 ,  1041691 ,  0 ,  195 ,  19.39 ,  0.05 ,  3.37
27 ,  1 ,  1041734 ,  0 ,  195 ,  19.28 ,  0.06 ,  3.37
27 ,  1 ,  1041778 ,  0 ,  195 ,  19.28 ,  0.05 ,  3.37
27 ,  1 ,  1041821 ,  0 ,  195 ,  19.28 ,  0.05 ,  3.37
27 ,  1 ,  1041865 ,  0 ,  195 ,  19.17 ,  0.05 ,  3.37
27 ,  1 ,  1041908 ,  0 ,  195 ,  19.17 ,  0.05 ,  3.27
27 ,  1 ,  1041952 ,  0 ,  195 ,  19.06 ,  0.06 ,  3.27
27 ,  1 ,  1041995 ,  0 ,  195 ,  18.95 ,  0.05 ,  3.27
27 ,  1 ,  1042041 ,  0 ,  195 ,  18.95 ,  0.05 ,  3.27
27 ,  1 ,  1042084 ,  0 ,  195 ,  18.95 ,  0.05 ,  3.27
27 ,  1 ,  1042128 ,  0 ,  195 ,  18.84 ,  0.05 ,  3.27
27 ,  1 ,  1042171 ,  0 ,  195 ,  18.84 ,  0.05 ,  3.27
27 ,  1 ,  1042214 ,  0 ,  195 ,  18.73 ,  0.05 ,  3.18
27 ,  1 ,  1042258 ,  0 ,  195 ,  18.73 ,  0.05 ,  3.18
27 ,  1 ,  1042301 ,  0 ,  195 ,  18.62 ,  0.05 ,  3.18
27 ,  1 ,  1042345 ,  0 ,  195 ,  18.51 ,  0.05 ,  3.18
27 ,  1 ,  1042388 ,  0 ,  195 ,  18.51 ,  0.05 ,  3.18
27 ,  1 ,  1042435 ,  0 ,  195 ,  18.40 ,  0.06 ,  3.18
27 ,  1 ,  1042478 ,  0 ,  195 ,  18.40 ,  0.06 ,  3.18
27 ,  1 ,  1042522 ,  0 ,  195 ,  18.29 ,  0.06 ,  3.18
27 ,  1 ,  1042565 ,  0 ,  195 ,  18.18 ,  0.05 ,  3.18
27 ,  1 ,  1042608 ,  0 ,  195 ,  18.18 ,  0.05 ,  3.08
27 ,  1 ,  1042652 ,  0 ,  195 ,  18.07 ,  0.05 ,  3.08
27 ,  1 ,  1042695 ,  0 ,  195 ,  18.07 ,  0.06 ,  3.08
27 ,  1 ,  1042739 ,  0 ,  195 ,  17.96 ,  0.05 ,  3.08
27 ,  1 ,  1042782 ,  0 ,  195 ,  17.96 ,  0.05 ,  3.08
27 ,  1 ,  1042828 ,  0 ,  195 ,  17.96 ,  0.05 ,  3.08
27 ,  1 ,  1042871 ,  0 ,  195 ,  17.85 ,  0.05 ,  3.08
27 ,  1 ,  1042914 ,  0 ,  195 ,  17.85 ,  0.05 ,  2.98
27 ,  1 ,  1042958 ,  0 ,  195 ,  17.73 ,  0.06 ,  2.98
27 ,  1 ,  1043001 ,  0 ,  195 ,  17.73 ,  0.05 ,  2.98
27 ,  1 ,  1043045 ,  0 ,  195 ,  17.62 ,  0.06 ,  2.98
27 ,  1 ,  1043088 ,  0 ,  195 ,  17.62 ,  0.05 ,  2.98
27 ,  1 ,  1043132 ,  0 ,  195 ,  17.51 ,  0.05 ,  2.98
27 ,  1 ,  1043175 ,  0 ,  195 ,  17.51 ,  0.05 ,  2.98
27 ,  1 ,  1043221 ,  0 ,  195 ,  17.40 ,  0.05 ,  2.88
27 ,  1 ,  1043264 ,  0 ,  195 ,  17.40 ,  0.05 ,  2.88
27 ,  1 ,  1043307 ,  0 ,  195 ,  17.29 ,  0.05 ,  2.88
27 ,  1 ,  1043351 ,  0 ,  195 ,  17.29 ,  0.05 ,  2.88
27 ,  1 ,  1043394 ,  0 ,  195 ,  17.29 ,  0.06 ,  2.88
27 ,  1 ,  1043438 ,  0 ,  195 ,  17.18 ,  0.05 ,  2.88
27 ,  1 ,  1043481 ,  0 ,  195 ,  17.07 ,  0.05 ,  2.88
27 ,  1 ,  1043524 ,  0 ,  195 ,  16.96 ,  0.06 ,  2.88
27 ,  1 ,  1043568 ,  0 ,  195 ,  16.96 ,  0.05 ,  2.88
27 ,  1 ,  1043613 ,  0 ,  195 ,  16.96 ,  0.05 ,  2.88
27 ,  1 ,  1043657 ,  0 ,  195 ,  16.85 ,  0.05 ,  2.78
27 ,  1 ,  1043700 ,  0 ,  195 ,  16.85 ,  0.05 ,  2.78
27 ,  1 ,  1043744 ,  0 ,  195 ,  16.74 ,  0.05 ,  2.78
27 ,  1 ,  1043787 ,  0 ,  195 ,  16.74 ,  0.05 ,  2.78
27 ,  1 ,  1043830 ,  0 ,  195 ,  16.74 ,  0.05 ,  2.78
27 ,  1 ,  1043874 ,  0 ,  195 ,  16.63 ,  0.05 ,  2.78
27 ,  1 ,  1043917 ,  0 ,  195 ,  16.63 ,  0.05 ,  2.78
27 ,  1 ,  1043960 ,  0 ,  195 ,  16.52 ,  0.05 ,  2.78
27 ,  1 ,  1044006 ,  0 ,  195 ,  16.52 ,  0.05 ,  2.68
27 ,  1 ,  1044050 ,  0 ,  195 ,  16.41 ,  0.05 ,  2.68
27 ,  1 ,  1044093 ,  0 ,  195 ,  16.41 ,  0.05 ,  2.68
27 ,  1 ,  1044136 ,  0 ,  195 ,  16.30 ,  0.05 ,  2.68
27 ,  1 ,  1044180 ,  0 ,  195 ,  16.30 ,  0.05 ,  2.68
27 ,  1 ,  1044224 ,  0 ,  195 ,  16.30 ,  0.05 ,  2.68
27 ,  1 ,  1044268 ,  0 ,  195 ,  16.19 ,  0.05 ,  2.68
27 ,  1 ,  1044311 ,  0 ,  195 ,  16.19 ,  0.05 ,  2.68
27 ,  1 ,  1044354 ,  0 ,  195 ,  16.08 ,  0.05 ,  2.68
27 ,  1 ,  1044400 ,  0 ,  195 ,  16.08 ,  0.05 ,  2.68
27 ,  1 ,  1044443 ,  0 ,  195 ,  15.97 ,  0.05 ,  2.68
27 ,  1 ,  1044487 ,  0 ,  195 ,  15.97 ,  0.05 ,  2.58
27 ,  1 ,  1044530 ,  0 ,  195 ,  15.97 ,  0.06 ,  2.58
27 ,  1 ,  1044574 ,  0 ,  195 ,  15.86 ,  0.05 ,  2.58
27 ,  1 ,  1044617 ,  0 ,  195 ,  15.86 ,  0.05 ,  2.58
27 ,  1 ,  1044661 ,  0 ,  195 ,  15.75 ,  0.05 ,  2.58
27 ,  1 ,  1044704 ,  0 ,  195 ,  15.75 ,  0.05 ,  2.58
27 ,  1 ,  1044748 ,  0 ,  195 ,  15.64 ,  0.05 ,  2.58
27 ,  1 ,  1044794 ,  0 ,  195 ,  15.64 ,  0.05 ,  2.58
27 ,  1 ,  1044837 ,  0 ,  195 ,  15.53 ,  0.05 ,  2.58
27 ,  1 ,  1044881 ,  0 ,  195 ,  15.53 ,  0.06 ,  2.58
27 ,  1 ,  1044924 ,  0 ,  195 ,  15.53 ,  0.06 ,  2.48
27 ,  1 ,  1044968 ,  0 ,  195 ,  15.42 ,  0.05 ,  2.48
27 ,  1 ,  1045011 ,  0 ,  195 ,  15.31 ,  0.05 ,  2.48
27 ,  1 ,  1045055 ,  0 ,  195 ,  15.31 ,  0.05 ,  2.48
27 ,  1 ,  1045098 ,  0 ,  195 ,  15.31 ,  0.05 ,  2.48
27 ,  1 ,  1045142 ,  0 ,  195 ,  15.31 ,  0.05 ,  2.48
27 ,  1 ,  1045188 ,  0 ,  195 ,  15.20 ,  0.05 ,  2.48
27 ,  1 ,  1045231 ,  0 ,  195 ,  15.09 ,  0.05 ,  2.48
27 ,  1 ,  1045275 ,  0 ,  195 ,  15.09 ,  0.05 ,  2.48
27 ,  1 ,  1045318 ,  0 ,  195 ,  15.09 ,  0.05 ,  2.48
27 ,  1 ,  1045361 ,  0 ,  195 ,  14.98 ,  0.05 ,  2.48
27 ,  1 ,  1045405 ,  0 ,  195 ,  14.98 ,  0.05 ,  2.48
27 ,  1 ,  1045448 ,  0 ,  195 ,  14.98 ,  0.05 ,  2.38
27 ,  1 ,  1045492 ,  0 ,  195 ,  14.87 ,  0.05 ,  2.38
27 ,  1 ,  1045535 ,  0 ,  195 ,  14.87 ,  0.05 ,  2.38
27 ,  1 ,  1045588 ,  0 ,  195 ,  14.76 ,  0.05 ,  2.38
27 ,  1 ,  1045633 ,  0 ,  195 ,  14.76 ,  0.05 ,  2.38
27 ,  1 ,  1045676 ,  0 ,  195 ,  14.65 ,  0.05 ,  2.38
27 ,  1 ,  1045720 ,  0 ,  195 ,  14.65 ,  0.05 ,  2.38
27 ,  1 ,  1045764 ,  0 ,  195 ,  14.65 ,  0.05 ,  2.38
27 ,  1 ,  1045808 ,  0 ,  195 ,  14.54 ,  0.05 ,  2.28
27 ,  1 ,  1045851 ,  0 ,  195 ,  14.54 ,  0.05 ,  2.38
27 ,  1 ,  1045895 ,  0 ,  195 ,  14.43 ,  0.05 ,  2.28
27 ,  1 ,  1045939 ,  0 ,  195 ,  14.43 ,  0.05 ,  2.28
27 ,  1 ,  1046097 ,  0 ,  195 ,  14.32 ,  0.05 ,  2.28
27 ,  1 ,  1046141 ,  0 ,  195 ,  14.32 ,  0.05 ,  2.28
27 ,  1 ,  1046184 ,  0 ,  195 ,  14.21 ,  0.05 ,  2.28
27 ,  1 ,  1046227 ,  0 ,  195 ,  14.10 ,  0.05 ,  2.28
27 ,  1 ,  1046272 ,  0 ,  195 ,  14.10 ,  0.05 ,  2.28
27 ,  1 ,  1046315 ,  0 ,  195 ,  14.10 ,  0.05 ,  2.28
27 ,  1 ,  1046358 ,  0 ,  195 ,  14.10 ,  0.05 ,  2.28
27 ,  1 ,  1046402 ,  0 ,  195 ,  14.10 ,  0.05 ,  2.28
27 ,  1 ,  1046445 ,  0 ,  195 ,  13.99 ,  0.05 ,  2.28
27 ,  1 ,  1046491 ,  0 ,  195 ,  13.99 ,  0.05 ,  2.18
27 ,  1 ,  1046534 ,  0 ,  195 ,  13.88 ,  0.05 ,  2.28
27 ,  1 ,  1046578 ,  0 ,  195 ,  13.88 ,  0.05 ,  2.18
27 ,  1 ,  1046621 ,  0 ,  195 ,  13.77 ,  0.05 ,  2.18
27 ,  1 ,  1046665 ,  0 ,  195 ,  13.77 ,  0.05 ,  2.18
27 ,  1 ,  1046708 ,  0 ,  195 ,  13.77 ,  0.05 ,  2.18
27 ,  1 ,  1046751 ,  0 ,  195 ,  13.66 ,  0.05 ,  2.18
27 ,  1 ,  1046795 ,  0 ,  195 ,  13.66 ,  0.05 ,  2.18
27 ,  1 ,  1046838 ,  0 ,  195 ,  13.66 ,  0.05 ,  2.18
27 ,  1 ,  1046884 ,  0 ,  195 ,  13.55 ,  0.05 ,  2.18
27 ,  1 ,  1046927 ,  0 ,  195 ,  13.55 ,  0.05 ,  2.18
27 ,  1 ,  1046971 ,  0 ,  195 ,  13.44 ,  0.05 ,  2.18
27 ,  1 ,  1047014 ,  0 ,  195 ,  13.44 ,  0.05 ,  2.18
27 ,  1 ,  1047057 ,  0 ,  195 ,  13.44 ,  0.05 ,  2.08
27 ,  1 ,  1047101 ,  0 ,  195 ,  13.44 ,  0.05 ,  2.08
27 ,  1 ,  1047144 ,  0 ,  195 ,  13.33 ,  0.05 ,  2.18
27 ,  1 ,  1047188 ,  0 ,  195 ,  13.33 ,  0.05 ,  2.08
27 ,  1 ,  1047231 ,  0 ,  195 ,  13.33 ,  0.05 ,  2.08
27 ,  1 ,  1047277 ,  0 ,  195 ,  13.22 ,  0.05 ,  2.08
27 ,  1 ,  1047320 ,  0 ,  195 ,  13.22 ,  0.05 ,  2.08
27 ,  1 ,  1047364 ,  0 ,  195 ,  13.22 ,  0.05 ,  2.08
27 ,  1 ,  1047407 ,  0 ,  195 ,  13.11 ,  0.05 ,  2.08
27 ,  1 ,  1047450 ,  0 ,  195 ,  13.11 ,  0.05 ,  2.08
27 ,  1 ,  1047494 ,  0 ,  195 ,  13.11 ,  0.05 ,  2.08
27 ,  1 ,  1047537 ,  0 ,  195 ,  13.00 ,  0.05 ,  2.08
27 ,  1 ,  1047581 ,  0 ,  195 ,  13.00 ,  0.05 ,  2.08
27 ,  1 ,  1047624 ,  0 ,  195 ,  12.89 ,  0.05 ,  1.98
