MS, MPT, t (s), PWMi, PWMe, Pressure (Psi), LW (V), Displacement (mm)
27 ,  3 ,  1074264 ,  0 ,  195 ,  12.89 ,  0.05 ,  2.08
27 ,  3 ,  1074305 ,  255 ,  0 ,  12.78 ,  0.05 ,  1.98
27 ,  3 ,  1074347 ,  255 ,  0 ,  16.08 ,  0.05 ,  2.08
27 ,  3 ,  1074388 ,  255 ,  0 ,  32.82 ,  0.08 ,  4.37
27 ,  3 ,  1074429 ,  255 ,  0 ,  47.80 ,  0.15 ,  8.04
27 ,  3 ,  1074471 ,  255 ,  0 ,  57.93 ,  0.24 ,  11.71
27 ,  3 ,  1074513 ,  255 ,  0 ,  64.65 ,  0.33 ,  14.39
27 ,  3 ,  1074554 ,  255 ,  0 ,  69.38 ,  0.40 ,  16.27
27 ,  3 ,  1074598 ,  255 ,  0 ,  73.02 ,  0.44 ,  17.66
27 ,  3 ,  1074640 ,  255 ,  0 ,  75.66 ,  0.47 ,  18.65
27 ,  3 ,  1074681 ,  255 ,  0 ,  77.86 ,  0.49 ,  19.45
27 ,  3 ,  1074724 ,  255 ,  0 ,  79.74 ,  0.50 ,  20.04
27 ,  3 ,  1074765 ,  255 ,  0 ,  81.39 ,  0.50 ,  20.54
27 ,  3 ,  1074807 ,  255 ,  0 ,  82.82 ,  0.51 ,  21.03
27 ,  3 ,  1074848 ,  255 ,  0 ,  84.14 ,  0.51 ,  21.33
27 ,  3 ,  1074890 ,  255 ,  0 ,  85.35 ,  0.52 ,  21.73
27 ,  3 ,  1074931 ,  255 ,  0 ,  86.56 ,  0.52 ,  22.03
27 ,  3 ,  1074981 ,  255 ,  0 ,  87.89 ,  0.52 ,  22.42
27 ,  3 ,  1075022 ,  255 ,  0 ,  88.88 ,  0.52 ,  22.62
27 ,  3 ,  1075064 ,  255 ,  0 ,  89.87 ,  0.52 ,  22.92
27 ,  3 ,  1075105 ,  255 ,  0 ,  90.75 ,  0.52 ,  23.12
27 ,  3 ,  1075147 ,  255 ,  0 ,  91.63 ,  0.52 ,  23.32
27 ,  3 ,  1075188 ,  255 ,  0 ,  92.40 ,  0.53 ,  23.51
27 ,  3 ,  1075230 ,  255 ,  0 ,  93.17 ,  0.52 ,  23.71
27 ,  3 ,  1075271 ,  255 ,  0 ,  93.83 ,  0.53 ,  23.81
27 ,  3 ,  1075313 ,  255 ,  0 ,  94.49 ,  0.53 ,  24.01
27 ,  3 ,  1075356 ,  255 ,  0 ,  95.04 ,  0.53 ,  24.11
27 ,  3 ,  1075398 ,  255 ,  0 ,  95.59 ,  0.52 ,  24.21
27 ,  3 ,  1075439 ,  255 ,  0 ,  96.04 ,  0.52 ,  24.31
27 ,  3 ,  1075481 ,  255 ,  0 ,  96.37 ,  0.52 ,  24.41
27 ,  3 ,  1075523 ,  255 ,  0 ,  96.59 ,  0.52 ,  24.51
27 ,  3 ,  1075564 ,  255 ,  0 ,  96.81 ,  0.52 ,  24.51
27 ,  3 ,  1075606 ,  255 ,  0 ,  96.92 ,  0.53 ,  24.61
27 ,  3 ,  1075647 ,  255 ,  0 ,  96.92 ,  0.53 ,  24.61
27 ,  3 ,  1075691 ,  255 ,  0 ,  96.92 ,  0.53 ,  24.61
27 ,  3 ,  1075732 ,  255 ,  0 ,  97.03 ,  0.52 ,  24.71
27 ,  3 ,  1075774 ,  255 ,  0 ,  97.03 ,  0.53 ,  24.71
27 ,  3 ,  1075815 ,  255 ,  0 ,  97.03 ,  0.53 ,  24.71
27 ,  3 ,  1075857 ,  255 ,  0 ,  97.03 ,  0.52 ,  24.71
27 ,  3 ,  1075898 ,  255 ,  0 ,  97.14 ,  0.53 ,  24.80
27 ,  3 ,  1075940 ,  255 ,  0 ,  97.03 ,  0.52 ,  24.80
27 ,  3 ,  1075981 ,  255 ,  0 ,  97.03 ,  0.53 ,  24.80
27 ,  3 ,  1076023 ,  255 ,  0 ,  97.03 ,  0.53 ,  24.80
27 ,  3 ,  1076062 ,  255 ,  0 ,  97.03 ,  0.53 ,  24.80
27 ,  3 ,  1076104 ,  255 ,  0 ,  97.03 ,  0.53 ,  24.90
27 ,  3 ,  1076145 ,  255 ,  0 ,  97.03 ,  0.52 ,  24.80
27 ,  3 ,  1076187 ,  255 ,  0 ,  96.92 ,  0.53 ,  24.90
27 ,  3 ,  1076228 ,  255 ,  0 ,  97.03 ,  0.53 ,  24.90
27 ,  3 ,  1076270 ,  255 ,  0 ,  97.03 ,  0.53 ,  24.90
27 ,  3 ,  1076311 ,  255 ,  0 ,  97.03 ,  0.52 ,  24.90
27 ,  3 ,  1076353 ,  255 ,  0 ,  97.03 ,  0.52 ,  24.90
27 ,  3 ,  1076393 ,  255 ,  0 ,  97.03 ,  0.53 ,  25.00
27 ,  3 ,  1076438 ,  255 ,  0 ,  97.03 ,  0.52 ,  24.90
27 ,  3 ,  1076480 ,  255 ,  0 ,  97.03 ,  0.53 ,  25.00
27 ,  3 ,  1076520 ,  255 ,  0 ,  96.92 ,  0.53 ,  25.00
27 ,  3 ,  1076562 ,  255 ,  0 ,  96.92 ,  0.53 ,  24.90
27 ,  3 ,  1076603 ,  255 ,  0 ,  96.92 ,  0.53 ,  24.90
27 ,  3 ,  1076645 ,  255 ,  0 ,  96.92 ,  0.52 ,  25.00
27 ,  3 ,  1076686 ,  255 ,  0 ,  96.92 ,  0.53 ,  25.00
27 ,  3 ,  1076728 ,  255 ,  0 ,  97.03 ,  0.53 ,  25.00
27 ,  3 ,  1076769 ,  255 ,  0 ,  96.92 ,  0.53 ,  25.00
27 ,  3 ,  1076813 ,  255 ,  0 ,  96.92 ,  0.53 ,  25.00
27 ,  3 ,  1076854 ,  255 ,  0 ,  96.92 ,  0.53 ,  25.00
27 ,  3 ,  1076896 ,  255 ,  0 ,  96.92 ,  0.53 ,  25.00
27 ,  3 ,  1076937 ,  255 ,  0 ,  96.92 ,  0.53 ,  25.10
27 ,  3 ,  1076979 ,  255 ,  0 ,  97.03 ,  0.53 ,  25.00
27 ,  3 ,  1077020 ,  255 ,  0 ,  96.92 ,  0.52 ,  25.10
27 ,  3 ,  1077062 ,  255 ,  0 ,  96.92 ,  0.52 ,  25.10
27 ,  3 ,  1077103 ,  255 ,  0 ,  96.92 ,  0.53 ,  25.10
27 ,  3 ,  1077145 ,  255 ,  0 ,  96.92 ,  0.53 ,  25.10
27 ,  3 ,  1077189 ,  255 ,  0 ,  96.92 ,  0.52 ,  25.10
27 ,  3 ,  1077230 ,  0 ,  195 ,  96.92 ,  0.52 ,  25.10
27 ,  3 ,  1077272 ,  0 ,  195 ,  93.83 ,  0.53 ,  25.00
27 ,  3 ,  1077313 ,  0 ,  195 ,  88.33 ,  0.53 ,  24.41
27 ,  3 ,  1077355 ,  0 ,  195 ,  83.59 ,  0.52 ,  23.71
27 ,  3 ,  1077396 ,  0 ,  195 ,  79.63 ,  0.52 ,  23.02
27 ,  3 ,  1077438 ,  0 ,  195 ,  76.43 ,  0.52 ,  22.42
27 ,  3 ,  1077479 ,  0 ,  195 ,  73.68 ,  0.52 ,  21.83
27 ,  3 ,  1077521 ,  0 ,  195 ,  71.26 ,  0.51 ,  21.33
27 ,  3 ,  1077564 ,  0 ,  195 ,  69.16 ,  0.51 ,  20.84
27 ,  3 ,  1077606 ,  0 ,  195 ,  67.51 ,  0.50 ,  20.34
27 ,  3 ,  1077647 ,  0 ,  195 ,  65.97 ,  0.49 ,  19.94
27 ,  3 ,  1077689 ,  0 ,  195 ,  64.65 ,  0.49 ,  19.55
27 ,  3 ,  1077730 ,  0 ,  195 ,  63.55 ,  0.48 ,  19.25
27 ,  3 ,  1077772 ,  0 ,  195 ,  62.56 ,  0.47 ,  18.85
27 ,  3 ,  1077813 ,  0 ,  195 ,  61.68 ,  0.47 ,  18.55
27 ,  3 ,  1077855 ,  0 ,  195 ,  60.79 ,  0.46 ,  18.36
27 ,  3 ,  1077899 ,  0 ,  195 ,  60.24 ,  0.45 ,  18.06
27 ,  3 ,  1077940 ,  0 ,  195 ,  59.58 ,  0.44 ,  17.76
27 ,  3 ,  1077982 ,  0 ,  195 ,  58.92 ,  0.43 ,  17.66
27 ,  3 ,  1078023 ,  0 ,  195 ,  58.48 ,  0.43 ,  17.46
27 ,  3 ,  1078065 ,  0 ,  195 ,  58.04 ,  0.42 ,  17.26
27 ,  3 ,  1078106 ,  0 ,  195 ,  57.49 ,  0.42 ,  17.16
27 ,  3 ,  1078148 ,  0 ,  195 ,  57.16 ,  0.41 ,  16.97
27 ,  3 ,  1078189 ,  0 ,  195 ,  56.83 ,  0.40 ,  16.87
27 ,  3 ,  1078231 ,  0 ,  195 ,  56.50 ,  0.39 ,  16.67
27 ,  3 ,  1078274 ,  0 ,  195 ,  56.28 ,  0.39 ,  16.57
27 ,  3 ,  1078316 ,  0 ,  195 ,  55.84 ,  0.38 ,  16.47
27 ,  3 ,  1078356 ,  0 ,  195 ,  55.62 ,  0.38 ,  16.37
27 ,  3 ,  1078398 ,  0 ,  195 ,  55.40 ,  0.37 ,  16.27
27 ,  3 ,  1078439 ,  0 ,  195 ,  55.07 ,  0.37 ,  16.17
27 ,  3 ,  1078481 ,  0 ,  195 ,  54.96 ,  0.36 ,  16.07
27 ,  3 ,  1078522 ,  0 ,  195 ,  54.74 ,  0.36 ,  15.97
27 ,  3 ,  1078564 ,  0 ,  195 ,  54.52 ,  0.35 ,  15.88
27 ,  3 ,  1078606 ,  0 ,  195 ,  54.30 ,  0.35 ,  15.78
27 ,  3 ,  1078649 ,  0 ,  195 ,  54.19 ,  0.35 ,  15.78
27 ,  3 ,  1078691 ,  0 ,  195 ,  53.97 ,  0.35 ,  15.68
27 ,  3 ,  1078733 ,  0 ,  195 ,  53.75 ,  0.34 ,  15.58
27 ,  3 ,  1078774 ,  0 ,  195 ,  53.64 ,  0.34 ,  15.58
27 ,  3 ,  1078816 ,  0 ,  195 ,  53.53 ,  0.34 ,  15.48
27 ,  3 ,  1078857 ,  0 ,  195 ,  53.31 ,  0.33 ,  15.38
27 ,  3 ,  1078899 ,  0 ,  195 ,  53.09 ,  0.33 ,  15.38
27 ,  3 ,  1078940 ,  0 ,  195 ,  53.09 ,  0.33 ,  15.28
27 ,  3 ,  1078982 ,  0 ,  195 ,  52.87 ,  0.32 ,  15.28
27 ,  3 ,  1079026 ,  0 ,  195 ,  52.76 ,  0.32 ,  15.18
27 ,  3 ,  1079067 ,  0 ,  195 ,  52.54 ,  0.32 ,  15.08
27 ,  3 ,  1079109 ,  0 ,  195 ,  52.42 ,  0.32 ,  15.08
27 ,  3 ,  1079150 ,  0 ,  195 ,  52.31 ,  0.31 ,  14.98
27 ,  3 ,  1079192 ,  0 ,  195 ,  52.20 ,  0.31 ,  14.98
27 ,  3 ,  1079233 ,  0 ,  195 ,  52.09 ,  0.31 ,  14.88
27 ,  3 ,  1079275 ,  0 ,  195 ,  51.98 ,  0.31 ,  14.88
27 ,  3 ,  1079316 ,  0 ,  195 ,  51.76 ,  0.30 ,  14.78
27 ,  3 ,  1079358 ,  0 ,  195 ,  51.65 ,  0.30 ,  14.68
27 ,  3 ,  1079401 ,  0 ,  195 ,  51.54 ,  0.30 ,  14.68
27 ,  3 ,  1079443 ,  0 ,  195 ,  51.54 ,  0.30 ,  14.68
27 ,  3 ,  1079484 ,  0 ,  195 ,  51.32 ,  0.30 ,  14.59
27 ,  3 ,  1079526 ,  0 ,  195 ,  51.21 ,  0.29 ,  14.59
27 ,  3 ,  1079567 ,  0 ,  195 ,  51.10 ,  0.29 ,  14.49
27 ,  3 ,  1079609 ,  0 ,  195 ,  50.99 ,  0.29 ,  14.49
27 ,  3 ,  1079650 ,  0 ,  195 ,  50.88 ,  0.29 ,  14.39
27 ,  3 ,  1079692 ,  0 ,  195 ,  50.77 ,  0.28 ,  14.39
27 ,  3 ,  1079733 ,  0 ,  195 ,  50.66 ,  0.29 ,  14.29
27 ,  3 ,  1079777 ,  0 ,  195 ,  50.55 ,  0.28 ,  14.29
27 ,  3 ,  1079819 ,  0 ,  195 ,  50.44 ,  0.28 ,  14.19
27 ,  3 ,  1079860 ,  0 ,  195 ,  50.33 ,  0.28 ,  14.19
27 ,  3 ,  1079902 ,  0 ,  195 ,  50.22 ,  0.28 ,  14.19
27 ,  3 ,  1079943 ,  0 ,  195 ,  50.11 ,  0.28 ,  14.09
27 ,  3 ,  1079985 ,  0 ,  195 ,  50.00 ,  0.27 ,  14.09
27 ,  3 ,  1080026 ,  0 ,  195 ,  49.78 ,  0.27 ,  13.99
27 ,  3 ,  1080068 ,  0 ,  195 ,  49.78 ,  0.27 ,  13.99
27 ,  3 ,  1080111 ,  0 ,  195 ,  49.67 ,  0.27 ,  13.89
27 ,  3 ,  1080153 ,  0 ,  195 ,  49.45 ,  0.27 ,  13.89
27 ,  3 ,  1080194 ,  0 ,  195 ,  49.45 ,  0.27 ,  13.79
27 ,  3 ,  1080236 ,  0 ,  195 ,  49.23 ,  0.26 ,  13.79
27 ,  3 ,  1080276 ,  0 ,  195 ,  49.12 ,  0.26 ,  13.79
27 ,  3 ,  1080318 ,  0 ,  195 ,  49.01 ,  0.26 ,  13.69
27 ,  3 ,  1080359 ,  0 ,  195 ,  48.90 ,  0.26 ,  13.59
27 ,  3 ,  1080401 ,  0 ,  195 ,  48.79 ,  0.25 ,  13.59
27 ,  3 ,  1080442 ,  0 ,  195 ,  48.79 ,  0.25 ,  13.59
27 ,  3 ,  1080486 ,  0 ,  195 ,  48.68 ,  0.25 ,  13.49
27 ,  3 ,  1080528 ,  0 ,  195 ,  48.46 ,  0.25 ,  13.49
27 ,  3 ,  1080569 ,  0 ,  195 ,  48.35 ,  0.25 ,  13.49
27 ,  3 ,  1080611 ,  0 ,  195 ,  48.24 ,  0.25 ,  13.39
27 ,  3 ,  1080652 ,  0 ,  195 ,  48.13 ,  0.25 ,  13.30
27 ,  3 ,  1080694 ,  0 ,  195 ,  48.02 ,  0.24 ,  13.30
27 ,  3 ,  1080735 ,  0 ,  195 ,  48.02 ,  0.24 ,  13.30
27 ,  3 ,  1080777 ,  0 ,  195 ,  47.80 ,  0.24 ,  13.20
27 ,  3 ,  1080818 ,  0 ,  195 ,  47.69 ,  0.24 ,  13.20
27 ,  3 ,  1080862 ,  0 ,  195 ,  47.69 ,  0.23 ,  13.10
27 ,  3 ,  1080903 ,  0 ,  195 ,  47.47 ,  0.23 ,  13.10
27 ,  3 ,  1080945 ,  0 ,  195 ,  47.36 ,  0.23 ,  13.10
27 ,  3 ,  1080986 ,  0 ,  195 ,  47.25 ,  0.23 ,  13.00
27 ,  3 ,  1081028 ,  0 ,  195 ,  47.14 ,  0.23 ,  12.90
27 ,  3 ,  1081069 ,  0 ,  195 ,  47.14 ,  0.22 ,  12.90
27 ,  3 ,  1081111 ,  0 ,  195 ,  46.92 ,  0.22 ,  12.80
27 ,  3 ,  1081152 ,  0 ,  195 ,  46.81 ,  0.22 ,  12.80
27 ,  3 ,  1081194 ,  0 ,  195 ,  46.70 ,  0.22 ,  12.80
27 ,  3 ,  1081238 ,  0 ,  195 ,  46.59 ,  0.22 ,  12.70
27 ,  3 ,  1081279 ,  0 ,  195 ,  46.48 ,  0.22 ,  12.60
27 ,  3 ,  1081321 ,  0 ,  195 ,  46.37 ,  0.22 ,  12.60
27 ,  3 ,  1081362 ,  0 ,  195 ,  46.37 ,  0.22 ,  12.60
27 ,  3 ,  1081404 ,  0 ,  195 ,  46.15 ,  0.21 ,  12.50
27 ,  3 ,  1081445 ,  0 ,  195 ,  46.04 ,  0.21 ,  12.50
27 ,  3 ,  1081487 ,  0 ,  195 ,  46.04 ,  0.21 ,  12.40
27 ,  3 ,  1081528 ,  0 ,  195 ,  45.82 ,  0.21 ,  12.40
27 ,  3 ,  1081570 ,  0 ,  195 ,  45.82 ,  0.21 ,  12.30
27 ,  3 ,  1081613 ,  0 ,  195 ,  45.71 ,  0.21 ,  12.30
27 ,  3 ,  1081655 ,  0 ,  195 ,  45.60 ,  0.21 ,  12.30
27 ,  3 ,  1081696 ,  0 ,  195 ,  45.49 ,  0.21 ,  12.20
27 ,  3 ,  1081738 ,  0 ,  195 ,  45.38 ,  0.21 ,  12.20
27 ,  3 ,  1081779 ,  0 ,  195 ,  45.16 ,  0.20 ,  12.20
27 ,  3 ,  1081821 ,  0 ,  195 ,  45.16 ,  0.20 ,  12.10
27 ,  3 ,  1081862 ,  0 ,  195 ,  45.05 ,  0.20 ,  12.01
27 ,  3 ,  1081904 ,  0 ,  195 ,  44.83 ,  0.20 ,  12.01
27 ,  3 ,  1081945 ,  0 ,  195 ,  44.83 ,  0.20 ,  11.91
27 ,  3 ,  1081989 ,  0 ,  195 ,  44.61 ,  0.19 ,  11.91
27 ,  3 ,  1082031 ,  0 ,  195 ,  44.61 ,  0.19 ,  11.91
27 ,  3 ,  1082072 ,  0 ,  195 ,  44.50 ,  0.19 ,  11.81
27 ,  3 ,  1082114 ,  0 ,  195 ,  44.39 ,  0.19 ,  11.81
27 ,  3 ,  1082155 ,  0 ,  195 ,  44.28 ,  0.19 ,  11.71
27 ,  3 ,  1082196 ,  0 ,  195 ,  44.17 ,  0.19 ,  11.71
27 ,  3 ,  1082237 ,  0 ,  195 ,  44.06 ,  0.19 ,  11.61
27 ,  3 ,  1082279 ,  0 ,  195 ,  43.95 ,  0.18 ,  11.61
27 ,  3 ,  1082322 ,  0 ,  195 ,  43.84 ,  0.18 ,  11.61
27 ,  3 ,  1082364 ,  0 ,  195 ,  43.72 ,  0.18 ,  11.51
27 ,  3 ,  1082405 ,  0 ,  195 ,  43.61 ,  0.18 ,  11.51
27 ,  3 ,  1082447 ,  0 ,  195 ,  43.50 ,  0.18 ,  11.51
27 ,  3 ,  1082488 ,  0 ,  195 ,  43.39 ,  0.17 ,  11.41
27 ,  3 ,  1082530 ,  0 ,  195 ,  43.28 ,  0.17 ,  11.41
27 ,  3 ,  1082576 ,  0 ,  195 ,  43.17 ,  0.17 ,  11.31
27 ,  3 ,  1082617 ,  0 ,  195 ,  43.06 ,  0.17 ,  11.31
27 ,  3 ,  1082659 ,  0 ,  195 ,  43.06 ,  0.17 ,  11.21
27 ,  3 ,  1082702 ,  0 ,  195 ,  42.95 ,  0.17 ,  11.21
27 ,  3 ,  1082744 ,  0 ,  195 ,  42.84 ,  0.17 ,  11.11
27 ,  3 ,  1082785 ,  0 ,  195 ,  42.73 ,  0.16 ,  11.11
27 ,  3 ,  1082827 ,  0 ,  195 ,  42.62 ,  0.17 ,  11.01
27 ,  3 ,  1082868 ,  0 ,  195 ,  42.40 ,  0.16 ,  11.01
27 ,  3 ,  1082910 ,  0 ,  195 ,  42.40 ,  0.17 ,  11.01
27 ,  3 ,  1082951 ,  0 ,  195 ,  42.29 ,  0.16 ,  10.91
27 ,  3 ,  1082993 ,  0 ,  195 ,  42.18 ,  0.16 ,  10.91
27 ,  3 ,  1083034 ,  0 ,  195 ,  42.07 ,  0.16 ,  10.81
27 ,  3 ,  1083078 ,  0 ,  195 ,  41.96 ,  0.16 ,  10.81
27 ,  3 ,  1083120 ,  0 ,  195 ,  41.85 ,  0.15 ,  10.81
27 ,  3 ,  1083161 ,  0 ,  195 ,  41.74 ,  0.15 ,  10.72
27 ,  3 ,  1083203 ,  0 ,  195 ,  41.63 ,  0.15 ,  10.72
27 ,  3 ,  1083244 ,  0 ,  195 ,  41.52 ,  0.15 ,  10.62
27 ,  3 ,  1083286 ,  0 ,  195 ,  41.52 ,  0.16 ,  10.62
27 ,  3 ,  1083327 ,  0 ,  195 ,  41.41 ,  0.15 ,  10.52
27 ,  3 ,  1083369 ,  0 ,  195 ,  41.30 ,  0.15 ,  10.52
27 ,  3 ,  1083410 ,  0 ,  195 ,  41.19 ,  0.15 ,  10.52
27 ,  3 ,  1083454 ,  0 ,  195 ,  41.08 ,  0.15 ,  10.42
27 ,  3 ,  1083495 ,  0 ,  195 ,  40.97 ,  0.14 ,  10.32
27 ,  3 ,  1083537 ,  0 ,  195 ,  40.86 ,  0.14 ,  10.32
27 ,  3 ,  1083578 ,  0 ,  195 ,  40.75 ,  0.14 ,  10.32
27 ,  3 ,  1083620 ,  0 ,  195 ,  40.64 ,  0.14 ,  10.32
27 ,  3 ,  1083661 ,  0 ,  195 ,  40.53 ,  0.14 ,  10.22
27 ,  3 ,  1083703 ,  0 ,  195 ,  40.53 ,  0.14 ,  10.22
27 ,  3 ,  1083744 ,  0 ,  195 ,  40.42 ,  0.14 ,  10.12
27 ,  3 ,  1083786 ,  0 ,  195 ,  40.31 ,  0.14 ,  10.12
27 ,  3 ,  1083830 ,  0 ,  195 ,  40.09 ,  0.14 ,  10.12
27 ,  3 ,  1083871 ,  0 ,  195 ,  40.09 ,  0.13 ,  10.02
27 ,  3 ,  1083913 ,  0 ,  195 ,  39.87 ,  0.14 ,  9.92
27 ,  3 ,  1083954 ,  0 ,  195 ,  39.87 ,  0.13 ,  9.92
27 ,  3 ,  1083995 ,  0 ,  195 ,  39.76 ,  0.13 ,  9.92
27 ,  3 ,  1084037 ,  0 ,  195 ,  39.65 ,  0.13 ,  9.82
27 ,  3 ,  1084078 ,  0 ,  195 ,  39.54 ,  0.13 ,  9.82
27 ,  3 ,  1084120 ,  0 ,  195 ,  39.43 ,  0.13 ,  9.82
27 ,  3 ,  1084161 ,  0 ,  195 ,  39.32 ,  0.13 ,  9.72
27 ,  3 ,  1084205 ,  0 ,  195 ,  39.21 ,  0.13 ,  9.72
27 ,  3 ,  1084246 ,  0 ,  195 ,  39.21 ,  0.12 ,  9.72
27 ,  3 ,  1084288 ,  0 ,  195 ,  39.10 ,  0.12 ,  9.62
27 ,  3 ,  1084328 ,  0 ,  195 ,  38.99 ,  0.12 ,  9.62
27 ,  3 ,  1084370 ,  0 ,  195 ,  38.88 ,  0.12 ,  9.53
27 ,  3 ,  1084411 ,  0 ,  195 ,  38.77 ,  0.12 ,  9.53
27 ,  3 ,  1084453 ,  0 ,  195 ,  38.66 ,  0.12 ,  9.43
27 ,  3 ,  1084494 ,  0 ,  195 ,  38.55 ,  0.12 ,  9.43
27 ,  3 ,  1084536 ,  0 ,  195 ,  38.44 ,  0.12 ,  9.43
27 ,  3 ,  1084579 ,  0 ,  195 ,  38.33 ,  0.12 ,  9.33
27 ,  3 ,  1084621 ,  0 ,  195 ,  38.33 ,  0.12 ,  9.33
27 ,  3 ,  1084662 ,  0 ,  195 ,  38.22 ,  0.12 ,  9.23
27 ,  3 ,  1084704 ,  0 ,  195 ,  38.11 ,  0.12 ,  9.23
27 ,  3 ,  1084745 ,  0 ,  195 ,  38.00 ,  0.11 ,  9.23
27 ,  3 ,  1084787 ,  0 ,  195 ,  37.89 ,  0.11 ,  9.13
27 ,  3 ,  1084828 ,  0 ,  195 ,  37.89 ,  0.11 ,  9.13
27 ,  3 ,  1084870 ,  0 ,  195 ,  37.67 ,  0.11 ,  9.03
27 ,  3 ,  1084911 ,  0 ,  195 ,  37.67 ,  0.11 ,  9.03
27 ,  3 ,  1084955 ,  0 ,  195 ,  37.56 ,  0.11 ,  9.03
27 ,  3 ,  1084996 ,  0 ,  195 ,  37.45 ,  0.11 ,  8.93
27 ,  3 ,  1085038 ,  0 ,  195 ,  37.34 ,  0.11 ,  8.93
27 ,  3 ,  1085080 ,  0 ,  195 ,  37.23 ,  0.11 ,  8.93
27 ,  3 ,  1085121 ,  0 ,  195 ,  37.12 ,  0.11 ,  8.83
27 ,  3 ,  1085163 ,  0 ,  195 ,  37.12 ,  0.11 ,  8.83
27 ,  3 ,  1085204 ,  0 ,  195 ,  36.90 ,  0.11 ,  8.73
27 ,  3 ,  1085246 ,  0 ,  195 ,  36.90 ,  0.11 ,  8.73
27 ,  3 ,  1085287 ,  0 ,  195 ,  36.79 ,  0.11 ,  8.73
27 ,  3 ,  1085331 ,  0 ,  195 ,  36.68 ,  0.11 ,  8.63
27 ,  3 ,  1085373 ,  0 ,  195 ,  36.57 ,  0.11 ,  8.63
27 ,  3 ,  1085414 ,  0 ,  195 ,  36.46 ,  0.11 ,  8.63
27 ,  3 ,  1085456 ,  0 ,  195 ,  36.46 ,  0.10 ,  8.53
27 ,  3 ,  1085498 ,  0 ,  195 ,  36.35 ,  0.11 ,  8.53
27 ,  3 ,  1085539 ,  0 ,  195 ,  36.24 ,  0.11 ,  8.53
27 ,  3 ,  1085581 ,  0 ,  195 ,  36.13 ,  0.10 ,  8.43
27 ,  3 ,  1085622 ,  0 ,  195 ,  36.02 ,  0.10 ,  8.43
27 ,  3 ,  1085664 ,  0 ,  195 ,  35.91 ,  0.10 ,  8.43
27 ,  3 ,  1085708 ,  0 ,  195 ,  35.80 ,  0.10 ,  8.33
27 ,  3 ,  1085749 ,  0 ,  195 ,  35.80 ,  0.10 ,  8.33
27 ,  3 ,  1085791 ,  0 ,  195 ,  35.69 ,  0.10 ,  8.24
27 ,  3 ,  1085832 ,  0 ,  195 ,  35.58 ,  0.10 ,  8.24
27 ,  3 ,  1085874 ,  0 ,  195 ,  35.47 ,  0.09 ,  8.24
27 ,  3 ,  1085915 ,  0 ,  195 ,  35.36 ,  0.10 ,  8.24
27 ,  3 ,  1085957 ,  0 ,  195 ,  35.25 ,  0.09 ,  8.14
27 ,  3 ,  1085998 ,  0 ,  195 ,  35.25 ,  0.10 ,  8.14
27 ,  3 ,  1086040 ,  0 ,  195 ,  35.02 ,  0.10 ,  8.04
27 ,  3 ,  1086093 ,  0 ,  195 ,  35.02 ,  0.09 ,  8.04
27 ,  3 ,  1086137 ,  0 ,  195 ,  34.91 ,  0.10 ,  8.04
27 ,  3 ,  1086180 ,  0 ,  195 ,  34.80 ,  0.10 ,  7.94
27 ,  3 ,  1086224 ,  0 ,  195 ,  34.69 ,  0.09 ,  7.94
27 ,  3 ,  1086268 ,  0 ,  195 ,  34.58 ,  0.09 ,  7.94
27 ,  3 ,  1086312 ,  0 ,  195 ,  34.58 ,  0.09 ,  7.84
27 ,  3 ,  1086356 ,  0 ,  195 ,  34.47 ,  0.09 ,  7.84
27 ,  3 ,  1086399 ,  0 ,  195 ,  34.36 ,  0.09 ,  7.84
27 ,  3 ,  1086443 ,  0 ,  195 ,  34.25 ,  0.09 ,  7.74
27 ,  3 ,  1086489 ,  0 ,  195 ,  34.14 ,  0.09 ,  7.74
27 ,  3 ,  1086532 ,  0 ,  195 ,  34.03 ,  0.09 ,  7.64
27 ,  3 ,  1086576 ,  0 ,  195 ,  33.92 ,  0.09 ,  7.64
27 ,  3 ,  1086619 ,  0 ,  195 ,  33.81 ,  0.09 ,  7.64
27 ,  3 ,  1086663 ,  0 ,  195 ,  33.81 ,  0.09 ,  7.54
27 ,  3 ,  1086706 ,  0 ,  195 ,  33.70 ,  0.09 ,  7.54
27 ,  3 ,  1086750 ,  0 ,  195 ,  33.59 ,  0.09 ,  7.54
27 ,  3 ,  1086793 ,  0 ,  195 ,  33.48 ,  0.09 ,  7.44
27 ,  3 ,  1086837 ,  0 ,  195 ,  33.48 ,  0.09 ,  7.44
27 ,  3 ,  1086883 ,  0 ,  195 ,  33.26 ,  0.09 ,  7.44
27 ,  3 ,  1086926 ,  0 ,  195 ,  33.26 ,  0.09 ,  7.34
27 ,  3 ,  1086970 ,  0 ,  195 ,  33.15 ,  0.08 ,  7.34
27 ,  3 ,  1087013 ,  0 ,  195 ,  33.04 ,  0.08 ,  7.34
27 ,  3 ,  1087057 ,  0 ,  195 ,  32.93 ,  0.08 ,  7.34
27 ,  3 ,  1087100 ,  0 ,  195 ,  32.82 ,  0.08 ,  7.24
27 ,  3 ,  1087144 ,  0 ,  195 ,  32.71 ,  0.08 ,  7.24
27 ,  3 ,  1087187 ,  0 ,  195 ,  32.60 ,  0.09 ,  7.24
27 ,  3 ,  1087234 ,  0 ,  195 ,  32.60 ,  0.09 ,  7.14
27 ,  3 ,  1087277 ,  0 ,  195 ,  32.49 ,  0.08 ,  7.14
27 ,  3 ,  1087321 ,  0 ,  195 ,  32.38 ,  0.09 ,  7.04
27 ,  3 ,  1087364 ,  0 ,  195 ,  32.27 ,  0.08 ,  7.04
27 ,  3 ,  1087408 ,  0 ,  195 ,  32.16 ,  0.08 ,  7.04
27 ,  3 ,  1087451 ,  0 ,  195 ,  32.16 ,  0.08 ,  7.04
27 ,  3 ,  1087495 ,  0 ,  195 ,  32.05 ,  0.08 ,  7.04
27 ,  3 ,  1087538 ,  0 ,  195 ,  31.94 ,  0.09 ,  6.95
27 ,  3 ,  1087582 ,  0 ,  195 ,  31.83 ,  0.08 ,  6.95
27 ,  3 ,  1087628 ,  0 ,  195 ,  31.72 ,  0.08 ,  6.85
27 ,  3 ,  1087671 ,  0 ,  195 ,  31.61 ,  0.07 ,  6.85
27 ,  3 ,  1087715 ,  0 ,  195 ,  31.61 ,  0.08 ,  6.85
27 ,  3 ,  1087758 ,  0 ,  195 ,  31.50 ,  0.08 ,  6.75
27 ,  3 ,  1087802 ,  0 ,  195 ,  31.50 ,  0.08 ,  6.75
27 ,  3 ,  1087845 ,  0 ,  195 ,  31.39 ,  0.08 ,  6.75
27 ,  3 ,  1087935 ,  0 ,  195 ,  31.06 ,  0.08 ,  6.65
27 ,  3 ,  1087979 ,  0 ,  195 ,  30.95 ,  0.08 ,  6.65
27 ,  3 ,  1088022 ,  0 ,  195 ,  30.95 ,  0.07 ,  6.65
27 ,  3 ,  1088068 ,  0 ,  195 ,  30.84 ,  0.07 ,  6.55
27 ,  3 ,  1088111 ,  0 ,  195 ,  30.73 ,  0.07 ,  6.55
27 ,  3 ,  1088155 ,  0 ,  195 ,  30.73 ,  0.07 ,  6.55
27 ,  3 ,  1088198 ,  0 ,  195 ,  30.62 ,  0.08 ,  6.45
27 ,  3 ,  1088242 ,  0 ,  195 ,  30.51 ,  0.08 ,  6.45
27 ,  3 ,  1088285 ,  0 ,  195 ,  30.40 ,  0.07 ,  6.45
27 ,  3 ,  1088329 ,  0 ,  195 ,  30.29 ,  0.08 ,  6.35
27 ,  3 ,  1088372 ,  0 ,  195 ,  30.18 ,  0.07 ,  6.35
27 ,  3 ,  1088416 ,  0 ,  195 ,  30.07 ,  0.08 ,  6.35
27 ,  3 ,  1088461 ,  0 ,  195 ,  30.07 ,  0.08 ,  6.25
27 ,  3 ,  1088505 ,  0 ,  195 ,  29.96 ,  0.07 ,  6.25
27 ,  3 ,  1088548 ,  0 ,  195 ,  29.85 ,  0.07 ,  6.25
27 ,  3 ,  1088592 ,  0 ,  195 ,  29.74 ,  0.07 ,  6.25
27 ,  3 ,  1088635 ,  0 ,  195 ,  29.74 ,  0.07 ,  6.15
27 ,  3 ,  1088679 ,  0 ,  195 ,  29.63 ,  0.07 ,  6.15
27 ,  3 ,  1088722 ,  0 ,  195 ,  29.52 ,  0.07 ,  6.15
27 ,  3 ,  1088766 ,  0 ,  195 ,  29.52 ,  0.07 ,  6.15
27 ,  3 ,  1088809 ,  0 ,  195 ,  29.30 ,  0.07 ,  6.05
27 ,  3 ,  1088856 ,  0 ,  195 ,  29.30 ,  0.07 ,  6.05
27 ,  3 ,  1088900 ,  0 ,  195 ,  29.30 ,  0.07 ,  6.05
27 ,  3 ,  1088943 ,  0 ,  195 ,  29.08 ,  0.07 ,  5.95
27 ,  3 ,  1088987 ,  0 ,  195 ,  29.08 ,  0.07 ,  5.95
27 ,  3 ,  1089030 ,  0 ,  195 ,  28.97 ,  0.07 ,  5.95
27 ,  3 ,  1089074 ,  0 ,  195 ,  28.86 ,  0.07 ,  5.95
27 ,  3 ,  1089117 ,  0 ,  195 ,  28.86 ,  0.07 ,  5.85
27 ,  3 ,  1089160 ,  0 ,  195 ,  28.75 ,  0.07 ,  5.85
27 ,  3 ,  1089204 ,  0 ,  195 ,  28.64 ,  0.07 ,  5.85
27 ,  3 ,  1089250 ,  0 ,  195 ,  28.53 ,  0.07 ,  5.85
27 ,  3 ,  1089293 ,  0 ,  195 ,  28.42 ,  0.07 ,  5.75
27 ,  3 ,  1089337 ,  0 ,  195 ,  28.42 ,  0.08 ,  5.75
27 ,  3 ,  1089380 ,  0 ,  195 ,  28.31 ,  0.07 ,  5.75
27 ,  3 ,  1089424 ,  0 ,  195 ,  28.20 ,  0.07 ,  5.66
27 ,  3 ,  1089467 ,  0 ,  195 ,  28.09 ,  0.07 ,  5.66
27 ,  3 ,  1089511 ,  0 ,  195 ,  27.98 ,  0.07 ,  5.66
27 ,  3 ,  1089554 ,  0 ,  195 ,  27.98 ,  0.07 ,  5.66
27 ,  3 ,  1089598 ,  0 ,  195 ,  27.87 ,  0.07 ,  5.66
27 ,  3 ,  1089643 ,  0 ,  195 ,  27.76 ,  0.06 ,  5.56
27 ,  3 ,  1089687 ,  0 ,  195 ,  27.65 ,  0.07 ,  5.56
27 ,  3 ,  1089730 ,  0 ,  195 ,  27.65 ,  0.06 ,  5.56
27 ,  3 ,  1089774 ,  0 ,  195 ,  27.54 ,  0.06 ,  5.56
27 ,  3 ,  1089817 ,  0 ,  195 ,  27.43 ,  0.07 ,  5.46
27 ,  3 ,  1089861 ,  0 ,  195 ,  27.32 ,  0.07 ,  5.46
27 ,  3 ,  1089904 ,  0 ,  195 ,  27.32 ,  0.07 ,  5.46
27 ,  3 ,  1089948 ,  0 ,  195 ,  27.21 ,  0.06 ,  5.46
27 ,  3 ,  1089991 ,  0 ,  195 ,  27.10 ,  0.07 ,  5.36
27 ,  3 ,  1090037 ,  0 ,  195 ,  26.99 ,  0.06 ,  5.36
27 ,  3 ,  1090081 ,  0 ,  195 ,  26.99 ,  0.07 ,  5.36
27 ,  3 ,  1090124 ,  0 ,  195 ,  26.88 ,  0.07 ,  5.36
27 ,  3 ,  1090168 ,  0 ,  195 ,  26.77 ,  0.06 ,  5.26
27 ,  3 ,  1090211 ,  0 ,  195 ,  26.66 ,  0.07 ,  5.26
27 ,  3 ,  1090255 ,  0 ,  195 ,  26.66 ,  0.06 ,  5.26
27 ,  3 ,  1090298 ,  0 ,  195 ,  26.55 ,  0.07 ,  5.26
27 ,  3 ,  1090342 ,  0 ,  195 ,  26.55 ,  0.06 ,  5.26
27 ,  3 ,  1090385 ,  0 ,  195 ,  26.32 ,  0.06 ,  5.16
27 ,  3 ,  1090432 ,  0 ,  195 ,  26.32 ,  0.06 ,  5.16
27 ,  3 ,  1090475 ,  0 ,  195 ,  26.21 ,  0.07 ,  5.06
27 ,  3 ,  1090519 ,  0 ,  195 ,  26.21 ,  0.06 ,  5.16
27 ,  3 ,  1090562 ,  0 ,  195 ,  26.10 ,  0.07 ,  5.06
27 ,  3 ,  1090606 ,  0 ,  195 ,  25.99 ,  0.06 ,  5.06
27 ,  3 ,  1090649 ,  0 ,  195 ,  25.88 ,  0.06 ,  5.06
27 ,  3 ,  1090693 ,  0 ,  195 ,  25.88 ,  0.07 ,  5.06
27 ,  3 ,  1090736 ,  0 ,  195 ,  25.77 ,  0.07 ,  5.06
27 ,  3 ,  1090780 ,  0 ,  195 ,  25.66 ,  0.07 ,  4.96
27 ,  3 ,  1090825 ,  0 ,  195 ,  25.55 ,  0.06 ,  4.96
27 ,  3 ,  1090869 ,  0 ,  195 ,  25.55 ,  0.07 ,  4.96
27 ,  3 ,  1090912 ,  0 ,  195 ,  25.44 ,  0.07 ,  4.96
27 ,  3 ,  1090956 ,  0 ,  195 ,  25.33 ,  0.07 ,  4.86
27 ,  3 ,  1090999 ,  0 ,  195 ,  25.33 ,  0.07 ,  4.86
27 ,  3 ,  1091043 ,  0 ,  195 ,  25.22 ,  0.06 ,  4.86
27 ,  3 ,  1091086 ,  0 ,  195 ,  25.11 ,  0.06 ,  4.86
27 ,  3 ,  1091130 ,  0 ,  195 ,  25.11 ,  0.07 ,  4.86
27 ,  3 ,  1091173 ,  0 ,  195 ,  25.00 ,  0.07 ,  4.76
27 ,  3 ,  1091215 ,  0 ,  195 ,  24.89 ,  0.06 ,  4.76
27 ,  3 ,  1091258 ,  0 ,  195 ,  24.89 ,  0.06 ,  4.76
27 ,  3 ,  1091302 ,  0 ,  195 ,  24.78 ,  0.06 ,  4.76
27 ,  3 ,  1091345 ,  0 ,  195 ,  24.67 ,  0.06 ,  4.76
27 ,  3 ,  1091389 ,  0 ,  195 ,  24.67 ,  0.06 ,  4.66
27 ,  3 ,  1091432 ,  0 ,  195 ,  24.56 ,  0.07 ,  4.66
27 ,  3 ,  1091476 ,  0 ,  195 ,  24.45 ,  0.06 ,  4.66
27 ,  3 ,  1091519 ,  0 ,  195 ,  24.45 ,  0.06 ,  4.66
27 ,  3 ,  1091563 ,  0 ,  195 ,  24.34 ,  0.06 ,  4.66
27 ,  3 ,  1091609 ,  0 ,  195 ,  24.23 ,  0.06 ,  4.56
27 ,  3 ,  1091652 ,  0 ,  195 ,  24.12 ,  0.06 ,  4.56
27 ,  3 ,  1091696 ,  0 ,  195 ,  24.12 ,  0.06 ,  4.56
27 ,  3 ,  1091739 ,  0 ,  195 ,  24.01 ,  0.06 ,  4.56
27 ,  3 ,  1091783 ,  0 ,  195 ,  23.90 ,  0.06 ,  4.56
27 ,  3 ,  1091826 ,  0 ,  195 ,  23.90 ,  0.06 ,  4.46
27 ,  3 ,  1091870 ,  0 ,  195 ,  23.79 ,  0.06 ,  4.46
27 ,  3 ,  1091914 ,  0 ,  195 ,  23.79 ,  0.06 ,  4.46
27 ,  3 ,  1091957 ,  0 ,  195 ,  23.68 ,  0.06 ,  4.46
27 ,  3 ,  1092003 ,  0 ,  195 ,  23.57 ,  0.06 ,  4.46
27 ,  3 ,  1092046 ,  0 ,  195 ,  23.57 ,  0.06 ,  4.37
27 ,  3 ,  1092090 ,  0 ,  195 ,  23.46 ,  0.06 ,  4.37
27 ,  3 ,  1092133 ,  0 ,  195 ,  23.46 ,  0.06 ,  4.37
27 ,  3 ,  1092177 ,  0 ,  195 ,  23.24 ,  0.06 ,  4.37
27 ,  3 ,  1092220 ,  0 ,  195 ,  23.24 ,  0.06 ,  4.37
27 ,  3 ,  1092264 ,  0 ,  195 ,  23.13 ,  0.06 ,  4.27
27 ,  3 ,  1092307 ,  0 ,  195 ,  23.13 ,  0.06 ,  4.27
27 ,  3 ,  1092352 ,  0 ,  195 ,  23.02 ,  0.06 ,  4.27
27 ,  3 ,  1092398 ,  0 ,  195 ,  22.91 ,  0.06 ,  4.27
27 ,  3 ,  1092441 ,  0 ,  195 ,  22.91 ,  0.06 ,  4.27
27 ,  3 ,  1092485 ,  0 ,  195 ,  22.80 ,  0.06 ,  4.27
27 ,  3 ,  1092528 ,  0 ,  195 ,  22.69 ,  0.06 ,  4.27
27 ,  3 ,  1092572 ,  0 ,  195 ,  22.58 ,  0.06 ,  4.17
27 ,  3 ,  1092615 ,  0 ,  195 ,  22.69 ,  0.06 ,  4.17
27 ,  3 ,  1092659 ,  0 ,  195 ,  22.47 ,  0.06 ,  4.17
27 ,  3 ,  1092702 ,  0 ,  195 ,  22.47 ,  0.06 ,  4.17
27 ,  3 ,  1092746 ,  0 ,  195 ,  22.36 ,  0.06 ,  4.17
27 ,  3 ,  1092791 ,  0 ,  195 ,  22.25 ,  0.06 ,  4.07
27 ,  3 ,  1092835 ,  0 ,  195 ,  22.25 ,  0.06 ,  4.07
27 ,  3 ,  1092878 ,  0 ,  195 ,  22.14 ,  0.06 ,  4.07
27 ,  3 ,  1092922 ,  0 ,  195 ,  22.14 ,  0.06 ,  4.07
27 ,  3 ,  1092965 ,  0 ,  195 ,  22.03 ,  0.06 ,  4.07
27 ,  3 ,  1093009 ,  0 ,  195 ,  21.92 ,  0.06 ,  3.97
27 ,  3 ,  1093052 ,  0 ,  195 ,  21.92 ,  0.06 ,  3.97
27 ,  3 ,  1093096 ,  0 ,  195 ,  21.81 ,  0.06 ,  3.97
27 ,  3 ,  1093139 ,  0 ,  195 ,  21.81 ,  0.06 ,  3.97
27 ,  3 ,  1093185 ,  0 ,  195 ,  21.70 ,  0.06 ,  3.97
27 ,  3 ,  1093229 ,  0 ,  195 ,  21.59 ,  0.06 ,  3.97
27 ,  3 ,  1093272 ,  0 ,  195 ,  21.59 ,  0.06 ,  3.87
27 ,  3 ,  1093316 ,  0 ,  195 ,  21.48 ,  0.06 ,  3.87
27 ,  3 ,  1093359 ,  0 ,  195 ,  21.48 ,  0.06 ,  3.87
27 ,  3 ,  1093403 ,  0 ,  195 ,  21.37 ,  0.06 ,  3.87
27 ,  3 ,  1093446 ,  0 ,  195 ,  21.26 ,  0.06 ,  3.87
27 ,  3 ,  1093490 ,  0 ,  195 ,  21.26 ,  0.06 ,  3.87
27 ,  3 ,  1093533 ,  0 ,  195 ,  21.15 ,  0.06 ,  3.87
27 ,  3 ,  1093579 ,  0 ,  195 ,  21.04 ,  0.05 ,  3.87
27 ,  3 ,  1093622 ,  0 ,  195 ,  21.04 ,  0.06 ,  3.77
27 ,  3 ,  1093666 ,  0 ,  195 ,  21.04 ,  0.05 ,  3.77
27 ,  3 ,  1093709 ,  0 ,  195 ,  20.93 ,  0.06 ,  3.77
27 ,  3 ,  1093753 ,  0 ,  195 ,  20.93 ,  0.06 ,  3.77
27 ,  3 ,  1093796 ,  0 ,  195 ,  20.82 ,  0.06 ,  3.77
27 ,  3 ,  1093840 ,  0 ,  195 ,  20.71 ,  0.06 ,  3.77
27 ,  3 ,  1093884 ,  0 ,  195 ,  20.60 ,  0.06 ,  3.67
27 ,  3 ,  1093927 ,  0 ,  195 ,  20.60 ,  0.06 ,  3.67
27 ,  3 ,  1093974 ,  0 ,  195 ,  20.49 ,  0.06 ,  3.67
27 ,  3 ,  1094017 ,  0 ,  195 ,  20.49 ,  0.06 ,  3.67
27 ,  3 ,  1094061 ,  0 ,  195 ,  20.38 ,  0.05 ,  3.67
27 ,  3 ,  1094104 ,  0 ,  195 ,  20.38 ,  0.06 ,  3.57
27 ,  3 ,  1094148 ,  0 ,  195 ,  20.27 ,  0.05 ,  3.67
27 ,  3 ,  1094191 ,  0 ,  195 ,  20.16 ,  0.05 ,  3.57
27 ,  3 ,  1094235 ,  0 ,  195 ,  20.16 ,  0.05 ,  3.57
27 ,  3 ,  1094278 ,  0 ,  195 ,  20.16 ,  0.05 ,  3.57
27 ,  3 ,  1094322 ,  0 ,  195 ,  20.05 ,  0.05 ,  3.57
27 ,  3 ,  1094368 ,  0 ,  195 ,  19.94 ,  0.06 ,  3.57
27 ,  3 ,  1094411 ,  0 ,  195 ,  19.83 ,  0.06 ,  3.57
27 ,  3 ,  1094455 ,  0 ,  195 ,  19.83 ,  0.05 ,  3.47
27 ,  3 ,  1094498 ,  0 ,  195 ,  19.83 ,  0.05 ,  3.47
27 ,  3 ,  1094542 ,  0 ,  195 ,  19.72 ,  0.05 ,  3.47
27 ,  3 ,  1094585 ,  0 ,  195 ,  19.61 ,  0.06 ,  3.47
27 ,  3 ,  1094628 ,  0 ,  195 ,  19.61 ,  0.05 ,  3.47
27 ,  3 ,  1094672 ,  0 ,  195 ,  19.50 ,  0.06 ,  3.47
27 ,  3 ,  1094715 ,  0 ,  195 ,  19.50 ,  0.05 ,  3.37
27 ,  3 ,  1094761 ,  0 ,  195 ,  19.39 ,  0.05 ,  3.37
27 ,  3 ,  1094805 ,  0 ,  195 ,  19.39 ,  0.06 ,  3.37
27 ,  3 ,  1094848 ,  0 ,  195 ,  19.28 ,  0.05 ,  3.37
27 ,  3 ,  1094892 ,  0 ,  195 ,  19.28 ,  0.05 ,  3.37
27 ,  3 ,  1094935 ,  0 ,  195 ,  19.17 ,  0.06 ,  3.37
27 ,  3 ,  1094979 ,  0 ,  195 ,  19.17 ,  0.05 ,  3.37
27 ,  3 ,  1095022 ,  0 ,  195 ,  19.06 ,  0.05 ,  3.27
27 ,  3 ,  1095066 ,  0 ,  195 ,  18.95 ,  0.05 ,  3.27
27 ,  3 ,  1095109 ,  0 ,  195 ,  18.95 ,  0.05 ,  3.27
27 ,  3 ,  1095155 ,  0 ,  195 ,  18.84 ,  0.05 ,  3.27
27 ,  3 ,  1095198 ,  0 ,  195 ,  18.84 ,  0.05 ,  3.27
27 ,  3 ,  1095242 ,  0 ,  195 ,  18.73 ,  0.05 ,  3.27
27 ,  3 ,  1095285 ,  0 ,  195 ,  18.73 ,  0.05 ,  3.27
27 ,  3 ,  1095329 ,  0 ,  195 ,  18.62 ,  0.05 ,  3.27
27 ,  3 ,  1095372 ,  0 ,  195 ,  18.62 ,  0.05 ,  3.18
27 ,  3 ,  1095416 ,  0 ,  195 ,  18.51 ,  0.05 ,  3.18
27 ,  3 ,  1095459 ,  0 ,  195 ,  18.51 ,  0.05 ,  3.18
27 ,  3 ,  1095503 ,  0 ,  195 ,  18.40 ,  0.05 ,  3.18
27 ,  3 ,  1095549 ,  0 ,  195 ,  18.40 ,  0.05 ,  3.18
27 ,  3 ,  1095592 ,  0 ,  195 ,  18.29 ,  0.06 ,  3.18
27 ,  3 ,  1095636 ,  0 ,  195 ,  18.29 ,  0.05 ,  3.18
27 ,  3 ,  1095680 ,  0 ,  195 ,  18.18 ,  0.05 ,  3.08
27 ,  3 ,  1095724 ,  0 ,  195 ,  18.18 ,  0.05 ,  3.08
27 ,  3 ,  1095767 ,  0 ,  195 ,  18.07 ,  0.06 ,  3.08
27 ,  3 ,  1095811 ,  0 ,  195 ,  17.96 ,  0.05 ,  3.08
27 ,  3 ,  1095854 ,  0 ,  195 ,  17.96 ,  0.05 ,  3.08
27 ,  3 ,  1095902 ,  0 ,  195 ,  17.85 ,  0.05 ,  3.08
27 ,  3 ,  1095948 ,  0 ,  195 ,  17.85 ,  0.05 ,  3.08
27 ,  3 ,  1095992 ,  0 ,  195 ,  17.85 ,  0.05 ,  3.08
27 ,  3 ,  1096035 ,  0 ,  195 ,  17.73 ,  0.05 ,  2.98
27 ,  3 ,  1096079 ,  0 ,  195 ,  17.73 ,  0.05 ,  2.98
27 ,  3 ,  1096122 ,  0 ,  195 ,  17.62 ,  0.05 ,  2.98
27 ,  3 ,  1096166 ,  0 ,  195 ,  17.51 ,  0.05 ,  2.98
27 ,  3 ,  1096209 ,  0 ,  195 ,  17.51 ,  0.06 ,  2.98
27 ,  3 ,  1096253 ,  0 ,  195 ,  17.51 ,  0.05 ,  2.98
27 ,  3 ,  1096296 ,  0 ,  195 ,  17.40 ,  0.06 ,  2.98
27 ,  3 ,  1096342 ,  0 ,  195 ,  17.40 ,  0.05 ,  2.98
27 ,  3 ,  1096385 ,  0 ,  195 ,  17.29 ,  0.06 ,  2.98
27 ,  3 ,  1096429 ,  0 ,  195 ,  17.18 ,  0.05 ,  2.88
27 ,  3 ,  1096472 ,  0 ,  195 ,  17.18 ,  0.06 ,  2.88
27 ,  3 ,  1096516 ,  0 ,  195 ,  17.18 ,  0.05 ,  2.88
27 ,  3 ,  1096559 ,  0 ,  195 ,  17.07 ,  0.05 ,  2.88
27 ,  3 ,  1096603 ,  0 ,  195 ,  17.07 ,  0.05 ,  2.88
27 ,  3 ,  1096646 ,  0 ,  195 ,  16.96 ,  0.06 ,  2.88
27 ,  3 ,  1096690 ,  0 ,  195 ,  16.96 ,  0.06 ,  2.88
27 ,  3 ,  1096735 ,  0 ,  195 ,  16.85 ,  0.05 ,  2.88
27 ,  3 ,  1096779 ,  0 ,  195 ,  16.85 ,  0.05 ,  2.78
27 ,  3 ,  1096822 ,  0 ,  195 ,  16.85 ,  0.05 ,  2.78
27 ,  3 ,  1096866 ,  0 ,  195 ,  16.74 ,  0.05 ,  2.78
27 ,  3 ,  1096909 ,  0 ,  195 ,  16.74 ,  0.06 ,  2.78
27 ,  3 ,  1096953 ,  0 ,  195 ,  16.63 ,  0.05 ,  2.78
27 ,  3 ,  1096996 ,  0 ,  195 ,  16.63 ,  0.05 ,  2.78
27 ,  3 ,  1097040 ,  0 ,  195 ,  16.52 ,  0.05 ,  2.78
27 ,  3 ,  1097083 ,  0 ,  195 ,  16.52 ,  0.05 ,  2.78
27 ,  3 ,  1097129 ,  0 ,  195 ,  16.41 ,  0.05 ,  2.68
27 ,  3 ,  1097174 ,  0 ,  195 ,  16.41 ,  0.05 ,  2.68
27 ,  3 ,  1097217 ,  0 ,  195 ,  16.41 ,  0.05 ,  2.68
27 ,  3 ,  1097261 ,  0 ,  195 ,  16.30 ,  0.05 ,  2.68
27 ,  3 ,  1097304 ,  0 ,  195 ,  16.19 ,  0.05 ,  2.68
27 ,  3 ,  1097348 ,  0 ,  195 ,  16.19 ,  0.05 ,  2.68
27 ,  3 ,  1097391 ,  0 ,  195 ,  16.19 ,  0.05 ,  2.68
27 ,  3 ,  1097435 ,  0 ,  195 ,  16.08 ,  0.05 ,  2.68
27 ,  3 ,  1097478 ,  0 ,  195 ,  15.97 ,  0.05 ,  2.68
27 ,  3 ,  1097524 ,  0 ,  195 ,  15.97 ,  0.05 ,  2.58
27 ,  3 ,  1097567 ,  0 ,  195 ,  15.97 ,  0.05 ,  2.68
27 ,  3 ,  1097611 ,  0 ,  195 ,  15.86 ,  0.05 ,  2.68
27 ,  3 ,  1097655 ,  0 ,  195 ,  15.86 ,  0.05 ,  2.68
27 ,  3 ,  1097698 ,  0 ,  195 ,  15.86 ,  0.05 ,  2.58
27 ,  3 ,  1097742 ,  0 ,  195 ,  15.75 ,  0.05 ,  2.58
27 ,  3 ,  1097785 ,  0 ,  195 ,  15.64 ,  0.05 ,  2.58
27 ,  3 ,  1097829 ,  0 ,  195 ,  15.75 ,  0.05 ,  2.58
27 ,  3 ,  1097872 ,  0 ,  195 ,  15.64 ,  0.05 ,  2.58
27 ,  3 ,  1097918 ,  0 ,  195 ,  15.64 ,  0.06 ,  2.58
27 ,  3 ,  1097962 ,  0 ,  195 ,  15.53 ,  0.05 ,  2.58
27 ,  3 ,  1098005 ,  0 ,  195 ,  15.42 ,  0.05 ,  2.48
27 ,  3 ,  1098049 ,  0 ,  195 ,  15.42 ,  0.05 ,  2.48
27 ,  3 ,  1098093 ,  0 ,  195 ,  15.42 ,  0.05 ,  2.48
27 ,  3 ,  1098136 ,  0 ,  195 ,  15.31 ,  0.05 ,  2.58
27 ,  3 ,  1098180 ,  0 ,  195 ,  15.31 ,  0.05 ,  2.48
27 ,  3 ,  1098223 ,  0 ,  195 ,  15.20 ,  0.05 ,  2.48
27 ,  3 ,  1098267 ,  0 ,  195 ,  15.20 ,  0.05 ,  2.48
27 ,  3 ,  1098313 ,  0 ,  195 ,  15.09 ,  0.05 ,  2.48
27 ,  3 ,  1098356 ,  0 ,  195 ,  14.98 ,  0.05 ,  2.48
27 ,  3 ,  1098400 ,  0 ,  195 ,  15.09 ,  0.05 ,  2.48
27 ,  3 ,  1098444 ,  0 ,  195 ,  14.98 ,  0.05 ,  2.48
27 ,  3 ,  1098487 ,  0 ,  195 ,  14.98 ,  0.05 ,  2.48
27 ,  3 ,  1098531 ,  0 ,  195 ,  14.98 ,  0.06 ,  2.48
27 ,  3 ,  1098574 ,  0 ,  195 ,  14.76 ,  0.05 ,  2.38
27 ,  3 ,  1098618 ,  0 ,  195 ,  14.87 ,  0.05 ,  2.48
27 ,  3 ,  1098661 ,  0 ,  195 ,  14.76 ,  0.05 ,  2.38
27 ,  3 ,  1098715 ,  0 ,  195 ,  14.65 ,  0.05 ,  2.38
27 ,  3 ,  1098759 ,  0 ,  195 ,  14.76 ,  0.05 ,  2.38
27 ,  3 ,  1098803 ,  0 ,  195 ,  14.65 ,  0.05 ,  2.38
27 ,  3 ,  1098846 ,  0 ,  195 ,  14.65 ,  0.05 ,  2.38
27 ,  3 ,  1098890 ,  0 ,  195 ,  14.54 ,  0.05 ,  2.38
27 ,  3 ,  1098934 ,  0 ,  195 ,  14.43 ,  0.05 ,  2.38
27 ,  3 ,  1098977 ,  0 ,  195 ,  14.43 ,  0.05 ,  2.38
27 ,  3 ,  1099021 ,  0 ,  195 ,  14.43 ,  0.05 ,  2.38
27 ,  3 ,  1099065 ,  0 ,  195 ,  14.43 ,  0.05 ,  2.38
27 ,  3 ,  1099111 ,  0 ,  195 ,  14.32 ,  0.05 ,  2.28
27 ,  3 ,  1099154 ,  0 ,  195 ,  14.32 ,  0.05 ,  2.28
27 ,  3 ,  1099198 ,  0 ,  195 ,  14.32 ,  0.05 ,  2.28
27 ,  3 ,  1099241 ,  0 ,  195 ,  14.21 ,  0.05 ,  2.28
27 ,  3 ,  1099285 ,  0 ,  195 ,  14.21 ,  0.05 ,  2.28
27 ,  3 ,  1099328 ,  0 ,  195 ,  14.10 ,  0.05 ,  2.28
27 ,  3 ,  1099372 ,  0 ,  195 ,  14.21 ,  0.05 ,  2.28
27 ,  3 ,  1099415 ,  0 ,  195 ,  13.99 ,  0.05 ,  2.28
27 ,  3 ,  1099459 ,  0 ,  195 ,  13.99 ,  0.05 ,  2.28
27 ,  3 ,  1099505 ,  0 ,  195 ,  13.99 ,  0.05 ,  2.28
27 ,  3 ,  1099548 ,  0 ,  195 ,  13.99 ,  0.05 ,  2.28
27 ,  3 ,  1099592 ,  0 ,  195 ,  13.88 ,  0.05 ,  2.28
27 ,  3 ,  1099635 ,  0 ,  195 ,  13.88 ,  0.05 ,  2.18
27 ,  3 ,  1099679 ,  0 ,  195 ,  13.77 ,  0.05 ,  2.28
27 ,  3 ,  1099722 ,  0 ,  195 ,  13.77 ,  0.05 ,  2.18
27 ,  3 ,  1099766 ,  0 ,  195 ,  13.77 ,  0.05 ,  2.18
27 ,  3 ,  1099809 ,  0 ,  195 ,  13.66 ,  0.05 ,  2.18
27 ,  3 ,  1099853 ,  0 ,  195 ,  13.66 ,  0.05 ,  2.18
27 ,  3 ,  1099899 ,  0 ,  195 ,  13.66 ,  0.05 ,  2.18
27 ,  3 ,  1099943 ,  0 ,  195 ,  13.55 ,  0.05 ,  2.18
27 ,  3 ,  1099986 ,  0 ,  195 ,  13.55 ,  0.05 ,  2.18
27 ,  3 ,  1100030 ,  0 ,  195 ,  13.44 ,  0.05 ,  2.18
27 ,  3 ,  1100073 ,  0 ,  195 ,  13.44 ,  0.05 ,  2.18
27 ,  3 ,  1100118 ,  0 ,  195 ,  13.44 ,  0.05 ,  2.18
27 ,  3 ,  1100161 ,  0 ,  195 ,  13.33 ,  0.05 ,  2.18
27 ,  3 ,  1100205 ,  0 ,  195 ,  13.33 ,  0.05 ,  2.08
27 ,  3 ,  1100248 ,  0 ,  195 ,  13.33 ,  0.05 ,  2.08
27 ,  3 ,  1100294 ,  0 ,  195 ,  13.22 ,  0.05 ,  2.08
27 ,  3 ,  1100338 ,  0 ,  195 ,  13.22 ,  0.05 ,  2.08
27 ,  3 ,  1100381 ,  0 ,  195 ,  13.22 ,  0.06 ,  2.08
27 ,  3 ,  1100425 ,  0 ,  195 ,  13.22 ,  0.05 ,  2.08
27 ,  3 ,  1100468 ,  0 ,  195 ,  13.11 ,  0.05 ,  2.08
27 ,  3 ,  1100512 ,  0 ,  195 ,  13.11 ,  0.05 ,  2.08
27 ,  3 ,  1100555 ,  0 ,  195 ,  13.11 ,  0.05 ,  2.08
27 ,  3 ,  1100599 ,  0 ,  195 ,  13.00 ,  0.05 ,  2.08
27 ,  3 ,  1100642 ,  0 ,  195 ,  13.00 ,  0.05 ,  2.08
27 ,  3 ,  1100688 ,  0 ,  195 ,  13.00 ,  0.05 ,  2.08
27 ,  3 ,  1100732 ,  0 ,  195 ,  13.00 ,  0.05 ,  2.08
27 ,  3 ,  1100775 ,  0 ,  195 ,  12.89 ,  0.05 ,  2.08
27 ,  3 ,  1100819 ,  0 ,  195 ,  12.89 ,  0.05 ,  2.08
27 ,  3 ,  1100862 ,  0 ,  195 ,  12.89 ,  0.05 ,  2.08
27 ,  3 ,  1100906 ,  0 ,  195 ,  12.78 ,  0.05 ,  1.98
