MS, MPT, t (s), PWMi, PWMe, Pressure (Psi), LW (V), Displacement (mm)
28 ,  3 ,  1210559 ,  0 ,  190 ,  12.67 ,  0.04 ,  2.08
28 ,  3 ,  1210601 ,  255 ,  0 ,  12.56 ,  0.05 ,  1.98
28 ,  3 ,  1210643 ,  255 ,  0 ,  15.97 ,  0.04 ,  2.08
28 ,  3 ,  1210685 ,  255 ,  0 ,  32.93 ,  0.07 ,  4.37
28 ,  3 ,  1210727 ,  255 ,  0 ,  47.91 ,  0.15 ,  8.14
28 ,  3 ,  1210769 ,  255 ,  0 ,  58.04 ,  0.24 ,  11.71
28 ,  3 ,  1210811 ,  255 ,  0 ,  64.76 ,  0.32 ,  14.49
28 ,  3 ,  1210853 ,  255 ,  0 ,  69.49 ,  0.39 ,  16.37
28 ,  3 ,  1210897 ,  255 ,  0 ,  73.13 ,  0.44 ,  17.76
28 ,  3 ,  1210938 ,  255 ,  0 ,  75.77 ,  0.47 ,  18.75
28 ,  3 ,  1210980 ,  255 ,  0 ,  77.86 ,  0.48 ,  19.45
28 ,  3 ,  1211022 ,  255 ,  0 ,  79.74 ,  0.49 ,  20.04
28 ,  3 ,  1211064 ,  255 ,  0 ,  81.39 ,  0.50 ,  20.64
28 ,  3 ,  1211105 ,  255 ,  0 ,  82.82 ,  0.51 ,  21.03
28 ,  3 ,  1211147 ,  255 ,  0 ,  84.14 ,  0.51 ,  21.33
28 ,  3 ,  1211189 ,  255 ,  0 ,  85.35 ,  0.51 ,  21.73
28 ,  3 ,  1211231 ,  255 ,  0 ,  86.67 ,  0.52 ,  22.03
28 ,  3 ,  1211275 ,  255 ,  0 ,  87.78 ,  0.52 ,  22.32
28 ,  3 ,  1211316 ,  255 ,  0 ,  88.77 ,  0.52 ,  22.62
28 ,  3 ,  1211358 ,  255 ,  0 ,  89.76 ,  0.52 ,  22.92
28 ,  3 ,  1211400 ,  255 ,  0 ,  90.64 ,  0.52 ,  23.12
28 ,  3 ,  1211441 ,  255 ,  0 ,  91.41 ,  0.52 ,  23.32
28 ,  3 ,  1211483 ,  255 ,  0 ,  92.18 ,  0.52 ,  23.51
28 ,  3 ,  1211525 ,  255 ,  0 ,  92.95 ,  0.52 ,  23.61
28 ,  3 ,  1211567 ,  255 ,  0 ,  93.72 ,  0.52 ,  23.81
28 ,  3 ,  1211608 ,  255 ,  0 ,  94.38 ,  0.52 ,  23.91
28 ,  3 ,  1211652 ,  255 ,  0 ,  94.93 ,  0.52 ,  24.11
28 ,  3 ,  1211694 ,  255 ,  0 ,  95.37 ,  0.52 ,  24.21
28 ,  3 ,  1211736 ,  255 ,  0 ,  95.82 ,  0.52 ,  24.31
28 ,  3 ,  1211778 ,  255 ,  0 ,  96.26 ,  0.52 ,  24.41
28 ,  3 ,  1211820 ,  255 ,  0 ,  96.48 ,  0.53 ,  24.41
28 ,  3 ,  1211860 ,  255 ,  0 ,  96.70 ,  0.53 ,  24.51
28 ,  3 ,  1211902 ,  255 ,  0 ,  96.92 ,  0.53 ,  24.61
28 ,  3 ,  1211944 ,  255 ,  0 ,  96.92 ,  0.52 ,  24.61
28 ,  3 ,  1211988 ,  255 ,  0 ,  96.92 ,  0.53 ,  24.61
28 ,  3 ,  1212030 ,  255 ,  0 ,  97.03 ,  0.53 ,  24.71
28 ,  3 ,  1212072 ,  255 ,  0 ,  97.03 ,  0.52 ,  24.71
28 ,  3 ,  1212114 ,  255 ,  0 ,  97.14 ,  0.52 ,  24.71
28 ,  3 ,  1212162 ,  255 ,  0 ,  97.03 ,  0.53 ,  24.80
28 ,  3 ,  1212204 ,  255 ,  0 ,  97.03 ,  0.53 ,  24.80
28 ,  3 ,  1212246 ,  255 ,  0 ,  97.03 ,  0.52 ,  24.80
28 ,  3 ,  1212286 ,  255 ,  0 ,  97.03 ,  0.52 ,  24.80
28 ,  3 ,  1212328 ,  255 ,  0 ,  97.03 ,  0.53 ,  24.90
28 ,  3 ,  1212368 ,  255 ,  0 ,  97.03 ,  0.53 ,  24.80
28 ,  3 ,  1212410 ,  255 ,  0 ,  97.14 ,  0.53 ,  24.90
28 ,  3 ,  1212451 ,  255 ,  0 ,  97.03 ,  0.52 ,  24.90
28 ,  3 ,  1212493 ,  255 ,  0 ,  97.03 ,  0.52 ,  24.90
28 ,  3 ,  1212535 ,  255 ,  0 ,  97.03 ,  0.52 ,  24.90
28 ,  3 ,  1212576 ,  255 ,  0 ,  97.03 ,  0.52 ,  24.90
28 ,  3 ,  1212618 ,  255 ,  0 ,  97.03 ,  0.52 ,  24.90
28 ,  3 ,  1212660 ,  255 ,  0 ,  97.03 ,  0.53 ,  24.90
28 ,  3 ,  1212701 ,  255 ,  0 ,  96.92 ,  0.53 ,  24.90
28 ,  3 ,  1212745 ,  255 ,  0 ,  96.92 ,  0.52 ,  24.90
28 ,  3 ,  1212787 ,  255 ,  0 ,  97.03 ,  0.53 ,  24.90
28 ,  3 ,  1212829 ,  255 ,  0 ,  96.92 ,  0.53 ,  25.00
28 ,  3 ,  1212871 ,  255 ,  0 ,  97.03 ,  0.53 ,  25.00
28 ,  3 ,  1212912 ,  255 ,  0 ,  96.92 ,  0.53 ,  24.90
28 ,  3 ,  1212954 ,  255 ,  0 ,  96.92 ,  0.53 ,  25.00
28 ,  3 ,  1212996 ,  255 ,  0 ,  96.92 ,  0.53 ,  24.90
28 ,  3 ,  1213037 ,  255 ,  0 ,  96.92 ,  0.53 ,  25.00
28 ,  3 ,  1213079 ,  255 ,  0 ,  96.92 ,  0.53 ,  25.00
28 ,  3 ,  1213123 ,  255 ,  0 ,  96.92 ,  0.53 ,  25.00
28 ,  3 ,  1213165 ,  255 ,  0 ,  96.92 ,  0.53 ,  25.00
28 ,  3 ,  1213206 ,  255 ,  0 ,  96.92 ,  0.52 ,  25.10
28 ,  3 ,  1213248 ,  255 ,  0 ,  96.92 ,  0.53 ,  25.10
28 ,  3 ,  1213290 ,  255 ,  0 ,  96.92 ,  0.53 ,  25.00
28 ,  3 ,  1213332 ,  255 ,  0 ,  96.92 ,  0.52 ,  25.10
28 ,  3 ,  1213373 ,  255 ,  0 ,  96.92 ,  0.53 ,  25.10
28 ,  3 ,  1213415 ,  255 ,  0 ,  96.92 ,  0.53 ,  25.10
28 ,  3 ,  1213457 ,  255 ,  0 ,  96.92 ,  0.53 ,  25.10
28 ,  3 ,  1213501 ,  255 ,  0 ,  96.92 ,  0.52 ,  25.10
28 ,  3 ,  1213542 ,  0 ,  190 ,  96.92 ,  0.52 ,  25.10
28 ,  3 ,  1213584 ,  0 ,  190 ,  94.05 ,  0.52 ,  25.00
28 ,  3 ,  1213626 ,  0 ,  190 ,  89.32 ,  0.53 ,  24.51
28 ,  3 ,  1213668 ,  0 ,  190 ,  85.02 ,  0.53 ,  23.91
28 ,  3 ,  1213709 ,  0 ,  190 ,  81.39 ,  0.52 ,  23.42
28 ,  3 ,  1213751 ,  0 ,  190 ,  78.41 ,  0.52 ,  22.92
28 ,  3 ,  1213793 ,  0 ,  190 ,  75.88 ,  0.52 ,  22.32
28 ,  3 ,  1213834 ,  0 ,  190 ,  73.68 ,  0.52 ,  21.83
28 ,  3 ,  1213878 ,  0 ,  190 ,  71.70 ,  0.51 ,  21.33
28 ,  3 ,  1213920 ,  0 ,  190 ,  70.16 ,  0.51 ,  21.03
28 ,  3 ,  1213962 ,  0 ,  190 ,  68.72 ,  0.50 ,  20.64
28 ,  3 ,  1214003 ,  0 ,  190 ,  67.51 ,  0.50 ,  20.34
28 ,  3 ,  1214045 ,  0 ,  190 ,  66.41 ,  0.49 ,  20.04
28 ,  3 ,  1214087 ,  0 ,  190 ,  65.53 ,  0.49 ,  19.74
28 ,  3 ,  1214128 ,  0 ,  190 ,  64.65 ,  0.49 ,  19.55
28 ,  3 ,  1214170 ,  0 ,  190 ,  63.88 ,  0.48 ,  19.25
28 ,  3 ,  1214214 ,  0 ,  190 ,  63.22 ,  0.47 ,  19.05
28 ,  3 ,  1214256 ,  0 ,  190 ,  62.67 ,  0.47 ,  18.85
28 ,  3 ,  1214297 ,  0 ,  190 ,  62.12 ,  0.46 ,  18.65
28 ,  3 ,  1214339 ,  0 ,  190 ,  61.68 ,  0.46 ,  18.45
28 ,  3 ,  1214381 ,  0 ,  190 ,  61.24 ,  0.45 ,  18.36
28 ,  3 ,  1214423 ,  0 ,  190 ,  60.79 ,  0.45 ,  18.16
28 ,  3 ,  1214464 ,  0 ,  190 ,  60.46 ,  0.44 ,  18.16
28 ,  3 ,  1214505 ,  0 ,  190 ,  60.13 ,  0.44 ,  17.96
28 ,  3 ,  1214547 ,  0 ,  190 ,  59.80 ,  0.43 ,  17.86
28 ,  3 ,  1214592 ,  0 ,  190 ,  59.47 ,  0.43 ,  17.66
28 ,  3 ,  1214632 ,  0 ,  190 ,  59.14 ,  0.43 ,  17.56
28 ,  3 ,  1214674 ,  0 ,  190 ,  58.92 ,  0.42 ,  17.46
28 ,  3 ,  1214716 ,  0 ,  190 ,  58.70 ,  0.42 ,  17.46
28 ,  3 ,  1214757 ,  0 ,  190 ,  58.48 ,  0.42 ,  17.36
28 ,  3 ,  1214799 ,  0 ,  190 ,  58.26 ,  0.41 ,  17.26
28 ,  3 ,  1214841 ,  0 ,  190 ,  58.04 ,  0.41 ,  17.26
28 ,  3 ,  1214883 ,  0 ,  190 ,  57.82 ,  0.41 ,  17.16
28 ,  3 ,  1214924 ,  0 ,  190 ,  57.71 ,  0.40 ,  17.07
28 ,  3 ,  1214968 ,  0 ,  190 ,  57.49 ,  0.40 ,  16.97
28 ,  3 ,  1215010 ,  0 ,  190 ,  57.38 ,  0.39 ,  16.97
28 ,  3 ,  1215052 ,  0 ,  190 ,  57.16 ,  0.39 ,  16.87
28 ,  3 ,  1215093 ,  0 ,  190 ,  57.05 ,  0.39 ,  16.77
28 ,  3 ,  1215135 ,  0 ,  190 ,  56.83 ,  0.39 ,  16.77
28 ,  3 ,  1215177 ,  0 ,  190 ,  56.61 ,  0.38 ,  16.67
28 ,  3 ,  1215218 ,  0 ,  190 ,  56.50 ,  0.38 ,  16.67
28 ,  3 ,  1215260 ,  0 ,  190 ,  56.39 ,  0.38 ,  16.57
28 ,  3 ,  1215302 ,  0 ,  190 ,  56.17 ,  0.38 ,  16.57
28 ,  3 ,  1215346 ,  0 ,  190 ,  56.17 ,  0.37 ,  16.47
28 ,  3 ,  1215387 ,  0 ,  190 ,  55.95 ,  0.37 ,  16.47
28 ,  3 ,  1215429 ,  0 ,  190 ,  55.84 ,  0.37 ,  16.37
28 ,  3 ,  1215471 ,  0 ,  190 ,  55.73 ,  0.36 ,  16.37
28 ,  3 ,  1215513 ,  0 ,  190 ,  55.51 ,  0.36 ,  16.27
28 ,  3 ,  1215554 ,  0 ,  190 ,  55.40 ,  0.36 ,  16.27
28 ,  3 ,  1215596 ,  0 ,  190 ,  55.29 ,  0.35 ,  16.17
28 ,  3 ,  1215638 ,  0 ,  190 ,  55.18 ,  0.36 ,  16.17
28 ,  3 ,  1215679 ,  0 ,  190 ,  55.07 ,  0.35 ,  16.07
28 ,  3 ,  1215723 ,  0 ,  190 ,  54.96 ,  0.35 ,  16.07
28 ,  3 ,  1215765 ,  0 ,  190 ,  54.74 ,  0.35 ,  15.97
28 ,  3 ,  1215807 ,  0 ,  190 ,  54.63 ,  0.35 ,  15.97
28 ,  3 ,  1215848 ,  0 ,  190 ,  54.52 ,  0.34 ,  15.88
28 ,  3 ,  1215890 ,  0 ,  190 ,  54.41 ,  0.34 ,  15.88
28 ,  3 ,  1215932 ,  0 ,  190 ,  54.30 ,  0.34 ,  15.78
28 ,  3 ,  1215974 ,  0 ,  190 ,  54.19 ,  0.34 ,  15.78
28 ,  3 ,  1216016 ,  0 ,  190 ,  54.08 ,  0.34 ,  15.78
28 ,  3 ,  1216058 ,  0 ,  190 ,  53.86 ,  0.33 ,  15.68
28 ,  3 ,  1216102 ,  0 ,  190 ,  53.75 ,  0.33 ,  15.68
28 ,  3 ,  1216143 ,  0 ,  190 ,  53.64 ,  0.33 ,  15.58
28 ,  3 ,  1216185 ,  0 ,  190 ,  53.64 ,  0.33 ,  15.58
28 ,  3 ,  1216227 ,  0 ,  190 ,  53.42 ,  0.33 ,  15.48
28 ,  3 ,  1216268 ,  0 ,  190 ,  53.31 ,  0.32 ,  15.48
28 ,  3 ,  1216310 ,  0 ,  190 ,  53.20 ,  0.32 ,  15.38
28 ,  3 ,  1216352 ,  0 ,  190 ,  53.09 ,  0.32 ,  15.38
28 ,  3 ,  1216394 ,  0 ,  190 ,  52.98 ,  0.32 ,  15.28
28 ,  3 ,  1216437 ,  0 ,  190 ,  52.87 ,  0.32 ,  15.28
28 ,  3 ,  1216479 ,  0 ,  190 ,  52.65 ,  0.31 ,  15.28
28 ,  3 ,  1216521 ,  0 ,  190 ,  52.54 ,  0.31 ,  15.18
28 ,  3 ,  1216563 ,  0 ,  190 ,  52.54 ,  0.31 ,  15.18
28 ,  3 ,  1216604 ,  0 ,  190 ,  52.31 ,  0.30 ,  15.08
28 ,  3 ,  1216646 ,  0 ,  190 ,  52.20 ,  0.30 ,  15.08
28 ,  3 ,  1216688 ,  0 ,  190 ,  52.09 ,  0.30 ,  14.98
28 ,  3 ,  1216729 ,  0 ,  190 ,  51.98 ,  0.31 ,  14.98
28 ,  3 ,  1216771 ,  0 ,  190 ,  51.76 ,  0.30 ,  14.88
28 ,  3 ,  1216815 ,  0 ,  190 ,  51.65 ,  0.30 ,  14.88
28 ,  3 ,  1216857 ,  0 ,  190 ,  51.65 ,  0.29 ,  14.78
28 ,  3 ,  1216899 ,  0 ,  190 ,  51.43 ,  0.29 ,  14.78
28 ,  3 ,  1216940 ,  0 ,  190 ,  51.32 ,  0.29 ,  14.78
28 ,  3 ,  1216982 ,  0 ,  190 ,  51.21 ,  0.29 ,  14.68
28 ,  3 ,  1217024 ,  0 ,  190 ,  51.10 ,  0.29 ,  14.68
28 ,  3 ,  1217064 ,  0 ,  190 ,  50.99 ,  0.28 ,  14.59
28 ,  3 ,  1217106 ,  0 ,  190 ,  50.88 ,  0.28 ,  14.59
28 ,  3 ,  1217148 ,  0 ,  190 ,  50.77 ,  0.29 ,  14.49
28 ,  3 ,  1217192 ,  0 ,  190 ,  50.66 ,  0.28 ,  14.49
28 ,  3 ,  1217233 ,  0 ,  190 ,  50.44 ,  0.28 ,  14.39
28 ,  3 ,  1217275 ,  0 ,  190 ,  50.33 ,  0.28 ,  14.39
28 ,  3 ,  1217317 ,  0 ,  190 ,  50.22 ,  0.28 ,  14.39
28 ,  3 ,  1217358 ,  0 ,  190 ,  50.11 ,  0.27 ,  14.29
28 ,  3 ,  1217400 ,  0 ,  190 ,  50.00 ,  0.27 ,  14.29
28 ,  3 ,  1217442 ,  0 ,  190 ,  49.89 ,  0.27 ,  14.19
28 ,  3 ,  1217484 ,  0 ,  190 ,  49.78 ,  0.26 ,  14.19
28 ,  3 ,  1217525 ,  0 ,  190 ,  49.67 ,  0.27 ,  14.09
28 ,  3 ,  1217569 ,  0 ,  190 ,  49.56 ,  0.27 ,  14.09
28 ,  3 ,  1217611 ,  0 ,  190 ,  49.45 ,  0.26 ,  13.99
28 ,  3 ,  1217653 ,  0 ,  190 ,  49.34 ,  0.26 ,  13.99
28 ,  3 ,  1217694 ,  0 ,  190 ,  49.23 ,  0.26 ,  13.89
28 ,  3 ,  1217736 ,  0 ,  190 ,  49.12 ,  0.25 ,  13.89
28 ,  3 ,  1217778 ,  0 ,  190 ,  49.01 ,  0.25 ,  13.79
28 ,  3 ,  1217819 ,  0 ,  190 ,  48.90 ,  0.25 ,  13.79
28 ,  3 ,  1217861 ,  0 ,  190 ,  48.79 ,  0.25 ,  13.69
28 ,  3 ,  1217903 ,  0 ,  190 ,  48.57 ,  0.25 ,  13.69
28 ,  3 ,  1217947 ,  0 ,  190 ,  48.57 ,  0.25 ,  13.59
28 ,  3 ,  1217989 ,  0 ,  190 ,  48.35 ,  0.24 ,  13.49
28 ,  3 ,  1218030 ,  0 ,  190 ,  48.24 ,  0.24 ,  13.49
28 ,  3 ,  1218072 ,  0 ,  190 ,  48.24 ,  0.24 ,  13.49
28 ,  3 ,  1218114 ,  0 ,  190 ,  48.02 ,  0.24 ,  13.49
28 ,  3 ,  1218155 ,  0 ,  190 ,  48.02 ,  0.23 ,  13.39
28 ,  3 ,  1218197 ,  0 ,  190 ,  47.80 ,  0.23 ,  13.39
28 ,  3 ,  1218239 ,  0 ,  190 ,  47.80 ,  0.23 ,  13.30
28 ,  3 ,  1218280 ,  0 ,  190 ,  47.58 ,  0.23 ,  13.30
28 ,  3 ,  1218324 ,  0 ,  190 ,  47.47 ,  0.23 ,  13.30
28 ,  3 ,  1218366 ,  0 ,  190 ,  47.36 ,  0.22 ,  13.20
28 ,  3 ,  1218408 ,  0 ,  190 ,  47.25 ,  0.23 ,  13.10
28 ,  3 ,  1218450 ,  0 ,  190 ,  47.14 ,  0.23 ,  13.10
28 ,  3 ,  1218491 ,  0 ,  190 ,  47.03 ,  0.22 ,  13.10
28 ,  3 ,  1218533 ,  0 ,  190 ,  46.92 ,  0.22 ,  13.00
28 ,  3 ,  1218575 ,  0 ,  190 ,  46.81 ,  0.22 ,  13.00
28 ,  3 ,  1218616 ,  0 ,  190 ,  46.70 ,  0.22 ,  12.90
28 ,  3 ,  1218660 ,  0 ,  190 ,  46.59 ,  0.22 ,  12.90
28 ,  3 ,  1218702 ,  0 ,  190 ,  46.48 ,  0.22 ,  12.80
28 ,  3 ,  1218744 ,  0 ,  190 ,  46.37 ,  0.21 ,  12.70
28 ,  3 ,  1218785 ,  0 ,  190 ,  46.26 ,  0.22 ,  12.70
28 ,  3 ,  1218827 ,  0 ,  190 ,  46.15 ,  0.21 ,  12.70
28 ,  3 ,  1218869 ,  0 ,  190 ,  46.04 ,  0.21 ,  12.60
28 ,  3 ,  1218910 ,  0 ,  190 ,  46.04 ,  0.21 ,  12.60
28 ,  3 ,  1218952 ,  0 ,  190 ,  45.82 ,  0.20 ,  12.50
28 ,  3 ,  1218994 ,  0 ,  190 ,  45.71 ,  0.20 ,  12.50
28 ,  3 ,  1219038 ,  0 ,  190 ,  45.60 ,  0.20 ,  12.50
28 ,  3 ,  1219080 ,  0 ,  190 ,  45.60 ,  0.21 ,  12.40
28 ,  3 ,  1219121 ,  0 ,  190 ,  45.38 ,  0.20 ,  12.40
28 ,  3 ,  1219163 ,  0 ,  190 ,  45.27 ,  0.20 ,  12.30
28 ,  3 ,  1219205 ,  0 ,  190 ,  45.16 ,  0.20 ,  12.30
28 ,  3 ,  1219246 ,  0 ,  190 ,  45.05 ,  0.20 ,  12.20
28 ,  3 ,  1219288 ,  0 ,  190 ,  44.94 ,  0.19 ,  12.20
28 ,  3 ,  1219330 ,  0 ,  190 ,  44.83 ,  0.19 ,  12.10
28 ,  3 ,  1219371 ,  0 ,  190 ,  44.72 ,  0.19 ,  12.01
28 ,  3 ,  1219415 ,  0 ,  190 ,  44.61 ,  0.19 ,  12.01
28 ,  3 ,  1219457 ,  0 ,  190 ,  44.50 ,  0.19 ,  12.01
28 ,  3 ,  1219499 ,  0 ,  190 ,  44.50 ,  0.19 ,  11.91
28 ,  3 ,  1219539 ,  0 ,  190 ,  44.28 ,  0.18 ,  11.91
28 ,  3 ,  1219581 ,  0 ,  190 ,  44.28 ,  0.18 ,  11.91
28 ,  3 ,  1219623 ,  0 ,  190 ,  44.17 ,  0.18 ,  11.81
28 ,  3 ,  1219665 ,  0 ,  190 ,  44.06 ,  0.18 ,  11.81
28 ,  3 ,  1219706 ,  0 ,  190 ,  43.95 ,  0.18 ,  11.71
28 ,  3 ,  1219748 ,  0 ,  190 ,  43.84 ,  0.18 ,  11.71
28 ,  3 ,  1219796 ,  0 ,  190 ,  43.72 ,  0.17 ,  11.61
28 ,  3 ,  1219838 ,  0 ,  190 ,  43.50 ,  0.17 ,  11.61
28 ,  3 ,  1219880 ,  0 ,  190 ,  43.50 ,  0.17 ,  11.51
28 ,  3 ,  1219921 ,  0 ,  190 ,  43.39 ,  0.17 ,  11.51
28 ,  3 ,  1219963 ,  0 ,  190 ,  43.28 ,  0.17 ,  11.51
28 ,  3 ,  1220005 ,  0 ,  190 ,  43.17 ,  0.17 ,  11.41
28 ,  3 ,  1220046 ,  0 ,  190 ,  43.06 ,  0.17 ,  11.31
28 ,  3 ,  1220088 ,  0 ,  190 ,  42.95 ,  0.16 ,  11.31
28 ,  3 ,  1220130 ,  0 ,  190 ,  42.84 ,  0.16 ,  11.31
28 ,  3 ,  1220174 ,  0 ,  190 ,  42.73 ,  0.16 ,  11.31
28 ,  3 ,  1220215 ,  0 ,  190 ,  42.62 ,  0.16 ,  11.21
28 ,  3 ,  1220257 ,  0 ,  190 ,  42.51 ,  0.16 ,  11.21
28 ,  3 ,  1220299 ,  0 ,  190 ,  42.40 ,  0.16 ,  11.11
28 ,  3 ,  1220340 ,  0 ,  190 ,  42.29 ,  0.16 ,  11.11
28 ,  3 ,  1220382 ,  0 ,  190 ,  42.18 ,  0.15 ,  11.01
28 ,  3 ,  1220424 ,  0 ,  190 ,  42.07 ,  0.15 ,  11.01
28 ,  3 ,  1220465 ,  0 ,  190 ,  41.96 ,  0.15 ,  10.91
28 ,  3 ,  1220507 ,  0 ,  190 ,  41.85 ,  0.15 ,  10.91
28 ,  3 ,  1220551 ,  0 ,  190 ,  41.85 ,  0.15 ,  10.91
28 ,  3 ,  1220593 ,  0 ,  190 ,  41.63 ,  0.14 ,  10.81
28 ,  3 ,  1220634 ,  0 ,  190 ,  41.63 ,  0.14 ,  10.81
28 ,  3 ,  1220676 ,  0 ,  190 ,  41.52 ,  0.14 ,  10.72
28 ,  3 ,  1220718 ,  0 ,  190 ,  41.41 ,  0.14 ,  10.72
28 ,  3 ,  1220759 ,  0 ,  190 ,  41.30 ,  0.15 ,  10.62
28 ,  3 ,  1220801 ,  0 ,  190 ,  41.19 ,  0.14 ,  10.62
28 ,  3 ,  1220843 ,  0 ,  190 ,  41.08 ,  0.14 ,  10.62
28 ,  3 ,  1220887 ,  0 ,  190 ,  40.97 ,  0.14 ,  10.52
28 ,  3 ,  1220929 ,  0 ,  190 ,  40.86 ,  0.14 ,  10.52
28 ,  3 ,  1220970 ,  0 ,  190 ,  40.75 ,  0.14 ,  10.52
28 ,  3 ,  1221012 ,  0 ,  190 ,  40.75 ,  0.13 ,  10.42
28 ,  3 ,  1221054 ,  0 ,  190 ,  40.64 ,  0.13 ,  10.42
28 ,  3 ,  1221095 ,  0 ,  190 ,  40.53 ,  0.13 ,  10.32
28 ,  3 ,  1221137 ,  0 ,  190 ,  40.42 ,  0.13 ,  10.32
28 ,  3 ,  1221179 ,  0 ,  190 ,  40.31 ,  0.13 ,  10.22
28 ,  3 ,  1221220 ,  0 ,  190 ,  40.09 ,  0.13 ,  10.22
28 ,  3 ,  1221264 ,  0 ,  190 ,  40.09 ,  0.13 ,  10.12
28 ,  3 ,  1221306 ,  0 ,  190 ,  39.98 ,  0.13 ,  10.12
28 ,  3 ,  1221348 ,  0 ,  190 ,  39.87 ,  0.12 ,  10.12
28 ,  3 ,  1221390 ,  0 ,  190 ,  39.87 ,  0.12 ,  10.02
28 ,  3 ,  1221432 ,  0 ,  190 ,  39.65 ,  0.12 ,  10.02
28 ,  3 ,  1221473 ,  0 ,  190 ,  39.54 ,  0.12 ,  10.02
28 ,  3 ,  1221515 ,  0 ,  190 ,  39.43 ,  0.12 ,  9.92
28 ,  3 ,  1221557 ,  0 ,  190 ,  39.43 ,  0.12 ,  9.92
28 ,  3 ,  1221599 ,  0 ,  190 ,  39.32 ,  0.12 ,  9.82
28 ,  3 ,  1221643 ,  0 ,  190 ,  39.21 ,  0.12 ,  9.82
28 ,  3 ,  1221684 ,  0 ,  190 ,  39.10 ,  0.12 ,  9.72
28 ,  3 ,  1221726 ,  0 ,  190 ,  38.99 ,  0.12 ,  9.72
28 ,  3 ,  1221768 ,  0 ,  190 ,  38.88 ,  0.12 ,  9.72
28 ,  3 ,  1221810 ,  0 ,  190 ,  38.77 ,  0.12 ,  9.62
28 ,  3 ,  1221852 ,  0 ,  190 ,  38.77 ,  0.11 ,  9.62
28 ,  3 ,  1221893 ,  0 ,  190 ,  38.66 ,  0.12 ,  9.53
28 ,  3 ,  1221935 ,  0 ,  190 ,  38.55 ,  0.11 ,  9.53
28 ,  3 ,  1221977 ,  0 ,  190 ,  38.44 ,  0.11 ,  9.43
28 ,  3 ,  1222021 ,  0 ,  190 ,  38.33 ,  0.11 ,  9.43
28 ,  3 ,  1222063 ,  0 ,  190 ,  38.22 ,  0.11 ,  9.43
28 ,  3 ,  1222104 ,  0 ,  190 ,  38.11 ,  0.11 ,  9.33
28 ,  3 ,  1222146 ,  0 ,  190 ,  38.00 ,  0.11 ,  9.33
28 ,  3 ,  1222188 ,  0 ,  190 ,  38.00 ,  0.11 ,  9.23
28 ,  3 ,  1222230 ,  0 ,  190 ,  37.89 ,  0.11 ,  9.23
28 ,  3 ,  1222270 ,  0 ,  190 ,  37.78 ,  0.11 ,  9.23
28 ,  3 ,  1222312 ,  0 ,  190 ,  37.67 ,  0.10 ,  9.13
28 ,  3 ,  1222354 ,  0 ,  190 ,  37.56 ,  0.10 ,  9.13
28 ,  3 ,  1222408 ,  0 ,  190 ,  37.45 ,  0.10 ,  9.13
28 ,  3 ,  1222452 ,  0 ,  190 ,  37.34 ,  0.10 ,  9.03
28 ,  3 ,  1222496 ,  0 ,  190 ,  37.23 ,  0.10 ,  9.03
28 ,  3 ,  1222540 ,  0 ,  190 ,  37.12 ,  0.10 ,  8.93
28 ,  3 ,  1222584 ,  0 ,  190 ,  37.12 ,  0.10 ,  8.93
28 ,  3 ,  1222628 ,  0 ,  190 ,  36.90 ,  0.10 ,  8.93
28 ,  3 ,  1222671 ,  0 ,  190 ,  36.79 ,  0.10 ,  8.83
28 ,  3 ,  1222715 ,  0 ,  190 ,  36.79 ,  0.10 ,  8.83
28 ,  3 ,  1222759 ,  0 ,  190 ,  36.68 ,  0.09 ,  8.73
28 ,  3 ,  1222805 ,  0 ,  190 ,  36.57 ,  0.10 ,  8.73
28 ,  3 ,  1222849 ,  0 ,  190 ,  36.46 ,  0.10 ,  8.73
28 ,  3 ,  1222893 ,  0 ,  190 ,  36.35 ,  0.10 ,  8.63
28 ,  3 ,  1222936 ,  0 ,  190 ,  36.24 ,  0.10 ,  8.63
28 ,  3 ,  1222980 ,  0 ,  190 ,  36.13 ,  0.10 ,  8.53
28 ,  3 ,  1223024 ,  0 ,  190 ,  36.02 ,  0.09 ,  8.53
28 ,  3 ,  1223068 ,  0 ,  190 ,  36.02 ,  0.09 ,  8.53
28 ,  3 ,  1223111 ,  0 ,  190 ,  35.91 ,  0.09 ,  8.43
28 ,  3 ,  1223155 ,  0 ,  190 ,  35.80 ,  0.09 ,  8.43
28 ,  3 ,  1223201 ,  0 ,  190 ,  35.69 ,  0.09 ,  8.43
28 ,  3 ,  1223245 ,  0 ,  190 ,  35.58 ,  0.09 ,  8.33
28 ,  3 ,  1223288 ,  0 ,  190 ,  35.47 ,  0.09 ,  8.33
28 ,  3 ,  1223332 ,  0 ,  190 ,  35.36 ,  0.09 ,  8.24
28 ,  3 ,  1223376 ,  0 ,  190 ,  35.25 ,  0.09 ,  8.24
28 ,  3 ,  1223419 ,  0 ,  190 ,  35.25 ,  0.08 ,  8.24
28 ,  3 ,  1223463 ,  0 ,  190 ,  35.13 ,  0.09 ,  8.14
28 ,  3 ,  1223507 ,  0 ,  190 ,  35.02 ,  0.09 ,  8.14
28 ,  3 ,  1223552 ,  0 ,  190 ,  34.91 ,  0.09 ,  8.04
28 ,  3 ,  1223598 ,  0 ,  190 ,  34.80 ,  0.08 ,  8.04
28 ,  3 ,  1223642 ,  0 ,  190 ,  34.69 ,  0.09 ,  8.04
28 ,  3 ,  1223686 ,  0 ,  190 ,  34.58 ,  0.08 ,  7.94
28 ,  3 ,  1223729 ,  0 ,  190 ,  34.47 ,  0.09 ,  7.94
28 ,  3 ,  1223773 ,  0 ,  190 ,  34.36 ,  0.09 ,  7.94
28 ,  3 ,  1223817 ,  0 ,  190 ,  34.36 ,  0.08 ,  7.94
28 ,  3 ,  1223860 ,  0 ,  190 ,  34.25 ,  0.08 ,  7.84
28 ,  3 ,  1223904 ,  0 ,  190 ,  34.14 ,  0.08 ,  7.84
28 ,  3 ,  1223948 ,  0 ,  190 ,  34.03 ,  0.08 ,  7.84
28 ,  3 ,  1223994 ,  0 ,  190 ,  33.92 ,  0.08 ,  7.74
28 ,  3 ,  1224037 ,  0 ,  190 ,  33.81 ,  0.08 ,  7.74
28 ,  3 ,  1224081 ,  0 ,  190 ,  33.81 ,  0.08 ,  7.64
28 ,  3 ,  1224125 ,  0 ,  190 ,  33.70 ,  0.08 ,  7.64
28 ,  3 ,  1224168 ,  0 ,  190 ,  33.59 ,  0.08 ,  7.64
28 ,  3 ,  1224212 ,  0 ,  190 ,  33.48 ,  0.08 ,  7.64
28 ,  3 ,  1224256 ,  0 ,  190 ,  33.37 ,  0.08 ,  7.54
28 ,  3 ,  1224300 ,  0 ,  190 ,  33.37 ,  0.08 ,  7.54
28 ,  3 ,  1224343 ,  0 ,  190 ,  33.26 ,  0.08 ,  7.44
28 ,  3 ,  1224389 ,  0 ,  190 ,  33.04 ,  0.08 ,  7.44
28 ,  3 ,  1224433 ,  0 ,  190 ,  33.04 ,  0.08 ,  7.44
28 ,  3 ,  1224477 ,  0 ,  190 ,  32.93 ,  0.08 ,  7.34
28 ,  3 ,  1224520 ,  0 ,  190 ,  32.82 ,  0.08 ,  7.34
28 ,  3 ,  1224564 ,  0 ,  190 ,  32.71 ,  0.07 ,  7.34
28 ,  3 ,  1224608 ,  0 ,  190 ,  32.71 ,  0.07 ,  7.24
28 ,  3 ,  1224652 ,  0 ,  190 ,  32.60 ,  0.08 ,  7.24
28 ,  3 ,  1224695 ,  0 ,  190 ,  32.49 ,  0.07 ,  7.24
28 ,  3 ,  1224739 ,  0 ,  190 ,  32.38 ,  0.07 ,  7.14
28 ,  3 ,  1224785 ,  0 ,  190 ,  32.27 ,  0.07 ,  7.14
28 ,  3 ,  1224829 ,  0 ,  190 ,  32.16 ,  0.07 ,  7.14
28 ,  3 ,  1224872 ,  0 ,  190 ,  32.05 ,  0.07 ,  7.14
28 ,  3 ,  1224916 ,  0 ,  190 ,  31.94 ,  0.07 ,  7.04
28 ,  3 ,  1224961 ,  0 ,  190 ,  31.94 ,  0.07 ,  7.04
28 ,  3 ,  1225004 ,  0 ,  190 ,  31.83 ,  0.07 ,  7.04
28 ,  3 ,  1225048 ,  0 ,  190 ,  31.72 ,  0.07 ,  6.95
28 ,  3 ,  1225092 ,  0 ,  190 ,  31.61 ,  0.07 ,  6.95
28 ,  3 ,  1225136 ,  0 ,  190 ,  31.61 ,  0.07 ,  6.95
28 ,  3 ,  1225182 ,  0 ,  190 ,  31.50 ,  0.07 ,  6.85
28 ,  3 ,  1225225 ,  0 ,  190 ,  31.39 ,  0.07 ,  6.85
28 ,  3 ,  1225269 ,  0 ,  190 ,  31.28 ,  0.07 ,  6.85
28 ,  3 ,  1225313 ,  0 ,  190 ,  31.17 ,  0.07 ,  6.85
28 ,  3 ,  1225356 ,  0 ,  190 ,  31.06 ,  0.07 ,  6.75
28 ,  3 ,  1225400 ,  0 ,  190 ,  31.06 ,  0.07 ,  6.75
28 ,  3 ,  1225444 ,  0 ,  190 ,  30.95 ,  0.06 ,  6.65
28 ,  3 ,  1225488 ,  0 ,  190 ,  30.84 ,  0.07 ,  6.65
28 ,  3 ,  1225531 ,  0 ,  190 ,  30.73 ,  0.07 ,  6.65
28 ,  3 ,  1225577 ,  0 ,  190 ,  30.73 ,  0.07 ,  6.65
28 ,  3 ,  1225621 ,  0 ,  190 ,  30.62 ,  0.07 ,  6.55
28 ,  3 ,  1225665 ,  0 ,  190 ,  30.51 ,  0.07 ,  6.55
28 ,  3 ,  1225708 ,  0 ,  190 ,  30.40 ,  0.07 ,  6.55
28 ,  3 ,  1225752 ,  0 ,  190 ,  30.29 ,  0.07 ,  6.45
28 ,  3 ,  1225796 ,  0 ,  190 ,  30.29 ,  0.07 ,  6.45
28 ,  3 ,  1225839 ,  0 ,  190 ,  30.18 ,  0.07 ,  6.45
28 ,  3 ,  1225883 ,  0 ,  190 ,  30.07 ,  0.06 ,  6.45
28 ,  3 ,  1225927 ,  0 ,  190 ,  29.96 ,  0.07 ,  6.35
28 ,  3 ,  1225973 ,  0 ,  190 ,  29.96 ,  0.06 ,  6.35
28 ,  3 ,  1226017 ,  0 ,  190 ,  29.74 ,  0.07 ,  6.35
28 ,  3 ,  1226060 ,  0 ,  190 ,  29.74 ,  0.07 ,  6.25
28 ,  3 ,  1226104 ,  0 ,  190 ,  29.63 ,  0.07 ,  6.25
28 ,  3 ,  1226148 ,  0 ,  190 ,  29.52 ,  0.06 ,  6.25
28 ,  3 ,  1226191 ,  0 ,  190 ,  29.52 ,  0.07 ,  6.15
28 ,  3 ,  1226235 ,  0 ,  190 ,  29.41 ,  0.06 ,  6.15
28 ,  3 ,  1226279 ,  0 ,  190 ,  29.30 ,  0.07 ,  6.15
28 ,  3 ,  1226323 ,  0 ,  190 ,  29.19 ,  0.06 ,  6.05
28 ,  3 ,  1226370 ,  0 ,  190 ,  29.08 ,  0.06 ,  6.05
28 ,  3 ,  1226413 ,  0 ,  190 ,  28.97 ,  0.06 ,  6.05
28 ,  3 ,  1226457 ,  0 ,  190 ,  28.97 ,  0.06 ,  6.05
28 ,  3 ,  1226501 ,  0 ,  190 ,  28.86 ,  0.06 ,  5.95
28 ,  3 ,  1226544 ,  0 ,  190 ,  28.75 ,  0.06 ,  5.95
28 ,  3 ,  1226588 ,  0 ,  190 ,  28.64 ,  0.06 ,  5.95
28 ,  3 ,  1226632 ,  0 ,  190 ,  28.64 ,  0.06 ,  5.95
28 ,  3 ,  1226675 ,  0 ,  190 ,  28.53 ,  0.06 ,  5.85
28 ,  3 ,  1226719 ,  0 ,  190 ,  28.42 ,  0.06 ,  5.85
28 ,  3 ,  1226765 ,  0 ,  190 ,  28.31 ,  0.06 ,  5.85
28 ,  3 ,  1226809 ,  0 ,  190 ,  28.31 ,  0.06 ,  5.75
28 ,  3 ,  1226853 ,  0 ,  190 ,  28.20 ,  0.07 ,  5.75
28 ,  3 ,  1226896 ,  0 ,  190 ,  28.09 ,  0.06 ,  5.75
28 ,  3 ,  1226940 ,  0 ,  190 ,  28.09 ,  0.06 ,  5.75
28 ,  3 ,  1226984 ,  0 ,  190 ,  27.98 ,  0.06 ,  5.75
28 ,  3 ,  1227027 ,  0 ,  190 ,  27.87 ,  0.06 ,  5.66
28 ,  3 ,  1227071 ,  0 ,  190 ,  27.76 ,  0.06 ,  5.66
28 ,  3 ,  1227115 ,  0 ,  190 ,  27.65 ,  0.06 ,  5.66
28 ,  3 ,  1227161 ,  0 ,  190 ,  27.65 ,  0.06 ,  5.56
28 ,  3 ,  1227204 ,  0 ,  190 ,  27.54 ,  0.06 ,  5.56
28 ,  3 ,  1227248 ,  0 ,  190 ,  27.43 ,  0.06 ,  5.56
28 ,  3 ,  1227292 ,  0 ,  190 ,  27.43 ,  0.06 ,  5.56
28 ,  3 ,  1227336 ,  0 ,  190 ,  27.21 ,  0.06 ,  5.56
28 ,  3 ,  1227379 ,  0 ,  190 ,  27.21 ,  0.06 ,  5.46
28 ,  3 ,  1227423 ,  0 ,  190 ,  27.10 ,  0.06 ,  5.46
28 ,  3 ,  1227467 ,  0 ,  190 ,  26.99 ,  0.06 ,  5.46
28 ,  3 ,  1227510 ,  0 ,  190 ,  26.88 ,  0.06 ,  5.46
28 ,  3 ,  1227556 ,  0 ,  190 ,  26.88 ,  0.06 ,  5.36
28 ,  3 ,  1227601 ,  0 ,  190 ,  26.77 ,  0.05 ,  5.36
28 ,  3 ,  1227644 ,  0 ,  190 ,  26.66 ,  0.05 ,  5.36
28 ,  3 ,  1227688 ,  0 ,  190 ,  26.66 ,  0.06 ,  5.36
28 ,  3 ,  1227732 ,  0 ,  190 ,  26.55 ,  0.06 ,  5.36
28 ,  3 ,  1227777 ,  0 ,  190 ,  26.43 ,  0.06 ,  5.26
28 ,  3 ,  1227820 ,  0 ,  190 ,  26.43 ,  0.06 ,  5.26
28 ,  3 ,  1227870 ,  0 ,  190 ,  26.21 ,  0.05 ,  5.26
28 ,  3 ,  1227914 ,  0 ,  190 ,  26.21 ,  0.06 ,  5.26
28 ,  3 ,  1227960 ,  0 ,  190 ,  26.10 ,  0.06 ,  5.16
28 ,  3 ,  1228003 ,  0 ,  190 ,  25.99 ,  0.06 ,  5.16
28 ,  3 ,  1228047 ,  0 ,  190 ,  25.99 ,  0.06 ,  5.16
28 ,  3 ,  1228091 ,  0 ,  190 ,  25.88 ,  0.05 ,  5.16
28 ,  3 ,  1228134 ,  0 ,  190 ,  25.77 ,  0.06 ,  5.06
28 ,  3 ,  1228178 ,  0 ,  190 ,  25.66 ,  0.05 ,  5.06
28 ,  3 ,  1228222 ,  0 ,  190 ,  25.66 ,  0.06 ,  5.06
28 ,  3 ,  1228265 ,  0 ,  190 ,  25.55 ,  0.06 ,  5.06
28 ,  3 ,  1228309 ,  0 ,  190 ,  25.44 ,  0.05 ,  5.06
28 ,  3 ,  1228355 ,  0 ,  190 ,  25.33 ,  0.06 ,  4.96
28 ,  3 ,  1228399 ,  0 ,  190 ,  25.33 ,  0.05 ,  4.96
28 ,  3 ,  1228442 ,  0 ,  190 ,  25.22 ,  0.06 ,  4.86
28 ,  3 ,  1228486 ,  0 ,  190 ,  25.22 ,  0.06 ,  4.96
28 ,  3 ,  1228530 ,  0 ,  190 ,  25.11 ,  0.05 ,  4.86
28 ,  3 ,  1228573 ,  0 ,  190 ,  25.00 ,  0.05 ,  4.86
28 ,  3 ,  1228617 ,  0 ,  190 ,  25.00 ,  0.05 ,  4.86
28 ,  3 ,  1228661 ,  0 ,  190 ,  24.89 ,  0.06 ,  4.86
28 ,  3 ,  1228704 ,  0 ,  190 ,  24.78 ,  0.05 ,  4.86
28 ,  3 ,  1228750 ,  0 ,  190 ,  24.67 ,  0.05 ,  4.76
28 ,  3 ,  1228794 ,  0 ,  190 ,  24.67 ,  0.06 ,  4.76
28 ,  3 ,  1228838 ,  0 ,  190 ,  24.56 ,  0.05 ,  4.66
28 ,  3 ,  1228881 ,  0 ,  190 ,  24.56 ,  0.06 ,  4.76
28 ,  3 ,  1228925 ,  0 ,  190 ,  24.45 ,  0.05 ,  4.66
28 ,  3 ,  1228969 ,  0 ,  190 ,  24.34 ,  0.06 ,  4.66
28 ,  3 ,  1229012 ,  0 ,  190 ,  24.23 ,  0.05 ,  4.66
28 ,  3 ,  1229057 ,  0 ,  190 ,  24.23 ,  0.05 ,  4.66
28 ,  3 ,  1229101 ,  0 ,  190 ,  24.12 ,  0.05 ,  4.66
28 ,  3 ,  1229147 ,  0 ,  190 ,  24.01 ,  0.05 ,  4.56
28 ,  3 ,  1229190 ,  0 ,  190 ,  24.01 ,  0.05 ,  4.56
28 ,  3 ,  1229234 ,  0 ,  190 ,  23.90 ,  0.05 ,  4.56
28 ,  3 ,  1229278 ,  0 ,  190 ,  23.79 ,  0.05 ,  4.56
28 ,  3 ,  1229321 ,  0 ,  190 ,  23.79 ,  0.05 ,  4.56
28 ,  3 ,  1229365 ,  0 ,  190 ,  23.68 ,  0.05 ,  4.46
28 ,  3 ,  1229409 ,  0 ,  190 ,  23.68 ,  0.05 ,  4.46
28 ,  3 ,  1229452 ,  0 ,  190 ,  23.57 ,  0.05 ,  4.46
28 ,  3 ,  1229496 ,  0 ,  190 ,  23.46 ,  0.05 ,  4.46
28 ,  3 ,  1229542 ,  0 ,  190 ,  23.35 ,  0.05 ,  4.46
28 ,  3 ,  1229586 ,  0 ,  190 ,  23.35 ,  0.05 ,  4.37
28 ,  3 ,  1229629 ,  0 ,  190 ,  23.24 ,  0.05 ,  4.37
28 ,  3 ,  1229673 ,  0 ,  190 ,  23.24 ,  0.05 ,  4.37
28 ,  3 ,  1229717 ,  0 ,  190 ,  23.13 ,  0.05 ,  4.37
28 ,  3 ,  1229760 ,  0 ,  190 ,  23.02 ,  0.05 ,  4.37
28 ,  3 ,  1229804 ,  0 ,  190 ,  22.91 ,  0.05 ,  4.37
28 ,  3 ,  1229848 ,  0 ,  190 ,  22.91 ,  0.05 ,  4.27
28 ,  3 ,  1229891 ,  0 ,  190 ,  22.80 ,  0.05 ,  4.27
28 ,  3 ,  1229937 ,  0 ,  190 ,  22.80 ,  0.05 ,  4.27
28 ,  3 ,  1229981 ,  0 ,  190 ,  22.69 ,  0.05 ,  4.27
28 ,  3 ,  1230025 ,  0 ,  190 ,  22.69 ,  0.05 ,  4.27
28 ,  3 ,  1230068 ,  0 ,  190 ,  22.58 ,  0.05 ,  4.27
28 ,  3 ,  1230112 ,  0 ,  190 ,  22.47 ,  0.05 ,  4.17
28 ,  3 ,  1230156 ,  0 ,  190 ,  22.47 ,  0.05 ,  4.17
28 ,  3 ,  1230199 ,  0 ,  190 ,  22.36 ,  0.05 ,  4.17
28 ,  3 ,  1230243 ,  0 ,  190 ,  22.25 ,  0.05 ,  4.17
28 ,  3 ,  1230287 ,  0 ,  190 ,  22.25 ,  0.05 ,  4.07
28 ,  3 ,  1230333 ,  0 ,  190 ,  22.03 ,  0.05 ,  4.17
28 ,  3 ,  1230376 ,  0 ,  190 ,  22.03 ,  0.05 ,  4.07
28 ,  3 ,  1230420 ,  0 ,  190 ,  21.92 ,  0.05 ,  4.07
28 ,  3 ,  1230465 ,  0 ,  190 ,  21.92 ,  0.05 ,  4.07
28 ,  3 ,  1230508 ,  0 ,  190 ,  21.81 ,  0.05 ,  3.97
28 ,  3 ,  1230552 ,  0 ,  190 ,  21.70 ,  0.05 ,  4.07
28 ,  3 ,  1230596 ,  0 ,  190 ,  21.70 ,  0.05 ,  3.97
28 ,  3 ,  1230639 ,  0 ,  190 ,  21.70 ,  0.05 ,  3.97
28 ,  3 ,  1230683 ,  0 ,  190 ,  21.59 ,  0.05 ,  3.97
28 ,  3 ,  1230729 ,  0 ,  190 ,  21.48 ,  0.05 ,  3.97
28 ,  3 ,  1230773 ,  0 ,  190 ,  21.37 ,  0.05 ,  3.97
28 ,  3 ,  1230816 ,  0 ,  190 ,  21.48 ,  0.05 ,  3.97
28 ,  3 ,  1230860 ,  0 ,  190 ,  21.37 ,  0.05 ,  3.87
28 ,  3 ,  1230904 ,  0 ,  190 ,  21.26 ,  0.05 ,  3.87
28 ,  3 ,  1230947 ,  0 ,  190 ,  21.15 ,  0.05 ,  3.87
28 ,  3 ,  1230991 ,  0 ,  190 ,  21.15 ,  0.05 ,  3.87
28 ,  3 ,  1231035 ,  0 ,  190 ,  21.04 ,  0.05 ,  3.87
28 ,  3 ,  1231078 ,  0 ,  190 ,  21.04 ,  0.05 ,  3.87
28 ,  3 ,  1231124 ,  0 ,  190 ,  20.93 ,  0.05 ,  3.87
28 ,  3 ,  1231168 ,  0 ,  190 ,  20.82 ,  0.05 ,  3.77
28 ,  3 ,  1231212 ,  0 ,  190 ,  20.82 ,  0.05 ,  3.77
28 ,  3 ,  1231255 ,  0 ,  190 ,  20.71 ,  0.05 ,  3.77
28 ,  3 ,  1231299 ,  0 ,  190 ,  20.60 ,  0.05 ,  3.77
28 ,  3 ,  1231343 ,  0 ,  190 ,  20.60 ,  0.05 ,  3.67
28 ,  3 ,  1231386 ,  0 ,  190 ,  20.60 ,  0.05 ,  3.77
28 ,  3 ,  1231430 ,  0 ,  190 ,  20.49 ,  0.05 ,  3.77
28 ,  3 ,  1231474 ,  0 ,  190 ,  20.38 ,  0.05 ,  3.67
28 ,  3 ,  1231520 ,  0 ,  190 ,  20.38 ,  0.05 ,  3.67
28 ,  3 ,  1231563 ,  0 ,  190 ,  20.27 ,  0.05 ,  3.67
28 ,  3 ,  1231607 ,  0 ,  190 ,  20.27 ,  0.05 ,  3.67
28 ,  3 ,  1231651 ,  0 ,  190 ,  20.16 ,  0.04 ,  3.67
28 ,  3 ,  1231694 ,  0 ,  190 ,  20.16 ,  0.05 ,  3.67
28 ,  3 ,  1231738 ,  0 ,  190 ,  20.05 ,  0.05 ,  3.57
28 ,  3 ,  1231782 ,  0 ,  190 ,  19.94 ,  0.05 ,  3.57
28 ,  3 ,  1231826 ,  0 ,  190 ,  19.94 ,  0.05 ,  3.57
28 ,  3 ,  1231870 ,  0 ,  190 ,  19.83 ,  0.05 ,  3.57
28 ,  3 ,  1231917 ,  0 ,  190 ,  19.83 ,  0.05 ,  3.57
28 ,  3 ,  1231960 ,  0 ,  190 ,  19.72 ,  0.05 ,  3.57
28 ,  3 ,  1232004 ,  0 ,  190 ,  19.61 ,  0.05 ,  3.57
28 ,  3 ,  1232048 ,  0 ,  190 ,  19.61 ,  0.04 ,  3.47
28 ,  3 ,  1232091 ,  0 ,  190 ,  19.50 ,  0.05 ,  3.47
28 ,  3 ,  1232135 ,  0 ,  190 ,  19.50 ,  0.05 ,  3.47
28 ,  3 ,  1232179 ,  0 ,  190 ,  19.39 ,  0.05 ,  3.47
28 ,  3 ,  1232222 ,  0 ,  190 ,  19.28 ,  0.05 ,  3.47
28 ,  3 ,  1232266 ,  0 ,  190 ,  19.28 ,  0.04 ,  3.47
28 ,  3 ,  1232312 ,  0 ,  190 ,  19.28 ,  0.05 ,  3.37
28 ,  3 ,  1232356 ,  0 ,  190 ,  19.17 ,  0.05 ,  3.37
28 ,  3 ,  1232399 ,  0 ,  190 ,  19.17 ,  0.04 ,  3.37
28 ,  3 ,  1232443 ,  0 ,  190 ,  19.06 ,  0.05 ,  3.37
28 ,  3 ,  1232487 ,  0 ,  190 ,  19.06 ,  0.05 ,  3.37
28 ,  3 ,  1232530 ,  0 ,  190 ,  18.95 ,  0.05 ,  3.37
28 ,  3 ,  1232574 ,  0 ,  190 ,  18.95 ,  0.05 ,  3.37
28 ,  3 ,  1232618 ,  0 ,  190 ,  18.84 ,  0.05 ,  3.27
28 ,  3 ,  1232662 ,  0 ,  190 ,  18.73 ,  0.05 ,  3.27
28 ,  3 ,  1232708 ,  0 ,  190 ,  18.73 ,  0.05 ,  3.27
28 ,  3 ,  1232751 ,  0 ,  190 ,  18.62 ,  0.05 ,  3.27
28 ,  3 ,  1232795 ,  0 ,  190 ,  18.62 ,  0.05 ,  3.27
28 ,  3 ,  1232839 ,  0 ,  190 ,  18.51 ,  0.05 ,  3.27
28 ,  3 ,  1232882 ,  0 ,  190 ,  18.51 ,  0.05 ,  3.27
28 ,  3 ,  1232926 ,  0 ,  190 ,  18.40 ,  0.05 ,  3.27
28 ,  3 ,  1232970 ,  0 ,  190 ,  18.40 ,  0.05 ,  3.18
28 ,  3 ,  1233013 ,  0 ,  190 ,  18.29 ,  0.05 ,  3.18
28 ,  3 ,  1233057 ,  0 ,  190 ,  18.29 ,  0.05 ,  3.18
28 ,  3 ,  1233103 ,  0 ,  190 ,  18.18 ,  0.05 ,  3.18
28 ,  3 ,  1233147 ,  0 ,  190 ,  18.07 ,  0.05 ,  3.18
28 ,  3 ,  1233207 ,  0 ,  190 ,  18.07 ,  0.04 ,  3.18
28 ,  3 ,  1233251 ,  0 ,  190 ,  17.96 ,  0.04 ,  3.18
28 ,  3 ,  1233295 ,  0 ,  190 ,  17.96 ,  0.04 ,  3.08
28 ,  3 ,  1233338 ,  0 ,  190 ,  17.96 ,  0.05 ,  3.08
28 ,  3 ,  1233382 ,  0 ,  190 ,  17.85 ,  0.04 ,  3.08
28 ,  3 ,  1233426 ,  0 ,  190 ,  17.85 ,  0.04 ,  3.08
28 ,  3 ,  1233469 ,  0 ,  190 ,  17.73 ,  0.04 ,  3.08
28 ,  3 ,  1233515 ,  0 ,  190 ,  17.62 ,  0.04 ,  3.08
28 ,  3 ,  1233559 ,  0 ,  190 ,  17.62 ,  0.05 ,  3.08
28 ,  3 ,  1233603 ,  0 ,  190 ,  17.51 ,  0.04 ,  3.08
28 ,  3 ,  1233646 ,  0 ,  190 ,  17.51 ,  0.05 ,  2.98
28 ,  3 ,  1233690 ,  0 ,  190 ,  17.40 ,  0.04 ,  2.98
28 ,  3 ,  1233734 ,  0 ,  190 ,  17.40 ,  0.05 ,  2.98
28 ,  3 ,  1233777 ,  0 ,  190 ,  17.29 ,  0.05 ,  2.98
28 ,  3 ,  1233821 ,  0 ,  190 ,  17.29 ,  0.05 ,  2.98
28 ,  3 ,  1233865 ,  0 ,  190 ,  17.29 ,  0.05 ,  2.98
28 ,  3 ,  1233911 ,  0 ,  190 ,  17.18 ,  0.05 ,  2.98
28 ,  3 ,  1233954 ,  0 ,  190 ,  17.07 ,  0.05 ,  2.98
28 ,  3 ,  1233998 ,  0 ,  190 ,  17.07 ,  0.04 ,  2.98
28 ,  3 ,  1234042 ,  0 ,  190 ,  17.07 ,  0.05 ,  2.98
28 ,  3 ,  1234086 ,  0 ,  190 ,  16.96 ,  0.05 ,  2.88
28 ,  3 ,  1234130 ,  0 ,  190 ,  16.85 ,  0.04 ,  2.88
28 ,  3 ,  1234173 ,  0 ,  190 ,  16.85 ,  0.05 ,  2.88
28 ,  3 ,  1234217 ,  0 ,  190 ,  16.85 ,  0.05 ,  2.88
28 ,  3 ,  1234264 ,  0 ,  190 ,  16.74 ,  0.05 ,  2.88
28 ,  3 ,  1234308 ,  0 ,  190 ,  16.74 ,  0.05 ,  2.88
28 ,  3 ,  1234352 ,  0 ,  190 ,  16.63 ,  0.04 ,  2.88
28 ,  3 ,  1234396 ,  0 ,  190 ,  16.63 ,  0.05 ,  2.88
28 ,  3 ,  1234439 ,  0 ,  190 ,  16.63 ,  0.05 ,  2.78
28 ,  3 ,  1234483 ,  0 ,  190 ,  16.52 ,  0.04 ,  2.78
28 ,  3 ,  1234527 ,  0 ,  190 ,  16.52 ,  0.04 ,  2.78
28 ,  3 ,  1234571 ,  0 ,  190 ,  16.41 ,  0.04 ,  2.78
28 ,  3 ,  1234615 ,  0 ,  190 ,  16.41 ,  0.04 ,  2.78
28 ,  3 ,  1234661 ,  0 ,  190 ,  16.30 ,  0.04 ,  2.78
28 ,  3 ,  1234704 ,  0 ,  190 ,  16.30 ,  0.04 ,  2.78
28 ,  3 ,  1234748 ,  0 ,  190 ,  16.19 ,  0.04 ,  2.78
28 ,  3 ,  1234792 ,  0 ,  190 ,  16.19 ,  0.05 ,  2.68
28 ,  3 ,  1234836 ,  0 ,  190 ,  16.19 ,  0.04 ,  2.68
28 ,  3 ,  1234880 ,  0 ,  190 ,  16.08 ,  0.05 ,  2.68
28 ,  3 ,  1234924 ,  0 ,  190 ,  15.97 ,  0.05 ,  2.68
28 ,  3 ,  1234967 ,  0 ,  190 ,  15.97 ,  0.04 ,  2.68
28 ,  3 ,  1235011 ,  0 ,  190 ,  15.97 ,  0.04 ,  2.68
28 ,  3 ,  1235064 ,  0 ,  190 ,  15.86 ,  0.04 ,  2.68
28 ,  3 ,  1235108 ,  0 ,  190 ,  15.86 ,  0.04 ,  2.68
28 ,  3 ,  1235152 ,  0 ,  190 ,  15.75 ,  0.04 ,  2.68
28 ,  3 ,  1235196 ,  0 ,  190 ,  15.75 ,  0.05 ,  2.68
28 ,  3 ,  1235240 ,  0 ,  190 ,  15.64 ,  0.04 ,  2.58
28 ,  3 ,  1235284 ,  0 ,  190 ,  15.64 ,  0.04 ,  2.58
28 ,  3 ,  1235328 ,  0 ,  190 ,  15.53 ,  0.04 ,  2.58
28 ,  3 ,  1235372 ,  0 ,  190 ,  15.53 ,  0.04 ,  2.58
28 ,  3 ,  1235416 ,  0 ,  190 ,  15.53 ,  0.04 ,  2.58
28 ,  3 ,  1235463 ,  0 ,  190 ,  15.42 ,  0.04 ,  2.58
28 ,  3 ,  1235506 ,  0 ,  190 ,  15.31 ,  0.04 ,  2.58
28 ,  3 ,  1235550 ,  0 ,  190 ,  15.31 ,  0.05 ,  2.58
28 ,  3 ,  1235594 ,  0 ,  190 ,  15.31 ,  0.05 ,  2.58
28 ,  3 ,  1235637 ,  0 ,  190 ,  15.20 ,  0.05 ,  2.58
28 ,  3 ,  1235681 ,  0 ,  190 ,  15.20 ,  0.04 ,  2.58
28 ,  3 ,  1235725 ,  0 ,  190 ,  15.09 ,  0.05 ,  2.58
28 ,  3 ,  1235769 ,  0 ,  190 ,  15.09 ,  0.04 ,  2.48
28 ,  3 ,  1235812 ,  0 ,  190 ,  15.09 ,  0.04 ,  2.48
28 ,  3 ,  1235858 ,  0 ,  190 ,  14.98 ,  0.04 ,  2.48
28 ,  3 ,  1235902 ,  0 ,  190 ,  14.98 ,  0.04 ,  2.48
28 ,  3 ,  1235946 ,  0 ,  190 ,  14.98 ,  0.04 ,  2.48
28 ,  3 ,  1235989 ,  0 ,  190 ,  14.98 ,  0.04 ,  2.48
28 ,  3 ,  1236033 ,  0 ,  190 ,  14.87 ,  0.04 ,  2.48
28 ,  3 ,  1236077 ,  0 ,  190 ,  14.76 ,  0.04 ,  2.48
28 ,  3 ,  1236121 ,  0 ,  190 ,  14.76 ,  0.04 ,  2.48
28 ,  3 ,  1236164 ,  0 ,  190 ,  14.65 ,  0.05 ,  2.48
28 ,  3 ,  1236208 ,  0 ,  190 ,  14.65 ,  0.04 ,  2.38
28 ,  3 ,  1236254 ,  0 ,  190 ,  14.65 ,  0.04 ,  2.48
28 ,  3 ,  1236298 ,  0 ,  190 ,  14.54 ,  0.05 ,  2.38
28 ,  3 ,  1236342 ,  0 ,  190 ,  14.54 ,  0.04 ,  2.38
28 ,  3 ,  1236385 ,  0 ,  190 ,  14.54 ,  0.05 ,  2.38
28 ,  3 ,  1236429 ,  0 ,  190 ,  14.43 ,  0.05 ,  2.38
28 ,  3 ,  1236473 ,  0 ,  190 ,  14.43 ,  0.04 ,  2.38
28 ,  3 ,  1236516 ,  0 ,  190 ,  14.32 ,  0.04 ,  2.38
28 ,  3 ,  1236560 ,  0 ,  190 ,  14.32 ,  0.04 ,  2.38
28 ,  3 ,  1236604 ,  0 ,  190 ,  14.32 ,  0.05 ,  2.38
28 ,  3 ,  1236651 ,  0 ,  190 ,  14.21 ,  0.04 ,  2.38
28 ,  3 ,  1236695 ,  0 ,  190 ,  14.21 ,  0.04 ,  2.38
28 ,  3 ,  1236738 ,  0 ,  190 ,  14.10 ,  0.04 ,  2.38
28 ,  3 ,  1236782 ,  0 ,  190 ,  14.10 ,  0.04 ,  2.28
28 ,  3 ,  1236826 ,  0 ,  190 ,  14.10 ,  0.05 ,  2.28
28 ,  3 ,  1236870 ,  0 ,  190 ,  14.10 ,  0.04 ,  2.28
28 ,  3 ,  1236913 ,  0 ,  190 ,  13.99 ,  0.04 ,  2.28
28 ,  3 ,  1236957 ,  0 ,  190 ,  13.88 ,  0.04 ,  2.28
28 ,  3 ,  1237001 ,  0 ,  190 ,  13.99 ,  0.04 ,  2.28
28 ,  3 ,  1237047 ,  0 ,  190 ,  13.88 ,  0.04 ,  2.28
28 ,  3 ,  1237091 ,  0 ,  190 ,  13.77 ,  0.04 ,  2.28
28 ,  3 ,  1237135 ,  0 ,  190 ,  13.77 ,  0.04 ,  2.28
28 ,  3 ,  1237179 ,  0 ,  190 ,  13.77 ,  0.04 ,  2.28
28 ,  3 ,  1237223 ,  0 ,  190 ,  13.66 ,  0.04 ,  2.28
28 ,  3 ,  1237266 ,  0 ,  190 ,  13.66 ,  0.05 ,  2.28
28 ,  3 ,  1237310 ,  0 ,  190 ,  13.66 ,  0.04 ,  2.28
28 ,  3 ,  1237354 ,  0 ,  190 ,  13.66 ,  0.04 ,  2.18
28 ,  3 ,  1237398 ,  0 ,  190 ,  13.55 ,  0.04 ,  2.18
28 ,  3 ,  1237444 ,  0 ,  190 ,  13.55 ,  0.04 ,  2.18
28 ,  3 ,  1237488 ,  0 ,  190 ,  13.44 ,  0.04 ,  2.18
28 ,  3 ,  1237531 ,  0 ,  190 ,  13.44 ,  0.04 ,  2.18
28 ,  3 ,  1237575 ,  0 ,  190 ,  13.33 ,  0.04 ,  2.18
28 ,  3 ,  1237619 ,  0 ,  190 ,  13.33 ,  0.04 ,  2.18
28 ,  3 ,  1237663 ,  0 ,  190 ,  13.33 ,  0.04 ,  2.18
28 ,  3 ,  1237707 ,  0 ,  190 ,  13.33 ,  0.05 ,  2.18
28 ,  3 ,  1237750 ,  0 ,  190 ,  13.33 ,  0.05 ,  2.18
28 ,  3 ,  1237794 ,  0 ,  190 ,  13.22 ,  0.04 ,  2.18
28 ,  3 ,  1237840 ,  0 ,  190 ,  13.11 ,  0.05 ,  2.18
28 ,  3 ,  1237884 ,  0 ,  190 ,  13.11 ,  0.04 ,  2.08
28 ,  3 ,  1237928 ,  0 ,  190 ,  13.11 ,  0.04 ,  2.08
28 ,  3 ,  1237971 ,  0 ,  190 ,  13.11 ,  0.04 ,  2.08
28 ,  3 ,  1238016 ,  0 ,  190 ,  13.00 ,  0.04 ,  2.08
28 ,  3 ,  1238060 ,  0 ,  190 ,  13.00 ,  0.04 ,  2.08
28 ,  3 ,  1238104 ,  0 ,  190 ,  12.89 ,  0.04 ,  2.08
28 ,  3 ,  1238148 ,  0 ,  190 ,  12.89 ,  0.04 ,  2.08
28 ,  3 ,  1238191 ,  0 ,  190 ,  12.89 ,  0.04 ,  2.08
28 ,  3 ,  1238233 ,  0 ,  190 ,  12.78 ,  0.04 ,  2.08
28 ,  3 ,  1238277 ,  0 ,  190 ,  12.89 ,  0.04 ,  2.08
28 ,  3 ,  1238321 ,  0 ,  190 ,  12.78 ,  0.04 ,  2.08
28 ,  3 ,  1238364 ,  0 ,  190 ,  12.78 ,  0.04 ,  2.08
28 ,  3 ,  1238408 ,  0 ,  190 ,  12.67 ,  0.04 ,  2.08
28 ,  3 ,  1238452 ,  0 ,  190 ,  12.67 ,  0.04 ,  2.08
28 ,  3 ,  1238496 ,  0 ,  190 ,  12.67 ,  0.04 ,  2.08
28 ,  3 ,  1238539 ,  0 ,  190 ,  12.56 ,  0.04 ,  2.08
28 ,  3 ,  1238583 ,  0 ,  190 ,  12.56 ,  0.04 ,  2.08
28 ,  3 ,  1238629 ,  0 ,  190 ,  12.56 ,  0.04 ,  1.98
