MS, MPT, t (s), PWMi, PWMe, Pressure (Psi), LW (V), Displacement (mm)
28 ,  4 ,  1238722 ,  0 ,  190 ,  12.45 ,  0.04 ,  1.98
28 ,  4 ,  1238764 ,  255 ,  0 ,  12.45 ,  0.04 ,  1.98
28 ,  4 ,  1238806 ,  255 ,  0 ,  15.86 ,  0.04 ,  2.08
28 ,  4 ,  1238848 ,  255 ,  0 ,  32.82 ,  0.07 ,  4.37
28 ,  4 ,  1238890 ,  255 ,  0 ,  48.02 ,  0.15 ,  8.14
28 ,  4 ,  1238932 ,  255 ,  0 ,  58.04 ,  0.23 ,  11.71
28 ,  4 ,  1238974 ,  255 ,  0 ,  64.76 ,  0.32 ,  14.49
28 ,  4 ,  1239016 ,  255 ,  0 ,  69.38 ,  0.39 ,  16.37
28 ,  4 ,  1239060 ,  255 ,  0 ,  73.02 ,  0.44 ,  17.76
28 ,  4 ,  1239102 ,  255 ,  0 ,  75.66 ,  0.46 ,  18.65
28 ,  4 ,  1239143 ,  255 ,  0 ,  77.86 ,  0.48 ,  19.45
28 ,  4 ,  1239185 ,  255 ,  0 ,  79.74 ,  0.49 ,  20.04
28 ,  4 ,  1239227 ,  255 ,  0 ,  81.39 ,  0.50 ,  20.54
28 ,  4 ,  1239269 ,  255 ,  0 ,  82.82 ,  0.50 ,  21.03
28 ,  4 ,  1239311 ,  255 ,  0 ,  84.14 ,  0.51 ,  21.33
28 ,  4 ,  1239352 ,  255 ,  0 ,  85.46 ,  0.51 ,  21.73
28 ,  4 ,  1239394 ,  255 ,  0 ,  86.56 ,  0.52 ,  22.03
28 ,  4 ,  1239438 ,  255 ,  0 ,  87.67 ,  0.52 ,  22.32
28 ,  4 ,  1239480 ,  255 ,  0 ,  88.77 ,  0.52 ,  22.62
28 ,  4 ,  1239522 ,  255 ,  0 ,  89.65 ,  0.52 ,  22.82
28 ,  4 ,  1239564 ,  255 ,  0 ,  90.53 ,  0.52 ,  23.12
28 ,  4 ,  1239605 ,  255 ,  0 ,  91.30 ,  0.52 ,  23.32
28 ,  4 ,  1239647 ,  255 ,  0 ,  92.18 ,  0.52 ,  23.42
28 ,  4 ,  1239689 ,  255 ,  0 ,  92.95 ,  0.52 ,  23.61
28 ,  4 ,  1239731 ,  255 ,  0 ,  93.61 ,  0.52 ,  23.81
28 ,  4 ,  1239772 ,  255 ,  0 ,  94.27 ,  0.52 ,  24.01
28 ,  4 ,  1239817 ,  255 ,  0 ,  94.93 ,  0.52 ,  24.11
28 ,  4 ,  1239858 ,  255 ,  0 ,  95.37 ,  0.52 ,  24.21
28 ,  4 ,  1239900 ,  255 ,  0 ,  95.82 ,  0.52 ,  24.31
28 ,  4 ,  1239942 ,  255 ,  0 ,  96.15 ,  0.52 ,  24.41
28 ,  4 ,  1239984 ,  255 ,  0 ,  96.48 ,  0.52 ,  24.51
28 ,  4 ,  1240026 ,  255 ,  0 ,  96.70 ,  0.52 ,  24.51
28 ,  4 ,  1240067 ,  255 ,  0 ,  96.81 ,  0.52 ,  24.51
28 ,  4 ,  1240109 ,  255 ,  0 ,  96.92 ,  0.52 ,  24.61
28 ,  4 ,  1240153 ,  255 ,  0 ,  97.03 ,  0.52 ,  24.61
28 ,  4 ,  1240195 ,  255 ,  0 ,  97.03 ,  0.52 ,  24.71
28 ,  4 ,  1240237 ,  255 ,  0 ,  97.03 ,  0.53 ,  24.71
28 ,  4 ,  1240279 ,  255 ,  0 ,  97.03 ,  0.53 ,  24.71
28 ,  4 ,  1240321 ,  255 ,  0 ,  97.03 ,  0.53 ,  24.71
28 ,  4 ,  1240363 ,  255 ,  0 ,  97.14 ,  0.52 ,  24.80
28 ,  4 ,  1240403 ,  255 ,  0 ,  97.03 ,  0.53 ,  24.80
28 ,  4 ,  1240452 ,  255 ,  0 ,  97.03 ,  0.52 ,  24.80
28 ,  4 ,  1240494 ,  255 ,  0 ,  97.03 ,  0.53 ,  24.80
28 ,  4 ,  1240534 ,  255 ,  0 ,  97.03 ,  0.53 ,  24.80
28 ,  4 ,  1240576 ,  255 ,  0 ,  97.03 ,  0.52 ,  24.80
28 ,  4 ,  1240616 ,  255 ,  0 ,  97.03 ,  0.52 ,  24.90
28 ,  4 ,  1240658 ,  255 ,  0 ,  97.03 ,  0.53 ,  24.90
28 ,  4 ,  1240700 ,  255 ,  0 ,  97.03 ,  0.52 ,  24.90
28 ,  4 ,  1240742 ,  255 ,  0 ,  97.03 ,  0.52 ,  24.90
28 ,  4 ,  1240784 ,  255 ,  0 ,  97.03 ,  0.53 ,  24.90
28 ,  4 ,  1240825 ,  255 ,  0 ,  97.03 ,  0.53 ,  24.90
28 ,  4 ,  1240867 ,  255 ,  0 ,  97.03 ,  0.53 ,  25.00
28 ,  4 ,  1240911 ,  255 ,  0 ,  96.92 ,  0.53 ,  25.00
28 ,  4 ,  1240953 ,  255 ,  0 ,  97.03 ,  0.52 ,  25.00
28 ,  4 ,  1240995 ,  255 ,  0 ,  96.92 ,  0.53 ,  25.00
28 ,  4 ,  1241036 ,  255 ,  0 ,  96.92 ,  0.52 ,  25.00
28 ,  4 ,  1241078 ,  255 ,  0 ,  96.92 ,  0.53 ,  25.00
28 ,  4 ,  1241120 ,  255 ,  0 ,  96.92 ,  0.53 ,  25.00
28 ,  4 ,  1241162 ,  255 ,  0 ,  96.92 ,  0.53 ,  25.00
28 ,  4 ,  1241204 ,  255 ,  0 ,  96.92 ,  0.53 ,  25.00
28 ,  4 ,  1241245 ,  255 ,  0 ,  96.92 ,  0.52 ,  25.00
28 ,  4 ,  1241289 ,  255 ,  0 ,  96.92 ,  0.52 ,  25.00
28 ,  4 ,  1241331 ,  255 ,  0 ,  97.03 ,  0.52 ,  25.00
28 ,  4 ,  1241373 ,  255 ,  0 ,  96.92 ,  0.53 ,  25.00
28 ,  4 ,  1241415 ,  255 ,  0 ,  97.03 ,  0.53 ,  25.00
28 ,  4 ,  1241456 ,  255 ,  0 ,  96.92 ,  0.52 ,  25.10
28 ,  4 ,  1241498 ,  255 ,  0 ,  96.92 ,  0.53 ,  25.00
28 ,  4 ,  1241540 ,  255 ,  0 ,  96.92 ,  0.53 ,  25.10
28 ,  4 ,  1241582 ,  255 ,  0 ,  96.92 ,  0.53 ,  25.10
28 ,  4 ,  1241624 ,  255 ,  0 ,  96.92 ,  0.53 ,  25.10
28 ,  4 ,  1241668 ,  255 ,  0 ,  96.92 ,  0.53 ,  25.10
28 ,  4 ,  1241709 ,  0 ,  190 ,  96.92 ,  0.53 ,  25.10
28 ,  4 ,  1241751 ,  0 ,  190 ,  94.05 ,  0.53 ,  25.00
28 ,  4 ,  1241793 ,  0 ,  190 ,  89.21 ,  0.52 ,  24.51
28 ,  4 ,  1241835 ,  0 ,  190 ,  84.91 ,  0.52 ,  23.91
28 ,  4 ,  1241877 ,  0 ,  190 ,  81.28 ,  0.52 ,  23.32
28 ,  4 ,  1241918 ,  0 ,  190 ,  78.30 ,  0.52 ,  22.82
28 ,  4 ,  1241960 ,  0 ,  190 ,  75.77 ,  0.52 ,  22.32
28 ,  4 ,  1242002 ,  0 ,  190 ,  73.57 ,  0.51 ,  21.83
28 ,  4 ,  1242046 ,  0 ,  190 ,  71.70 ,  0.51 ,  21.33
28 ,  4 ,  1242088 ,  0 ,  190 ,  70.16 ,  0.51 ,  21.03
28 ,  4 ,  1242129 ,  0 ,  190 ,  68.72 ,  0.50 ,  20.64
28 ,  4 ,  1242171 ,  0 ,  190 ,  67.51 ,  0.50 ,  20.34
28 ,  4 ,  1242213 ,  0 ,  190 ,  66.41 ,  0.49 ,  20.04
28 ,  4 ,  1242255 ,  0 ,  190 ,  65.53 ,  0.49 ,  19.74
28 ,  4 ,  1242296 ,  0 ,  190 ,  64.65 ,  0.48 ,  19.55
28 ,  4 ,  1242338 ,  0 ,  190 ,  63.99 ,  0.48 ,  19.25
28 ,  4 ,  1242382 ,  0 ,  190 ,  63.33 ,  0.47 ,  19.05
28 ,  4 ,  1242424 ,  0 ,  190 ,  62.67 ,  0.47 ,  18.85
28 ,  4 ,  1242466 ,  0 ,  190 ,  62.12 ,  0.46 ,  18.65
28 ,  4 ,  1242507 ,  0 ,  190 ,  61.57 ,  0.46 ,  18.55
28 ,  4 ,  1242549 ,  0 ,  190 ,  61.24 ,  0.45 ,  18.36
28 ,  4 ,  1242591 ,  0 ,  190 ,  60.79 ,  0.44 ,  18.26
28 ,  4 ,  1242633 ,  0 ,  190 ,  60.46 ,  0.44 ,  18.06
28 ,  4 ,  1242674 ,  0 ,  190 ,  60.13 ,  0.44 ,  17.96
28 ,  4 ,  1242716 ,  0 ,  190 ,  59.80 ,  0.43 ,  17.86
28 ,  4 ,  1242760 ,  0 ,  190 ,  59.47 ,  0.43 ,  17.76
28 ,  4 ,  1242802 ,  0 ,  190 ,  59.14 ,  0.43 ,  17.66
28 ,  4 ,  1242844 ,  0 ,  190 ,  58.92 ,  0.42 ,  17.56
28 ,  4 ,  1242886 ,  0 ,  190 ,  58.70 ,  0.42 ,  17.46
28 ,  4 ,  1242927 ,  0 ,  190 ,  58.48 ,  0.42 ,  17.36
28 ,  4 ,  1242969 ,  0 ,  190 ,  58.26 ,  0.41 ,  17.26
28 ,  4 ,  1243011 ,  0 ,  190 ,  58.04 ,  0.41 ,  17.26
28 ,  4 ,  1243053 ,  0 ,  190 ,  57.93 ,  0.40 ,  17.16
28 ,  4 ,  1243094 ,  0 ,  190 ,  57.71 ,  0.40 ,  17.07
28 ,  4 ,  1243138 ,  0 ,  190 ,  57.49 ,  0.40 ,  16.97
28 ,  4 ,  1243180 ,  0 ,  190 ,  57.38 ,  0.40 ,  16.97
28 ,  4 ,  1243222 ,  0 ,  190 ,  57.16 ,  0.39 ,  16.87
28 ,  4 ,  1243264 ,  0 ,  190 ,  57.05 ,  0.39 ,  16.77
28 ,  4 ,  1243304 ,  0 ,  190 ,  56.94 ,  0.38 ,  16.77
28 ,  4 ,  1243346 ,  0 ,  190 ,  56.72 ,  0.38 ,  16.77
28 ,  4 ,  1243388 ,  0 ,  190 ,  56.50 ,  0.38 ,  16.67
28 ,  4 ,  1243430 ,  0 ,  190 ,  56.39 ,  0.38 ,  16.67
28 ,  4 ,  1243471 ,  0 ,  190 ,  56.28 ,  0.37 ,  16.57
28 ,  4 ,  1243515 ,  0 ,  190 ,  56.17 ,  0.37 ,  16.47
28 ,  4 ,  1243557 ,  0 ,  190 ,  55.95 ,  0.37 ,  16.37
28 ,  4 ,  1243599 ,  0 ,  190 ,  55.84 ,  0.37 ,  16.47
28 ,  4 ,  1243641 ,  0 ,  190 ,  55.73 ,  0.37 ,  16.37
28 ,  4 ,  1243683 ,  0 ,  190 ,  55.62 ,  0.36 ,  16.27
28 ,  4 ,  1243724 ,  0 ,  190 ,  55.51 ,  0.37 ,  16.27
28 ,  4 ,  1243766 ,  0 ,  190 ,  55.29 ,  0.36 ,  16.17
28 ,  4 ,  1243808 ,  0 ,  190 ,  55.18 ,  0.35 ,  16.07
28 ,  4 ,  1243850 ,  0 ,  190 ,  55.07 ,  0.35 ,  16.17
28 ,  4 ,  1243894 ,  0 ,  190 ,  54.96 ,  0.35 ,  16.07
28 ,  4 ,  1243935 ,  0 ,  190 ,  54.74 ,  0.35 ,  15.97
28 ,  4 ,  1243977 ,  0 ,  190 ,  54.74 ,  0.35 ,  15.97
28 ,  4 ,  1244019 ,  0 ,  190 ,  54.52 ,  0.34 ,  15.97
28 ,  4 ,  1244061 ,  0 ,  190 ,  54.41 ,  0.34 ,  15.88
28 ,  4 ,  1244103 ,  0 ,  190 ,  54.30 ,  0.34 ,  15.78
28 ,  4 ,  1244144 ,  0 ,  190 ,  54.19 ,  0.34 ,  15.78
28 ,  4 ,  1244186 ,  0 ,  190 ,  54.08 ,  0.33 ,  15.78
28 ,  4 ,  1244228 ,  0 ,  190 ,  53.97 ,  0.34 ,  15.68
28 ,  4 ,  1244273 ,  0 ,  190 ,  53.86 ,  0.33 ,  15.68
28 ,  4 ,  1244314 ,  0 ,  190 ,  53.75 ,  0.33 ,  15.58
28 ,  4 ,  1244356 ,  0 ,  190 ,  53.53 ,  0.33 ,  15.58
28 ,  4 ,  1244398 ,  0 ,  190 ,  53.53 ,  0.32 ,  15.58
28 ,  4 ,  1244440 ,  0 ,  190 ,  53.31 ,  0.32 ,  15.48
28 ,  4 ,  1244482 ,  0 ,  190 ,  53.20 ,  0.32 ,  15.48
28 ,  4 ,  1244523 ,  0 ,  190 ,  53.09 ,  0.32 ,  15.38
28 ,  4 ,  1244565 ,  0 ,  190 ,  52.98 ,  0.31 ,  15.38
28 ,  4 ,  1244609 ,  0 ,  190 ,  52.87 ,  0.32 ,  15.28
28 ,  4 ,  1244651 ,  0 ,  190 ,  52.65 ,  0.31 ,  15.28
28 ,  4 ,  1244693 ,  0 ,  190 ,  52.65 ,  0.31 ,  15.18
28 ,  4 ,  1244735 ,  0 ,  190 ,  52.42 ,  0.31 ,  15.18
28 ,  4 ,  1244776 ,  0 ,  190 ,  52.31 ,  0.31 ,  15.08
28 ,  4 ,  1244818 ,  0 ,  190 ,  52.31 ,  0.30 ,  15.08
28 ,  4 ,  1244860 ,  0 ,  190 ,  52.09 ,  0.30 ,  15.08
28 ,  4 ,  1244902 ,  0 ,  190 ,  51.98 ,  0.30 ,  14.98
28 ,  4 ,  1244943 ,  0 ,  190 ,  51.87 ,  0.30 ,  14.98
28 ,  4 ,  1244987 ,  0 ,  190 ,  51.76 ,  0.30 ,  14.88
28 ,  4 ,  1245029 ,  0 ,  190 ,  51.65 ,  0.29 ,  14.88
28 ,  4 ,  1245071 ,  0 ,  190 ,  51.54 ,  0.29 ,  14.78
28 ,  4 ,  1245113 ,  0 ,  190 ,  51.32 ,  0.29 ,  14.78
28 ,  4 ,  1245154 ,  0 ,  190 ,  51.21 ,  0.29 ,  14.68
28 ,  4 ,  1245196 ,  0 ,  190 ,  51.10 ,  0.29 ,  14.68
28 ,  4 ,  1245238 ,  0 ,  190 ,  51.10 ,  0.28 ,  14.68
28 ,  4 ,  1245280 ,  0 ,  190 ,  50.88 ,  0.28 ,  14.59
28 ,  4 ,  1245321 ,  0 ,  190 ,  50.77 ,  0.28 ,  14.59
28 ,  4 ,  1245365 ,  0 ,  190 ,  50.66 ,  0.28 ,  14.49
28 ,  4 ,  1245407 ,  0 ,  190 ,  50.55 ,  0.28 ,  14.49
28 ,  4 ,  1245449 ,  0 ,  190 ,  50.44 ,  0.28 ,  14.39
28 ,  4 ,  1245491 ,  0 ,  190 ,  50.33 ,  0.27 ,  14.29
28 ,  4 ,  1245532 ,  0 ,  190 ,  50.22 ,  0.27 ,  14.29
28 ,  4 ,  1245574 ,  0 ,  190 ,  50.11 ,  0.27 ,  14.29
28 ,  4 ,  1245616 ,  0 ,  190 ,  49.89 ,  0.27 ,  14.19
28 ,  4 ,  1245658 ,  0 ,  190 ,  49.89 ,  0.27 ,  14.19
28 ,  4 ,  1245699 ,  0 ,  190 ,  49.67 ,  0.27 ,  14.09
28 ,  4 ,  1245743 ,  0 ,  190 ,  49.56 ,  0.26 ,  14.09
28 ,  4 ,  1245785 ,  0 ,  190 ,  49.45 ,  0.26 ,  14.09
28 ,  4 ,  1245827 ,  0 ,  190 ,  49.34 ,  0.26 ,  13.99
28 ,  4 ,  1245869 ,  0 ,  190 ,  49.23 ,  0.25 ,  13.89
28 ,  4 ,  1245910 ,  0 ,  190 ,  49.12 ,  0.26 ,  13.89
28 ,  4 ,  1245952 ,  0 ,  190 ,  49.01 ,  0.25 ,  13.79
28 ,  4 ,  1245993 ,  0 ,  190 ,  48.79 ,  0.26 ,  13.79
28 ,  4 ,  1246035 ,  0 ,  190 ,  48.79 ,  0.25 ,  13.79
28 ,  4 ,  1246076 ,  0 ,  190 ,  48.68 ,  0.25 ,  13.69
28 ,  4 ,  1246120 ,  0 ,  190 ,  48.46 ,  0.25 ,  13.59
28 ,  4 ,  1246162 ,  0 ,  190 ,  48.35 ,  0.24 ,  13.59
28 ,  4 ,  1246204 ,  0 ,  190 ,  48.24 ,  0.24 ,  13.59
28 ,  4 ,  1246246 ,  0 ,  190 ,  48.24 ,  0.24 ,  13.49
28 ,  4 ,  1246287 ,  0 ,  190 ,  48.02 ,  0.24 ,  13.49
28 ,  4 ,  1246329 ,  0 ,  190 ,  48.02 ,  0.23 ,  13.39
28 ,  4 ,  1246371 ,  0 ,  190 ,  47.91 ,  0.23 ,  13.39
28 ,  4 ,  1246413 ,  0 ,  190 ,  47.80 ,  0.23 ,  13.39
28 ,  4 ,  1246454 ,  0 ,  190 ,  47.58 ,  0.23 ,  13.30
28 ,  4 ,  1246498 ,  0 ,  190 ,  47.47 ,  0.23 ,  13.30
28 ,  4 ,  1246540 ,  0 ,  190 ,  47.36 ,  0.23 ,  13.20
28 ,  4 ,  1246582 ,  0 ,  190 ,  47.25 ,  0.23 ,  13.20
28 ,  4 ,  1246624 ,  0 ,  190 ,  47.14 ,  0.23 ,  13.10
28 ,  4 ,  1246665 ,  0 ,  190 ,  47.03 ,  0.22 ,  13.10
28 ,  4 ,  1246707 ,  0 ,  190 ,  46.92 ,  0.22 ,  13.00
28 ,  4 ,  1246749 ,  0 ,  190 ,  46.81 ,  0.22 ,  13.00
28 ,  4 ,  1246791 ,  0 ,  190 ,  46.70 ,  0.22 ,  12.90
28 ,  4 ,  1246835 ,  0 ,  190 ,  46.59 ,  0.22 ,  12.90
28 ,  4 ,  1246876 ,  0 ,  190 ,  46.59 ,  0.22 ,  12.80
28 ,  4 ,  1246918 ,  0 ,  190 ,  46.37 ,  0.22 ,  12.80
28 ,  4 ,  1246960 ,  0 ,  190 ,  46.26 ,  0.22 ,  12.70
28 ,  4 ,  1247002 ,  0 ,  190 ,  46.15 ,  0.21 ,  12.70
28 ,  4 ,  1247043 ,  0 ,  190 ,  46.04 ,  0.21 ,  12.70
28 ,  4 ,  1247085 ,  0 ,  190 ,  46.04 ,  0.21 ,  12.60
28 ,  4 ,  1247127 ,  0 ,  190 ,  45.82 ,  0.21 ,  12.60
28 ,  4 ,  1247169 ,  0 ,  190 ,  45.71 ,  0.21 ,  12.50
28 ,  4 ,  1247213 ,  0 ,  190 ,  45.60 ,  0.20 ,  12.50
28 ,  4 ,  1247254 ,  0 ,  190 ,  45.49 ,  0.20 ,  12.40
28 ,  4 ,  1247296 ,  0 ,  190 ,  45.38 ,  0.20 ,  12.40
28 ,  4 ,  1247338 ,  0 ,  190 ,  45.27 ,  0.20 ,  12.30
28 ,  4 ,  1247380 ,  0 ,  190 ,  45.16 ,  0.20 ,  12.30
28 ,  4 ,  1247421 ,  0 ,  190 ,  45.05 ,  0.20 ,  12.20
28 ,  4 ,  1247467 ,  0 ,  190 ,  44.94 ,  0.19 ,  12.20
28 ,  4 ,  1247509 ,  0 ,  190 ,  44.83 ,  0.19 ,  12.20
28 ,  4 ,  1247550 ,  0 ,  190 ,  44.72 ,  0.19 ,  12.10
28 ,  4 ,  1247594 ,  0 ,  190 ,  44.61 ,  0.19 ,  12.01
28 ,  4 ,  1247636 ,  0 ,  190 ,  44.61 ,  0.19 ,  12.01
28 ,  4 ,  1247678 ,  0 ,  190 ,  44.39 ,  0.19 ,  12.01
28 ,  4 ,  1247720 ,  0 ,  190 ,  44.39 ,  0.18 ,  11.91
28 ,  4 ,  1247761 ,  0 ,  190 ,  44.28 ,  0.18 ,  11.91
28 ,  4 ,  1247803 ,  0 ,  190 ,  44.17 ,  0.18 ,  11.81
28 ,  4 ,  1247845 ,  0 ,  190 ,  43.95 ,  0.18 ,  11.81
28 ,  4 ,  1247887 ,  0 ,  190 ,  43.95 ,  0.18 ,  11.71
28 ,  4 ,  1247928 ,  0 ,  190 ,  43.84 ,  0.18 ,  11.71
28 ,  4 ,  1247972 ,  0 ,  190 ,  43.72 ,  0.17 ,  11.71
28 ,  4 ,  1248014 ,  0 ,  190 ,  43.61 ,  0.17 ,  11.61
28 ,  4 ,  1248056 ,  0 ,  190 ,  43.50 ,  0.17 ,  11.61
28 ,  4 ,  1248098 ,  0 ,  190 ,  43.39 ,  0.17 ,  11.51
28 ,  4 ,  1248139 ,  0 ,  190 ,  43.28 ,  0.17 ,  11.51
28 ,  4 ,  1248181 ,  0 ,  190 ,  43.17 ,  0.17 ,  11.41
28 ,  4 ,  1248223 ,  0 ,  190 ,  43.06 ,  0.17 ,  11.31
28 ,  4 ,  1248265 ,  0 ,  190 ,  42.95 ,  0.16 ,  11.31
28 ,  4 ,  1248306 ,  0 ,  190 ,  42.84 ,  0.16 ,  11.31
28 ,  4 ,  1248350 ,  0 ,  190 ,  42.73 ,  0.16 ,  11.31
28 ,  4 ,  1248392 ,  0 ,  190 ,  42.62 ,  0.16 ,  11.21
28 ,  4 ,  1248434 ,  0 ,  190 ,  42.62 ,  0.16 ,  11.11
28 ,  4 ,  1248476 ,  0 ,  190 ,  42.40 ,  0.16 ,  11.11
28 ,  4 ,  1248517 ,  0 ,  190 ,  42.29 ,  0.16 ,  11.11
28 ,  4 ,  1248559 ,  0 ,  190 ,  42.18 ,  0.15 ,  11.01
28 ,  4 ,  1248601 ,  0 ,  190 ,  42.07 ,  0.15 ,  11.01
28 ,  4 ,  1248643 ,  0 ,  190 ,  42.07 ,  0.15 ,  11.01
28 ,  4 ,  1248684 ,  0 ,  190 ,  41.96 ,  0.15 ,  10.91
28 ,  4 ,  1248728 ,  0 ,  190 ,  41.74 ,  0.15 ,  10.91
28 ,  4 ,  1248770 ,  0 ,  190 ,  41.74 ,  0.15 ,  10.81
28 ,  4 ,  1248812 ,  0 ,  190 ,  41.63 ,  0.14 ,  10.81
28 ,  4 ,  1248854 ,  0 ,  190 ,  41.52 ,  0.14 ,  10.72
28 ,  4 ,  1248894 ,  0 ,  190 ,  41.41 ,  0.15 ,  10.72
28 ,  4 ,  1248936 ,  0 ,  190 ,  41.30 ,  0.14 ,  10.72
28 ,  4 ,  1248978 ,  0 ,  190 ,  41.19 ,  0.15 ,  10.62
28 ,  4 ,  1249020 ,  0 ,  190 ,  41.19 ,  0.14 ,  10.62
28 ,  4 ,  1249064 ,  0 ,  190 ,  40.97 ,  0.14 ,  10.52
28 ,  4 ,  1249105 ,  0 ,  190 ,  40.86 ,  0.14 ,  10.52
28 ,  4 ,  1249147 ,  0 ,  190 ,  40.86 ,  0.14 ,  10.42
28 ,  4 ,  1249189 ,  0 ,  190 ,  40.64 ,  0.13 ,  10.42
28 ,  4 ,  1249231 ,  0 ,  190 ,  40.64 ,  0.13 ,  10.42
28 ,  4 ,  1249272 ,  0 ,  190 ,  40.53 ,  0.13 ,  10.32
28 ,  4 ,  1249314 ,  0 ,  190 ,  40.42 ,  0.13 ,  10.32
28 ,  4 ,  1249356 ,  0 ,  190 ,  40.31 ,  0.13 ,  10.22
28 ,  4 ,  1249398 ,  0 ,  190 ,  40.20 ,  0.13 ,  10.22
28 ,  4 ,  1249442 ,  0 ,  190 ,  40.09 ,  0.13 ,  10.22
28 ,  4 ,  1249484 ,  0 ,  190 ,  39.98 ,  0.13 ,  10.12
28 ,  4 ,  1249525 ,  0 ,  190 ,  39.87 ,  0.13 ,  10.12
28 ,  4 ,  1249567 ,  0 ,  190 ,  39.76 ,  0.13 ,  10.12
28 ,  4 ,  1249609 ,  0 ,  190 ,  39.65 ,  0.12 ,  10.02
28 ,  4 ,  1249651 ,  0 ,  190 ,  39.54 ,  0.12 ,  10.02
28 ,  4 ,  1249693 ,  0 ,  190 ,  39.43 ,  0.12 ,  9.92
28 ,  4 ,  1249735 ,  0 ,  190 ,  39.43 ,  0.12 ,  9.92
28 ,  4 ,  1249777 ,  0 ,  190 ,  39.32 ,  0.12 ,  9.82
28 ,  4 ,  1249821 ,  0 ,  190 ,  39.21 ,  0.12 ,  9.82
28 ,  4 ,  1249862 ,  0 ,  190 ,  39.10 ,  0.12 ,  9.72
28 ,  4 ,  1249904 ,  0 ,  190 ,  39.10 ,  0.12 ,  9.72
28 ,  4 ,  1249946 ,  0 ,  190 ,  38.88 ,  0.12 ,  9.72
28 ,  4 ,  1249988 ,  0 ,  190 ,  38.77 ,  0.11 ,  9.62
28 ,  4 ,  1250030 ,  0 ,  190 ,  38.66 ,  0.11 ,  9.62
28 ,  4 ,  1250072 ,  0 ,  190 ,  38.66 ,  0.11 ,  9.53
28 ,  4 ,  1250113 ,  0 ,  190 ,  38.55 ,  0.11 ,  9.53
28 ,  4 ,  1250155 ,  0 ,  190 ,  38.44 ,  0.11 ,  9.53
28 ,  4 ,  1250199 ,  0 ,  190 ,  38.33 ,  0.11 ,  9.43
28 ,  4 ,  1250241 ,  0 ,  190 ,  38.22 ,  0.11 ,  9.43
28 ,  4 ,  1250283 ,  0 ,  190 ,  38.11 ,  0.11 ,  9.33
28 ,  4 ,  1250325 ,  0 ,  190 ,  38.00 ,  0.11 ,  9.33
28 ,  4 ,  1250367 ,  0 ,  190 ,  37.89 ,  0.11 ,  9.33
28 ,  4 ,  1250409 ,  0 ,  190 ,  37.89 ,  0.11 ,  9.23
28 ,  4 ,  1250450 ,  0 ,  190 ,  37.67 ,  0.11 ,  9.23
28 ,  4 ,  1250492 ,  0 ,  190 ,  37.67 ,  0.10 ,  9.13
28 ,  4 ,  1250534 ,  0 ,  190 ,  37.56 ,  0.10 ,  9.13
28 ,  4 ,  1250587 ,  0 ,  190 ,  37.45 ,  0.10 ,  9.03
28 ,  4 ,  1250631 ,  0 ,  190 ,  37.34 ,  0.10 ,  9.03
28 ,  4 ,  1250675 ,  0 ,  190 ,  37.23 ,  0.10 ,  9.03
28 ,  4 ,  1250719 ,  0 ,  190 ,  37.12 ,  0.10 ,  8.93
28 ,  4 ,  1250763 ,  0 ,  190 ,  37.01 ,  0.10 ,  8.93
28 ,  4 ,  1250807 ,  0 ,  190 ,  36.90 ,  0.10 ,  8.93
28 ,  4 ,  1250851 ,  0 ,  190 ,  36.90 ,  0.10 ,  8.83
28 ,  4 ,  1250895 ,  0 ,  190 ,  36.79 ,  0.10 ,  8.83
28 ,  4 ,  1250939 ,  0 ,  190 ,  36.68 ,  0.10 ,  8.73
28 ,  4 ,  1250985 ,  0 ,  190 ,  36.57 ,  0.10 ,  8.73
28 ,  4 ,  1251030 ,  0 ,  190 ,  36.46 ,  0.10 ,  8.73
28 ,  4 ,  1251074 ,  0 ,  190 ,  36.35 ,  0.10 ,  8.63
28 ,  4 ,  1251118 ,  0 ,  190 ,  36.35 ,  0.10 ,  8.53
28 ,  4 ,  1251161 ,  0 ,  190 ,  36.13 ,  0.10 ,  8.53
28 ,  4 ,  1251205 ,  0 ,  190 ,  36.02 ,  0.09 ,  8.53
28 ,  4 ,  1251250 ,  0 ,  190 ,  35.91 ,  0.09 ,  8.53
28 ,  4 ,  1251293 ,  0 ,  190 ,  35.91 ,  0.09 ,  8.43
28 ,  4 ,  1251337 ,  0 ,  190 ,  35.80 ,  0.09 ,  8.43
28 ,  4 ,  1251383 ,  0 ,  190 ,  35.69 ,  0.09 ,  8.33
28 ,  4 ,  1251427 ,  0 ,  190 ,  35.58 ,  0.09 ,  8.33
28 ,  4 ,  1251471 ,  0 ,  190 ,  35.47 ,  0.09 ,  8.33
28 ,  4 ,  1251514 ,  0 ,  190 ,  35.47 ,  0.09 ,  8.24
28 ,  4 ,  1251558 ,  0 ,  190 ,  35.25 ,  0.09 ,  8.24
28 ,  4 ,  1251602 ,  0 ,  190 ,  35.13 ,  0.09 ,  8.24
28 ,  4 ,  1251646 ,  0 ,  190 ,  35.02 ,  0.09 ,  8.14
28 ,  4 ,  1251690 ,  0 ,  190 ,  35.02 ,  0.09 ,  8.14
28 ,  4 ,  1251733 ,  0 ,  190 ,  34.91 ,  0.08 ,  8.14
28 ,  4 ,  1251779 ,  0 ,  190 ,  34.80 ,  0.09 ,  8.14
28 ,  4 ,  1251823 ,  0 ,  190 ,  34.69 ,  0.09 ,  8.04
28 ,  4 ,  1251867 ,  0 ,  190 ,  34.69 ,  0.08 ,  8.04
28 ,  4 ,  1251911 ,  0 ,  190 ,  34.47 ,  0.08 ,  7.94
28 ,  4 ,  1251954 ,  0 ,  190 ,  34.47 ,  0.09 ,  7.94
28 ,  4 ,  1251998 ,  0 ,  190 ,  34.36 ,  0.08 ,  7.94
28 ,  4 ,  1252042 ,  0 ,  190 ,  34.25 ,  0.08 ,  7.84
28 ,  4 ,  1252086 ,  0 ,  190 ,  34.14 ,  0.08 ,  7.84
28 ,  4 ,  1252129 ,  0 ,  190 ,  34.03 ,  0.08 ,  7.74
28 ,  4 ,  1252175 ,  0 ,  190 ,  33.92 ,  0.08 ,  7.74
28 ,  4 ,  1252219 ,  0 ,  190 ,  33.81 ,  0.08 ,  7.74
28 ,  4 ,  1252263 ,  0 ,  190 ,  33.70 ,  0.08 ,  7.74
28 ,  4 ,  1252307 ,  0 ,  190 ,  33.59 ,  0.08 ,  7.64
28 ,  4 ,  1252352 ,  0 ,  190 ,  33.59 ,  0.08 ,  7.64
28 ,  4 ,  1252395 ,  0 ,  190 ,  33.48 ,  0.08 ,  7.64
28 ,  4 ,  1252439 ,  0 ,  190 ,  33.48 ,  0.08 ,  7.54
28 ,  4 ,  1252483 ,  0 ,  190 ,  33.26 ,  0.08 ,  7.54
28 ,  4 ,  1252527 ,  0 ,  190 ,  33.15 ,  0.08 ,  7.54
28 ,  4 ,  1252573 ,  0 ,  190 ,  33.04 ,  0.08 ,  7.44
28 ,  4 ,  1252616 ,  0 ,  190 ,  33.04 ,  0.08 ,  7.44
28 ,  4 ,  1252660 ,  0 ,  190 ,  32.93 ,  0.07 ,  7.34
28 ,  4 ,  1252704 ,  0 ,  190 ,  32.82 ,  0.08 ,  7.34
28 ,  4 ,  1252748 ,  0 ,  190 ,  32.71 ,  0.07 ,  7.34
28 ,  4 ,  1252791 ,  0 ,  190 ,  32.60 ,  0.07 ,  7.24
28 ,  4 ,  1252835 ,  0 ,  190 ,  32.60 ,  0.08 ,  7.24
28 ,  4 ,  1252879 ,  0 ,  190 ,  32.49 ,  0.07 ,  7.24
28 ,  4 ,  1252923 ,  0 ,  190 ,  32.38 ,  0.07 ,  7.14
28 ,  4 ,  1252969 ,  0 ,  190 ,  32.27 ,  0.07 ,  7.14
28 ,  4 ,  1253013 ,  0 ,  190 ,  32.27 ,  0.07 ,  7.14
28 ,  4 ,  1253056 ,  0 ,  190 ,  32.05 ,  0.07 ,  7.14
28 ,  4 ,  1253100 ,  0 ,  190 ,  32.05 ,  0.07 ,  7.04
28 ,  4 ,  1253144 ,  0 ,  190 ,  31.94 ,  0.07 ,  7.04
28 ,  4 ,  1253188 ,  0 ,  190 ,  31.83 ,  0.07 ,  7.04
28 ,  4 ,  1253231 ,  0 ,  190 ,  31.72 ,  0.07 ,  6.95
28 ,  4 ,  1253275 ,  0 ,  190 ,  31.61 ,  0.07 ,  6.95
28 ,  4 ,  1253319 ,  0 ,  190 ,  31.50 ,  0.07 ,  6.85
28 ,  4 ,  1253365 ,  0 ,  190 ,  31.50 ,  0.07 ,  6.85
28 ,  4 ,  1253409 ,  0 ,  190 ,  31.39 ,  0.07 ,  6.85
28 ,  4 ,  1253453 ,  0 ,  190 ,  31.28 ,  0.07 ,  6.85
28 ,  4 ,  1253496 ,  0 ,  190 ,  31.17 ,  0.07 ,  6.75
28 ,  4 ,  1253540 ,  0 ,  190 ,  31.06 ,  0.07 ,  6.75
28 ,  4 ,  1253584 ,  0 ,  190 ,  31.06 ,  0.07 ,  6.75
28 ,  4 ,  1253628 ,  0 ,  190 ,  30.95 ,  0.07 ,  6.75
28 ,  4 ,  1253671 ,  0 ,  190 ,  30.84 ,  0.07 ,  6.65
28 ,  4 ,  1253715 ,  0 ,  190 ,  30.73 ,  0.07 ,  6.65
28 ,  4 ,  1253762 ,  0 ,  190 ,  30.73 ,  0.07 ,  6.65
28 ,  4 ,  1253806 ,  0 ,  190 ,  30.62 ,  0.07 ,  6.55
28 ,  4 ,  1253850 ,  0 ,  190 ,  30.51 ,  0.07 ,  6.55
28 ,  4 ,  1253893 ,  0 ,  190 ,  30.40 ,  0.07 ,  6.55
28 ,  4 ,  1253937 ,  0 ,  190 ,  30.29 ,  0.06 ,  6.45
28 ,  4 ,  1253981 ,  0 ,  190 ,  30.18 ,  0.07 ,  6.45
28 ,  4 ,  1254025 ,  0 ,  190 ,  30.18 ,  0.06 ,  6.35
28 ,  4 ,  1254069 ,  0 ,  190 ,  30.07 ,  0.07 ,  6.35
28 ,  4 ,  1254112 ,  0 ,  190 ,  29.96 ,  0.06 ,  6.35
28 ,  4 ,  1254158 ,  0 ,  190 ,  29.85 ,  0.06 ,  6.35
28 ,  4 ,  1254202 ,  0 ,  190 ,  29.74 ,  0.06 ,  6.35
28 ,  4 ,  1254246 ,  0 ,  190 ,  29.63 ,  0.06 ,  6.25
28 ,  4 ,  1254290 ,  0 ,  190 ,  29.63 ,  0.06 ,  6.25
28 ,  4 ,  1254333 ,  0 ,  190 ,  29.52 ,  0.07 ,  6.25
28 ,  4 ,  1254377 ,  0 ,  190 ,  29.41 ,  0.07 ,  6.15
28 ,  4 ,  1254421 ,  0 ,  190 ,  29.30 ,  0.06 ,  6.15
28 ,  4 ,  1254465 ,  0 ,  190 ,  29.19 ,  0.06 ,  6.15
28 ,  4 ,  1254509 ,  0 ,  190 ,  29.19 ,  0.06 ,  6.05
28 ,  4 ,  1254555 ,  0 ,  190 ,  29.08 ,  0.06 ,  6.05
28 ,  4 ,  1254598 ,  0 ,  190 ,  28.97 ,  0.06 ,  5.95
28 ,  4 ,  1254642 ,  0 ,  190 ,  28.97 ,  0.06 ,  5.95
28 ,  4 ,  1254686 ,  0 ,  190 ,  28.86 ,  0.06 ,  5.95
28 ,  4 ,  1254730 ,  0 ,  190 ,  28.75 ,  0.06 ,  5.95
28 ,  4 ,  1254773 ,  0 ,  190 ,  28.64 ,  0.06 ,  5.95
28 ,  4 ,  1254823 ,  0 ,  190 ,  28.64 ,  0.06 ,  5.95
28 ,  4 ,  1254867 ,  0 ,  190 ,  28.53 ,  0.06 ,  5.85
28 ,  4 ,  1254912 ,  0 ,  190 ,  28.42 ,  0.06 ,  5.85
28 ,  4 ,  1254958 ,  0 ,  190 ,  28.31 ,  0.06 ,  5.85
28 ,  4 ,  1255001 ,  0 ,  190 ,  28.20 ,  0.06 ,  5.85
28 ,  4 ,  1255045 ,  0 ,  190 ,  28.20 ,  0.06 ,  5.75
28 ,  4 ,  1255089 ,  0 ,  190 ,  28.09 ,  0.06 ,  5.75
28 ,  4 ,  1255133 ,  0 ,  190 ,  27.98 ,  0.06 ,  5.75
28 ,  4 ,  1255176 ,  0 ,  190 ,  27.87 ,  0.06 ,  5.66
28 ,  4 ,  1255220 ,  0 ,  190 ,  27.87 ,  0.06 ,  5.66
28 ,  4 ,  1255264 ,  0 ,  190 ,  27.76 ,  0.06 ,  5.66
28 ,  4 ,  1255308 ,  0 ,  190 ,  27.65 ,  0.06 ,  5.66
28 ,  4 ,  1255354 ,  0 ,  190 ,  27.54 ,  0.06 ,  5.56
28 ,  4 ,  1255397 ,  0 ,  190 ,  27.54 ,  0.06 ,  5.56
28 ,  4 ,  1255441 ,  0 ,  190 ,  27.43 ,  0.06 ,  5.56
28 ,  4 ,  1255485 ,  0 ,  190 ,  27.32 ,  0.06 ,  5.56
28 ,  4 ,  1255529 ,  0 ,  190 ,  27.21 ,  0.06 ,  5.56
28 ,  4 ,  1255572 ,  0 ,  190 ,  27.21 ,  0.06 ,  5.46
28 ,  4 ,  1255616 ,  0 ,  190 ,  27.10 ,  0.06 ,  5.46
28 ,  4 ,  1255660 ,  0 ,  190 ,  26.99 ,  0.06 ,  5.46
28 ,  4 ,  1255704 ,  0 ,  190 ,  26.88 ,  0.06 ,  5.46
28 ,  4 ,  1255750 ,  0 ,  190 ,  26.88 ,  0.06 ,  5.36
28 ,  4 ,  1255793 ,  0 ,  190 ,  26.77 ,  0.06 ,  5.36
28 ,  4 ,  1255837 ,  0 ,  190 ,  26.66 ,  0.06 ,  5.36
28 ,  4 ,  1255881 ,  0 ,  190 ,  26.55 ,  0.06 ,  5.36
28 ,  4 ,  1255925 ,  0 ,  190 ,  26.55 ,  0.06 ,  5.26
28 ,  4 ,  1255968 ,  0 ,  190 ,  26.43 ,  0.06 ,  5.26
28 ,  4 ,  1256012 ,  0 ,  190 ,  26.32 ,  0.06 ,  5.26
28 ,  4 ,  1256056 ,  0 ,  190 ,  26.21 ,  0.06 ,  5.26
28 ,  4 ,  1256100 ,  0 ,  190 ,  26.21 ,  0.06 ,  5.16
28 ,  4 ,  1256146 ,  0 ,  190 ,  26.10 ,  0.05 ,  5.16
28 ,  4 ,  1256189 ,  0 ,  190 ,  25.99 ,  0.05 ,  5.16
28 ,  4 ,  1256233 ,  0 ,  190 ,  25.88 ,  0.05 ,  5.16
28 ,  4 ,  1256278 ,  0 ,  190 ,  25.88 ,  0.05 ,  5.16
28 ,  4 ,  1256322 ,  0 ,  190 ,  25.77 ,  0.06 ,  5.06
28 ,  4 ,  1256365 ,  0 ,  190 ,  25.66 ,  0.06 ,  5.06
28 ,  4 ,  1256409 ,  0 ,  190 ,  25.55 ,  0.06 ,  5.06
28 ,  4 ,  1256453 ,  0 ,  190 ,  25.55 ,  0.05 ,  5.06
28 ,  4 ,  1256497 ,  0 ,  190 ,  25.55 ,  0.06 ,  4.96
28 ,  4 ,  1256543 ,  0 ,  190 ,  25.44 ,  0.06 ,  4.96
28 ,  4 ,  1256586 ,  0 ,  190 ,  25.33 ,  0.06 ,  4.96
28 ,  4 ,  1256630 ,  0 ,  190 ,  25.22 ,  0.05 ,  4.96
28 ,  4 ,  1256674 ,  0 ,  190 ,  25.11 ,  0.05 ,  4.96
28 ,  4 ,  1256718 ,  0 ,  190 ,  25.11 ,  0.06 ,  4.86
28 ,  4 ,  1256761 ,  0 ,  190 ,  25.00 ,  0.06 ,  4.86
28 ,  4 ,  1256805 ,  0 ,  190 ,  25.00 ,  0.05 ,  4.86
28 ,  4 ,  1256849 ,  0 ,  190 ,  24.89 ,  0.05 ,  4.86
28 ,  4 ,  1256892 ,  0 ,  190 ,  24.78 ,  0.05 ,  4.76
28 ,  4 ,  1256938 ,  0 ,  190 ,  24.67 ,  0.06 ,  4.76
28 ,  4 ,  1256982 ,  0 ,  190 ,  24.67 ,  0.05 ,  4.76
28 ,  4 ,  1257026 ,  0 ,  190 ,  24.56 ,  0.06 ,  4.76
28 ,  4 ,  1257070 ,  0 ,  190 ,  24.45 ,  0.05 ,  4.76
28 ,  4 ,  1257113 ,  0 ,  190 ,  24.34 ,  0.05 ,  4.66
28 ,  4 ,  1257157 ,  0 ,  190 ,  24.34 ,  0.05 ,  4.66
28 ,  4 ,  1257201 ,  0 ,  190 ,  24.23 ,  0.06 ,  4.66
28 ,  4 ,  1257245 ,  0 ,  190 ,  24.12 ,  0.06 ,  4.66
28 ,  4 ,  1257288 ,  0 ,  190 ,  24.12 ,  0.05 ,  4.56
28 ,  4 ,  1257334 ,  0 ,  190 ,  24.01 ,  0.06 ,  4.66
28 ,  4 ,  1257378 ,  0 ,  190 ,  24.01 ,  0.05 ,  4.56
28 ,  4 ,  1257422 ,  0 ,  190 ,  23.90 ,  0.06 ,  4.56
28 ,  4 ,  1257466 ,  0 ,  190 ,  23.79 ,  0.06 ,  4.56
28 ,  4 ,  1257510 ,  0 ,  190 ,  23.68 ,  0.05 ,  4.56
28 ,  4 ,  1257553 ,  0 ,  190 ,  23.68 ,  0.05 ,  4.56
28 ,  4 ,  1257597 ,  0 ,  190 ,  23.57 ,  0.05 ,  4.46
28 ,  4 ,  1257641 ,  0 ,  190 ,  23.57 ,  0.05 ,  4.46
28 ,  4 ,  1257686 ,  0 ,  190 ,  23.35 ,  0.05 ,  4.46
28 ,  4 ,  1257731 ,  0 ,  190 ,  23.35 ,  0.05 ,  4.46
28 ,  4 ,  1257775 ,  0 ,  190 ,  23.35 ,  0.05 ,  4.37
28 ,  4 ,  1257819 ,  0 ,  190 ,  23.24 ,  0.05 ,  4.37
28 ,  4 ,  1257863 ,  0 ,  190 ,  23.13 ,  0.05 ,  4.37
28 ,  4 ,  1257907 ,  0 ,  190 ,  23.13 ,  0.05 ,  4.37
28 ,  4 ,  1257950 ,  0 ,  190 ,  23.02 ,  0.06 ,  4.37
28 ,  4 ,  1257994 ,  0 ,  190 ,  22.91 ,  0.06 ,  4.37
28 ,  4 ,  1258038 ,  0 ,  190 ,  22.80 ,  0.05 ,  4.27
28 ,  4 ,  1258082 ,  0 ,  190 ,  22.80 ,  0.05 ,  4.27
28 ,  4 ,  1258128 ,  0 ,  190 ,  22.80 ,  0.05 ,  4.27
28 ,  4 ,  1258171 ,  0 ,  190 ,  22.58 ,  0.05 ,  4.27
28 ,  4 ,  1258215 ,  0 ,  190 ,  22.58 ,  0.05 ,  4.27
28 ,  4 ,  1258259 ,  0 ,  190 ,  22.47 ,  0.05 ,  4.27
28 ,  4 ,  1258303 ,  0 ,  190 ,  22.47 ,  0.05 ,  4.17
28 ,  4 ,  1258346 ,  0 ,  190 ,  22.36 ,  0.05 ,  4.17
28 ,  4 ,  1258390 ,  0 ,  190 ,  22.36 ,  0.05 ,  4.17
28 ,  4 ,  1258434 ,  0 ,  190 ,  22.25 ,  0.05 ,  4.07
28 ,  4 ,  1258478 ,  0 ,  190 ,  22.25 ,  0.05 ,  4.17
28 ,  4 ,  1258524 ,  0 ,  190 ,  22.14 ,  0.05 ,  4.07
28 ,  4 ,  1258567 ,  0 ,  190 ,  22.03 ,  0.05 ,  4.07
28 ,  4 ,  1258611 ,  0 ,  190 ,  22.03 ,  0.05 ,  4.07
28 ,  4 ,  1258655 ,  0 ,  190 ,  21.92 ,  0.05 ,  4.07
28 ,  4 ,  1258699 ,  0 ,  190 ,  21.81 ,  0.05 ,  4.07
28 ,  4 ,  1258742 ,  0 ,  190 ,  21.81 ,  0.05 ,  4.07
28 ,  4 ,  1258786 ,  0 ,  190 ,  21.70 ,  0.05 ,  3.97
28 ,  4 ,  1258830 ,  0 ,  190 ,  21.59 ,  0.05 ,  3.97
28 ,  4 ,  1258874 ,  0 ,  190 ,  21.59 ,  0.05 ,  3.97
28 ,  4 ,  1258920 ,  0 ,  190 ,  21.48 ,  0.05 ,  3.97
28 ,  4 ,  1258964 ,  0 ,  190 ,  21.37 ,  0.05 ,  3.97
28 ,  4 ,  1259009 ,  0 ,  190 ,  21.37 ,  0.05 ,  3.97
28 ,  4 ,  1259052 ,  0 ,  190 ,  21.26 ,  0.05 ,  3.87
28 ,  4 ,  1259096 ,  0 ,  190 ,  21.26 ,  0.05 ,  3.87
28 ,  4 ,  1259140 ,  0 ,  190 ,  21.15 ,  0.05 ,  3.87
28 ,  4 ,  1259184 ,  0 ,  190 ,  21.15 ,  0.05 ,  3.87
28 ,  4 ,  1259227 ,  0 ,  190 ,  21.04 ,  0.05 ,  3.87
28 ,  4 ,  1259271 ,  0 ,  190 ,  20.93 ,  0.05 ,  3.87
28 ,  4 ,  1259317 ,  0 ,  190 ,  20.93 ,  0.05 ,  3.77
28 ,  4 ,  1259361 ,  0 ,  190 ,  20.82 ,  0.05 ,  3.77
28 ,  4 ,  1259405 ,  0 ,  190 ,  20.71 ,  0.05 ,  3.77
28 ,  4 ,  1259448 ,  0 ,  190 ,  20.71 ,  0.05 ,  3.77
28 ,  4 ,  1259492 ,  0 ,  190 ,  20.60 ,  0.05 ,  3.77
28 ,  4 ,  1259536 ,  0 ,  190 ,  20.60 ,  0.05 ,  3.77
28 ,  4 ,  1259580 ,  0 ,  190 ,  20.49 ,  0.05 ,  3.77
28 ,  4 ,  1259623 ,  0 ,  190 ,  20.49 ,  0.05 ,  3.77
28 ,  4 ,  1259667 ,  0 ,  190 ,  20.38 ,  0.05 ,  3.67
28 ,  4 ,  1259713 ,  0 ,  190 ,  20.27 ,  0.05 ,  3.67
28 ,  4 ,  1259757 ,  0 ,  190 ,  20.27 ,  0.05 ,  3.67
28 ,  4 ,  1259801 ,  0 ,  190 ,  20.16 ,  0.05 ,  3.67
28 ,  4 ,  1259888 ,  0 ,  190 ,  20.05 ,  0.05 ,  3.67
28 ,  4 ,  1259932 ,  0 ,  190 ,  20.05 ,  0.05 ,  3.57
28 ,  4 ,  1259976 ,  0 ,  190 ,  19.94 ,  0.05 ,  3.57
28 ,  4 ,  1260020 ,  0 ,  190 ,  19.83 ,  0.05 ,  3.57
28 ,  4 ,  1260063 ,  0 ,  190 ,  19.83 ,  0.05 ,  3.57
28 ,  4 ,  1260107 ,  0 ,  190 ,  19.83 ,  0.05 ,  3.57
28 ,  4 ,  1260153 ,  0 ,  190 ,  19.72 ,  0.05 ,  3.57
28 ,  4 ,  1260197 ,  0 ,  190 ,  19.72 ,  0.05 ,  3.47
28 ,  4 ,  1260240 ,  0 ,  190 ,  19.61 ,  0.05 ,  3.47
28 ,  4 ,  1260284 ,  0 ,  190 ,  19.50 ,  0.05 ,  3.47
28 ,  4 ,  1260328 ,  0 ,  190 ,  19.50 ,  0.05 ,  3.47
28 ,  4 ,  1260372 ,  0 ,  190 ,  19.39 ,  0.05 ,  3.47
28 ,  4 ,  1260416 ,  0 ,  190 ,  19.28 ,  0.05 ,  3.47
28 ,  4 ,  1260460 ,  0 ,  190 ,  19.28 ,  0.05 ,  3.47
28 ,  4 ,  1260504 ,  0 ,  190 ,  19.17 ,  0.05 ,  3.37
28 ,  4 ,  1260550 ,  0 ,  190 ,  19.17 ,  0.05 ,  3.37
28 ,  4 ,  1260594 ,  0 ,  190 ,  19.17 ,  0.04 ,  3.37
28 ,  4 ,  1260637 ,  0 ,  190 ,  18.95 ,  0.05 ,  3.37
28 ,  4 ,  1260681 ,  0 ,  190 ,  18.95 ,  0.04 ,  3.37
28 ,  4 ,  1260725 ,  0 ,  190 ,  18.95 ,  0.05 ,  3.37
28 ,  4 ,  1260768 ,  0 ,  190 ,  18.84 ,  0.05 ,  3.37
28 ,  4 ,  1260812 ,  0 ,  190 ,  18.84 ,  0.05 ,  3.37
28 ,  4 ,  1260856 ,  0 ,  190 ,  18.73 ,  0.05 ,  3.37
28 ,  4 ,  1260900 ,  0 ,  190 ,  18.73 ,  0.05 ,  3.37
28 ,  4 ,  1260946 ,  0 ,  190 ,  18.62 ,  0.05 ,  3.27
28 ,  4 ,  1260989 ,  0 ,  190 ,  18.51 ,  0.05 ,  3.27
28 ,  4 ,  1261033 ,  0 ,  190 ,  18.62 ,  0.05 ,  3.27
28 ,  4 ,  1261077 ,  0 ,  190 ,  18.40 ,  0.04 ,  3.27
28 ,  4 ,  1261121 ,  0 ,  190 ,  18.40 ,  0.04 ,  3.27
28 ,  4 ,  1261164 ,  0 ,  190 ,  18.40 ,  0.05 ,  3.18
28 ,  4 ,  1261208 ,  0 ,  190 ,  18.29 ,  0.05 ,  3.18
28 ,  4 ,  1261252 ,  0 ,  190 ,  18.18 ,  0.05 ,  3.18
28 ,  4 ,  1261296 ,  0 ,  190 ,  18.18 ,  0.05 ,  3.18
28 ,  4 ,  1261341 ,  0 ,  190 ,  18.07 ,  0.05 ,  3.18
28 ,  4 ,  1261385 ,  0 ,  190 ,  18.07 ,  0.05 ,  3.18
28 ,  4 ,  1261429 ,  0 ,  190 ,  17.96 ,  0.05 ,  3.18
28 ,  4 ,  1261473 ,  0 ,  190 ,  17.96 ,  0.05 ,  3.08
28 ,  4 ,  1261516 ,  0 ,  190 ,  17.85 ,  0.05 ,  3.08
28 ,  4 ,  1261560 ,  0 ,  190 ,  17.85 ,  0.04 ,  3.08
28 ,  4 ,  1261604 ,  0 ,  190 ,  17.73 ,  0.05 ,  3.08
28 ,  4 ,  1261648 ,  0 ,  190 ,  17.73 ,  0.05 ,  3.08
28 ,  4 ,  1261691 ,  0 ,  190 ,  17.62 ,  0.05 ,  3.08
28 ,  4 ,  1261737 ,  0 ,  190 ,  17.62 ,  0.05 ,  3.08
28 ,  4 ,  1261782 ,  0 ,  190 ,  17.62 ,  0.04 ,  3.08
28 ,  4 ,  1261826 ,  0 ,  190 ,  17.51 ,  0.04 ,  2.98
28 ,  4 ,  1261870 ,  0 ,  190 ,  17.40 ,  0.04 ,  3.08
28 ,  4 ,  1261913 ,  0 ,  190 ,  17.40 ,  0.05 ,  2.98
28 ,  4 ,  1261957 ,  0 ,  190 ,  17.29 ,  0.05 ,  2.98
28 ,  4 ,  1262001 ,  0 ,  190 ,  17.29 ,  0.04 ,  2.98
28 ,  4 ,  1262044 ,  0 ,  190 ,  17.18 ,  0.05 ,  2.98
28 ,  4 ,  1262088 ,  0 ,  190 ,  17.18 ,  0.05 ,  2.98
28 ,  4 ,  1262134 ,  0 ,  190 ,  17.07 ,  0.04 ,  2.98
28 ,  4 ,  1262178 ,  0 ,  190 ,  17.07 ,  0.04 ,  2.98
28 ,  4 ,  1262222 ,  0 ,  190 ,  16.96 ,  0.05 ,  2.88
28 ,  4 ,  1262266 ,  0 ,  190 ,  16.96 ,  0.04 ,  2.88
28 ,  4 ,  1262309 ,  0 ,  190 ,  16.96 ,  0.05 ,  2.88
28 ,  4 ,  1262353 ,  0 ,  190 ,  16.85 ,  0.05 ,  2.88
28 ,  4 ,  1262397 ,  0 ,  190 ,  16.85 ,  0.04 ,  2.88
28 ,  4 ,  1262441 ,  0 ,  190 ,  16.74 ,  0.04 ,  2.88
28 ,  4 ,  1262487 ,  0 ,  190 ,  16.74 ,  0.05 ,  2.78
28 ,  4 ,  1262531 ,  0 ,  190 ,  16.63 ,  0.05 ,  2.88
28 ,  4 ,  1262575 ,  0 ,  190 ,  16.63 ,  0.05 ,  2.88
28 ,  4 ,  1262619 ,  0 ,  190 ,  16.63 ,  0.04 ,  2.88
28 ,  4 ,  1262662 ,  0 ,  190 ,  16.52 ,  0.04 ,  2.78
28 ,  4 ,  1262706 ,  0 ,  190 ,  16.52 ,  0.04 ,  2.78
28 ,  4 ,  1262750 ,  0 ,  190 ,  16.41 ,  0.04 ,  2.78
28 ,  4 ,  1262794 ,  0 ,  190 ,  16.30 ,  0.04 ,  2.78
28 ,  4 ,  1262838 ,  0 ,  190 ,  16.30 ,  0.04 ,  2.78
28 ,  4 ,  1262884 ,  0 ,  190 ,  16.30 ,  0.04 ,  2.78
28 ,  4 ,  1262928 ,  0 ,  190 ,  16.19 ,  0.05 ,  2.68
28 ,  4 ,  1262971 ,  0 ,  190 ,  16.19 ,  0.04 ,  2.78
28 ,  4 ,  1263015 ,  0 ,  190 ,  16.08 ,  0.05 ,  2.78
28 ,  4 ,  1263059 ,  0 ,  190 ,  16.08 ,  0.05 ,  2.68
28 ,  4 ,  1263104 ,  0 ,  190 ,  16.08 ,  0.05 ,  2.68
28 ,  4 ,  1263148 ,  0 ,  190 ,  15.97 ,  0.04 ,  2.68
28 ,  4 ,  1263191 ,  0 ,  190 ,  15.97 ,  0.04 ,  2.68
28 ,  4 ,  1263235 ,  0 ,  190 ,  15.86 ,  0.04 ,  2.68
28 ,  4 ,  1263288 ,  0 ,  190 ,  15.86 ,  0.04 ,  2.68
28 ,  4 ,  1263332 ,  0 ,  190 ,  15.75 ,  0.04 ,  2.68
28 ,  4 ,  1263376 ,  0 ,  190 ,  15.75 ,  0.04 ,  2.68
28 ,  4 ,  1263420 ,  0 ,  190 ,  15.64 ,  0.05 ,  2.58
28 ,  4 ,  1263464 ,  0 ,  190 ,  15.64 ,  0.04 ,  2.58
28 ,  4 ,  1263508 ,  0 ,  190 ,  15.53 ,  0.04 ,  2.58
28 ,  4 ,  1263552 ,  0 ,  190 ,  15.53 ,  0.05 ,  2.58
28 ,  4 ,  1263596 ,  0 ,  190 ,  15.42 ,  0.04 ,  2.58
28 ,  4 ,  1263640 ,  0 ,  190 ,  15.42 ,  0.04 ,  2.58
28 ,  4 ,  1263686 ,  0 ,  190 ,  15.42 ,  0.04 ,  2.58
28 ,  4 ,  1263730 ,  0 ,  190 ,  15.31 ,  0.04 ,  2.58
28 ,  4 ,  1263774 ,  0 ,  190 ,  15.31 ,  0.04 ,  2.58
28 ,  4 ,  1263818 ,  0 ,  190 ,  15.20 ,  0.04 ,  2.58
28 ,  4 ,  1263862 ,  0 ,  190 ,  15.20 ,  0.05 ,  2.58
28 ,  4 ,  1263905 ,  0 ,  190 ,  15.20 ,  0.05 ,  2.48
28 ,  4 ,  1263949 ,  0 ,  190 ,  15.09 ,  0.04 ,  2.48
28 ,  4 ,  1263993 ,  0 ,  190 ,  15.09 ,  0.04 ,  2.48
28 ,  4 ,  1264037 ,  0 ,  190 ,  14.98 ,  0.04 ,  2.48
28 ,  4 ,  1264083 ,  0 ,  190 ,  14.98 ,  0.05 ,  2.48
28 ,  4 ,  1264128 ,  0 ,  190 ,  14.87 ,  0.04 ,  2.48
28 ,  4 ,  1264171 ,  0 ,  190 ,  14.87 ,  0.05 ,  2.48
28 ,  4 ,  1264215 ,  0 ,  190 ,  14.87 ,  0.05 ,  2.48
28 ,  4 ,  1264259 ,  0 ,  190 ,  14.76 ,  0.04 ,  2.48
28 ,  4 ,  1264303 ,  0 ,  190 ,  14.76 ,  0.04 ,  2.38
28 ,  4 ,  1264346 ,  0 ,  190 ,  14.76 ,  0.04 ,  2.48
28 ,  4 ,  1264390 ,  0 ,  190 ,  14.65 ,  0.05 ,  2.38
28 ,  4 ,  1264434 ,  0 ,  190 ,  14.54 ,  0.04 ,  2.38
28 ,  4 ,  1264480 ,  0 ,  190 ,  14.54 ,  0.04 ,  2.38
28 ,  4 ,  1264524 ,  0 ,  190 ,  14.54 ,  0.04 ,  2.38
28 ,  4 ,  1264567 ,  0 ,  190 ,  14.43 ,  0.04 ,  2.38
28 ,  4 ,  1264611 ,  0 ,  190 ,  14.43 ,  0.04 ,  2.38
28 ,  4 ,  1264655 ,  0 ,  190 ,  14.43 ,  0.05 ,  2.38
28 ,  4 ,  1264699 ,  0 ,  190 ,  14.32 ,  0.05 ,  2.38
28 ,  4 ,  1264743 ,  0 ,  190 ,  14.32 ,  0.04 ,  2.38
28 ,  4 ,  1264786 ,  0 ,  190 ,  14.21 ,  0.04 ,  2.38
28 ,  4 ,  1264830 ,  0 ,  190 ,  14.21 ,  0.05 ,  2.38
28 ,  4 ,  1264876 ,  0 ,  190 ,  14.21 ,  0.04 ,  2.28
28 ,  4 ,  1264920 ,  0 ,  190 ,  14.21 ,  0.05 ,  2.38
28 ,  4 ,  1264964 ,  0 ,  190 ,  14.10 ,  0.05 ,  2.28
28 ,  4 ,  1265007 ,  0 ,  190 ,  13.99 ,  0.05 ,  2.28
28 ,  4 ,  1265051 ,  0 ,  190 ,  13.99 ,  0.04 ,  2.28
28 ,  4 ,  1265095 ,  0 ,  190 ,  14.10 ,  0.04 ,  2.28
28 ,  4 ,  1265139 ,  0 ,  190 ,  13.88 ,  0.05 ,  2.28
28 ,  4 ,  1265183 ,  0 ,  190 ,  13.99 ,  0.04 ,  2.28
28 ,  4 ,  1265226 ,  0 ,  190 ,  13.88 ,  0.05 ,  2.28
28 ,  4 ,  1265272 ,  0 ,  190 ,  13.77 ,  0.04 ,  2.28
28 ,  4 ,  1265316 ,  0 ,  190 ,  13.77 ,  0.04 ,  2.28
28 ,  4 ,  1265360 ,  0 ,  190 ,  13.77 ,  0.04 ,  2.28
28 ,  4 ,  1265404 ,  0 ,  190 ,  13.66 ,  0.04 ,  2.28
28 ,  4 ,  1265447 ,  0 ,  190 ,  13.66 ,  0.04 ,  2.28
28 ,  4 ,  1265491 ,  0 ,  190 ,  13.66 ,  0.04 ,  2.28
28 ,  4 ,  1265536 ,  0 ,  190 ,  13.55 ,  0.05 ,  2.18
28 ,  4 ,  1265580 ,  0 ,  190 ,  13.55 ,  0.04 ,  2.18
28 ,  4 ,  1265624 ,  0 ,  190 ,  13.44 ,  0.04 ,  2.18
28 ,  4 ,  1265670 ,  0 ,  190 ,  13.44 ,  0.04 ,  2.18
28 ,  4 ,  1265713 ,  0 ,  190 ,  13.44 ,  0.04 ,  2.18
28 ,  4 ,  1265757 ,  0 ,  190 ,  13.44 ,  0.04 ,  2.18
28 ,  4 ,  1265801 ,  0 ,  190 ,  13.33 ,  0.04 ,  2.18
28 ,  4 ,  1265845 ,  0 ,  190 ,  13.33 ,  0.04 ,  2.18
28 ,  4 ,  1265888 ,  0 ,  190 ,  13.22 ,  0.04 ,  2.18
28 ,  4 ,  1265932 ,  0 ,  190 ,  13.22 ,  0.05 ,  2.18
28 ,  4 ,  1265976 ,  0 ,  190 ,  13.22 ,  0.05 ,  2.18
28 ,  4 ,  1266020 ,  0 ,  190 ,  13.22 ,  0.04 ,  2.18
28 ,  4 ,  1266066 ,  0 ,  190 ,  13.11 ,  0.04 ,  2.18
28 ,  4 ,  1266110 ,  0 ,  190 ,  13.11 ,  0.04 ,  2.18
28 ,  4 ,  1266153 ,  0 ,  190 ,  13.00 ,  0.04 ,  2.08
28 ,  4 ,  1266197 ,  0 ,  190 ,  13.00 ,  0.05 ,  2.08
28 ,  4 ,  1266241 ,  0 ,  190 ,  13.00 ,  0.04 ,  2.08
28 ,  4 ,  1266285 ,  0 ,  190 ,  12.89 ,  0.04 ,  2.08
28 ,  4 ,  1266328 ,  0 ,  190 ,  12.89 ,  0.04 ,  2.08
28 ,  4 ,  1266372 ,  0 ,  190 ,  12.89 ,  0.05 ,  2.08
28 ,  4 ,  1266416 ,  0 ,  190 ,  12.78 ,  0.04 ,  2.08
28 ,  4 ,  1266458 ,  0 ,  190 ,  12.78 ,  0.04 ,  2.08
28 ,  4 ,  1266501 ,  0 ,  190 ,  12.67 ,  0.04 ,  2.08
28 ,  4 ,  1266545 ,  0 ,  190 ,  12.78 ,  0.04 ,  2.08
28 ,  4 ,  1266589 ,  0 ,  190 ,  12.67 ,  0.04 ,  2.08
28 ,  4 ,  1266633 ,  0 ,  190 ,  12.67 ,  0.04 ,  1.98
