MS, MPT, t (s), PWMi, PWMe, Pressure (Psi), LW (V), Displacement (mm)
28 ,  2 ,  1182643 ,  0 ,  190 ,  12.56 ,  0.04 ,  1.98
28 ,  2 ,  1182685 ,  255 ,  0 ,  12.45 ,  0.04 ,  1.98
28 ,  2 ,  1182727 ,  255 ,  0 ,  15.75 ,  0.05 ,  2.08
28 ,  2 ,  1182769 ,  255 ,  0 ,  32.82 ,  0.07 ,  4.37
28 ,  2 ,  1182811 ,  255 ,  0 ,  47.91 ,  0.14 ,  8.04
28 ,  2 ,  1182852 ,  255 ,  0 ,  58.04 ,  0.23 ,  11.61
28 ,  2 ,  1182895 ,  255 ,  0 ,  64.76 ,  0.32 ,  14.49
28 ,  2 ,  1182937 ,  255 ,  0 ,  69.38 ,  0.39 ,  16.27
28 ,  2 ,  1182981 ,  255 ,  0 ,  73.02 ,  0.44 ,  17.76
28 ,  2 ,  1183023 ,  255 ,  0 ,  75.77 ,  0.47 ,  18.65
28 ,  2 ,  1183064 ,  255 ,  0 ,  77.86 ,  0.48 ,  19.45
28 ,  2 ,  1183112 ,  255 ,  0 ,  79.96 ,  0.49 ,  20.14
28 ,  2 ,  1183154 ,  255 ,  0 ,  81.61 ,  0.50 ,  20.54
28 ,  2 ,  1183195 ,  255 ,  0 ,  83.04 ,  0.51 ,  21.03
28 ,  2 ,  1183237 ,  255 ,  0 ,  84.36 ,  0.51 ,  21.33
28 ,  2 ,  1183279 ,  255 ,  0 ,  85.68 ,  0.52 ,  21.73
28 ,  2 ,  1183320 ,  255 ,  0 ,  86.78 ,  0.52 ,  22.13
28 ,  2 ,  1183364 ,  255 ,  0 ,  88.00 ,  0.52 ,  22.42
28 ,  2 ,  1183406 ,  255 ,  0 ,  88.99 ,  0.52 ,  22.62
28 ,  2 ,  1183448 ,  255 ,  0 ,  89.87 ,  0.52 ,  22.92
28 ,  2 ,  1183489 ,  255 ,  0 ,  90.75 ,  0.52 ,  23.12
28 ,  2 ,  1183531 ,  255 ,  0 ,  91.63 ,  0.52 ,  23.32
28 ,  2 ,  1183572 ,  255 ,  0 ,  92.40 ,  0.52 ,  23.51
28 ,  2 ,  1183613 ,  255 ,  0 ,  93.06 ,  0.52 ,  23.61
28 ,  2 ,  1183655 ,  255 ,  0 ,  93.83 ,  0.52 ,  23.81
28 ,  2 ,  1183697 ,  255 ,  0 ,  94.38 ,  0.52 ,  23.91
28 ,  2 ,  1183741 ,  255 ,  0 ,  95.04 ,  0.52 ,  24.11
28 ,  2 ,  1183782 ,  255 ,  0 ,  95.48 ,  0.52 ,  24.21
28 ,  2 ,  1183824 ,  255 ,  0 ,  95.93 ,  0.52 ,  24.21
28 ,  2 ,  1183866 ,  255 ,  0 ,  96.26 ,  0.52 ,  24.41
28 ,  2 ,  1183907 ,  255 ,  0 ,  96.59 ,  0.52 ,  24.51
28 ,  2 ,  1183949 ,  255 ,  0 ,  96.70 ,  0.52 ,  24.51
28 ,  2 ,  1183991 ,  255 ,  0 ,  96.81 ,  0.52 ,  24.61
28 ,  2 ,  1184032 ,  255 ,  0 ,  96.92 ,  0.53 ,  24.61
28 ,  2 ,  1184076 ,  255 ,  0 ,  97.03 ,  0.52 ,  24.61
28 ,  2 ,  1184118 ,  255 ,  0 ,  97.03 ,  0.52 ,  24.71
28 ,  2 ,  1184160 ,  255 ,  0 ,  97.03 ,  0.52 ,  24.71
28 ,  2 ,  1184201 ,  255 ,  0 ,  97.03 ,  0.53 ,  24.71
28 ,  2 ,  1184243 ,  255 ,  0 ,  97.03 ,  0.53 ,  24.71
28 ,  2 ,  1184285 ,  255 ,  0 ,  97.03 ,  0.53 ,  24.80
28 ,  2 ,  1184326 ,  255 ,  0 ,  97.03 ,  0.52 ,  24.80
28 ,  2 ,  1184368 ,  255 ,  0 ,  97.03 ,  0.53 ,  24.80
28 ,  2 ,  1184410 ,  255 ,  0 ,  97.03 ,  0.53 ,  24.80
28 ,  2 ,  1184449 ,  255 ,  0 ,  97.03 ,  0.52 ,  24.80
28 ,  2 ,  1184491 ,  255 ,  0 ,  97.03 ,  0.52 ,  24.80
28 ,  2 ,  1184533 ,  255 ,  0 ,  97.03 ,  0.53 ,  24.90
28 ,  2 ,  1184574 ,  255 ,  0 ,  97.03 ,  0.53 ,  24.90
28 ,  2 ,  1184616 ,  255 ,  0 ,  97.03 ,  0.53 ,  24.90
28 ,  2 ,  1184658 ,  255 ,  0 ,  97.03 ,  0.53 ,  24.90
28 ,  2 ,  1184699 ,  255 ,  0 ,  97.03 ,  0.53 ,  24.90
28 ,  2 ,  1184741 ,  255 ,  0 ,  96.92 ,  0.53 ,  24.90
28 ,  2 ,  1184783 ,  255 ,  0 ,  96.92 ,  0.53 ,  24.90
28 ,  2 ,  1184827 ,  255 ,  0 ,  97.03 ,  0.53 ,  24.90
28 ,  2 ,  1184868 ,  255 ,  0 ,  97.03 ,  0.53 ,  25.00
28 ,  2 ,  1184910 ,  255 ,  0 ,  96.92 ,  0.53 ,  24.90
28 ,  2 ,  1184952 ,  255 ,  0 ,  97.03 ,  0.53 ,  24.90
28 ,  2 ,  1184993 ,  255 ,  0 ,  96.92 ,  0.53 ,  25.00
28 ,  2 ,  1185035 ,  255 ,  0 ,  96.92 ,  0.53 ,  25.00
28 ,  2 ,  1185077 ,  255 ,  0 ,  96.92 ,  0.53 ,  25.00
28 ,  2 ,  1185118 ,  255 ,  0 ,  96.92 ,  0.53 ,  25.00
28 ,  2 ,  1185160 ,  255 ,  0 ,  97.03 ,  0.52 ,  25.00
28 ,  2 ,  1185204 ,  255 ,  0 ,  97.03 ,  0.53 ,  25.00
28 ,  2 ,  1185245 ,  255 ,  0 ,  96.92 ,  0.53 ,  25.00
28 ,  2 ,  1185287 ,  255 ,  0 ,  96.92 ,  0.52 ,  25.00
28 ,  2 ,  1185329 ,  255 ,  0 ,  96.92 ,  0.52 ,  25.10
28 ,  2 ,  1185370 ,  255 ,  0 ,  96.92 ,  0.53 ,  25.10
28 ,  2 ,  1185412 ,  255 ,  0 ,  96.92 ,  0.53 ,  25.10
28 ,  2 ,  1185454 ,  255 ,  0 ,  96.92 ,  0.53 ,  25.10
28 ,  2 ,  1185496 ,  255 ,  0 ,  96.92 ,  0.53 ,  25.00
28 ,  2 ,  1185537 ,  255 ,  0 ,  96.92 ,  0.53 ,  25.10
28 ,  2 ,  1185581 ,  255 ,  0 ,  96.92 ,  0.53 ,  25.10
28 ,  2 ,  1185623 ,  0 ,  190 ,  96.92 ,  0.53 ,  25.10
28 ,  2 ,  1185664 ,  0 ,  190 ,  94.05 ,  0.53 ,  25.00
28 ,  2 ,  1185705 ,  0 ,  190 ,  89.21 ,  0.52 ,  24.51
28 ,  2 ,  1185747 ,  0 ,  190 ,  84.91 ,  0.52 ,  23.91
28 ,  2 ,  1185789 ,  0 ,  190 ,  81.28 ,  0.52 ,  23.32
28 ,  2 ,  1185830 ,  0 ,  190 ,  78.30 ,  0.52 ,  22.82
28 ,  2 ,  1185872 ,  0 ,  190 ,  75.77 ,  0.52 ,  22.32
28 ,  2 ,  1185914 ,  0 ,  190 ,  73.68 ,  0.51 ,  21.83
28 ,  2 ,  1185957 ,  0 ,  190 ,  71.70 ,  0.51 ,  21.33
28 ,  2 ,  1185999 ,  0 ,  190 ,  70.05 ,  0.50 ,  21.03
28 ,  2 ,  1186041 ,  0 ,  190 ,  68.61 ,  0.50 ,  20.64
28 ,  2 ,  1186082 ,  0 ,  190 ,  67.40 ,  0.50 ,  20.34
28 ,  2 ,  1186124 ,  0 ,  190 ,  66.41 ,  0.49 ,  20.04
28 ,  2 ,  1186166 ,  0 ,  190 ,  65.53 ,  0.49 ,  19.74
28 ,  2 ,  1186207 ,  0 ,  190 ,  64.65 ,  0.48 ,  19.45
28 ,  2 ,  1186249 ,  0 ,  190 ,  63.88 ,  0.48 ,  19.25
28 ,  2 ,  1186293 ,  0 ,  190 ,  63.22 ,  0.47 ,  19.05
28 ,  2 ,  1186335 ,  0 ,  190 ,  62.56 ,  0.47 ,  18.85
28 ,  2 ,  1186376 ,  0 ,  190 ,  62.12 ,  0.46 ,  18.65
28 ,  2 ,  1186418 ,  0 ,  190 ,  61.57 ,  0.46 ,  18.45
28 ,  2 ,  1186460 ,  0 ,  190 ,  61.13 ,  0.45 ,  18.36
28 ,  2 ,  1186501 ,  0 ,  190 ,  60.79 ,  0.44 ,  18.16
28 ,  2 ,  1186543 ,  0 ,  190 ,  60.35 ,  0.44 ,  18.06
28 ,  2 ,  1186585 ,  0 ,  190 ,  60.02 ,  0.43 ,  17.86
28 ,  2 ,  1186626 ,  0 ,  190 ,  59.69 ,  0.43 ,  17.86
28 ,  2 ,  1186670 ,  0 ,  190 ,  59.47 ,  0.43 ,  17.76
28 ,  2 ,  1186712 ,  0 ,  190 ,  59.14 ,  0.43 ,  17.66
28 ,  2 ,  1186754 ,  0 ,  190 ,  58.92 ,  0.42 ,  17.56
28 ,  2 ,  1186795 ,  0 ,  190 ,  58.59 ,  0.42 ,  17.46
28 ,  2 ,  1186837 ,  0 ,  190 ,  58.37 ,  0.41 ,  17.36
28 ,  2 ,  1186879 ,  0 ,  190 ,  58.15 ,  0.41 ,  17.26
28 ,  2 ,  1186921 ,  0 ,  190 ,  58.04 ,  0.41 ,  17.16
28 ,  2 ,  1186962 ,  0 ,  190 ,  57.82 ,  0.40 ,  17.16
28 ,  2 ,  1187004 ,  0 ,  190 ,  57.60 ,  0.40 ,  17.07
28 ,  2 ,  1187048 ,  0 ,  190 ,  57.38 ,  0.40 ,  16.97
28 ,  2 ,  1187090 ,  0 ,  190 ,  57.27 ,  0.39 ,  16.87
28 ,  2 ,  1187131 ,  0 ,  190 ,  57.16 ,  0.39 ,  16.87
28 ,  2 ,  1187173 ,  0 ,  190 ,  56.94 ,  0.39 ,  16.77
28 ,  2 ,  1187215 ,  0 ,  190 ,  56.83 ,  0.38 ,  16.67
28 ,  2 ,  1187256 ,  0 ,  190 ,  56.61 ,  0.38 ,  16.67
28 ,  2 ,  1187298 ,  0 ,  190 ,  56.50 ,  0.38 ,  16.67
28 ,  2 ,  1187340 ,  0 ,  190 ,  56.28 ,  0.38 ,  16.57
28 ,  2 ,  1187381 ,  0 ,  190 ,  56.17 ,  0.38 ,  16.47
28 ,  2 ,  1187425 ,  0 ,  190 ,  56.06 ,  0.37 ,  16.47
28 ,  2 ,  1187467 ,  0 ,  190 ,  55.84 ,  0.37 ,  16.47
28 ,  2 ,  1187509 ,  0 ,  190 ,  55.84 ,  0.37 ,  16.37
28 ,  2 ,  1187550 ,  0 ,  190 ,  55.62 ,  0.36 ,  16.27
28 ,  2 ,  1187592 ,  0 ,  190 ,  55.51 ,  0.36 ,  16.27
28 ,  2 ,  1187634 ,  0 ,  190 ,  55.40 ,  0.36 ,  16.17
28 ,  2 ,  1187675 ,  0 ,  190 ,  55.29 ,  0.36 ,  16.17
28 ,  2 ,  1187717 ,  0 ,  190 ,  55.07 ,  0.35 ,  16.07
28 ,  2 ,  1187759 ,  0 ,  190 ,  54.96 ,  0.35 ,  16.07
28 ,  2 ,  1187803 ,  0 ,  190 ,  54.85 ,  0.35 ,  16.07
28 ,  2 ,  1187844 ,  0 ,  190 ,  54.74 ,  0.35 ,  15.97
28 ,  2 ,  1187886 ,  0 ,  190 ,  54.63 ,  0.35 ,  15.88
28 ,  2 ,  1187928 ,  0 ,  190 ,  54.41 ,  0.34 ,  15.88
28 ,  2 ,  1187969 ,  0 ,  190 ,  54.41 ,  0.34 ,  15.88
28 ,  2 ,  1188011 ,  0 ,  190 ,  54.30 ,  0.34 ,  15.78
28 ,  2 ,  1188052 ,  0 ,  190 ,  54.08 ,  0.34 ,  15.78
28 ,  2 ,  1188093 ,  0 ,  190 ,  53.97 ,  0.34 ,  15.68
28 ,  2 ,  1188135 ,  0 ,  190 ,  53.86 ,  0.33 ,  15.68
28 ,  2 ,  1188179 ,  0 ,  190 ,  53.75 ,  0.33 ,  15.58
28 ,  2 ,  1188221 ,  0 ,  190 ,  53.64 ,  0.33 ,  15.58
28 ,  2 ,  1188262 ,  0 ,  190 ,  53.53 ,  0.33 ,  15.58
28 ,  2 ,  1188304 ,  0 ,  190 ,  53.42 ,  0.33 ,  15.48
28 ,  2 ,  1188346 ,  0 ,  190 ,  53.31 ,  0.33 ,  15.48
28 ,  2 ,  1188387 ,  0 ,  190 ,  53.20 ,  0.32 ,  15.38
28 ,  2 ,  1188429 ,  0 ,  190 ,  53.09 ,  0.32 ,  15.38
28 ,  2 ,  1188471 ,  0 ,  190 ,  52.87 ,  0.32 ,  15.28
28 ,  2 ,  1188514 ,  0 ,  190 ,  52.76 ,  0.32 ,  15.28
28 ,  2 ,  1188556 ,  0 ,  190 ,  52.65 ,  0.31 ,  15.18
28 ,  2 ,  1188598 ,  0 ,  190 ,  52.54 ,  0.31 ,  15.18
28 ,  2 ,  1188639 ,  0 ,  190 ,  52.31 ,  0.31 ,  15.08
28 ,  2 ,  1188681 ,  0 ,  190 ,  52.31 ,  0.31 ,  15.08
28 ,  2 ,  1188723 ,  0 ,  190 ,  52.20 ,  0.31 ,  15.08
28 ,  2 ,  1188764 ,  0 ,  190 ,  51.98 ,  0.30 ,  14.98
28 ,  2 ,  1188806 ,  0 ,  190 ,  51.98 ,  0.30 ,  14.98
28 ,  2 ,  1188848 ,  0 ,  190 ,  51.76 ,  0.30 ,  14.88
28 ,  2 ,  1188892 ,  0 ,  190 ,  51.65 ,  0.30 ,  14.88
28 ,  2 ,  1188933 ,  0 ,  190 ,  51.54 ,  0.30 ,  14.78
28 ,  2 ,  1188975 ,  0 ,  190 ,  51.43 ,  0.30 ,  14.78
28 ,  2 ,  1189017 ,  0 ,  190 ,  51.32 ,  0.29 ,  14.78
28 ,  2 ,  1189058 ,  0 ,  190 ,  51.21 ,  0.29 ,  14.59
28 ,  2 ,  1189100 ,  0 ,  190 ,  51.10 ,  0.29 ,  14.68
28 ,  2 ,  1189142 ,  0 ,  190 ,  50.99 ,  0.28 ,  14.59
28 ,  2 ,  1189183 ,  0 ,  190 ,  50.77 ,  0.28 ,  14.49
28 ,  2 ,  1189225 ,  0 ,  190 ,  50.77 ,  0.28 ,  14.49
28 ,  2 ,  1189269 ,  0 ,  190 ,  50.66 ,  0.28 ,  14.49
28 ,  2 ,  1189311 ,  0 ,  190 ,  50.55 ,  0.28 ,  14.39
28 ,  2 ,  1189352 ,  0 ,  190 ,  50.33 ,  0.28 ,  14.39
28 ,  2 ,  1189394 ,  0 ,  190 ,  50.22 ,  0.27 ,  14.29
28 ,  2 ,  1189436 ,  0 ,  190 ,  50.11 ,  0.27 ,  14.29
28 ,  2 ,  1189477 ,  0 ,  190 ,  50.00 ,  0.27 ,  14.19
28 ,  2 ,  1189519 ,  0 ,  190 ,  49.89 ,  0.27 ,  14.19
28 ,  2 ,  1189561 ,  0 ,  190 ,  49.78 ,  0.27 ,  14.09
28 ,  2 ,  1189602 ,  0 ,  190 ,  49.67 ,  0.26 ,  14.09
28 ,  2 ,  1189646 ,  0 ,  190 ,  49.56 ,  0.26 ,  14.09
28 ,  2 ,  1189688 ,  0 ,  190 ,  49.45 ,  0.26 ,  13.99
28 ,  2 ,  1189729 ,  0 ,  190 ,  49.34 ,  0.26 ,  13.89
28 ,  2 ,  1189771 ,  0 ,  190 ,  49.23 ,  0.26 ,  13.89
28 ,  2 ,  1189813 ,  0 ,  190 ,  49.01 ,  0.26 ,  13.79
28 ,  2 ,  1189854 ,  0 ,  190 ,  48.90 ,  0.25 ,  13.79
28 ,  2 ,  1189896 ,  0 ,  190 ,  48.90 ,  0.25 ,  13.79
28 ,  2 ,  1189938 ,  0 ,  190 ,  48.68 ,  0.25 ,  13.69
28 ,  2 ,  1189979 ,  0 ,  190 ,  48.57 ,  0.24 ,  13.69
28 ,  2 ,  1190023 ,  0 ,  190 ,  48.46 ,  0.24 ,  13.59
28 ,  2 ,  1190065 ,  0 ,  190 ,  48.35 ,  0.25 ,  13.59
28 ,  2 ,  1190107 ,  0 ,  190 ,  48.24 ,  0.24 ,  13.49
28 ,  2 ,  1190148 ,  0 ,  190 ,  48.13 ,  0.24 ,  13.49
28 ,  2 ,  1190190 ,  0 ,  190 ,  48.02 ,  0.24 ,  13.39
28 ,  2 ,  1190232 ,  0 ,  190 ,  47.91 ,  0.24 ,  13.39
28 ,  2 ,  1190273 ,  0 ,  190 ,  47.80 ,  0.24 ,  13.39
28 ,  2 ,  1190315 ,  0 ,  190 ,  47.69 ,  0.23 ,  13.30
28 ,  2 ,  1190356 ,  0 ,  190 ,  47.58 ,  0.23 ,  13.30
28 ,  2 ,  1190400 ,  0 ,  190 ,  47.47 ,  0.23 ,  13.20
28 ,  2 ,  1190441 ,  0 ,  190 ,  47.36 ,  0.23 ,  13.20
28 ,  2 ,  1190483 ,  0 ,  190 ,  47.25 ,  0.23 ,  13.10
28 ,  2 ,  1190524 ,  0 ,  190 ,  47.14 ,  0.22 ,  13.10
28 ,  2 ,  1190566 ,  0 ,  190 ,  47.03 ,  0.22 ,  13.00
28 ,  2 ,  1190608 ,  0 ,  190 ,  46.92 ,  0.22 ,  13.00
28 ,  2 ,  1190649 ,  0 ,  190 ,  46.81 ,  0.22 ,  12.90
28 ,  2 ,  1190691 ,  0 ,  190 ,  46.70 ,  0.22 ,  12.90
28 ,  2 ,  1190739 ,  0 ,  190 ,  46.59 ,  0.22 ,  12.80
28 ,  2 ,  1190781 ,  0 ,  190 ,  46.48 ,  0.22 ,  12.80
28 ,  2 ,  1190823 ,  0 ,  190 ,  46.37 ,  0.22 ,  12.70
28 ,  2 ,  1190864 ,  0 ,  190 ,  46.26 ,  0.22 ,  12.70
28 ,  2 ,  1190906 ,  0 ,  190 ,  46.04 ,  0.21 ,  12.60
28 ,  2 ,  1190948 ,  0 ,  190 ,  46.04 ,  0.21 ,  12.60
28 ,  2 ,  1190989 ,  0 ,  190 ,  45.93 ,  0.21 ,  12.60
28 ,  2 ,  1191031 ,  0 ,  190 ,  45.82 ,  0.21 ,  12.50
28 ,  2 ,  1191073 ,  0 ,  190 ,  45.71 ,  0.21 ,  12.40
28 ,  2 ,  1191116 ,  0 ,  190 ,  45.60 ,  0.20 ,  12.40
28 ,  2 ,  1191158 ,  0 ,  190 ,  45.38 ,  0.20 ,  12.40
28 ,  2 ,  1191200 ,  0 ,  190 ,  45.38 ,  0.20 ,  12.30
28 ,  2 ,  1191241 ,  0 ,  190 ,  45.27 ,  0.20 ,  12.30
28 ,  2 ,  1191283 ,  0 ,  190 ,  45.16 ,  0.20 ,  12.20
28 ,  2 ,  1191325 ,  0 ,  190 ,  45.05 ,  0.20 ,  12.20
28 ,  2 ,  1191366 ,  0 ,  190 ,  44.94 ,  0.19 ,  12.10
28 ,  2 ,  1191408 ,  0 ,  190 ,  44.83 ,  0.19 ,  12.10
28 ,  2 ,  1191450 ,  0 ,  190 ,  44.72 ,  0.19 ,  12.01
28 ,  2 ,  1191494 ,  0 ,  190 ,  44.61 ,  0.19 ,  12.01
28 ,  2 ,  1191535 ,  0 ,  190 ,  44.50 ,  0.19 ,  12.01
28 ,  2 ,  1191577 ,  0 ,  190 ,  44.39 ,  0.19 ,  11.91
28 ,  2 ,  1191619 ,  0 ,  190 ,  44.39 ,  0.19 ,  11.91
28 ,  2 ,  1191660 ,  0 ,  190 ,  44.17 ,  0.19 ,  11.81
28 ,  2 ,  1191702 ,  0 ,  190 ,  44.17 ,  0.18 ,  11.81
28 ,  2 ,  1191744 ,  0 ,  190 ,  44.06 ,  0.18 ,  11.71
28 ,  2 ,  1191785 ,  0 ,  190 ,  43.95 ,  0.18 ,  11.71
28 ,  2 ,  1191827 ,  0 ,  190 ,  43.72 ,  0.18 ,  11.71
28 ,  2 ,  1191871 ,  0 ,  190 ,  43.61 ,  0.18 ,  11.61
28 ,  2 ,  1191913 ,  0 ,  190 ,  43.50 ,  0.17 ,  11.61
28 ,  2 ,  1191954 ,  0 ,  190 ,  43.39 ,  0.17 ,  11.51
28 ,  2 ,  1191996 ,  0 ,  190 ,  43.39 ,  0.17 ,  11.51
28 ,  2 ,  1192037 ,  0 ,  190 ,  43.28 ,  0.17 ,  11.41
28 ,  2 ,  1192079 ,  0 ,  190 ,  43.06 ,  0.17 ,  11.41
28 ,  2 ,  1192121 ,  0 ,  190 ,  43.06 ,  0.17 ,  11.31
28 ,  2 ,  1192162 ,  0 ,  190 ,  42.95 ,  0.16 ,  11.31
28 ,  2 ,  1192204 ,  0 ,  190 ,  42.84 ,  0.16 ,  11.31
28 ,  2 ,  1192248 ,  0 ,  190 ,  42.73 ,  0.16 ,  11.21
28 ,  2 ,  1192290 ,  0 ,  190 ,  42.62 ,  0.16 ,  11.21
28 ,  2 ,  1192331 ,  0 ,  190 ,  42.51 ,  0.16 ,  11.11
28 ,  2 ,  1192373 ,  0 ,  190 ,  42.40 ,  0.16 ,  11.01
28 ,  2 ,  1192415 ,  0 ,  190 ,  42.29 ,  0.16 ,  11.11
28 ,  2 ,  1192456 ,  0 ,  190 ,  42.18 ,  0.16 ,  11.01
28 ,  2 ,  1192498 ,  0 ,  190 ,  42.07 ,  0.16 ,  11.01
28 ,  2 ,  1192540 ,  0 ,  190 ,  41.96 ,  0.15 ,  10.91
28 ,  2 ,  1192581 ,  0 ,  190 ,  41.85 ,  0.15 ,  10.91
28 ,  2 ,  1192625 ,  0 ,  190 ,  41.74 ,  0.15 ,  10.81
28 ,  2 ,  1192667 ,  0 ,  190 ,  41.74 ,  0.15 ,  10.81
28 ,  2 ,  1192708 ,  0 ,  190 ,  41.63 ,  0.15 ,  10.72
28 ,  2 ,  1192750 ,  0 ,  190 ,  41.52 ,  0.15 ,  10.72
28 ,  2 ,  1192792 ,  0 ,  190 ,  41.41 ,  0.14 ,  10.72
28 ,  2 ,  1192834 ,  0 ,  190 ,  41.30 ,  0.14 ,  10.62
28 ,  2 ,  1192875 ,  0 ,  190 ,  41.19 ,  0.14 ,  10.62
28 ,  2 ,  1192916 ,  0 ,  190 ,  41.08 ,  0.14 ,  10.52
28 ,  2 ,  1192961 ,  0 ,  190 ,  40.97 ,  0.14 ,  10.52
28 ,  2 ,  1193001 ,  0 ,  190 ,  40.86 ,  0.14 ,  10.42
28 ,  2 ,  1193043 ,  0 ,  190 ,  40.75 ,  0.14 ,  10.42
28 ,  2 ,  1193085 ,  0 ,  190 ,  40.64 ,  0.14 ,  10.42
28 ,  2 ,  1193126 ,  0 ,  190 ,  40.53 ,  0.14 ,  10.32
28 ,  2 ,  1193168 ,  0 ,  190 ,  40.42 ,  0.13 ,  10.32
28 ,  2 ,  1193210 ,  0 ,  190 ,  40.42 ,  0.13 ,  10.22
28 ,  2 ,  1193251 ,  0 ,  190 ,  40.20 ,  0.13 ,  10.22
28 ,  2 ,  1193293 ,  0 ,  190 ,  40.09 ,  0.13 ,  10.12
28 ,  2 ,  1193337 ,  0 ,  190 ,  40.09 ,  0.13 ,  10.12
28 ,  2 ,  1193379 ,  0 ,  190 ,  39.98 ,  0.13 ,  10.12
28 ,  2 ,  1193420 ,  0 ,  190 ,  39.87 ,  0.13 ,  10.02
28 ,  2 ,  1193462 ,  0 ,  190 ,  39.76 ,  0.12 ,  10.02
28 ,  2 ,  1193504 ,  0 ,  190 ,  39.65 ,  0.13 ,  10.02
28 ,  2 ,  1193546 ,  0 ,  190 ,  39.65 ,  0.12 ,  9.92
28 ,  2 ,  1193587 ,  0 ,  190 ,  39.43 ,  0.13 ,  9.92
28 ,  2 ,  1193629 ,  0 ,  190 ,  39.32 ,  0.12 ,  9.92
28 ,  2 ,  1193671 ,  0 ,  190 ,  39.32 ,  0.12 ,  9.82
28 ,  2 ,  1193715 ,  0 ,  190 ,  39.21 ,  0.12 ,  9.72
28 ,  2 ,  1193756 ,  0 ,  190 ,  39.10 ,  0.12 ,  9.72
28 ,  2 ,  1193798 ,  0 ,  190 ,  38.99 ,  0.12 ,  9.72
28 ,  2 ,  1193840 ,  0 ,  190 ,  38.88 ,  0.12 ,  9.72
28 ,  2 ,  1193882 ,  0 ,  190 ,  38.77 ,  0.12 ,  9.62
28 ,  2 ,  1193923 ,  0 ,  190 ,  38.66 ,  0.12 ,  9.62
28 ,  2 ,  1193965 ,  0 ,  190 ,  38.66 ,  0.11 ,  9.53
28 ,  2 ,  1194007 ,  0 ,  190 ,  38.44 ,  0.11 ,  9.53
28 ,  2 ,  1194049 ,  0 ,  190 ,  38.44 ,  0.11 ,  9.43
28 ,  2 ,  1194093 ,  0 ,  190 ,  38.33 ,  0.11 ,  9.43
28 ,  2 ,  1194134 ,  0 ,  190 ,  38.22 ,  0.11 ,  9.33
28 ,  2 ,  1194176 ,  0 ,  190 ,  38.11 ,  0.11 ,  9.33
28 ,  2 ,  1194218 ,  0 ,  190 ,  38.00 ,  0.11 ,  9.33
28 ,  2 ,  1194259 ,  0 ,  190 ,  38.00 ,  0.11 ,  9.23
28 ,  2 ,  1194301 ,  0 ,  190 ,  37.89 ,  0.11 ,  9.23
28 ,  2 ,  1194343 ,  0 ,  190 ,  37.78 ,  0.11 ,  9.13
28 ,  2 ,  1194384 ,  0 ,  190 ,  37.67 ,  0.11 ,  9.13
28 ,  2 ,  1194426 ,  0 ,  190 ,  37.56 ,  0.11 ,  9.13
28 ,  2 ,  1194479 ,  0 ,  190 ,  37.45 ,  0.11 ,  9.03
28 ,  2 ,  1194524 ,  0 ,  190 ,  37.34 ,  0.11 ,  9.03
28 ,  2 ,  1194568 ,  0 ,  190 ,  37.23 ,  0.10 ,  8.93
28 ,  2 ,  1194611 ,  0 ,  190 ,  37.23 ,  0.10 ,  8.93
28 ,  2 ,  1194655 ,  0 ,  190 ,  37.01 ,  0.10 ,  8.83
28 ,  2 ,  1194699 ,  0 ,  190 ,  36.90 ,  0.10 ,  8.83
28 ,  2 ,  1194743 ,  0 ,  190 ,  36.79 ,  0.10 ,  8.83
28 ,  2 ,  1194787 ,  0 ,  190 ,  36.68 ,  0.09 ,  8.83
28 ,  2 ,  1194831 ,  0 ,  190 ,  36.57 ,  0.10 ,  8.73
28 ,  2 ,  1194877 ,  0 ,  190 ,  36.57 ,  0.10 ,  8.73
28 ,  2 ,  1194920 ,  0 ,  190 ,  36.46 ,  0.10 ,  8.63
28 ,  2 ,  1194964 ,  0 ,  190 ,  36.35 ,  0.09 ,  8.63
28 ,  2 ,  1195009 ,  0 ,  190 ,  36.24 ,  0.10 ,  8.63
28 ,  2 ,  1195052 ,  0 ,  190 ,  36.13 ,  0.10 ,  8.53
28 ,  2 ,  1195096 ,  0 ,  190 ,  36.13 ,  0.09 ,  8.53
28 ,  2 ,  1195140 ,  0 ,  190 ,  35.91 ,  0.09 ,  8.43
28 ,  2 ,  1195183 ,  0 ,  190 ,  35.91 ,  0.09 ,  8.43
28 ,  2 ,  1195227 ,  0 ,  190 ,  35.69 ,  0.09 ,  8.43
28 ,  2 ,  1195273 ,  0 ,  190 ,  35.69 ,  0.10 ,  8.33
28 ,  2 ,  1195317 ,  0 ,  190 ,  35.58 ,  0.09 ,  8.33
28 ,  2 ,  1195360 ,  0 ,  190 ,  35.47 ,  0.09 ,  8.33
28 ,  2 ,  1195404 ,  0 ,  190 ,  35.36 ,  0.09 ,  8.24
28 ,  2 ,  1195448 ,  0 ,  190 ,  35.25 ,  0.10 ,  8.24
28 ,  2 ,  1195491 ,  0 ,  190 ,  35.25 ,  0.09 ,  8.24
28 ,  2 ,  1195535 ,  0 ,  190 ,  35.13 ,  0.09 ,  8.14
28 ,  2 ,  1195579 ,  0 ,  190 ,  35.02 ,  0.09 ,  8.14
28 ,  2 ,  1195622 ,  0 ,  190 ,  34.91 ,  0.09 ,  8.14
28 ,  2 ,  1195668 ,  0 ,  190 ,  34.80 ,  0.09 ,  8.04
28 ,  2 ,  1195712 ,  0 ,  190 ,  34.69 ,  0.09 ,  7.94
28 ,  2 ,  1195756 ,  0 ,  190 ,  34.58 ,  0.09 ,  8.04
28 ,  2 ,  1195799 ,  0 ,  190 ,  34.47 ,  0.08 ,  7.94
28 ,  2 ,  1195843 ,  0 ,  190 ,  34.36 ,  0.09 ,  7.94
28 ,  2 ,  1195887 ,  0 ,  190 ,  34.36 ,  0.08 ,  7.84
28 ,  2 ,  1195930 ,  0 ,  190 ,  34.25 ,  0.08 ,  7.84
28 ,  2 ,  1195974 ,  0 ,  190 ,  34.14 ,  0.08 ,  7.84
28 ,  2 ,  1196018 ,  0 ,  190 ,  34.03 ,  0.09 ,  7.74
28 ,  2 ,  1196063 ,  0 ,  190 ,  33.92 ,  0.08 ,  7.74
28 ,  2 ,  1196107 ,  0 ,  190 ,  33.81 ,  0.08 ,  7.74
28 ,  2 ,  1196151 ,  0 ,  190 ,  33.81 ,  0.08 ,  7.64
28 ,  2 ,  1196194 ,  0 ,  190 ,  33.59 ,  0.08 ,  7.64
28 ,  2 ,  1196238 ,  0 ,  190 ,  33.59 ,  0.08 ,  7.64
28 ,  2 ,  1196282 ,  0 ,  190 ,  33.48 ,  0.08 ,  7.54
28 ,  2 ,  1196325 ,  0 ,  190 ,  33.37 ,  0.08 ,  7.54
28 ,  2 ,  1196369 ,  0 ,  190 ,  33.37 ,  0.08 ,  7.54
28 ,  2 ,  1196413 ,  0 ,  190 ,  33.15 ,  0.08 ,  7.44
28 ,  2 ,  1196460 ,  0 ,  190 ,  33.15 ,  0.08 ,  7.44
28 ,  2 ,  1196503 ,  0 ,  190 ,  32.93 ,  0.08 ,  7.44
28 ,  2 ,  1196547 ,  0 ,  190 ,  32.93 ,  0.08 ,  7.34
28 ,  2 ,  1196591 ,  0 ,  190 ,  32.82 ,  0.08 ,  7.34
28 ,  2 ,  1196634 ,  0 ,  190 ,  32.71 ,  0.08 ,  7.34
28 ,  2 ,  1196678 ,  0 ,  190 ,  32.71 ,  0.08 ,  7.24
28 ,  2 ,  1196722 ,  0 ,  190 ,  32.60 ,  0.08 ,  7.24
28 ,  2 ,  1196765 ,  0 ,  190 ,  32.49 ,  0.08 ,  7.24
28 ,  2 ,  1196809 ,  0 ,  190 ,  32.38 ,  0.08 ,  7.14
28 ,  2 ,  1196855 ,  0 ,  190 ,  32.27 ,  0.08 ,  7.14
28 ,  2 ,  1196899 ,  0 ,  190 ,  32.27 ,  0.08 ,  7.14
28 ,  2 ,  1196942 ,  0 ,  190 ,  32.05 ,  0.07 ,  7.04
28 ,  2 ,  1196986 ,  0 ,  190 ,  32.05 ,  0.08 ,  7.04
28 ,  2 ,  1197030 ,  0 ,  190 ,  31.94 ,  0.07 ,  7.04
28 ,  2 ,  1197073 ,  0 ,  190 ,  31.83 ,  0.07 ,  6.95
28 ,  2 ,  1197117 ,  0 ,  190 ,  31.72 ,  0.07 ,  6.95
28 ,  2 ,  1197161 ,  0 ,  190 ,  31.61 ,  0.07 ,  6.95
28 ,  2 ,  1197204 ,  0 ,  190 ,  31.50 ,  0.07 ,  6.85
28 ,  2 ,  1197250 ,  0 ,  190 ,  31.50 ,  0.08 ,  6.85
28 ,  2 ,  1197294 ,  0 ,  190 ,  31.39 ,  0.07 ,  6.85
28 ,  2 ,  1197337 ,  0 ,  190 ,  31.28 ,  0.07 ,  6.85
28 ,  2 ,  1197381 ,  0 ,  190 ,  31.17 ,  0.07 ,  6.75
28 ,  2 ,  1197425 ,  0 ,  190 ,  31.06 ,  0.07 ,  6.75
28 ,  2 ,  1197468 ,  0 ,  190 ,  31.06 ,  0.07 ,  6.75
28 ,  2 ,  1197512 ,  0 ,  190 ,  30.95 ,  0.08 ,  6.65
28 ,  2 ,  1197556 ,  0 ,  190 ,  30.84 ,  0.07 ,  6.65
28 ,  2 ,  1197599 ,  0 ,  190 ,  30.73 ,  0.07 ,  6.65
28 ,  2 ,  1197645 ,  0 ,  190 ,  30.62 ,  0.07 ,  6.55
28 ,  2 ,  1197689 ,  0 ,  190 ,  30.62 ,  0.07 ,  6.55
28 ,  2 ,  1197733 ,  0 ,  190 ,  30.51 ,  0.07 ,  6.55
28 ,  2 ,  1197776 ,  0 ,  190 ,  30.40 ,  0.07 ,  6.55
28 ,  2 ,  1197820 ,  0 ,  190 ,  30.29 ,  0.07 ,  6.45
28 ,  2 ,  1197864 ,  0 ,  190 ,  30.29 ,  0.07 ,  6.45
28 ,  2 ,  1197907 ,  0 ,  190 ,  30.18 ,  0.07 ,  6.35
28 ,  2 ,  1197952 ,  0 ,  190 ,  30.07 ,  0.06 ,  6.35
28 ,  2 ,  1197996 ,  0 ,  190 ,  29.96 ,  0.07 ,  6.35
28 ,  2 ,  1198042 ,  0 ,  190 ,  29.85 ,  0.07 ,  6.25
28 ,  2 ,  1198085 ,  0 ,  190 ,  29.74 ,  0.07 ,  6.25
28 ,  2 ,  1198129 ,  0 ,  190 ,  29.74 ,  0.07 ,  6.25
28 ,  2 ,  1198173 ,  0 ,  190 ,  29.63 ,  0.07 ,  6.25
28 ,  2 ,  1198216 ,  0 ,  190 ,  29.52 ,  0.06 ,  6.25
28 ,  2 ,  1198260 ,  0 ,  190 ,  29.41 ,  0.06 ,  6.15
28 ,  2 ,  1198304 ,  0 ,  190 ,  29.30 ,  0.07 ,  6.15
28 ,  2 ,  1198347 ,  0 ,  190 ,  29.19 ,  0.07 ,  6.15
28 ,  2 ,  1198391 ,  0 ,  190 ,  29.19 ,  0.07 ,  6.05
28 ,  2 ,  1198437 ,  0 ,  190 ,  29.08 ,  0.07 ,  6.05
28 ,  2 ,  1198481 ,  0 ,  190 ,  28.97 ,  0.06 ,  6.05
28 ,  2 ,  1198525 ,  0 ,  190 ,  28.97 ,  0.06 ,  5.95
28 ,  2 ,  1198568 ,  0 ,  190 ,  28.86 ,  0.07 ,  5.95
28 ,  2 ,  1198612 ,  0 ,  190 ,  28.75 ,  0.06 ,  5.95
28 ,  2 ,  1198656 ,  0 ,  190 ,  28.64 ,  0.06 ,  5.95
28 ,  2 ,  1198699 ,  0 ,  190 ,  28.53 ,  0.06 ,  5.85
28 ,  2 ,  1198749 ,  0 ,  190 ,  28.53 ,  0.06 ,  5.85
28 ,  2 ,  1198793 ,  0 ,  190 ,  28.42 ,  0.07 ,  5.85
28 ,  2 ,  1198839 ,  0 ,  190 ,  28.31 ,  0.06 ,  5.85
28 ,  2 ,  1198882 ,  0 ,  190 ,  28.20 ,  0.06 ,  5.75
28 ,  2 ,  1198926 ,  0 ,  190 ,  28.20 ,  0.06 ,  5.75
28 ,  2 ,  1198970 ,  0 ,  190 ,  28.09 ,  0.06 ,  5.66
28 ,  2 ,  1199013 ,  0 ,  190 ,  27.98 ,  0.06 ,  5.75
28 ,  2 ,  1199057 ,  0 ,  190 ,  27.98 ,  0.06 ,  5.75
28 ,  2 ,  1199100 ,  0 ,  190 ,  27.87 ,  0.06 ,  5.66
28 ,  2 ,  1199144 ,  0 ,  190 ,  27.65 ,  0.06 ,  5.66
28 ,  2 ,  1199188 ,  0 ,  190 ,  27.65 ,  0.06 ,  5.66
28 ,  2 ,  1199235 ,  0 ,  190 ,  27.54 ,  0.06 ,  5.56
28 ,  2 ,  1199278 ,  0 ,  190 ,  27.54 ,  0.06 ,  5.56
28 ,  2 ,  1199322 ,  0 ,  190 ,  27.43 ,  0.06 ,  5.56
28 ,  2 ,  1199366 ,  0 ,  190 ,  27.32 ,  0.06 ,  5.56
28 ,  2 ,  1199409 ,  0 ,  190 ,  27.21 ,  0.06 ,  5.46
28 ,  2 ,  1199453 ,  0 ,  190 ,  27.21 ,  0.06 ,  5.46
28 ,  2 ,  1199497 ,  0 ,  190 ,  27.10 ,  0.06 ,  5.46
28 ,  2 ,  1199540 ,  0 ,  190 ,  26.99 ,  0.06 ,  5.46
28 ,  2 ,  1199584 ,  0 ,  190 ,  26.88 ,  0.06 ,  5.46
28 ,  2 ,  1199630 ,  0 ,  190 ,  26.88 ,  0.06 ,  5.36
28 ,  2 ,  1199674 ,  0 ,  190 ,  26.77 ,  0.06 ,  5.36
28 ,  2 ,  1199717 ,  0 ,  190 ,  26.77 ,  0.06 ,  5.36
28 ,  2 ,  1199761 ,  0 ,  190 ,  26.55 ,  0.06 ,  5.26
28 ,  2 ,  1199805 ,  0 ,  190 ,  26.55 ,  0.06 ,  5.26
28 ,  2 ,  1199848 ,  0 ,  190 ,  26.43 ,  0.06 ,  5.26
28 ,  2 ,  1199892 ,  0 ,  190 ,  26.32 ,  0.06 ,  5.26
28 ,  2 ,  1199936 ,  0 ,  190 ,  26.21 ,  0.06 ,  5.26
28 ,  2 ,  1199979 ,  0 ,  190 ,  26.21 ,  0.06 ,  5.16
28 ,  2 ,  1200025 ,  0 ,  190 ,  26.10 ,  0.06 ,  5.16
28 ,  2 ,  1200069 ,  0 ,  190 ,  26.10 ,  0.06 ,  5.16
28 ,  2 ,  1200112 ,  0 ,  190 ,  25.99 ,  0.06 ,  5.16
28 ,  2 ,  1200156 ,  0 ,  190 ,  25.88 ,  0.06 ,  5.06
28 ,  2 ,  1200200 ,  0 ,  190 ,  25.77 ,  0.06 ,  5.06
28 ,  2 ,  1200243 ,  0 ,  190 ,  25.66 ,  0.06 ,  5.06
28 ,  2 ,  1200287 ,  0 ,  190 ,  25.55 ,  0.06 ,  5.06
28 ,  2 ,  1200331 ,  0 ,  190 ,  25.55 ,  0.06 ,  4.96
28 ,  2 ,  1200374 ,  0 ,  190 ,  25.44 ,  0.06 ,  4.96
28 ,  2 ,  1200420 ,  0 ,  190 ,  25.44 ,  0.05 ,  4.96
28 ,  2 ,  1200464 ,  0 ,  190 ,  25.33 ,  0.06 ,  4.96
28 ,  2 ,  1200508 ,  0 ,  190 ,  25.22 ,  0.06 ,  4.96
28 ,  2 ,  1200551 ,  0 ,  190 ,  25.11 ,  0.06 ,  4.96
28 ,  2 ,  1200595 ,  0 ,  190 ,  25.11 ,  0.06 ,  4.86
28 ,  2 ,  1200640 ,  0 ,  190 ,  25.00 ,  0.06 ,  4.86
28 ,  2 ,  1200683 ,  0 ,  190 ,  25.00 ,  0.06 ,  4.86
28 ,  2 ,  1200727 ,  0 ,  190 ,  24.78 ,  0.06 ,  4.86
28 ,  2 ,  1200771 ,  0 ,  190 ,  24.78 ,  0.06 ,  4.76
28 ,  2 ,  1200816 ,  0 ,  190 ,  24.67 ,  0.06 ,  4.76
28 ,  2 ,  1200860 ,  0 ,  190 ,  24.67 ,  0.06 ,  4.76
28 ,  2 ,  1200904 ,  0 ,  190 ,  24.56 ,  0.06 ,  4.76
28 ,  2 ,  1200947 ,  0 ,  190 ,  24.45 ,  0.06 ,  4.76
28 ,  2 ,  1200991 ,  0 ,  190 ,  24.45 ,  0.06 ,  4.66
28 ,  2 ,  1201035 ,  0 ,  190 ,  24.34 ,  0.06 ,  4.66
28 ,  2 ,  1201078 ,  0 ,  190 ,  24.23 ,  0.06 ,  4.66
28 ,  2 ,  1201122 ,  0 ,  190 ,  24.12 ,  0.05 ,  4.56
28 ,  2 ,  1201166 ,  0 ,  190 ,  24.12 ,  0.06 ,  4.66
28 ,  2 ,  1201212 ,  0 ,  190 ,  24.01 ,  0.06 ,  4.56
28 ,  2 ,  1201255 ,  0 ,  190 ,  24.01 ,  0.06 ,  4.56
28 ,  2 ,  1201299 ,  0 ,  190 ,  23.90 ,  0.06 ,  4.56
28 ,  2 ,  1201343 ,  0 ,  190 ,  23.90 ,  0.05 ,  4.56
28 ,  2 ,  1201386 ,  0 ,  190 ,  23.79 ,  0.06 ,  4.46
28 ,  2 ,  1201430 ,  0 ,  190 ,  23.68 ,  0.06 ,  4.46
28 ,  2 ,  1201474 ,  0 ,  190 ,  23.68 ,  0.06 ,  4.46
28 ,  2 ,  1201517 ,  0 ,  190 ,  23.57 ,  0.05 ,  4.46
28 ,  2 ,  1201561 ,  0 ,  190 ,  23.46 ,  0.06 ,  4.46
28 ,  2 ,  1201607 ,  0 ,  190 ,  23.35 ,  0.06 ,  4.46
28 ,  2 ,  1201650 ,  0 ,  190 ,  23.35 ,  0.06 ,  4.37
28 ,  2 ,  1201694 ,  0 ,  190 ,  23.24 ,  0.05 ,  4.37
28 ,  2 ,  1201738 ,  0 ,  190 ,  23.13 ,  0.05 ,  4.37
28 ,  2 ,  1201781 ,  0 ,  190 ,  23.13 ,  0.05 ,  4.37
28 ,  2 ,  1201825 ,  0 ,  190 ,  23.02 ,  0.05 ,  4.27
28 ,  2 ,  1201869 ,  0 ,  190 ,  22.91 ,  0.06 ,  4.37
28 ,  2 ,  1201912 ,  0 ,  190 ,  22.91 ,  0.06 ,  4.27
28 ,  2 ,  1201956 ,  0 ,  190 ,  22.80 ,  0.05 ,  4.27
28 ,  2 ,  1202002 ,  0 ,  190 ,  22.80 ,  0.06 ,  4.27
28 ,  2 ,  1202046 ,  0 ,  190 ,  22.69 ,  0.05 ,  4.27
28 ,  2 ,  1202089 ,  0 ,  190 ,  22.58 ,  0.05 ,  4.17
28 ,  2 ,  1202134 ,  0 ,  190 ,  22.58 ,  0.05 ,  4.17
28 ,  2 ,  1202178 ,  0 ,  190 ,  22.47 ,  0.05 ,  4.17
28 ,  2 ,  1202221 ,  0 ,  190 ,  22.36 ,  0.06 ,  4.17
28 ,  2 ,  1202265 ,  0 ,  190 ,  22.36 ,  0.05 ,  4.17
28 ,  2 ,  1202309 ,  0 ,  190 ,  22.25 ,  0.05 ,  4.17
28 ,  2 ,  1202352 ,  0 ,  190 ,  22.14 ,  0.05 ,  4.07
28 ,  2 ,  1202398 ,  0 ,  190 ,  22.14 ,  0.05 ,  4.07
28 ,  2 ,  1202442 ,  0 ,  190 ,  22.03 ,  0.05 ,  4.07
28 ,  2 ,  1202485 ,  0 ,  190 ,  22.03 ,  0.06 ,  4.07
28 ,  2 ,  1202529 ,  0 ,  190 ,  21.92 ,  0.05 ,  4.07
28 ,  2 ,  1202573 ,  0 ,  190 ,  21.81 ,  0.05 ,  4.07
28 ,  2 ,  1202616 ,  0 ,  190 ,  21.81 ,  0.06 ,  4.07
28 ,  2 ,  1202660 ,  0 ,  190 ,  21.70 ,  0.05 ,  3.97
28 ,  2 ,  1202704 ,  0 ,  190 ,  21.70 ,  0.05 ,  3.97
28 ,  2 ,  1202748 ,  0 ,  190 ,  21.59 ,  0.05 ,  3.97
28 ,  2 ,  1202794 ,  0 ,  190 ,  21.48 ,  0.05 ,  3.97
28 ,  2 ,  1202837 ,  0 ,  190 ,  21.48 ,  0.06 ,  3.97
28 ,  2 ,  1202881 ,  0 ,  190 ,  21.37 ,  0.05 ,  3.97
28 ,  2 ,  1202925 ,  0 ,  190 ,  21.37 ,  0.05 ,  3.87
28 ,  2 ,  1202968 ,  0 ,  190 ,  21.26 ,  0.05 ,  3.87
28 ,  2 ,  1203012 ,  0 ,  190 ,  21.26 ,  0.05 ,  3.87
28 ,  2 ,  1203056 ,  0 ,  190 ,  21.15 ,  0.05 ,  3.87
28 ,  2 ,  1203099 ,  0 ,  190 ,  21.04 ,  0.05 ,  3.87
28 ,  2 ,  1203143 ,  0 ,  190 ,  20.93 ,  0.05 ,  3.87
28 ,  2 ,  1203189 ,  0 ,  190 ,  20.93 ,  0.05 ,  3.77
28 ,  2 ,  1203233 ,  0 ,  190 ,  20.82 ,  0.06 ,  3.77
28 ,  2 ,  1203276 ,  0 ,  190 ,  20.82 ,  0.05 ,  3.77
28 ,  2 ,  1203320 ,  0 ,  190 ,  20.71 ,  0.05 ,  3.77
28 ,  2 ,  1203363 ,  0 ,  190 ,  20.71 ,  0.05 ,  3.67
28 ,  2 ,  1203407 ,  0 ,  190 ,  20.60 ,  0.05 ,  3.77
28 ,  2 ,  1203451 ,  0 ,  190 ,  20.60 ,  0.05 ,  3.77
28 ,  2 ,  1203494 ,  0 ,  190 ,  20.49 ,  0.05 ,  3.67
28 ,  2 ,  1203538 ,  0 ,  190 ,  20.38 ,  0.05 ,  3.67
28 ,  2 ,  1203585 ,  0 ,  190 ,  20.38 ,  0.05 ,  3.67
28 ,  2 ,  1203629 ,  0 ,  190 ,  20.27 ,  0.05 ,  3.67
28 ,  2 ,  1203672 ,  0 ,  190 ,  20.16 ,  0.05 ,  3.67
28 ,  2 ,  1203716 ,  0 ,  190 ,  20.16 ,  0.05 ,  3.57
28 ,  2 ,  1203760 ,  0 ,  190 ,  20.05 ,  0.05 ,  3.57
28 ,  2 ,  1203803 ,  0 ,  190 ,  20.05 ,  0.05 ,  3.57
28 ,  2 ,  1203847 ,  0 ,  190 ,  19.94 ,  0.05 ,  3.57
28 ,  2 ,  1203891 ,  0 ,  190 ,  19.94 ,  0.05 ,  3.57
28 ,  2 ,  1203934 ,  0 ,  190 ,  19.83 ,  0.05 ,  3.57
28 ,  2 ,  1203980 ,  0 ,  190 ,  19.83 ,  0.05 ,  3.57
28 ,  2 ,  1204024 ,  0 ,  190 ,  19.72 ,  0.05 ,  3.57
28 ,  2 ,  1204083 ,  0 ,  190 ,  19.61 ,  0.05 ,  3.47
28 ,  2 ,  1204126 ,  0 ,  190 ,  19.61 ,  0.05 ,  3.47
28 ,  2 ,  1204170 ,  0 ,  190 ,  19.50 ,  0.05 ,  3.47
28 ,  2 ,  1204214 ,  0 ,  190 ,  19.50 ,  0.05 ,  3.47
28 ,  2 ,  1204257 ,  0 ,  190 ,  19.39 ,  0.05 ,  3.47
28 ,  2 ,  1204301 ,  0 ,  190 ,  19.39 ,  0.05 ,  3.47
28 ,  2 ,  1204345 ,  0 ,  190 ,  19.28 ,  0.05 ,  3.47
28 ,  2 ,  1204391 ,  0 ,  190 ,  19.17 ,  0.05 ,  3.37
28 ,  2 ,  1204434 ,  0 ,  190 ,  19.17 ,  0.05 ,  3.37
28 ,  2 ,  1204478 ,  0 ,  190 ,  19.06 ,  0.05 ,  3.37
28 ,  2 ,  1204523 ,  0 ,  190 ,  19.06 ,  0.05 ,  3.37
28 ,  2 ,  1204566 ,  0 ,  190 ,  18.95 ,  0.05 ,  3.37
28 ,  2 ,  1204610 ,  0 ,  190 ,  18.95 ,  0.05 ,  3.37
28 ,  2 ,  1204654 ,  0 ,  190 ,  18.84 ,  0.05 ,  3.27
28 ,  2 ,  1204697 ,  0 ,  190 ,  18.84 ,  0.05 ,  3.27
28 ,  2 ,  1204741 ,  0 ,  190 ,  18.73 ,  0.05 ,  3.27
28 ,  2 ,  1204787 ,  0 ,  190 ,  18.73 ,  0.05 ,  3.27
28 ,  2 ,  1204830 ,  0 ,  190 ,  18.62 ,  0.05 ,  3.27
28 ,  2 ,  1204874 ,  0 ,  190 ,  18.62 ,  0.05 ,  3.27
28 ,  2 ,  1204918 ,  0 ,  190 ,  18.51 ,  0.05 ,  3.27
28 ,  2 ,  1204961 ,  0 ,  190 ,  18.51 ,  0.05 ,  3.27
28 ,  2 ,  1205005 ,  0 ,  190 ,  18.40 ,  0.05 ,  3.18
28 ,  2 ,  1205049 ,  0 ,  190 ,  18.40 ,  0.05 ,  3.18
28 ,  2 ,  1205092 ,  0 ,  190 ,  18.29 ,  0.05 ,  3.18
28 ,  2 ,  1205136 ,  0 ,  190 ,  18.29 ,  0.05 ,  3.18
28 ,  2 ,  1205182 ,  0 ,  190 ,  18.18 ,  0.05 ,  3.18
28 ,  2 ,  1205226 ,  0 ,  190 ,  18.18 ,  0.05 ,  3.18
28 ,  2 ,  1205269 ,  0 ,  190 ,  18.07 ,  0.05 ,  3.18
28 ,  2 ,  1205313 ,  0 ,  190 ,  18.07 ,  0.05 ,  3.18
28 ,  2 ,  1205357 ,  0 ,  190 ,  17.96 ,  0.05 ,  3.08
28 ,  2 ,  1205400 ,  0 ,  190 ,  17.96 ,  0.05 ,  3.08
28 ,  2 ,  1205444 ,  0 ,  190 ,  17.85 ,  0.05 ,  3.08
28 ,  2 ,  1205488 ,  0 ,  190 ,  17.85 ,  0.05 ,  3.08
28 ,  2 ,  1205531 ,  0 ,  190 ,  17.73 ,  0.05 ,  3.08
28 ,  2 ,  1205577 ,  0 ,  190 ,  17.62 ,  0.05 ,  3.08
28 ,  2 ,  1205621 ,  0 ,  190 ,  17.62 ,  0.06 ,  3.08
28 ,  2 ,  1205664 ,  0 ,  190 ,  17.62 ,  0.06 ,  3.08
28 ,  2 ,  1205708 ,  0 ,  190 ,  17.51 ,  0.05 ,  3.08
28 ,  2 ,  1205752 ,  0 ,  190 ,  17.40 ,  0.05 ,  2.98
28 ,  2 ,  1205795 ,  0 ,  190 ,  17.40 ,  0.05 ,  2.98
28 ,  2 ,  1205839 ,  0 ,  190 ,  17.40 ,  0.05 ,  2.98
28 ,  2 ,  1205883 ,  0 ,  190 ,  17.29 ,  0.05 ,  2.98
28 ,  2 ,  1205926 ,  0 ,  190 ,  17.18 ,  0.05 ,  2.98
28 ,  2 ,  1205972 ,  0 ,  190 ,  17.18 ,  0.05 ,  2.98
28 ,  2 ,  1206017 ,  0 ,  190 ,  17.07 ,  0.05 ,  2.98
28 ,  2 ,  1206061 ,  0 ,  190 ,  17.07 ,  0.05 ,  2.88
28 ,  2 ,  1206104 ,  0 ,  190 ,  16.96 ,  0.05 ,  2.88
28 ,  2 ,  1206148 ,  0 ,  190 ,  16.96 ,  0.05 ,  2.88
28 ,  2 ,  1206192 ,  0 ,  190 ,  16.85 ,  0.05 ,  2.88
28 ,  2 ,  1206236 ,  0 ,  190 ,  16.85 ,  0.05 ,  2.88
28 ,  2 ,  1206279 ,  0 ,  190 ,  16.85 ,  0.05 ,  2.88
28 ,  2 ,  1206323 ,  0 ,  190 ,  16.74 ,  0.05 ,  2.88
28 ,  2 ,  1206369 ,  0 ,  190 ,  16.74 ,  0.05 ,  2.88
28 ,  2 ,  1206413 ,  0 ,  190 ,  16.63 ,  0.05 ,  2.88
28 ,  2 ,  1206457 ,  0 ,  190 ,  16.63 ,  0.05 ,  2.78
28 ,  2 ,  1206500 ,  0 ,  190 ,  16.63 ,  0.05 ,  2.78
28 ,  2 ,  1206544 ,  0 ,  190 ,  16.52 ,  0.05 ,  2.78
28 ,  2 ,  1206588 ,  0 ,  190 ,  16.52 ,  0.05 ,  2.78
28 ,  2 ,  1206632 ,  0 ,  190 ,  16.41 ,  0.05 ,  2.78
28 ,  2 ,  1206675 ,  0 ,  190 ,  16.41 ,  0.05 ,  2.78
28 ,  2 ,  1206721 ,  0 ,  190 ,  16.30 ,  0.05 ,  2.68
28 ,  2 ,  1206765 ,  0 ,  190 ,  16.30 ,  0.05 ,  2.78
28 ,  2 ,  1206809 ,  0 ,  190 ,  16.19 ,  0.05 ,  2.78
28 ,  2 ,  1206853 ,  0 ,  190 ,  16.19 ,  0.05 ,  2.68
28 ,  2 ,  1206896 ,  0 ,  190 ,  16.19 ,  0.05 ,  2.68
28 ,  2 ,  1206940 ,  0 ,  190 ,  16.08 ,  0.05 ,  2.68
28 ,  2 ,  1206984 ,  0 ,  190 ,  16.08 ,  0.05 ,  2.68
28 ,  2 ,  1207028 ,  0 ,  190 ,  15.97 ,  0.05 ,  2.68
28 ,  2 ,  1207071 ,  0 ,  190 ,  15.97 ,  0.05 ,  2.68
28 ,  2 ,  1207124 ,  0 ,  190 ,  15.86 ,  0.05 ,  2.68
28 ,  2 ,  1207169 ,  0 ,  190 ,  15.86 ,  0.05 ,  2.68
28 ,  2 ,  1207213 ,  0 ,  190 ,  15.75 ,  0.05 ,  2.68
28 ,  2 ,  1207257 ,  0 ,  190 ,  15.75 ,  0.05 ,  2.68
28 ,  2 ,  1207301 ,  0 ,  190 ,  15.64 ,  0.05 ,  2.58
28 ,  2 ,  1207344 ,  0 ,  190 ,  15.64 ,  0.05 ,  2.58
28 ,  2 ,  1207388 ,  0 ,  190 ,  15.64 ,  0.05 ,  2.58
28 ,  2 ,  1207432 ,  0 ,  190 ,  15.53 ,  0.05 ,  2.58
28 ,  2 ,  1207476 ,  0 ,  190 ,  15.53 ,  0.05 ,  2.58
28 ,  2 ,  1207522 ,  0 ,  190 ,  15.42 ,  0.05 ,  2.58
28 ,  2 ,  1207566 ,  0 ,  190 ,  15.42 ,  0.05 ,  2.58
28 ,  2 ,  1207610 ,  0 ,  190 ,  15.31 ,  0.05 ,  2.58
28 ,  2 ,  1207653 ,  0 ,  190 ,  15.20 ,  0.05 ,  2.58
28 ,  2 ,  1207697 ,  0 ,  190 ,  15.20 ,  0.05 ,  2.58
28 ,  2 ,  1207741 ,  0 ,  190 ,  15.20 ,  0.05 ,  2.48
28 ,  2 ,  1207784 ,  0 ,  190 ,  15.09 ,  0.05 ,  2.48
28 ,  2 ,  1207828 ,  0 ,  190 ,  15.09 ,  0.05 ,  2.48
28 ,  2 ,  1207872 ,  0 ,  190 ,  15.09 ,  0.05 ,  2.48
28 ,  2 ,  1207918 ,  0 ,  190 ,  14.98 ,  0.05 ,  2.48
28 ,  2 ,  1207961 ,  0 ,  190 ,  14.98 ,  0.05 ,  2.48
28 ,  2 ,  1208005 ,  0 ,  190 ,  14.98 ,  0.05 ,  2.48
28 ,  2 ,  1208049 ,  0 ,  190 ,  14.87 ,  0.05 ,  2.48
28 ,  2 ,  1208093 ,  0 ,  190 ,  14.76 ,  0.05 ,  2.48
28 ,  2 ,  1208136 ,  0 ,  190 ,  14.76 ,  0.05 ,  2.48
28 ,  2 ,  1208180 ,  0 ,  190 ,  14.76 ,  0.04 ,  2.48
28 ,  2 ,  1208224 ,  0 ,  190 ,  14.65 ,  0.05 ,  2.38
28 ,  2 ,  1208268 ,  0 ,  190 ,  14.76 ,  0.04 ,  2.38
28 ,  2 ,  1208313 ,  0 ,  190 ,  14.65 ,  0.05 ,  2.38
28 ,  2 ,  1208357 ,  0 ,  190 ,  14.54 ,  0.05 ,  2.38
28 ,  2 ,  1208401 ,  0 ,  190 ,  14.54 ,  0.05 ,  2.38
28 ,  2 ,  1208445 ,  0 ,  190 ,  14.43 ,  0.05 ,  2.38
28 ,  2 ,  1208488 ,  0 ,  190 ,  14.43 ,  0.05 ,  2.38
28 ,  2 ,  1208532 ,  0 ,  190 ,  14.43 ,  0.04 ,  2.38
28 ,  2 ,  1208577 ,  0 ,  190 ,  14.32 ,  0.05 ,  2.38
28 ,  2 ,  1208620 ,  0 ,  190 ,  14.32 ,  0.05 ,  2.38
28 ,  2 ,  1208664 ,  0 ,  190 ,  14.32 ,  0.05 ,  2.38
28 ,  2 ,  1208710 ,  0 ,  190 ,  14.21 ,  0.05 ,  2.38
28 ,  2 ,  1208754 ,  0 ,  190 ,  14.21 ,  0.04 ,  2.38
28 ,  2 ,  1208797 ,  0 ,  190 ,  14.10 ,  0.05 ,  2.28
28 ,  2 ,  1208841 ,  0 ,  190 ,  14.10 ,  0.05 ,  2.28
28 ,  2 ,  1208885 ,  0 ,  190 ,  14.10 ,  0.05 ,  2.28
28 ,  2 ,  1208928 ,  0 ,  190 ,  13.99 ,  0.05 ,  2.28
28 ,  2 ,  1208972 ,  0 ,  190 ,  13.99 ,  0.05 ,  2.28
28 ,  2 ,  1209016 ,  0 ,  190 ,  13.99 ,  0.05 ,  2.28
28 ,  2 ,  1209059 ,  0 ,  190 ,  13.88 ,  0.05 ,  2.28
28 ,  2 ,  1209105 ,  0 ,  190 ,  13.88 ,  0.05 ,  2.28
28 ,  2 ,  1209149 ,  0 ,  190 ,  13.88 ,  0.05 ,  2.18
28 ,  2 ,  1209193 ,  0 ,  190 ,  13.77 ,  0.05 ,  2.28
28 ,  2 ,  1209236 ,  0 ,  190 ,  13.77 ,  0.05 ,  2.18
28 ,  2 ,  1209280 ,  0 ,  190 ,  13.66 ,  0.04 ,  2.28
28 ,  2 ,  1209324 ,  0 ,  190 ,  13.66 ,  0.05 ,  2.18
28 ,  2 ,  1209367 ,  0 ,  190 ,  13.66 ,  0.05 ,  2.18
28 ,  2 ,  1209411 ,  0 ,  190 ,  13.66 ,  0.05 ,  2.18
28 ,  2 ,  1209455 ,  0 ,  190 ,  13.55 ,  0.05 ,  2.18
28 ,  2 ,  1209501 ,  0 ,  190 ,  13.55 ,  0.05 ,  2.18
28 ,  2 ,  1209544 ,  0 ,  190 ,  13.55 ,  0.05 ,  2.18
28 ,  2 ,  1209588 ,  0 ,  190 ,  13.44 ,  0.04 ,  2.18
28 ,  2 ,  1209632 ,  0 ,  190 ,  13.33 ,  0.04 ,  2.18
28 ,  2 ,  1209675 ,  0 ,  190 ,  13.44 ,  0.05 ,  2.18
28 ,  2 ,  1209719 ,  0 ,  190 ,  13.33 ,  0.04 ,  2.18
28 ,  2 ,  1209763 ,  0 ,  190 ,  13.22 ,  0.05 ,  2.18
28 ,  2 ,  1209806 ,  0 ,  190 ,  13.22 ,  0.05 ,  2.18
28 ,  2 ,  1209850 ,  0 ,  190 ,  13.22 ,  0.04 ,  2.18
28 ,  2 ,  1209896 ,  0 ,  190 ,  13.22 ,  0.04 ,  2.18
28 ,  2 ,  1209940 ,  0 ,  190 ,  13.11 ,  0.05 ,  2.18
28 ,  2 ,  1209984 ,  0 ,  190 ,  13.11 ,  0.05 ,  2.18
28 ,  2 ,  1210028 ,  0 ,  190 ,  13.11 ,  0.05 ,  2.18
28 ,  2 ,  1210072 ,  0 ,  190 ,  13.00 ,  0.04 ,  2.08
28 ,  2 ,  1210115 ,  0 ,  190 ,  13.00 ,  0.05 ,  2.08
28 ,  2 ,  1210159 ,  0 ,  190 ,  13.00 ,  0.05 ,  2.08
28 ,  2 ,  1210203 ,  0 ,  190 ,  12.89 ,  0.05 ,  2.08
28 ,  2 ,  1210246 ,  0 ,  190 ,  12.89 ,  0.05 ,  2.08
28 ,  2 ,  1210292 ,  0 ,  190 ,  12.89 ,  0.05 ,  2.08
28 ,  2 ,  1210336 ,  0 ,  190 ,  12.78 ,  0.05 ,  2.08
28 ,  2 ,  1210380 ,  0 ,  190 ,  12.78 ,  0.04 ,  2.08
28 ,  2 ,  1210423 ,  0 ,  190 ,  12.78 ,  0.05 ,  2.08
28 ,  2 ,  1210467 ,  0 ,  190 ,  12.67 ,  0.04 ,  1.98
