MS, MPT, t (s), PWMi, PWMe, Pressure (Psi), LW (V), Displacement (mm)
28 ,  5 ,  1266727 ,  0 ,  190 ,  12.56 ,  0.04 ,  2.08
28 ,  5 ,  1266771 ,  255 ,  0 ,  12.56 ,  0.04 ,  1.98
28 ,  5 ,  1266816 ,  255 ,  0 ,  16.52 ,  0.04 ,  2.18
28 ,  5 ,  1266860 ,  255 ,  0 ,  34.69 ,  0.08 ,  4.66
28 ,  5 ,  1266904 ,  255 ,  0 ,  49.89 ,  0.16 ,  8.73
28 ,  5 ,  1266948 ,  255 ,  0 ,  59.58 ,  0.25 ,  12.30
28 ,  5 ,  1266992 ,  255 ,  0 ,  66.08 ,  0.34 ,  15.08
28 ,  5 ,  1267036 ,  255 ,  0 ,  70.60 ,  0.41 ,  16.87
28 ,  5 ,  1267082 ,  255 ,  0 ,  74.01 ,  0.45 ,  18.16
28 ,  5 ,  1267126 ,  255 ,  0 ,  76.54 ,  0.47 ,  18.95
28 ,  5 ,  1267170 ,  255 ,  0 ,  78.64 ,  0.49 ,  19.74
28 ,  5 ,  1267214 ,  255 ,  0 ,  80.51 ,  0.50 ,  20.34
28 ,  5 ,  1267258 ,  255 ,  0 ,  82.16 ,  0.50 ,  20.84
28 ,  5 ,  1267302 ,  255 ,  0 ,  83.59 ,  0.51 ,  21.23
28 ,  5 ,  1267345 ,  255 ,  0 ,  84.91 ,  0.51 ,  21.53
28 ,  5 ,  1267389 ,  255 ,  0 ,  86.23 ,  0.52 ,  21.93
28 ,  5 ,  1267433 ,  255 ,  0 ,  87.34 ,  0.52 ,  22.22
28 ,  5 ,  1267479 ,  255 ,  0 ,  88.55 ,  0.52 ,  22.52
28 ,  5 ,  1267523 ,  255 ,  0 ,  89.54 ,  0.52 ,  22.82
28 ,  5 ,  1267567 ,  255 ,  0 ,  90.53 ,  0.52 ,  23.12
28 ,  5 ,  1267611 ,  255 ,  0 ,  91.41 ,  0.52 ,  23.22
28 ,  5 ,  1267655 ,  255 ,  0 ,  92.18 ,  0.52 ,  23.42
28 ,  5 ,  1267698 ,  255 ,  0 ,  92.95 ,  0.53 ,  23.61
28 ,  5 ,  1267742 ,  255 ,  0 ,  93.72 ,  0.52 ,  23.81
28 ,  5 ,  1267786 ,  255 ,  0 ,  94.38 ,  0.52 ,  23.91
28 ,  5 ,  1267831 ,  255 ,  0 ,  94.93 ,  0.52 ,  24.11
28 ,  5 ,  1267877 ,  255 ,  0 ,  95.48 ,  0.53 ,  24.21
28 ,  5 ,  1267921 ,  255 ,  0 ,  95.93 ,  0.52 ,  24.31
28 ,  5 ,  1267965 ,  255 ,  0 ,  96.26 ,  0.52 ,  24.41
28 ,  5 ,  1268008 ,  255 ,  0 ,  96.48 ,  0.53 ,  24.41
28 ,  5 ,  1268059 ,  255 ,  0 ,  96.81 ,  0.53 ,  24.51
28 ,  5 ,  1268103 ,  255 ,  0 ,  96.92 ,  0.53 ,  24.61
28 ,  5 ,  1268147 ,  255 ,  0 ,  96.92 ,  0.53 ,  24.61
28 ,  5 ,  1268191 ,  255 ,  0 ,  97.03 ,  0.52 ,  24.61
28 ,  5 ,  1268237 ,  255 ,  0 ,  97.03 ,  0.53 ,  24.71
28 ,  5 ,  1268281 ,  255 ,  0 ,  97.03 ,  0.53 ,  24.71
28 ,  5 ,  1268324 ,  255 ,  0 ,  97.14 ,  0.53 ,  24.80
28 ,  5 ,  1268368 ,  255 ,  0 ,  97.03 ,  0.53 ,  24.80
28 ,  5 ,  1268412 ,  255 ,  0 ,  97.03 ,  0.53 ,  24.80
28 ,  5 ,  1268456 ,  255 ,  0 ,  97.14 ,  0.52 ,  24.80
28 ,  5 ,  1268500 ,  255 ,  0 ,  97.03 ,  0.53 ,  24.80
28 ,  5 ,  1268544 ,  255 ,  0 ,  97.03 ,  0.52 ,  24.80
28 ,  5 ,  1268587 ,  255 ,  0 ,  97.03 ,  0.53 ,  24.90
28 ,  5 ,  1268629 ,  255 ,  0 ,  97.03 ,  0.52 ,  24.90
28 ,  5 ,  1268673 ,  255 ,  0 ,  97.03 ,  0.53 ,  24.90
28 ,  5 ,  1268717 ,  255 ,  0 ,  97.03 ,  0.52 ,  24.80
28 ,  5 ,  1268761 ,  255 ,  0 ,  97.03 ,  0.53 ,  24.90
28 ,  5 ,  1268805 ,  255 ,  0 ,  97.03 ,  0.52 ,  24.90
28 ,  5 ,  1268848 ,  255 ,  0 ,  97.03 ,  0.52 ,  24.90
28 ,  5 ,  1268892 ,  255 ,  0 ,  97.03 ,  0.52 ,  25.00
28 ,  5 ,  1268936 ,  255 ,  0 ,  96.92 ,  0.52 ,  25.00
28 ,  5 ,  1268980 ,  255 ,  0 ,  96.92 ,  0.53 ,  25.00
28 ,  5 ,  1269026 ,  255 ,  0 ,  97.03 ,  0.53 ,  24.90
28 ,  5 ,  1269070 ,  255 ,  0 ,  96.92 ,  0.53 ,  25.00
28 ,  5 ,  1269113 ,  255 ,  0 ,  97.03 ,  0.53 ,  25.00
28 ,  5 ,  1269157 ,  255 ,  0 ,  96.92 ,  0.53 ,  25.00
28 ,  5 ,  1269201 ,  255 ,  0 ,  96.92 ,  0.53 ,  25.00
28 ,  5 ,  1269245 ,  255 ,  0 ,  96.92 ,  0.52 ,  25.00
28 ,  5 ,  1269289 ,  255 ,  0 ,  96.92 ,  0.52 ,  25.00
28 ,  5 ,  1269334 ,  255 ,  0 ,  96.92 ,  0.53 ,  25.00
28 ,  5 ,  1269377 ,  255 ,  0 ,  96.92 ,  0.53 ,  25.00
28 ,  5 ,  1269423 ,  255 ,  0 ,  96.92 ,  0.53 ,  25.10
28 ,  5 ,  1269467 ,  255 ,  0 ,  96.92 ,  0.52 ,  25.10
28 ,  5 ,  1269511 ,  255 ,  0 ,  96.92 ,  0.53 ,  25.10
28 ,  5 ,  1269555 ,  255 ,  0 ,  96.92 ,  0.53 ,  25.10
28 ,  5 ,  1269599 ,  255 ,  0 ,  96.92 ,  0.53 ,  25.10
28 ,  5 ,  1269643 ,  255 ,  0 ,  96.92 ,  0.52 ,  25.10
28 ,  5 ,  1269686 ,  0 ,  190 ,  96.92 ,  0.53 ,  25.10
28 ,  5 ,  1269730 ,  0 ,  190 ,  93.94 ,  0.53 ,  25.00
28 ,  5 ,  1269774 ,  0 ,  190 ,  88.77 ,  0.53 ,  24.41
28 ,  5 ,  1269820 ,  0 ,  190 ,  84.14 ,  0.53 ,  23.81
28 ,  5 ,  1269864 ,  0 ,  190 ,  80.51 ,  0.52 ,  23.22
28 ,  5 ,  1269908 ,  0 ,  190 ,  77.53 ,  0.52 ,  22.62
28 ,  5 ,  1269952 ,  0 ,  190 ,  75.00 ,  0.52 ,  22.13
28 ,  5 ,  1269995 ,  0 ,  190 ,  72.91 ,  0.51 ,  21.63
28 ,  5 ,  1270039 ,  0 ,  190 ,  71.04 ,  0.51 ,  21.23
28 ,  5 ,  1270083 ,  0 ,  190 ,  69.49 ,  0.50 ,  20.84
28 ,  5 ,  1270127 ,  0 ,  190 ,  68.17 ,  0.50 ,  20.54
28 ,  5 ,  1270171 ,  0 ,  190 ,  66.96 ,  0.49 ,  20.14
28 ,  5 ,  1270217 ,  0 ,  190 ,  65.86 ,  0.49 ,  19.84
28 ,  5 ,  1270261 ,  0 ,  190 ,  64.98 ,  0.48 ,  19.65
28 ,  5 ,  1270304 ,  0 ,  190 ,  64.10 ,  0.48 ,  19.35
28 ,  5 ,  1270348 ,  0 ,  190 ,  63.44 ,  0.47 ,  19.15
28 ,  5 ,  1270392 ,  0 ,  190 ,  62.78 ,  0.47 ,  18.85
28 ,  5 ,  1270436 ,  0 ,  190 ,  62.23 ,  0.46 ,  18.75
28 ,  5 ,  1270480 ,  0 ,  190 ,  61.68 ,  0.46 ,  18.55
28 ,  5 ,  1270523 ,  0 ,  190 ,  61.24 ,  0.45 ,  18.36
28 ,  5 ,  1270571 ,  0 ,  190 ,  60.90 ,  0.45 ,  18.26
28 ,  5 ,  1270614 ,  0 ,  190 ,  60.46 ,  0.44 ,  18.16
28 ,  5 ,  1270658 ,  0 ,  190 ,  60.13 ,  0.43 ,  17.96
28 ,  5 ,  1270702 ,  0 ,  190 ,  59.80 ,  0.43 ,  17.86
28 ,  5 ,  1270746 ,  0 ,  190 ,  59.47 ,  0.43 ,  17.76
28 ,  5 ,  1270790 ,  0 ,  190 ,  59.14 ,  0.42 ,  17.66
28 ,  5 ,  1270833 ,  0 ,  190 ,  58.92 ,  0.42 ,  17.56
28 ,  5 ,  1270877 ,  0 ,  190 ,  58.70 ,  0.42 ,  17.46
28 ,  5 ,  1270921 ,  0 ,  190 ,  58.48 ,  0.41 ,  17.36
28 ,  5 ,  1270967 ,  0 ,  190 ,  58.26 ,  0.41 ,  17.26
28 ,  5 ,  1271011 ,  0 ,  190 ,  58.04 ,  0.41 ,  17.16
28 ,  5 ,  1271055 ,  0 ,  190 ,  57.82 ,  0.40 ,  17.16
28 ,  5 ,  1271099 ,  0 ,  190 ,  57.60 ,  0.40 ,  17.07
28 ,  5 ,  1271142 ,  0 ,  190 ,  57.49 ,  0.39 ,  16.97
28 ,  5 ,  1271186 ,  0 ,  190 ,  57.27 ,  0.39 ,  16.97
28 ,  5 ,  1271230 ,  0 ,  190 ,  57.05 ,  0.39 ,  16.87
28 ,  5 ,  1271274 ,  0 ,  190 ,  56.94 ,  0.39 ,  16.77
28 ,  5 ,  1271318 ,  0 ,  190 ,  56.72 ,  0.38 ,  16.77
28 ,  5 ,  1271364 ,  0 ,  190 ,  56.61 ,  0.38 ,  16.67
28 ,  5 ,  1271408 ,  0 ,  190 ,  56.50 ,  0.38 ,  16.67
28 ,  5 ,  1271451 ,  0 ,  190 ,  56.28 ,  0.37 ,  16.57
28 ,  5 ,  1271495 ,  0 ,  190 ,  56.17 ,  0.37 ,  16.57
28 ,  5 ,  1271539 ,  0 ,  190 ,  56.06 ,  0.37 ,  16.47
28 ,  5 ,  1271583 ,  0 ,  190 ,  55.84 ,  0.37 ,  16.47
28 ,  5 ,  1271627 ,  0 ,  190 ,  55.73 ,  0.36 ,  16.37
28 ,  5 ,  1271670 ,  0 ,  190 ,  55.62 ,  0.36 ,  16.27
28 ,  5 ,  1271714 ,  0 ,  190 ,  55.51 ,  0.36 ,  16.27
28 ,  5 ,  1271760 ,  0 ,  190 ,  55.29 ,  0.36 ,  16.27
28 ,  5 ,  1271804 ,  0 ,  190 ,  55.29 ,  0.35 ,  16.17
28 ,  5 ,  1271848 ,  0 ,  190 ,  55.07 ,  0.35 ,  16.07
28 ,  5 ,  1271892 ,  0 ,  190 ,  54.96 ,  0.35 ,  15.97
28 ,  5 ,  1271937 ,  0 ,  190 ,  54.74 ,  0.35 ,  15.97
28 ,  5 ,  1271980 ,  0 ,  190 ,  54.63 ,  0.35 ,  15.97
28 ,  5 ,  1272024 ,  0 ,  190 ,  54.52 ,  0.34 ,  15.88
28 ,  5 ,  1272069 ,  0 ,  190 ,  54.41 ,  0.34 ,  15.88
28 ,  5 ,  1272112 ,  0 ,  190 ,  54.19 ,  0.34 ,  15.78
28 ,  5 ,  1272159 ,  0 ,  190 ,  54.19 ,  0.34 ,  15.78
28 ,  5 ,  1272202 ,  0 ,  190 ,  53.97 ,  0.34 ,  15.68
28 ,  5 ,  1272246 ,  0 ,  190 ,  53.86 ,  0.33 ,  15.58
28 ,  5 ,  1272290 ,  0 ,  190 ,  53.75 ,  0.33 ,  15.68
28 ,  5 ,  1272334 ,  0 ,  190 ,  53.64 ,  0.33 ,  15.58
28 ,  5 ,  1272378 ,  0 ,  190 ,  53.42 ,  0.32 ,  15.58
28 ,  5 ,  1272421 ,  0 ,  190 ,  53.31 ,  0.32 ,  15.48
28 ,  5 ,  1272465 ,  0 ,  190 ,  53.20 ,  0.32 ,  15.48
28 ,  5 ,  1272509 ,  0 ,  190 ,  53.09 ,  0.32 ,  15.38
28 ,  5 ,  1272555 ,  0 ,  190 ,  52.98 ,  0.32 ,  15.38
28 ,  5 ,  1272599 ,  0 ,  190 ,  52.87 ,  0.32 ,  15.28
28 ,  5 ,  1272643 ,  0 ,  190 ,  52.65 ,  0.31 ,  15.28
28 ,  5 ,  1272687 ,  0 ,  190 ,  52.54 ,  0.31 ,  15.18
28 ,  5 ,  1272731 ,  0 ,  190 ,  52.42 ,  0.31 ,  15.18
28 ,  5 ,  1272774 ,  0 ,  190 ,  52.31 ,  0.31 ,  15.08
28 ,  5 ,  1272818 ,  0 ,  190 ,  52.20 ,  0.31 ,  15.08
28 ,  5 ,  1272862 ,  0 ,  190 ,  52.09 ,  0.30 ,  14.98
28 ,  5 ,  1272908 ,  0 ,  190 ,  51.98 ,  0.30 ,  14.98
28 ,  5 ,  1272952 ,  0 ,  190 ,  51.76 ,  0.30 ,  14.88
28 ,  5 ,  1272996 ,  0 ,  190 ,  51.65 ,  0.30 ,  14.78
28 ,  5 ,  1273040 ,  0 ,  190 ,  51.54 ,  0.29 ,  14.78
28 ,  5 ,  1273083 ,  0 ,  190 ,  51.43 ,  0.29 ,  14.78
28 ,  5 ,  1273127 ,  0 ,  190 ,  51.32 ,  0.29 ,  14.78
28 ,  5 ,  1273171 ,  0 ,  190 ,  51.21 ,  0.29 ,  14.68
28 ,  5 ,  1273216 ,  0 ,  190 ,  51.10 ,  0.28 ,  14.68
28 ,  5 ,  1273260 ,  0 ,  190 ,  50.88 ,  0.28 ,  14.59
28 ,  5 ,  1273306 ,  0 ,  190 ,  50.77 ,  0.28 ,  14.59
28 ,  5 ,  1273350 ,  0 ,  190 ,  50.66 ,  0.28 ,  14.49
28 ,  5 ,  1273393 ,  0 ,  190 ,  50.55 ,  0.28 ,  14.49
28 ,  5 ,  1273437 ,  0 ,  190 ,  50.44 ,  0.27 ,  14.39
28 ,  5 ,  1273481 ,  0 ,  190 ,  50.33 ,  0.27 ,  14.29
28 ,  5 ,  1273525 ,  0 ,  190 ,  50.22 ,  0.27 ,  14.29
28 ,  5 ,  1273569 ,  0 ,  190 ,  50.00 ,  0.27 ,  14.29
28 ,  5 ,  1273613 ,  0 ,  190 ,  49.89 ,  0.27 ,  14.19
28 ,  5 ,  1273656 ,  0 ,  190 ,  49.78 ,  0.27 ,  14.19
28 ,  5 ,  1273702 ,  0 ,  190 ,  49.67 ,  0.27 ,  14.09
28 ,  5 ,  1273746 ,  0 ,  190 ,  49.56 ,  0.26 ,  14.09
28 ,  5 ,  1273790 ,  0 ,  190 ,  49.45 ,  0.26 ,  13.99
28 ,  5 ,  1273834 ,  0 ,  190 ,  49.23 ,  0.26 ,  13.99
28 ,  5 ,  1273878 ,  0 ,  190 ,  49.12 ,  0.25 ,  13.89
28 ,  5 ,  1273921 ,  0 ,  190 ,  49.01 ,  0.26 ,  13.89
28 ,  5 ,  1273965 ,  0 ,  190 ,  48.90 ,  0.25 ,  13.79
28 ,  5 ,  1274009 ,  0 ,  190 ,  48.79 ,  0.25 ,  13.79
28 ,  5 ,  1274053 ,  0 ,  190 ,  48.68 ,  0.25 ,  13.69
28 ,  5 ,  1274099 ,  0 ,  190 ,  48.57 ,  0.25 ,  13.69
28 ,  5 ,  1274143 ,  0 ,  190 ,  48.46 ,  0.24 ,  13.59
28 ,  5 ,  1274187 ,  0 ,  190 ,  48.35 ,  0.25 ,  13.59
28 ,  5 ,  1274230 ,  0 ,  190 ,  48.13 ,  0.24 ,  13.49
28 ,  5 ,  1274274 ,  0 ,  190 ,  48.13 ,  0.24 ,  13.49
28 ,  5 ,  1274318 ,  0 ,  190 ,  47.91 ,  0.24 ,  13.39
28 ,  5 ,  1274362 ,  0 ,  190 ,  47.80 ,  0.23 ,  13.39
28 ,  5 ,  1274406 ,  0 ,  190 ,  47.69 ,  0.23 ,  13.39
28 ,  5 ,  1274450 ,  0 ,  190 ,  47.58 ,  0.23 ,  13.30
28 ,  5 ,  1274497 ,  0 ,  190 ,  47.47 ,  0.22 ,  13.30
28 ,  5 ,  1274540 ,  0 ,  190 ,  47.36 ,  0.23 ,  13.20
28 ,  5 ,  1274584 ,  0 ,  190 ,  47.25 ,  0.22 ,  13.20
28 ,  5 ,  1274628 ,  0 ,  190 ,  47.14 ,  0.22 ,  13.10
28 ,  5 ,  1274672 ,  0 ,  190 ,  47.03 ,  0.22 ,  13.10
28 ,  5 ,  1274716 ,  0 ,  190 ,  46.92 ,  0.22 ,  13.00
28 ,  5 ,  1274760 ,  0 ,  190 ,  46.81 ,  0.22 ,  12.90
28 ,  5 ,  1274803 ,  0 ,  190 ,  46.70 ,  0.22 ,  12.90
28 ,  5 ,  1274847 ,  0 ,  190 ,  46.59 ,  0.22 ,  12.90
28 ,  5 ,  1274893 ,  0 ,  190 ,  46.48 ,  0.22 ,  12.80
28 ,  5 ,  1274937 ,  0 ,  190 ,  46.37 ,  0.22 ,  12.80
28 ,  5 ,  1274981 ,  0 ,  190 ,  46.26 ,  0.21 ,  12.70
28 ,  5 ,  1275025 ,  0 ,  190 ,  46.15 ,  0.21 ,  12.70
28 ,  5 ,  1275068 ,  0 ,  190 ,  46.04 ,  0.21 ,  12.60
28 ,  5 ,  1275112 ,  0 ,  190 ,  45.82 ,  0.21 ,  12.60
28 ,  5 ,  1275156 ,  0 ,  190 ,  45.71 ,  0.21 ,  12.50
28 ,  5 ,  1275200 ,  0 ,  190 ,  45.60 ,  0.20 ,  12.50
28 ,  5 ,  1275246 ,  0 ,  190 ,  45.49 ,  0.20 ,  12.40
28 ,  5 ,  1275290 ,  0 ,  190 ,  45.38 ,  0.20 ,  12.40
28 ,  5 ,  1275334 ,  0 ,  190 ,  45.27 ,  0.20 ,  12.30
28 ,  5 ,  1275377 ,  0 ,  190 ,  45.16 ,  0.20 ,  12.30
28 ,  5 ,  1275421 ,  0 ,  190 ,  45.05 ,  0.20 ,  12.20
28 ,  5 ,  1275465 ,  0 ,  190 ,  44.94 ,  0.19 ,  12.20
28 ,  5 ,  1275509 ,  0 ,  190 ,  44.83 ,  0.19 ,  12.10
28 ,  5 ,  1275553 ,  0 ,  190 ,  44.72 ,  0.19 ,  12.10
28 ,  5 ,  1275596 ,  0 ,  190 ,  44.61 ,  0.19 ,  12.01
28 ,  5 ,  1275643 ,  0 ,  190 ,  44.50 ,  0.19 ,  12.01
28 ,  5 ,  1275686 ,  0 ,  190 ,  44.39 ,  0.19 ,  11.91
28 ,  5 ,  1275730 ,  0 ,  190 ,  44.28 ,  0.19 ,  11.91
28 ,  5 ,  1275774 ,  0 ,  190 ,  44.17 ,  0.18 ,  11.91
28 ,  5 ,  1275819 ,  0 ,  190 ,  44.06 ,  0.18 ,  11.81
28 ,  5 ,  1275863 ,  0 ,  190 ,  43.95 ,  0.18 ,  11.81
28 ,  5 ,  1275906 ,  0 ,  190 ,  43.72 ,  0.18 ,  11.71
28 ,  5 ,  1275950 ,  0 ,  190 ,  43.72 ,  0.18 ,  11.71
28 ,  5 ,  1275994 ,  0 ,  190 ,  43.61 ,  0.17 ,  11.71
28 ,  5 ,  1276041 ,  0 ,  190 ,  43.50 ,  0.17 ,  11.61
28 ,  5 ,  1276088 ,  0 ,  190 ,  43.39 ,  0.17 ,  11.51
28 ,  5 ,  1276132 ,  0 ,  190 ,  43.28 ,  0.17 ,  11.51
28 ,  5 ,  1276176 ,  0 ,  190 ,  43.17 ,  0.17 ,  11.41
28 ,  5 ,  1276220 ,  0 ,  190 ,  43.06 ,  0.17 ,  11.31
28 ,  5 ,  1276264 ,  0 ,  190 ,  42.84 ,  0.16 ,  11.31
28 ,  5 ,  1276307 ,  0 ,  190 ,  42.84 ,  0.16 ,  11.31
28 ,  5 ,  1276351 ,  0 ,  190 ,  42.73 ,  0.16 ,  11.31
28 ,  5 ,  1276395 ,  0 ,  190 ,  42.62 ,  0.16 ,  11.21
28 ,  5 ,  1276441 ,  0 ,  190 ,  42.51 ,  0.16 ,  11.21
28 ,  5 ,  1276485 ,  0 ,  190 ,  42.40 ,  0.16 ,  11.11
28 ,  5 ,  1276529 ,  0 ,  190 ,  42.29 ,  0.15 ,  11.11
28 ,  5 ,  1276573 ,  0 ,  190 ,  42.18 ,  0.15 ,  11.01
28 ,  5 ,  1276616 ,  0 ,  190 ,  42.07 ,  0.16 ,  11.01
28 ,  5 ,  1276660 ,  0 ,  190 ,  41.96 ,  0.16 ,  10.91
28 ,  5 ,  1276704 ,  0 ,  190 ,  41.85 ,  0.15 ,  10.91
28 ,  5 ,  1276748 ,  0 ,  190 ,  41.74 ,  0.15 ,  10.81
28 ,  5 ,  1276792 ,  0 ,  190 ,  41.63 ,  0.15 ,  10.81
28 ,  5 ,  1276838 ,  0 ,  190 ,  41.41 ,  0.15 ,  10.81
28 ,  5 ,  1276881 ,  0 ,  190 ,  41.41 ,  0.15 ,  10.72
28 ,  5 ,  1276925 ,  0 ,  190 ,  41.30 ,  0.14 ,  10.72
28 ,  5 ,  1276969 ,  0 ,  190 ,  41.19 ,  0.14 ,  10.62
28 ,  5 ,  1277014 ,  0 ,  190 ,  41.08 ,  0.14 ,  10.62
28 ,  5 ,  1277058 ,  0 ,  190 ,  40.97 ,  0.14 ,  10.52
28 ,  5 ,  1277102 ,  0 ,  190 ,  40.86 ,  0.14 ,  10.52
28 ,  5 ,  1277145 ,  0 ,  190 ,  40.75 ,  0.13 ,  10.42
28 ,  5 ,  1277189 ,  0 ,  190 ,  40.75 ,  0.13 ,  10.42
28 ,  5 ,  1277235 ,  0 ,  190 ,  40.53 ,  0.14 ,  10.42
28 ,  5 ,  1277279 ,  0 ,  190 ,  40.42 ,  0.13 ,  10.32
28 ,  5 ,  1277323 ,  0 ,  190 ,  40.31 ,  0.13 ,  10.32
28 ,  5 ,  1277367 ,  0 ,  190 ,  40.20 ,  0.13 ,  10.22
28 ,  5 ,  1277410 ,  0 ,  190 ,  40.09 ,  0.12 ,  10.22
28 ,  5 ,  1277454 ,  0 ,  190 ,  40.09 ,  0.13 ,  10.22
28 ,  5 ,  1277498 ,  0 ,  190 ,  39.87 ,  0.13 ,  10.12
28 ,  5 ,  1277542 ,  0 ,  190 ,  39.87 ,  0.13 ,  10.12
28 ,  5 ,  1277588 ,  0 ,  190 ,  39.65 ,  0.12 ,  10.02
28 ,  5 ,  1277632 ,  0 ,  190 ,  39.65 ,  0.12 ,  10.02
28 ,  5 ,  1277676 ,  0 ,  190 ,  39.54 ,  0.12 ,  9.92
28 ,  5 ,  1277719 ,  0 ,  190 ,  39.43 ,  0.12 ,  9.92
28 ,  5 ,  1277763 ,  0 ,  190 ,  39.32 ,  0.12 ,  9.82
28 ,  5 ,  1277807 ,  0 ,  190 ,  39.21 ,  0.12 ,  9.82
28 ,  5 ,  1277851 ,  0 ,  190 ,  39.10 ,  0.12 ,  9.82
28 ,  5 ,  1277894 ,  0 ,  190 ,  38.99 ,  0.12 ,  9.72
28 ,  5 ,  1277938 ,  0 ,  190 ,  38.88 ,  0.12 ,  9.72
28 ,  5 ,  1277984 ,  0 ,  190 ,  38.77 ,  0.12 ,  9.62
28 ,  5 ,  1278028 ,  0 ,  190 ,  38.66 ,  0.12 ,  9.62
28 ,  5 ,  1278072 ,  0 ,  190 ,  38.55 ,  0.12 ,  9.53
28 ,  5 ,  1278116 ,  0 ,  190 ,  38.44 ,  0.11 ,  9.53
28 ,  5 ,  1278160 ,  0 ,  190 ,  38.44 ,  0.11 ,  9.53
28 ,  5 ,  1278204 ,  0 ,  190 ,  38.22 ,  0.11 ,  9.43
28 ,  5 ,  1278248 ,  0 ,  190 ,  38.22 ,  0.11 ,  9.43
28 ,  5 ,  1278291 ,  0 ,  190 ,  38.11 ,  0.11 ,  9.33
28 ,  5 ,  1278336 ,  0 ,  190 ,  38.00 ,  0.11 ,  9.33
28 ,  5 ,  1278382 ,  0 ,  190 ,  37.89 ,  0.11 ,  9.23
28 ,  5 ,  1278426 ,  0 ,  190 ,  37.78 ,  0.11 ,  9.23
28 ,  5 ,  1278470 ,  0 ,  190 ,  37.67 ,  0.11 ,  9.23
28 ,  5 ,  1278514 ,  0 ,  190 ,  37.56 ,  0.11 ,  9.13
28 ,  5 ,  1278558 ,  0 ,  190 ,  37.45 ,  0.10 ,  9.13
28 ,  5 ,  1278602 ,  0 ,  190 ,  37.34 ,  0.10 ,  9.03
28 ,  5 ,  1278646 ,  0 ,  190 ,  37.34 ,  0.11 ,  9.03
28 ,  5 ,  1278690 ,  0 ,  190 ,  37.12 ,  0.10 ,  9.03
28 ,  5 ,  1278733 ,  0 ,  190 ,  37.12 ,  0.10 ,  8.93
28 ,  5 ,  1278780 ,  0 ,  190 ,  37.01 ,  0.10 ,  8.93
28 ,  5 ,  1278823 ,  0 ,  190 ,  36.90 ,  0.10 ,  8.83
28 ,  5 ,  1278867 ,  0 ,  190 ,  36.79 ,  0.10 ,  8.83
28 ,  5 ,  1278911 ,  0 ,  190 ,  36.68 ,  0.10 ,  8.83
28 ,  5 ,  1278955 ,  0 ,  190 ,  36.57 ,  0.10 ,  8.73
28 ,  5 ,  1278999 ,  0 ,  190 ,  36.46 ,  0.10 ,  8.73
28 ,  5 ,  1279043 ,  0 ,  190 ,  36.46 ,  0.10 ,  8.73
28 ,  5 ,  1279087 ,  0 ,  190 ,  36.24 ,  0.09 ,  8.63
28 ,  5 ,  1279130 ,  0 ,  190 ,  36.13 ,  0.09 ,  8.63
28 ,  5 ,  1279186 ,  0 ,  190 ,  36.13 ,  0.09 ,  8.53
28 ,  5 ,  1279233 ,  0 ,  190 ,  35.91 ,  0.09 ,  8.53
28 ,  5 ,  1279279 ,  0 ,  190 ,  35.80 ,  0.09 ,  8.43
28 ,  5 ,  1279325 ,  0 ,  190 ,  35.80 ,  0.09 ,  8.43
28 ,  5 ,  1279371 ,  0 ,  190 ,  35.69 ,  0.09 ,  8.43
28 ,  5 ,  1279417 ,  0 ,  190 ,  35.58 ,  0.09 ,  8.33
28 ,  5 ,  1279463 ,  0 ,  190 ,  35.47 ,  0.09 ,  8.33
28 ,  5 ,  1279509 ,  0 ,  190 ,  35.36 ,  0.09 ,  8.33
28 ,  5 ,  1279555 ,  0 ,  190 ,  35.25 ,  0.09 ,  8.24
28 ,  5 ,  1279603 ,  0 ,  190 ,  35.13 ,  0.09 ,  8.24
28 ,  5 ,  1279649 ,  0 ,  190 ,  35.02 ,  0.09 ,  8.14
28 ,  5 ,  1279694 ,  0 ,  190 ,  34.91 ,  0.08 ,  8.14
28 ,  5 ,  1279740 ,  0 ,  190 ,  34.80 ,  0.09 ,  8.14
28 ,  5 ,  1279787 ,  0 ,  190 ,  34.69 ,  0.08 ,  8.04
28 ,  5 ,  1279833 ,  0 ,  190 ,  34.58 ,  0.09 ,  8.04
28 ,  5 ,  1279879 ,  0 ,  190 ,  34.58 ,  0.08 ,  7.94
28 ,  5 ,  1279924 ,  0 ,  190 ,  34.47 ,  0.08 ,  7.94
28 ,  5 ,  1279970 ,  0 ,  190 ,  34.36 ,  0.08 ,  7.94
28 ,  5 ,  1280018 ,  0 ,  190 ,  34.25 ,  0.08 ,  7.94
28 ,  5 ,  1280065 ,  0 ,  190 ,  34.14 ,  0.08 ,  7.84
28 ,  5 ,  1280111 ,  0 ,  190 ,  34.03 ,  0.08 ,  7.84
28 ,  5 ,  1280156 ,  0 ,  190 ,  33.92 ,  0.08 ,  7.74
28 ,  5 ,  1280202 ,  0 ,  190 ,  33.81 ,  0.08 ,  7.74
28 ,  5 ,  1280248 ,  0 ,  190 ,  33.81 ,  0.08 ,  7.74
28 ,  5 ,  1280294 ,  0 ,  190 ,  33.70 ,  0.08 ,  7.64
28 ,  5 ,  1280340 ,  0 ,  190 ,  33.59 ,  0.08 ,  7.64
28 ,  5 ,  1280387 ,  0 ,  190 ,  33.48 ,  0.08 ,  7.64
28 ,  5 ,  1280435 ,  0 ,  190 ,  33.37 ,  0.08 ,  7.54
28 ,  5 ,  1280480 ,  0 ,  190 ,  33.26 ,  0.08 ,  7.54
28 ,  5 ,  1280526 ,  0 ,  190 ,  33.15 ,  0.08 ,  7.54
28 ,  5 ,  1280572 ,  0 ,  190 ,  33.04 ,  0.08 ,  7.44
28 ,  5 ,  1280618 ,  0 ,  190 ,  32.93 ,  0.08 ,  7.44
28 ,  5 ,  1280664 ,  0 ,  190 ,  32.93 ,  0.08 ,  7.34
28 ,  5 ,  1280709 ,  0 ,  190 ,  32.82 ,  0.08 ,  7.34
28 ,  5 ,  1280755 ,  0 ,  190 ,  32.71 ,  0.07 ,  7.34
28 ,  5 ,  1280801 ,  0 ,  190 ,  32.60 ,  0.07 ,  7.24
28 ,  5 ,  1280849 ,  0 ,  190 ,  32.49 ,  0.07 ,  7.24
28 ,  5 ,  1280896 ,  0 ,  190 ,  32.38 ,  0.08 ,  7.24
28 ,  5 ,  1280942 ,  0 ,  190 ,  32.27 ,  0.07 ,  7.14
28 ,  5 ,  1280988 ,  0 ,  190 ,  32.16 ,  0.08 ,  7.14
28 ,  5 ,  1281033 ,  0 ,  190 ,  32.16 ,  0.08 ,  7.14
28 ,  5 ,  1281079 ,  0 ,  190 ,  32.05 ,  0.07 ,  7.04
28 ,  5 ,  1281125 ,  0 ,  190 ,  31.94 ,  0.07 ,  7.04
28 ,  5 ,  1281171 ,  0 ,  190 ,  31.83 ,  0.07 ,  7.04
28 ,  5 ,  1281217 ,  0 ,  190 ,  31.72 ,  0.07 ,  6.95
28 ,  5 ,  1281265 ,  0 ,  190 ,  31.61 ,  0.08 ,  6.95
28 ,  5 ,  1281311 ,  0 ,  190 ,  31.50 ,  0.07 ,  6.95
28 ,  5 ,  1281356 ,  0 ,  190 ,  31.39 ,  0.07 ,  6.85
28 ,  5 ,  1281402 ,  0 ,  190 ,  31.39 ,  0.07 ,  6.85
28 ,  5 ,  1281448 ,  0 ,  190 ,  31.28 ,  0.07 ,  6.85
28 ,  5 ,  1281495 ,  0 ,  190 ,  31.17 ,  0.07 ,  6.75
28 ,  5 ,  1281541 ,  0 ,  190 ,  31.06 ,  0.07 ,  6.75
28 ,  5 ,  1281587 ,  0 ,  190 ,  30.95 ,  0.07 ,  6.75
28 ,  5 ,  1281632 ,  0 ,  190 ,  30.84 ,  0.07 ,  6.75
28 ,  5 ,  1281680 ,  0 ,  190 ,  30.84 ,  0.07 ,  6.65
28 ,  5 ,  1281726 ,  0 ,  190 ,  30.73 ,  0.06 ,  6.65
28 ,  5 ,  1281772 ,  0 ,  190 ,  30.62 ,  0.07 ,  6.55
28 ,  5 ,  1281818 ,  0 ,  190 ,  30.51 ,  0.07 ,  6.55
28 ,  5 ,  1281864 ,  0 ,  190 ,  30.40 ,  0.06 ,  6.55
28 ,  5 ,  1281909 ,  0 ,  190 ,  30.40 ,  0.07 ,  6.45
28 ,  5 ,  1281955 ,  0 ,  190 ,  30.29 ,  0.06 ,  6.45
28 ,  5 ,  1282001 ,  0 ,  190 ,  30.18 ,  0.07 ,  6.45
28 ,  5 ,  1282048 ,  0 ,  190 ,  30.07 ,  0.06 ,  6.45
28 ,  5 ,  1282096 ,  0 ,  190 ,  29.96 ,  0.07 ,  6.35
28 ,  5 ,  1282142 ,  0 ,  190 ,  29.85 ,  0.07 ,  6.35
28 ,  5 ,  1282188 ,  0 ,  190 ,  29.74 ,  0.06 ,  6.35
28 ,  5 ,  1282234 ,  0 ,  190 ,  29.74 ,  0.07 ,  6.35
28 ,  5 ,  1282279 ,  0 ,  190 ,  29.63 ,  0.06 ,  6.25
28 ,  5 ,  1282325 ,  0 ,  190 ,  29.52 ,  0.06 ,  6.25
28 ,  5 ,  1282371 ,  0 ,  190 ,  29.41 ,  0.06 ,  6.15
28 ,  5 ,  1282417 ,  0 ,  190 ,  29.30 ,  0.06 ,  6.15
28 ,  5 ,  1282463 ,  0 ,  190 ,  29.30 ,  0.06 ,  6.15
28 ,  5 ,  1282511 ,  0 ,  190 ,  29.19 ,  0.07 ,  6.15
28 ,  5 ,  1282556 ,  0 ,  190 ,  29.08 ,  0.06 ,  6.05
28 ,  5 ,  1282603 ,  0 ,  190 ,  28.97 ,  0.06 ,  6.05
28 ,  5 ,  1282649 ,  0 ,  190 ,  28.86 ,  0.06 ,  6.05
28 ,  5 ,  1282695 ,  0 ,  190 ,  28.75 ,  0.06 ,  5.95
28 ,  5 ,  1282741 ,  0 ,  190 ,  28.75 ,  0.06 ,  5.95
28 ,  5 ,  1282787 ,  0 ,  190 ,  28.64 ,  0.07 ,  5.95
28 ,  5 ,  1282832 ,  0 ,  190 ,  28.53 ,  0.06 ,  5.95
28 ,  5 ,  1282878 ,  0 ,  190 ,  28.42 ,  0.06 ,  5.85
28 ,  5 ,  1282926 ,  0 ,  190 ,  28.42 ,  0.06 ,  5.85
28 ,  5 ,  1282972 ,  0 ,  190 ,  28.20 ,  0.06 ,  5.85
28 ,  5 ,  1283018 ,  0 ,  190 ,  28.20 ,  0.06 ,  5.75
28 ,  5 ,  1283064 ,  0 ,  190 ,  28.09 ,  0.06 ,  5.75
28 ,  5 ,  1283109 ,  0 ,  190 ,  27.98 ,  0.06 ,  5.75
28 ,  5 ,  1283155 ,  0 ,  190 ,  27.87 ,  0.06 ,  5.66
28 ,  5 ,  1283202 ,  0 ,  190 ,  27.76 ,  0.06 ,  5.66
28 ,  5 ,  1283248 ,  0 ,  190 ,  27.76 ,  0.06 ,  5.66
28 ,  5 ,  1283294 ,  0 ,  190 ,  27.65 ,  0.06 ,  5.66
28 ,  5 ,  1283342 ,  0 ,  190 ,  27.54 ,  0.06 ,  5.56
28 ,  5 ,  1283388 ,  0 ,  190 ,  27.43 ,  0.06 ,  5.56
28 ,  5 ,  1283434 ,  0 ,  190 ,  27.43 ,  0.06 ,  5.56
28 ,  5 ,  1283479 ,  0 ,  190 ,  27.32 ,  0.06 ,  5.56
28 ,  5 ,  1283525 ,  0 ,  190 ,  27.21 ,  0.06 ,  5.56
28 ,  5 ,  1283571 ,  0 ,  190 ,  27.21 ,  0.06 ,  5.46
28 ,  5 ,  1283617 ,  0 ,  190 ,  27.10 ,  0.06 ,  5.46
28 ,  5 ,  1283663 ,  0 ,  190 ,  26.99 ,  0.06 ,  5.46
28 ,  5 ,  1283708 ,  0 ,  190 ,  26.88 ,  0.06 ,  5.46
28 ,  5 ,  1283757 ,  0 ,  190 ,  26.77 ,  0.06 ,  5.36
28 ,  5 ,  1283803 ,  0 ,  190 ,  26.66 ,  0.06 ,  5.36
28 ,  5 ,  1283849 ,  0 ,  190 ,  26.55 ,  0.06 ,  5.36
28 ,  5 ,  1283895 ,  0 ,  190 ,  26.55 ,  0.06 ,  5.36
28 ,  5 ,  1283941 ,  0 ,  190 ,  26.55 ,  0.06 ,  5.26
28 ,  5 ,  1283987 ,  0 ,  190 ,  26.32 ,  0.06 ,  5.26
28 ,  5 ,  1284032 ,  0 ,  190 ,  26.32 ,  0.06 ,  5.26
28 ,  5 ,  1284078 ,  0 ,  190 ,  26.21 ,  0.06 ,  5.26
28 ,  5 ,  1284124 ,  0 ,  190 ,  26.10 ,  0.06 ,  5.26
28 ,  5 ,  1284172 ,  0 ,  190 ,  25.99 ,  0.06 ,  5.16
28 ,  5 ,  1284218 ,  0 ,  190 ,  25.99 ,  0.06 ,  5.16
28 ,  5 ,  1284264 ,  0 ,  190 ,  25.88 ,  0.06 ,  5.16
28 ,  5 ,  1284311 ,  0 ,  190 ,  25.77 ,  0.06 ,  5.16
28 ,  5 ,  1284357 ,  0 ,  190 ,  25.66 ,  0.06 ,  5.06
28 ,  5 ,  1284403 ,  0 ,  190 ,  25.66 ,  0.06 ,  5.06
28 ,  5 ,  1284449 ,  0 ,  190 ,  25.55 ,  0.05 ,  5.06
28 ,  5 ,  1284494 ,  0 ,  190 ,  25.44 ,  0.06 ,  5.06
28 ,  5 ,  1284546 ,  0 ,  190 ,  25.44 ,  0.05 ,  4.96
28 ,  5 ,  1284594 ,  0 ,  190 ,  25.33 ,  0.05 ,  4.96
28 ,  5 ,  1284640 ,  0 ,  190 ,  25.22 ,  0.06 ,  4.96
28 ,  5 ,  1284686 ,  0 ,  190 ,  25.11 ,  0.06 ,  4.96
28 ,  5 ,  1284732 ,  0 ,  190 ,  25.11 ,  0.06 ,  4.86
28 ,  5 ,  1284777 ,  0 ,  190 ,  25.00 ,  0.06 ,  4.86
28 ,  5 ,  1284824 ,  0 ,  190 ,  24.89 ,  0.06 ,  4.86
28 ,  5 ,  1284870 ,  0 ,  190 ,  24.78 ,  0.06 ,  4.86
28 ,  5 ,  1284916 ,  0 ,  190 ,  24.78 ,  0.05 ,  4.86
28 ,  5 ,  1284962 ,  0 ,  190 ,  24.67 ,  0.06 ,  4.76
28 ,  5 ,  1285010 ,  0 ,  190 ,  24.56 ,  0.06 ,  4.76
28 ,  5 ,  1285056 ,  0 ,  190 ,  24.45 ,  0.06 ,  4.76
28 ,  5 ,  1285101 ,  0 ,  190 ,  24.45 ,  0.06 ,  4.76
28 ,  5 ,  1285147 ,  0 ,  190 ,  24.34 ,  0.06 ,  4.66
28 ,  5 ,  1285193 ,  0 ,  190 ,  24.23 ,  0.06 ,  4.66
28 ,  5 ,  1285239 ,  0 ,  190 ,  24.12 ,  0.06 ,  4.66
28 ,  5 ,  1285285 ,  0 ,  190 ,  24.12 ,  0.06 ,  4.66
28 ,  5 ,  1285330 ,  0 ,  190 ,  24.01 ,  0.06 ,  4.66
28 ,  5 ,  1285377 ,  0 ,  190 ,  23.90 ,  0.06 ,  4.66
28 ,  5 ,  1285425 ,  0 ,  190 ,  23.90 ,  0.06 ,  4.56
28 ,  5 ,  1285471 ,  0 ,  190 ,  23.79 ,  0.05 ,  4.56
28 ,  5 ,  1285517 ,  0 ,  190 ,  23.68 ,  0.05 ,  4.56
28 ,  5 ,  1285563 ,  0 ,  190 ,  23.68 ,  0.06 ,  4.46
28 ,  5 ,  1285608 ,  0 ,  190 ,  23.57 ,  0.05 ,  4.46
28 ,  5 ,  1285654 ,  0 ,  190 ,  23.46 ,  0.05 ,  4.46
28 ,  5 ,  1285700 ,  0 ,  190 ,  23.46 ,  0.06 ,  4.46
28 ,  5 ,  1285746 ,  0 ,  190 ,  23.35 ,  0.05 ,  4.46
28 ,  5 ,  1285792 ,  0 ,  190 ,  23.24 ,  0.05 ,  4.46
28 ,  5 ,  1285840 ,  0 ,  190 ,  23.13 ,  0.05 ,  4.37
28 ,  5 ,  1285885 ,  0 ,  190 ,  23.13 ,  0.05 ,  4.37
28 ,  5 ,  1285932 ,  0 ,  190 ,  22.91 ,  0.05 ,  4.37
28 ,  5 ,  1285978 ,  0 ,  190 ,  23.02 ,  0.06 ,  4.37
28 ,  5 ,  1286024 ,  0 ,  190 ,  22.91 ,  0.05 ,  4.37
28 ,  5 ,  1286070 ,  0 ,  190 ,  22.80 ,  0.05 ,  4.27
28 ,  5 ,  1286115 ,  0 ,  190 ,  22.69 ,  0.05 ,  4.27
28 ,  5 ,  1286161 ,  0 ,  190 ,  22.69 ,  0.05 ,  4.27
28 ,  5 ,  1286207 ,  0 ,  190 ,  22.58 ,  0.05 ,  4.27
28 ,  5 ,  1286255 ,  0 ,  190 ,  22.47 ,  0.05 ,  4.27
28 ,  5 ,  1286301 ,  0 ,  190 ,  22.36 ,  0.05 ,  4.27
28 ,  5 ,  1286347 ,  0 ,  190 ,  22.36 ,  0.05 ,  4.17
28 ,  5 ,  1286392 ,  0 ,  190 ,  22.36 ,  0.05 ,  4.17
28 ,  5 ,  1286438 ,  0 ,  190 ,  22.25 ,  0.05 ,  4.17
28 ,  5 ,  1286484 ,  0 ,  190 ,  22.14 ,  0.05 ,  4.07
28 ,  5 ,  1286531 ,  0 ,  190 ,  22.03 ,  0.05 ,  4.17
28 ,  5 ,  1286577 ,  0 ,  190 ,  22.03 ,  0.05 ,  4.07
28 ,  5 ,  1286622 ,  0 ,  190 ,  21.92 ,  0.05 ,  4.07
28 ,  5 ,  1286671 ,  0 ,  190 ,  21.92 ,  0.06 ,  4.07
28 ,  5 ,  1286716 ,  0 ,  190 ,  21.81 ,  0.05 ,  4.07
28 ,  5 ,  1286762 ,  0 ,  190 ,  21.70 ,  0.05 ,  4.07
28 ,  5 ,  1286808 ,  0 ,  190 ,  21.70 ,  0.05 ,  3.97
28 ,  5 ,  1286854 ,  0 ,  190 ,  21.59 ,  0.05 ,  3.97
28 ,  5 ,  1286899 ,  0 ,  190 ,  21.59 ,  0.05 ,  3.97
28 ,  5 ,  1286945 ,  0 ,  190 ,  21.37 ,  0.05 ,  3.97
28 ,  5 ,  1286991 ,  0 ,  190 ,  21.37 ,  0.05 ,  3.97
28 ,  5 ,  1287037 ,  0 ,  190 ,  21.26 ,  0.05 ,  3.97
28 ,  5 ,  1287086 ,  0 ,  190 ,  21.26 ,  0.05 ,  3.97
28 ,  5 ,  1287132 ,  0 ,  190 ,  21.15 ,  0.05 ,  3.87
28 ,  5 ,  1287177 ,  0 ,  190 ,  21.04 ,  0.05 ,  3.87
28 ,  5 ,  1287223 ,  0 ,  190 ,  21.04 ,  0.05 ,  3.87
28 ,  5 ,  1287269 ,  0 ,  190 ,  20.93 ,  0.05 ,  3.87
28 ,  5 ,  1287315 ,  0 ,  190 ,  20.93 ,  0.05 ,  3.87
28 ,  5 ,  1287361 ,  0 ,  190 ,  20.82 ,  0.05 ,  3.77
28 ,  5 ,  1287406 ,  0 ,  190 ,  20.71 ,  0.06 ,  3.77
28 ,  5 ,  1287452 ,  0 ,  190 ,  20.60 ,  0.05 ,  3.77
28 ,  5 ,  1287500 ,  0 ,  190 ,  20.71 ,  0.05 ,  3.77
28 ,  5 ,  1287546 ,  0 ,  190 ,  20.49 ,  0.05 ,  3.77
28 ,  5 ,  1287592 ,  0 ,  190 ,  20.49 ,  0.05 ,  3.77
28 ,  5 ,  1287639 ,  0 ,  190 ,  20.38 ,  0.05 ,  3.67
28 ,  5 ,  1287685 ,  0 ,  190 ,  20.38 ,  0.05 ,  3.67
28 ,  5 ,  1287730 ,  0 ,  190 ,  20.27 ,  0.05 ,  3.67
28 ,  5 ,  1287776 ,  0 ,  190 ,  20.27 ,  0.05 ,  3.67
28 ,  5 ,  1287822 ,  0 ,  190 ,  20.16 ,  0.05 ,  3.67
28 ,  5 ,  1287868 ,  0 ,  190 ,  20.16 ,  0.05 ,  3.67
28 ,  5 ,  1287916 ,  0 ,  190 ,  20.05 ,  0.05 ,  3.67
28 ,  5 ,  1287962 ,  0 ,  190 ,  19.94 ,  0.05 ,  3.57
28 ,  5 ,  1288007 ,  0 ,  190 ,  19.94 ,  0.05 ,  3.57
28 ,  5 ,  1288053 ,  0 ,  190 ,  19.83 ,  0.05 ,  3.57
28 ,  5 ,  1288099 ,  0 ,  190 ,  19.72 ,  0.05 ,  3.57
28 ,  5 ,  1288145 ,  0 ,  190 ,  19.72 ,  0.05 ,  3.57
28 ,  5 ,  1288192 ,  0 ,  190 ,  19.61 ,  0.05 ,  3.57
28 ,  5 ,  1288237 ,  0 ,  190 ,  19.50 ,  0.05 ,  3.47
28 ,  5 ,  1288283 ,  0 ,  190 ,  19.50 ,  0.05 ,  3.47
28 ,  5 ,  1288331 ,  0 ,  190 ,  19.39 ,  0.05 ,  3.47
28 ,  5 ,  1288377 ,  0 ,  190 ,  19.39 ,  0.05 ,  3.47
28 ,  5 ,  1288423 ,  0 ,  190 ,  19.28 ,  0.05 ,  3.47
28 ,  5 ,  1288469 ,  0 ,  190 ,  19.28 ,  0.05 ,  3.47
28 ,  5 ,  1288514 ,  0 ,  190 ,  19.17 ,  0.05 ,  3.47
28 ,  5 ,  1288560 ,  0 ,  190 ,  19.06 ,  0.05 ,  3.37
28 ,  5 ,  1288606 ,  0 ,  190 ,  19.06 ,  0.05 ,  3.37
28 ,  5 ,  1288652 ,  0 ,  190 ,  18.95 ,  0.05 ,  3.37
28 ,  5 ,  1288698 ,  0 ,  190 ,  18.95 ,  0.04 ,  3.37
28 ,  5 ,  1288747 ,  0 ,  190 ,  18.84 ,  0.05 ,  3.37
28 ,  5 ,  1288793 ,  0 ,  190 ,  18.84 ,  0.05 ,  3.37
28 ,  5 ,  1288839 ,  0 ,  190 ,  18.73 ,  0.05 ,  3.27
28 ,  5 ,  1288885 ,  0 ,  190 ,  18.62 ,  0.04 ,  3.27
28 ,  5 ,  1288930 ,  0 ,  190 ,  18.62 ,  0.05 ,  3.27
28 ,  5 ,  1288976 ,  0 ,  190 ,  18.51 ,  0.05 ,  3.27
28 ,  5 ,  1289022 ,  0 ,  190 ,  18.51 ,  0.05 ,  3.27
28 ,  5 ,  1289068 ,  0 ,  190 ,  18.40 ,  0.05 ,  3.27
28 ,  5 ,  1289114 ,  0 ,  190 ,  18.40 ,  0.05 ,  3.27
28 ,  5 ,  1289162 ,  0 ,  190 ,  18.29 ,  0.05 ,  3.18
28 ,  5 ,  1289208 ,  0 ,  190 ,  18.29 ,  0.05 ,  3.18
28 ,  5 ,  1289253 ,  0 ,  190 ,  18.18 ,  0.05 ,  3.18
28 ,  5 ,  1289299 ,  0 ,  190 ,  18.18 ,  0.05 ,  3.18
28 ,  5 ,  1289346 ,  0 ,  190 ,  18.07 ,  0.04 ,  3.18
28 ,  5 ,  1289392 ,  0 ,  190 ,  18.07 ,  0.05 ,  3.18
28 ,  5 ,  1289438 ,  0 ,  190 ,  17.96 ,  0.04 ,  3.18
28 ,  5 ,  1289483 ,  0 ,  190 ,  17.85 ,  0.05 ,  3.18
28 ,  5 ,  1289529 ,  0 ,  190 ,  17.85 ,  0.05 ,  3.08
28 ,  5 ,  1289577 ,  0 ,  190 ,  17.85 ,  0.05 ,  3.08
28 ,  5 ,  1289623 ,  0 ,  190 ,  17.73 ,  0.05 ,  3.08
28 ,  5 ,  1289669 ,  0 ,  190 ,  17.73 ,  0.05 ,  3.08
28 ,  5 ,  1289715 ,  0 ,  190 ,  17.62 ,  0.04 ,  2.98
28 ,  5 ,  1289761 ,  0 ,  190 ,  17.51 ,  0.05 ,  3.08
28 ,  5 ,  1289806 ,  0 ,  190 ,  17.51 ,  0.04 ,  3.08
28 ,  5 ,  1289852 ,  0 ,  190 ,  17.51 ,  0.05 ,  2.98
28 ,  5 ,  1289899 ,  0 ,  190 ,  17.40 ,  0.05 ,  2.98
28 ,  5 ,  1289945 ,  0 ,  190 ,  17.29 ,  0.04 ,  2.98
28 ,  5 ,  1289993 ,  0 ,  190 ,  17.29 ,  0.05 ,  2.98
28 ,  5 ,  1290039 ,  0 ,  190 ,  17.18 ,  0.05 ,  2.98
28 ,  5 ,  1290084 ,  0 ,  190 ,  17.18 ,  0.05 ,  2.98
28 ,  5 ,  1290146 ,  0 ,  190 ,  17.07 ,  0.04 ,  2.98
28 ,  5 ,  1290192 ,  0 ,  190 ,  17.07 ,  0.05 ,  2.98
28 ,  5 ,  1290238 ,  0 ,  190 ,  16.96 ,  0.04 ,  2.88
28 ,  5 ,  1290284 ,  0 ,  190 ,  16.96 ,  0.05 ,  2.98
28 ,  5 ,  1290330 ,  0 ,  190 ,  16.85 ,  0.05 ,  2.88
28 ,  5 ,  1290376 ,  0 ,  190 ,  16.85 ,  0.05 ,  2.88
28 ,  5 ,  1290424 ,  0 ,  190 ,  16.74 ,  0.05 ,  2.88
28 ,  5 ,  1290470 ,  0 ,  190 ,  16.74 ,  0.05 ,  2.88
28 ,  5 ,  1290516 ,  0 ,  190 ,  16.63 ,  0.05 ,  2.88
28 ,  5 ,  1290561 ,  0 ,  190 ,  16.63 ,  0.05 ,  2.88
28 ,  5 ,  1290607 ,  0 ,  190 ,  16.63 ,  0.05 ,  2.78
28 ,  5 ,  1290653 ,  0 ,  190 ,  16.52 ,  0.05 ,  2.78
28 ,  5 ,  1290699 ,  0 ,  190 ,  16.52 ,  0.04 ,  2.78
28 ,  5 ,  1290745 ,  0 ,  190 ,  16.41 ,  0.05 ,  2.78
28 ,  5 ,  1290790 ,  0 ,  190 ,  16.30 ,  0.05 ,  2.78
28 ,  5 ,  1290840 ,  0 ,  190 ,  16.30 ,  0.05 ,  2.78
28 ,  5 ,  1290885 ,  0 ,  190 ,  16.19 ,  0.04 ,  2.78
28 ,  5 ,  1290931 ,  0 ,  190 ,  16.19 ,  0.05 ,  2.78
28 ,  5 ,  1290977 ,  0 ,  190 ,  16.08 ,  0.05 ,  2.78
28 ,  5 ,  1291023 ,  0 ,  190 ,  16.08 ,  0.05 ,  2.78
28 ,  5 ,  1291069 ,  0 ,  190 ,  16.08 ,  0.05 ,  2.68
28 ,  5 ,  1291114 ,  0 ,  190 ,  15.97 ,  0.05 ,  2.68
28 ,  5 ,  1291160 ,  0 ,  190 ,  15.97 ,  0.05 ,  2.68
28 ,  5 ,  1291206 ,  0 ,  190 ,  15.86 ,  0.05 ,  2.68
28 ,  5 ,  1291254 ,  0 ,  190 ,  15.86 ,  0.05 ,  2.68
28 ,  5 ,  1291300 ,  0 ,  190 ,  15.75 ,  0.04 ,  2.68
28 ,  5 ,  1291346 ,  0 ,  190 ,  15.75 ,  0.05 ,  2.68
28 ,  5 ,  1291393 ,  0 ,  190 ,  15.64 ,  0.05 ,  2.68
28 ,  5 ,  1291439 ,  0 ,  190 ,  15.64 ,  0.05 ,  2.68
28 ,  5 ,  1291485 ,  0 ,  190 ,  15.53 ,  0.05 ,  2.58
28 ,  5 ,  1291530 ,  0 ,  190 ,  15.53 ,  0.04 ,  2.58
28 ,  5 ,  1291576 ,  0 ,  190 ,  15.53 ,  0.04 ,  2.58
28 ,  5 ,  1291622 ,  0 ,  190 ,  15.42 ,  0.04 ,  2.58
28 ,  5 ,  1291670 ,  0 ,  190 ,  15.42 ,  0.04 ,  2.58
28 ,  5 ,  1291716 ,  0 ,  190 ,  15.31 ,  0.04 ,  2.58
28 ,  5 ,  1291762 ,  0 ,  190 ,  15.31 ,  0.04 ,  2.58
28 ,  5 ,  1291808 ,  0 ,  190 ,  15.20 ,  0.05 ,  2.58
28 ,  5 ,  1291854 ,  0 ,  190 ,  15.20 ,  0.05 ,  2.58
28 ,  5 ,  1291900 ,  0 ,  190 ,  15.09 ,  0.04 ,  2.58
28 ,  5 ,  1291947 ,  0 ,  190 ,  15.20 ,  0.04 ,  2.58
28 ,  5 ,  1291993 ,  0 ,  190 ,  14.98 ,  0.05 ,  2.48
28 ,  5 ,  1292039 ,  0 ,  190 ,  14.98 ,  0.05 ,  2.48
28 ,  5 ,  1292087 ,  0 ,  190 ,  14.87 ,  0.05 ,  2.48
28 ,  5 ,  1292133 ,  0 ,  190 ,  14.87 ,  0.05 ,  2.48
28 ,  5 ,  1292179 ,  0 ,  190 ,  14.87 ,  0.05 ,  2.48
28 ,  5 ,  1292224 ,  0 ,  190 ,  14.76 ,  0.04 ,  2.48
28 ,  5 ,  1292270 ,  0 ,  190 ,  14.76 ,  0.04 ,  2.48
28 ,  5 ,  1292316 ,  0 ,  190 ,  14.76 ,  0.04 ,  2.48
28 ,  5 ,  1292362 ,  0 ,  190 ,  14.65 ,  0.04 ,  2.48
28 ,  5 ,  1292408 ,  0 ,  190 ,  14.65 ,  0.04 ,  2.38
28 ,  5 ,  1292454 ,  0 ,  190 ,  14.54 ,  0.05 ,  2.38
28 ,  5 ,  1292510 ,  0 ,  190 ,  14.54 ,  0.04 ,  2.38
28 ,  5 ,  1292556 ,  0 ,  190 ,  14.54 ,  0.04 ,  2.38
28 ,  5 ,  1292602 ,  0 ,  190 ,  14.43 ,  0.04 ,  2.38
28 ,  5 ,  1292648 ,  0 ,  190 ,  14.43 ,  0.04 ,  2.38
28 ,  5 ,  1292694 ,  0 ,  190 ,  14.32 ,  0.04 ,  2.38
28 ,  5 ,  1292740 ,  0 ,  190 ,  14.32 ,  0.05 ,  2.38
28 ,  5 ,  1292786 ,  0 ,  190 ,  14.32 ,  0.04 ,  2.38
28 ,  5 ,  1292832 ,  0 ,  190 ,  14.21 ,  0.04 ,  2.38
28 ,  5 ,  1292878 ,  0 ,  190 ,  14.21 ,  0.05 ,  2.38
28 ,  5 ,  1292926 ,  0 ,  190 ,  14.10 ,  0.04 ,  2.28
28 ,  5 ,  1292973 ,  0 ,  190 ,  14.10 ,  0.04 ,  2.28
28 ,  5 ,  1293019 ,  0 ,  190 ,  13.99 ,  0.04 ,  2.28
28 ,  5 ,  1293065 ,  0 ,  190 ,  13.99 ,  0.05 ,  2.28
28 ,  5 ,  1293111 ,  0 ,  190 ,  13.99 ,  0.04 ,  2.28
28 ,  5 ,  1293156 ,  0 ,  190 ,  13.88 ,  0.04 ,  2.28
28 ,  5 ,  1293202 ,  0 ,  190 ,  13.88 ,  0.04 ,  2.28
28 ,  5 ,  1293248 ,  0 ,  190 ,  13.88 ,  0.04 ,  2.28
28 ,  5 ,  1293294 ,  0 ,  190 ,  13.77 ,  0.05 ,  2.28
28 ,  5 ,  1293342 ,  0 ,  190 ,  13.77 ,  0.05 ,  2.28
28 ,  5 ,  1293388 ,  0 ,  190 ,  13.66 ,  0.04 ,  2.28
28 ,  5 ,  1293434 ,  0 ,  190 ,  13.66 ,  0.05 ,  2.18
28 ,  5 ,  1293480 ,  0 ,  190 ,  13.66 ,  0.05 ,  2.28
28 ,  5 ,  1293526 ,  0 ,  190 ,  13.55 ,  0.04 ,  2.18
28 ,  5 ,  1293572 ,  0 ,  190 ,  13.55 ,  0.05 ,  2.28
28 ,  5 ,  1293618 ,  0 ,  190 ,  13.55 ,  0.04 ,  2.28
28 ,  5 ,  1293664 ,  0 ,  190 ,  13.44 ,  0.05 ,  2.18
28 ,  5 ,  1293710 ,  0 ,  190 ,  13.44 ,  0.05 ,  2.18
28 ,  5 ,  1293758 ,  0 ,  190 ,  13.33 ,  0.05 ,  2.18
28 ,  5 ,  1293804 ,  0 ,  190 ,  13.33 ,  0.04 ,  2.18
28 ,  5 ,  1293849 ,  0 ,  190 ,  13.33 ,  0.04 ,  2.18
28 ,  5 ,  1293895 ,  0 ,  190 ,  13.22 ,  0.04 ,  2.18
28 ,  5 ,  1293941 ,  0 ,  190 ,  13.22 ,  0.04 ,  2.18
28 ,  5 ,  1293987 ,  0 ,  190 ,  13.11 ,  0.04 ,  2.18
28 ,  5 ,  1294033 ,  0 ,  190 ,  13.11 ,  0.04 ,  2.18
28 ,  5 ,  1294080 ,  0 ,  190 ,  13.11 ,  0.04 ,  2.18
28 ,  5 ,  1294125 ,  0 ,  190 ,  13.11 ,  0.04 ,  2.18
28 ,  5 ,  1294173 ,  0 ,  190 ,  13.00 ,  0.05 ,  2.08
28 ,  5 ,  1294219 ,  0 ,  190 ,  13.00 ,  0.04 ,  2.18
28 ,  5 ,  1294266 ,  0 ,  190 ,  13.00 ,  0.04 ,  2.08
28 ,  5 ,  1294312 ,  0 ,  190 ,  12.89 ,  0.04 ,  2.08
28 ,  5 ,  1294357 ,  0 ,  190 ,  12.89 ,  0.04 ,  2.08
28 ,  5 ,  1294403 ,  0 ,  190 ,  12.89 ,  0.05 ,  2.08
28 ,  5 ,  1294449 ,  0 ,  190 ,  12.78 ,  0.05 ,  2.08
28 ,  5 ,  1294495 ,  0 ,  190 ,  12.78 ,  0.05 ,  2.08
28 ,  5 ,  1294541 ,  0 ,  190 ,  12.78 ,  0.04 ,  2.08
28 ,  5 ,  1294589 ,  0 ,  190 ,  12.67 ,  0.04 ,  2.08
28 ,  5 ,  1294636 ,  0 ,  190 ,  12.67 ,  0.04 ,  2.08
28 ,  5 ,  1294681 ,  0 ,  190 ,  12.56 ,  0.04 ,  2.08
28 ,  5 ,  1294727 ,  0 ,  190 ,  12.56 ,  0.05 ,  2.08
28 ,  5 ,  1294773 ,  0 ,  190 ,  12.56 ,  0.05 ,  2.08
28 ,  5 ,  1294819 ,  0 ,  190 ,  12.56 ,  0.04 ,  1.98
