MS, MPT, t (s), PWMi, PWMe, Pressure (Psi), LW (V), Displacement (mm)
30 ,  4 ,  116305 ,  74 ,  249 ,  28.42 ,  0.06 ,  6.05
30 ,  4 ,  116350 ,  74 ,  249 ,  26.77 ,  0.06 ,  5.66
30 ,  4 ,  116395 ,  74 ,  249 ,  25.11 ,  0.06 ,  5.16
30 ,  4 ,  116440 ,  45 ,  228 ,  23.79 ,  0.05 ,  4.76
30 ,  4 ,  116484 ,  45 ,  228 ,  23.24 ,  0.05 ,  4.56
30 ,  4 ,  116528 ,  45 ,  228 ,  23.02 ,  0.05 ,  4.46
30 ,  4 ,  116573 ,  210 ,  27 ,  22.91 ,  0.05 ,  4.37
30 ,  4 ,  116617 ,  210 ,  27 ,  23.02 ,  0.05 ,  4.37
30 ,  4 ,  116664 ,  210 ,  27 ,  28.75 ,  0.06 ,  4.76
30 ,  4 ,  116708 ,  61 ,  238 ,  34.91 ,  0.08 ,  6.05
30 ,  4 ,  116752 ,  61 ,  238 ,  34.91 ,  0.09 ,  6.35
30 ,  4 ,  116796 ,  61 ,  238 ,  34.58 ,  0.09 ,  6.35
30 ,  4 ,  116841 ,  39 ,  234 ,  33.92 ,  0.08 ,  6.35
30 ,  4 ,  116885 ,  39 ,  234 ,  33.04 ,  0.08 ,  6.25
30 ,  4 ,  116929 ,  39 ,  234 ,  32.49 ,  0.08 ,  6.15
30 ,  4 ,  116973 ,  65 ,  223 ,  31.94 ,  0.07 ,  6.15
30 ,  4 ,  117017 ,  65 ,  223 ,  31.61 ,  0.07 ,  6.15
30 ,  4 ,  117064 ,  65 ,  223 ,  31.50 ,  0.07 ,  6.05
30 ,  4 ,  117108 ,  244 ,  45 ,  31.39 ,  0.07 ,  6.15
30 ,  4 ,  117152 ,  244 ,  45 ,  32.05 ,  0.07 ,  6.05
30 ,  4 ,  117196 ,  244 ,  45 ,  42.18 ,  0.11 ,  7.64
30 ,  4 ,  117241 ,  236 ,  61 ,  51.54 ,  0.19 ,  10.52
30 ,  4 ,  117285 ,  236 ,  61 ,  58.15 ,  0.26 ,  13.00
30 ,  4 ,  117329 ,  236 ,  61 ,  62.67 ,  0.32 ,  14.68
30 ,  4 ,  117374 ,  21 ,  255 ,  65.97 ,  0.36 ,  15.88
30 ,  4 ,  117419 ,  21 ,  255 ,  63.11 ,  0.36 ,  15.88
30 ,  4 ,  117465 ,  21 ,  255 ,  55.51 ,  0.29 ,  14.39
30 ,  4 ,  117510 ,  3 ,  223 ,  48.68 ,  0.22 ,  12.50
30 ,  4 ,  117554 ,  3 ,  223 ,  44.72 ,  0.17 ,  11.01
30 ,  4 ,  117598 ,  3 ,  223 ,  41.85 ,  0.14 ,  10.12
30 ,  4 ,  117642 ,  238 ,  69 ,  39.54 ,  0.11 ,  9.33
30 ,  4 ,  117686 ,  238 ,  69 ,  39.65 ,  0.11 ,  9.13
30 ,  4 ,  117731 ,  238 ,  69 ,  45.82 ,  0.14 ,  9.82
30 ,  4 ,  117775 ,  233 ,  26 ,  52.98 ,  0.19 ,  11.81
30 ,  4 ,  117819 ,  233 ,  26 ,  58.48 ,  0.26 ,  13.59
30 ,  4 ,  117866 ,  233 ,  26 ,  62.56 ,  0.30 ,  14.98
30 ,  4 ,  117910 ,  242 ,  26 ,  65.31 ,  0.34 ,  15.97
30 ,  4 ,  117954 ,  242 ,  26 ,  68.06 ,  0.37 ,  16.77
30 ,  4 ,  117998 ,  242 ,  26 ,  70.60 ,  0.40 ,  17.56
30 ,  4 ,  118043 ,  225 ,  0 ,  72.80 ,  0.42 ,  18.16
30 ,  4 ,  118087 ,  225 ,  0 ,  73.57 ,  0.43 ,  18.55
30 ,  4 ,  118131 ,  225 ,  0 ,  74.01 ,  0.43 ,  18.75
30 ,  4 ,  118175 ,  40 ,  234 ,  74.45 ,  0.43 ,  18.95
30 ,  4 ,  118220 ,  40 ,  234 ,  72.03 ,  0.43 ,  18.95
30 ,  4 ,  118266 ,  40 ,  234 ,  65.86 ,  0.40 ,  17.66
30 ,  4 ,  118310 ,  64 ,  243 ,  60.35 ,  0.35 ,  16.27
30 ,  4 ,  118355 ,  64 ,  243 ,  55.18 ,  0.29 ,  14.78
30 ,  4 ,  118400 ,  64 ,  243 ,  50.66 ,  0.24 ,  13.30
30 ,  4 ,  118444 ,  31 ,  234 ,  46.81 ,  0.19 ,  11.91
30 ,  4 ,  118489 ,  31 ,  234 ,  43.72 ,  0.16 ,  10.81
30 ,  4 ,  118533 ,  31 ,  234 ,  41.19 ,  0.13 ,  10.02
30 ,  4 ,  118577 ,  227 ,  18 ,  38.88 ,  0.11 ,  9.43
30 ,  4 ,  118621 ,  227 ,  18 ,  39.21 ,  0.11 ,  9.33
30 ,  4 ,  118668 ,  227 ,  18 ,  43.95 ,  0.12 ,  9.62
30 ,  4 ,  118712 ,  234 ,  68 ,  49.56 ,  0.16 ,  11.21
30 ,  4 ,  118757 ,  234 ,  68 ,  54.96 ,  0.22 ,  12.80
30 ,  4 ,  118801 ,  234 ,  68 ,  59.36 ,  0.27 ,  14.19
30 ,  4 ,  118845 ,  237 ,  35 ,  62.89 ,  0.31 ,  15.38
30 ,  4 ,  118890 ,  237 ,  35 ,  65.86 ,  0.34 ,  16.27
30 ,  4 ,  118934 ,  237 ,  35 ,  68.28 ,  0.37 ,  17.07
30 ,  4 ,  118978 ,  238 ,  0 ,  70.27 ,  0.39 ,  17.66
30 ,  4 ,  119025 ,  238 ,  0 ,  72.14 ,  0.41 ,  18.26
30 ,  4 ,  119069 ,  238 ,  0 ,  73.79 ,  0.42 ,  18.65
30 ,  4 ,  119113 ,  61 ,  246 ,  75.00 ,  0.43 ,  19.05
30 ,  4 ,  119157 ,  61 ,  246 ,  71.70 ,  0.43 ,  18.95
30 ,  4 ,  119202 ,  61 ,  246 ,  63.99 ,  0.38 ,  17.36
30 ,  4 ,  119246 ,  245 ,  11 ,  56.83 ,  0.30 ,  15.48
30 ,  4 ,  119290 ,  245 ,  11 ,  56.83 ,  0.28 ,  14.98
30 ,  4 ,  119335 ,  245 ,  11 ,  60.90 ,  0.31 ,  15.58
30 ,  4 ,  119379 ,  255 ,  62 ,  66.19 ,  0.36 ,  16.87
30 ,  4 ,  119426 ,  255 ,  62 ,  71.70 ,  0.41 ,  18.16
30 ,  4 ,  119471 ,  255 ,  62 ,  76.54 ,  0.43 ,  19.35
30 ,  4 ,  119515 ,  32 ,  252 ,  80.07 ,  0.45 ,  20.24
30 ,  4 ,  119559 ,  32 ,  252 ,  75.33 ,  0.44 ,  19.94
30 ,  4 ,  119604 ,  32 ,  252 ,  65.31 ,  0.40 ,  17.96
30 ,  4 ,  119648 ,  56 ,  229 ,  55.84 ,  0.30 ,  15.48
30 ,  4 ,  119692 ,  56 ,  229 ,  49.78 ,  0.23 ,  13.39
30 ,  4 ,  119736 ,  56 ,  229 ,  45.60 ,  0.18 ,  11.81
30 ,  4 ,  119781 ,  51 ,  249 ,  42.07 ,  0.14 ,  10.62
30 ,  4 ,  119827 ,  51 ,  249 ,  38.00 ,  0.12 ,  9.62
30 ,  4 ,  119871 ,  51 ,  249 ,  34.58 ,  0.10 ,  8.43
30 ,  4 ,  119916 ,  220 ,  43 ,  31.50 ,  0.08 ,  7.34
30 ,  4 ,  119960 ,  220 ,  43 ,  31.94 ,  0.08 ,  7.14
30 ,  4 ,  120004 ,  220 ,  43 ,  37.23 ,  0.09 ,  7.54
30 ,  4 ,  120048 ,  70 ,  244 ,  43.17 ,  0.12 ,  9.03
30 ,  4 ,  120093 ,  70 ,  244 ,  43.06 ,  0.13 ,  9.33
30 ,  4 ,  120137 ,  70 ,  244 ,  41.08 ,  0.12 ,  9.13
30 ,  4 ,  120181 ,  15 ,  255 ,  38.66 ,  0.10 ,  8.83
30 ,  4 ,  120228 ,  15 ,  255 ,  35.80 ,  0.09 ,  8.14
30 ,  4 ,  120272 ,  15 ,  255 ,  33.15 ,  0.08 ,  7.44
30 ,  4 ,  120316 ,  229 ,  63 ,  30.73 ,  0.07 ,  6.75
30 ,  4 ,  120360 ,  229 ,  63 ,  30.84 ,  0.06 ,  6.65
30 ,  4 ,  120404 ,  229 ,  63 ,  37.78 ,  0.08 ,  7.34
30 ,  4 ,  120450 ,  46 ,  255 ,  45.16 ,  0.13 ,  9.33
30 ,  4 ,  120494 ,  46 ,  255 ,  44.94 ,  0.14 ,  9.72
30 ,  4 ,  120538 ,  46 ,  255 ,  41.41 ,  0.12 ,  9.33
30 ,  4 ,  120582 ,  50 ,  236 ,  37.56 ,  0.09 ,  8.43
30 ,  4 ,  120629 ,  50 ,  236 ,  35.02 ,  0.08 ,  7.74
30 ,  4 ,  120673 ,  50 ,  236 ,  33.04 ,  0.07 ,  7.24
30 ,  4 ,  120717 ,  34 ,  255 ,  31.39 ,  0.06 ,  6.75
30 ,  4 ,  120762 ,  34 ,  255 ,  29.30 ,  0.05 ,  6.25
30 ,  4 ,  120806 ,  34 ,  255 ,  27.32 ,  0.06 ,  5.75
30 ,  4 ,  120850 ,  45 ,  250 ,  25.66 ,  0.05 ,  5.26
30 ,  4 ,  120894 ,  45 ,  250 ,  24.12 ,  0.05 ,  4.86
30 ,  4 ,  120939 ,  45 ,  250 ,  22.80 ,  0.05 ,  4.46
30 ,  4 ,  120983 ,  12 ,  249 ,  21.70 ,  0.05 ,  4.17
30 ,  4 ,  121029 ,  12 ,  249 ,  20.60 ,  0.04 ,  3.97
30 ,  4 ,  121073 ,  12 ,  249 ,  19.83 ,  0.04 ,  3.67
30 ,  4 ,  121118 ,  34 ,  255 ,  18.95 ,  0.04 ,  3.47
30 ,  4 ,  121162 ,  34 ,  255 ,  18.18 ,  0.05 ,  3.27
30 ,  4 ,  121206 ,  34 ,  255 ,  17.29 ,  0.04 ,  3.08
30 ,  4 ,  121250 ,  78 ,  244 ,  16.63 ,  0.04 ,  2.98
30 ,  4 ,  121295 ,  78 ,  244 ,  16.19 ,  0.04 ,  2.78
30 ,  4 ,  121339 ,  78 ,  244 ,  15.97 ,  0.04 ,  2.68
30 ,  4 ,  121383 ,  34 ,  253 ,  15.75 ,  0.04 ,  2.68
30 ,  4 ,  121431 ,  34 ,  253 ,  15.31 ,  0.04 ,  2.58
30 ,  4 ,  121475 ,  34 ,  253 ,  14.87 ,  0.04 ,  2.48
30 ,  4 ,  121519 ,  39 ,  221 ,  14.43 ,  0.04 ,  2.38
30 ,  4 ,  121563 ,  39 ,  221 ,  14.43 ,  0.04 ,  2.28
30 ,  4 ,  121607 ,  39 ,  221 ,  14.43 ,  0.04 ,  2.28
30 ,  4 ,  121652 ,  20 ,  233 ,  14.54 ,  0.04 ,  2.28
30 ,  4 ,  121696 ,  20 ,  233 ,  14.43 ,  0.04 ,  2.28
30 ,  4 ,  121740 ,  20 ,  233 ,  14.54 ,  0.04 ,  2.28
30 ,  4 ,  121784 ,  229 ,  47 ,  14.54 ,  0.04 ,  2.18
30 ,  4 ,  121831 ,  229 ,  47 ,  16.74 ,  0.04 ,  2.18
30 ,  4 ,  121875 ,  229 ,  47 ,  27.98 ,  0.06 ,  3.57
30 ,  4 ,  121919 ,  221 ,  15 ,  38.22 ,  0.10 ,  5.95
30 ,  4 ,  121963 ,  221 ,  15 ,  45.05 ,  0.15 ,  8.04
30 ,  4 ,  122008 ,  221 ,  15 ,  49.45 ,  0.19 ,  9.72
30 ,  4 ,  122052 ,  233 ,  0 ,  52.76 ,  0.23 ,  10.91
30 ,  4 ,  122096 ,  233 ,  0 ,  55.95 ,  0.26 ,  12.10
30 ,  4 ,  122140 ,  233 ,  0 ,  58.92 ,  0.30 ,  13.30
30 ,  4 ,  122185 ,  224 ,  57 ,  61.35 ,  0.33 ,  14.19
30 ,  4 ,  122231 ,  224 ,  57 ,  63.00 ,  0.35 ,  14.88
30 ,  4 ,  122275 ,  224 ,  57 ,  64.21 ,  0.37 ,  15.38
30 ,  4 ,  122320 ,  233 ,  62 ,  65.31 ,  0.39 ,  15.78
30 ,  4 ,  122364 ,  233 ,  62 ,  66.63 ,  0.40 ,  16.27
30 ,  4 ,  122408 ,  233 ,  62 ,  68.06 ,  0.42 ,  16.77
30 ,  4 ,  122454 ,  247 ,  10 ,  69.38 ,  0.43 ,  17.16
30 ,  4 ,  122498 ,  247 ,  10 ,  71.48 ,  0.44 ,  17.76
30 ,  4 ,  122542 ,  247 ,  10 ,  74.23 ,  0.45 ,  18.45
30 ,  4 ,  122587 ,  243 ,  82 ,  76.43 ,  0.46 ,  19.15
30 ,  4 ,  122633 ,  243 ,  82 ,  78.19 ,  0.46 ,  19.74
30 ,  4 ,  122677 ,  243 ,  82 ,  79.63 ,  0.47 ,  20.04
30 ,  4 ,  122722 ,  255 ,  50 ,  80.84 ,  0.47 ,  20.44
30 ,  4 ,  122766 ,  255 ,  50 ,  82.49 ,  0.48 ,  20.84
30 ,  4 ,  122811 ,  255 ,  50 ,  84.36 ,  0.48 ,  21.23
30 ,  4 ,  122860 ,  252 ,  22 ,  86.12 ,  0.48 ,  21.73
30 ,  4 ,  122904 ,  252 ,  22 ,  87.34 ,  0.48 ,  22.03
30 ,  4 ,  122948 ,  252 ,  22 ,  88.33 ,  0.48 ,  22.22
30 ,  4 ,  122992 ,  248 ,  49 ,  89.32 ,  0.48 ,  22.42
30 ,  4 ,  123039 ,  248 ,  49 ,  89.98 ,  0.49 ,  22.62
30 ,  4 ,  123083 ,  248 ,  49 ,  90.53 ,  0.48 ,  22.82
30 ,  4 ,  123127 ,  231 ,  40 ,  90.97 ,  0.48 ,  22.92
30 ,  4 ,  123172 ,  231 ,  40 ,  90.97 ,  0.48 ,  23.02
30 ,  4 ,  123216 ,  231 ,  40 ,  90.75 ,  0.48 ,  23.02
30 ,  4 ,  123260 ,  247 ,  8 ,  90.53 ,  0.49 ,  23.02
30 ,  4 ,  123305 ,  247 ,  8 ,  90.53 ,  0.48 ,  23.02
30 ,  4 ,  123350 ,  247 ,  8 ,  90.75 ,  0.48 ,  23.02
30 ,  4 ,  123394 ,  231 ,  35 ,  90.97 ,  0.48 ,  23.12
30 ,  4 ,  123441 ,  231 ,  35 ,  90.86 ,  0.48 ,  23.12
30 ,  4 ,  123485 ,  231 ,  35 ,  90.64 ,  0.48 ,  23.12
30 ,  4 ,  123529 ,  53 ,  237 ,  90.42 ,  0.48 ,  23.12
30 ,  4 ,  123573 ,  53 ,  237 ,  85.46 ,  0.48 ,  22.72
30 ,  4 ,  123618 ,  53 ,  237 ,  75.77 ,  0.48 ,  21.23
30 ,  4 ,  123662 ,  16 ,  245 ,  67.40 ,  0.46 ,  19.35
30 ,  4 ,  123706 ,  16 ,  245 ,  60.13 ,  0.43 ,  17.36
30 ,  4 ,  123750 ,  16 ,  245 ,  54.08 ,  0.36 ,  15.28
30 ,  4 ,  123797 ,  222 ,  76 ,  49.01 ,  0.28 ,  13.49
30 ,  4 ,  123841 ,  222 ,  76 ,  49.45 ,  0.26 ,  13.10
30 ,  4 ,  123886 ,  222 ,  76 ,  50.99 ,  0.26 ,  13.10
30 ,  4 ,  123930 ,  234 ,  25 ,  54.19 ,  0.28 ,  13.89
30 ,  4 ,  123974 ,  234 ,  25 ,  58.15 ,  0.32 ,  14.88
30 ,  4 ,  124018 ,  234 ,  25 ,  62.12 ,  0.36 ,  15.97
30 ,  4 ,  124063 ,  255 ,  50 ,  65.42 ,  0.40 ,  16.87
30 ,  4 ,  124107 ,  255 ,  50 ,  69.94 ,  0.43 ,  18.06
30 ,  4 ,  124151 ,  255 ,  50 ,  74.78 ,  0.45 ,  19.25
30 ,  4 ,  124198 ,  255 ,  8 ,  78.86 ,  0.46 ,  20.24
30 ,  4 ,  124242 ,  255 ,  8 ,  81.83 ,  0.47 ,  20.94
30 ,  4 ,  124286 ,  255 ,  8 ,  84.03 ,  0.47 ,  21.43
30 ,  4 ,  124331 ,  53 ,  255 ,  85.79 ,  0.48 ,  21.93
30 ,  4 ,  124376 ,  53 ,  255 ,  79.74 ,  0.47 ,  21.43
30 ,  4 ,  124420 ,  53 ,  255 ,  67.84 ,  0.45 ,  19.25
30 ,  4 ,  124464 ,  227 ,  20 ,  55.40 ,  0.36 ,  16.07
30 ,  4 ,  124508 ,  227 ,  20 ,  55.84 ,  0.33 ,  15.18
30 ,  4 ,  124553 ,  227 ,  20 ,  56.83 ,  0.32 ,  15.18
30 ,  4 ,  124599 ,  237 ,  28 ,  59.80 ,  0.34 ,  15.88
30 ,  4 ,  124643 ,  237 ,  28 ,  63.22 ,  0.37 ,  16.67
30 ,  4 ,  124688 ,  237 ,  28 ,  66.63 ,  0.40 ,  17.46
30 ,  4 ,  124732 ,  15 ,  232 ,  69.38 ,  0.43 ,  18.26
30 ,  4 ,  124776 ,  15 ,  232 ,  67.62 ,  0.42 ,  18.26
30 ,  4 ,  124820 ,  15 ,  232 ,  62.89 ,  0.40 ,  17.36
30 ,  4 ,  124865 ,  242 ,  59 ,  58.37 ,  0.35 ,  16.17
30 ,  4 ,  124909 ,  242 ,  59 ,  58.26 ,  0.34 ,  15.97
30 ,  4 ,  124953 ,  242 ,  59 ,  60.90 ,  0.35 ,  16.17
30 ,  4 ,  125000 ,  246 ,  38 ,  65.86 ,  0.39 ,  17.26
30 ,  4 ,  125044 ,  246 ,  38 ,  70.16 ,  0.43 ,  18.36
30 ,  4 ,  125088 ,  246 ,  38 ,  73.90 ,  0.44 ,  19.25
30 ,  4 ,  125133 ,  231 ,  23 ,  76.65 ,  0.45 ,  19.84
30 ,  4 ,  125177 ,  231 ,  23 ,  77.97 ,  0.46 ,  20.24
30 ,  4 ,  125221 ,  231 ,  23 ,  78.64 ,  0.46 ,  20.44
30 ,  4 ,  125265 ,  54 ,  243 ,  79.30 ,  0.46 ,  20.64
30 ,  4 ,  125310 ,  54 ,  243 ,  75.66 ,  0.46 ,  20.34
30 ,  4 ,  125355 ,  54 ,  243 ,  67.29 ,  0.43 ,  18.85
30 ,  4 ,  125401 ,  220 ,  77 ,  59.47 ,  0.38 ,  16.87
30 ,  4 ,  125446 ,  220 ,  77 ,  59.14 ,  0.36 ,  16.37
30 ,  4 ,  125490 ,  220 ,  77 ,  59.36 ,  0.36 ,  16.47
30 ,  4 ,  125534 ,  236 ,  70 ,  60.68 ,  0.36 ,  16.47
30 ,  4 ,  125579 ,  236 ,  70 ,  63.33 ,  0.38 ,  16.97
30 ,  4 ,  125623 ,  236 ,  70 ,  66.52 ,  0.40 ,  17.66
30 ,  4 ,  125667 ,  35 ,  237 ,  69.38 ,  0.42 ,  18.26
30 ,  4 ,  125711 ,  35 ,  237 ,  67.40 ,  0.42 ,  18.36
30 ,  4 ,  125756 ,  35 ,  237 ,  62.12 ,  0.39 ,  17.26
30 ,  4 ,  125802 ,  23 ,  233 ,  56.72 ,  0.34 ,  15.97
30 ,  4 ,  125846 ,  23 ,  233 ,  52.54 ,  0.29 ,  14.68
30 ,  4 ,  125891 ,  23 ,  233 ,  49.23 ,  0.25 ,  13.59
30 ,  4 ,  125935 ,  55 ,  255 ,  46.48 ,  0.21 ,  12.50
30 ,  4 ,  125979 ,  55 ,  255 ,  43.17 ,  0.18 ,  11.41
30 ,  4 ,  126023 ,  55 ,  255 ,  39.65 ,  0.14 ,  10.02
30 ,  4 ,  126068 ,  245 ,  30 ,  36.46 ,  0.12 ,  8.83
30 ,  4 ,  126112 ,  245 ,  30 ,  37.67 ,  0.11 ,  8.63
30 ,  4 ,  126158 ,  245 ,  30 ,  45.93 ,  0.15 ,  10.22
30 ,  4 ,  126203 ,  28 ,  255 ,  55.18 ,  0.23 ,  13.00
30 ,  4 ,  126247 ,  28 ,  255 ,  53.42 ,  0.24 ,  13.49
30 ,  4 ,  126291 ,  28 ,  255 ,  48.68 ,  0.20 ,  12.30
30 ,  4 ,  126336 ,  69 ,  242 ,  43.61 ,  0.16 ,  10.81
30 ,  4 ,  126381 ,  69 ,  242 ,  39.87 ,  0.13 ,  9.62
30 ,  4 ,  126425 ,  69 ,  242 ,  36.57 ,  0.11 ,  9.03
30 ,  4 ,  126469 ,  255 ,  32 ,  33.92 ,  0.09 ,  8.04
30 ,  4 ,  126513 ,  255 ,  32 ,  36.13 ,  0.09 ,  7.84
30 ,  4 ,  126560 ,  255 ,  32 ,  47.03 ,  0.15 ,  10.02
30 ,  4 ,  126604 ,  211 ,  26 ,  58.26 ,  0.25 ,  13.59
30 ,  4 ,  126648 ,  211 ,  26 ,  61.46 ,  0.30 ,  15.08
30 ,  4 ,  126693 ,  211 ,  26 ,  63.00 ,  0.33 ,  15.68
30 ,  4 ,  126737 ,  223 ,  53 ,  64.32 ,  0.35 ,  16.17
30 ,  4 ,  126781 ,  223 ,  53 ,  66.08 ,  0.36 ,  16.67
30 ,  4 ,  126825 ,  223 ,  53 ,  67.84 ,  0.39 ,  17.26
30 ,  4 ,  126870 ,  0 ,  230 ,  69.38 ,  0.40 ,  17.66
30 ,  4 ,  126914 ,  0 ,  230 ,  67.51 ,  0.40 ,  17.76
30 ,  4 ,  126961 ,  0 ,  230 ,  62.89 ,  0.37 ,  16.87
30 ,  4 ,  127005 ,  30 ,  238 ,  58.59 ,  0.32 ,  15.78
30 ,  4 ,  127050 ,  30 ,  238 ,  54.52 ,  0.28 ,  14.68
30 ,  4 ,  127094 ,  30 ,  238 ,  50.77 ,  0.24 ,  13.39
30 ,  4 ,  127138 ,  237 ,  38 ,  47.69 ,  0.20 ,  12.40
30 ,  4 ,  127182 ,  237 ,  38 ,  47.69 ,  0.19 ,  12.20
30 ,  4 ,  127227 ,  237 ,  38 ,  51.65 ,  0.21 ,  12.70
30 ,  4 ,  127271 ,  242 ,  75 ,  57.49 ,  0.26 ,  14.19
30 ,  4 ,  127315 ,  242 ,  75 ,  62.78 ,  0.32 ,  15.78
30 ,  4 ,  127363 ,  242 ,  75 ,  67.40 ,  0.37 ,  17.07
30 ,  4 ,  127407 ,  56 ,  247 ,  70.71 ,  0.40 ,  17.96
30 ,  4 ,  127451 ,  56 ,  247 ,  67.73 ,  0.40 ,  17.96
30 ,  4 ,  127495 ,  56 ,  247 ,  60.57 ,  0.34 ,  16.47
30 ,  4 ,  127540 ,  13 ,  255 ,  53.97 ,  0.27 ,  14.59
30 ,  4 ,  127584 ,  13 ,  255 ,  47.91 ,  0.21 ,  12.80
30 ,  4 ,  127628 ,  13 ,  255 ,  42.84 ,  0.16 ,  11.01
30 ,  4 ,  127673 ,  232 ,  63 ,  38.33 ,  0.12 ,  9.62
30 ,  4 ,  127717 ,  232 ,  63 ,  38.55 ,  0.11 ,  9.52
30 ,  4 ,  127763 ,  232 ,  63 ,  44.28 ,  0.13 ,  10.02
30 ,  4 ,  127808 ,  36 ,  221 ,  50.66 ,  0.18 ,  11.81
30 ,  4 ,  127852 ,  36 ,  221 ,  50.44 ,  0.19 ,  12.20
30 ,  4 ,  127896 ,  36 ,  221 ,  49.56 ,  0.19 ,  12.20
30 ,  4 ,  127941 ,  0 ,  255 ,  48.35 ,  0.18 ,  11.91
30 ,  4 ,  127985 ,  0 ,  255 ,  45.16 ,  0.16 ,  11.31
30 ,  4 ,  128029 ,  0 ,  255 ,  41.08 ,  0.13 ,  10.32
30 ,  4 ,  128074 ,  14 ,  255 ,  37.23 ,  0.10 ,  9.23
30 ,  4 ,  128118 ,  14 ,  255 ,  34.03 ,  0.08 ,  8.14
30 ,  4 ,  128165 ,  14 ,  255 ,  31.17 ,  0.07 ,  7.24
30 ,  4 ,  128209 ,  24 ,  255 ,  28.75 ,  0.07 ,  6.45
30 ,  4 ,  128253 ,  24 ,  255 ,  26.66 ,  0.06 ,  5.75
30 ,  4 ,  128297 ,  24 ,  255 ,  24.67 ,  0.06 ,  5.16
30 ,  4 ,  128343 ,  22 ,  241 ,  22.91 ,  0.06 ,  4.66
30 ,  4 ,  128387 ,  22 ,  241 ,  22.03 ,  0.05 ,  4.37
30 ,  4 ,  128431 ,  22 ,  241 ,  21.15 ,  0.05 ,  4.17
30 ,  4 ,  128476 ,  11 ,  245 ,  20.49 ,  0.05 ,  3.87
30 ,  4 ,  128520 ,  11 ,  245 ,  19.83 ,  0.05 ,  3.77
30 ,  4 ,  128567 ,  11 ,  245 ,  19.06 ,  0.05 ,  3.57
30 ,  4 ,  128611 ,  28 ,  233 ,  18.40 ,  0.05 ,  3.37
30 ,  4 ,  128655 ,  28 ,  233 ,  18.18 ,  0.05 ,  3.27
30 ,  4 ,  128700 ,  28 ,  233 ,  18.07 ,  0.05 ,  3.17
30 ,  4 ,  128744 ,  52 ,  253 ,  17.96 ,  0.05 ,  3.17
30 ,  4 ,  128788 ,  52 ,  253 ,  17.51 ,  0.05 ,  3.08
30 ,  4 ,  128832 ,  52 ,  253 ,  16.85 ,  0.05 ,  2.98
30 ,  4 ,  128877 ,  255 ,  19 ,  16.30 ,  0.04 ,  2.78
30 ,  4 ,  128921 ,  255 ,  19 ,  20.60 ,  0.05 ,  2.88
30 ,  4 ,  128977 ,  255 ,  19 ,  40.09 ,  0.11 ,  6.45
30 ,  4 ,  129024 ,  229 ,  39 ,  53.42 ,  0.21 ,  10.72
30 ,  4 ,  129071 ,  229 ,  39 ,  59.14 ,  0.29 ,  13.39
30 ,  4 ,  129117 ,  229 ,  39 ,  63.11 ,  0.34 ,  14.88
30 ,  4 ,  129164 ,  57 ,  252 ,  66.08 ,  0.38 ,  15.97
30 ,  4 ,  129210 ,  57 ,  252 ,  63.00 ,  0.38 ,  15.97
30 ,  4 ,  129257 ,  57 ,  252 ,  55.62 ,  0.31 ,  14.49
30 ,  4 ,  129303 ,  44 ,  224 ,  48.57 ,  0.23 ,  12.50
30 ,  4 ,  129350 ,  44 ,  224 ,  44.50 ,  0.18 ,  11.01
30 ,  4 ,  129398 ,  44 ,  224 ,  41.41 ,  0.15 ,  9.92
30 ,  4 ,  129445 ,  68 ,  230 ,  38.99 ,  0.12 ,  9.13
30 ,  4 ,  129491 ,  68 ,  230 ,  36.68 ,  0.10 ,  8.33
30 ,  4 ,  129538 ,  68 ,  230 ,  34.58 ,  0.09 ,  7.64
30 ,  4 ,  129584 ,  44 ,  249 ,  32.71 ,  0.08 ,  7.14
30 ,  4 ,  129631 ,  44 ,  249 ,  30.51 ,  0.07 ,  6.45
30 ,  4 ,  129677 ,  44 ,  249 ,  28.20 ,  0.06 ,  5.75
30 ,  4 ,  129723 ,  254 ,  9 ,  26.10 ,  0.06 ,  5.26
30 ,  4 ,  129769 ,  254 ,  9 ,  29.08 ,  0.06 ,  5.16
30 ,  4 ,  129818 ,  254 ,  9 ,  43.72 ,  0.12 ,  8.04
30 ,  4 ,  129864 ,  72 ,  241 ,  55.73 ,  0.22 ,  11.91
30 ,  4 ,  129911 ,  72 ,  241 ,  54.52 ,  0.25 ,  12.70
30 ,  4 ,  129957 ,  72 ,  241 ,  50.55 ,  0.22 ,  12.10
30 ,  4 ,  130003 ,  236 ,  78 ,  46.81 ,  0.19 ,  11.21
30 ,  4 ,  130050 ,  236 ,  78 ,  46.59 ,  0.18 ,  11.01
30 ,  4 ,  130097 ,  236 ,  78 ,  51.98 ,  0.22 ,  11.61
30 ,  4 ,  130143 ,  228 ,  81 ,  57.49 ,  0.27 ,  13.30
30 ,  4 ,  130189 ,  228 ,  81 ,  61.35 ,  0.32 ,  14.59
30 ,  4 ,  130238 ,  228 ,  81 ,  64.10 ,  0.35 ,  15.58
30 ,  4 ,  130284 ,  232 ,  36 ,  66.19 ,  0.38 ,  16.27
30 ,  4 ,  130331 ,  232 ,  36 ,  68.17 ,  0.40 ,  16.97
30 ,  4 ,  130377 ,  232 ,  36 ,  69.94 ,  0.42 ,  17.46
30 ,  4 ,  130423 ,  32 ,  238 ,  71.48 ,  0.43 ,  17.96
30 ,  4 ,  130470 ,  32 ,  238 ,  68.72 ,  0.43 ,  17.96
30 ,  4 ,  130516 ,  32 ,  238 ,  62.67 ,  0.38 ,  16.67
30 ,  4 ,  130563 ,  225 ,  37 ,  57.05 ,  0.32 ,  15.08
30 ,  4 ,  130612 ,  225 ,  37 ,  56.94 ,  0.31 ,  14.78
30 ,  4 ,  130658 ,  225 ,  37 ,  57.60 ,  0.31 ,  14.78
30 ,  4 ,  130704 ,  255 ,  36 ,  60.24 ,  0.33 ,  15.18
30 ,  4 ,  130751 ,  255 ,  36 ,  65.97 ,  0.38 ,  16.57
30 ,  4 ,  130797 ,  255 ,  36 ,  72.47 ,  0.43 ,  18.16
30 ,  4 ,  130843 ,  226 ,  38 ,  77.42 ,  0.45 ,  19.45
30 ,  4 ,  130890 ,  226 ,  38 ,  78.97 ,  0.46 ,  20.04
30 ,  4 ,  130936 ,  226 ,  38 ,  79.41 ,  0.46 ,  20.24
30 ,  4 ,  130983 ,  240 ,  27 ,  79.85 ,  0.47 ,  20.44
30 ,  4 ,  131032 ,  240 ,  27 ,  80.95 ,  0.47 ,  20.64
30 ,  4 ,  131079 ,  240 ,  27 ,  82.16 ,  0.47 ,  20.94
30 ,  4 ,  131125 ,  233 ,  36 ,  83.37 ,  0.47 ,  21.23
30 ,  4 ,  131171 ,  233 ,  36 ,  84.03 ,  0.48 ,  21.43
30 ,  4 ,  131224 ,  233 ,  36 ,  84.69 ,  0.48 ,  21.63
30 ,  4 ,  131270 ,  62 ,  218 ,  85.24 ,  0.48 ,  21.83
30 ,  4 ,  131317 ,  62 ,  218 ,  82.05 ,  0.48 ,  21.63
30 ,  4 ,  131363 ,  62 ,  218 ,  75.88 ,  0.47 ,  20.64
30 ,  4 ,  131409 ,  67 ,  250 ,  70.49 ,  0.45 ,  19.55
30 ,  4 ,  131459 ,  67 ,  250 ,  62.78 ,  0.42 ,  17.76
30 ,  4 ,  131505 ,  67 ,  250 ,  55.18 ,  0.34 ,  15.58
30 ,  4 ,  131552 ,  1 ,  242 ,  48.79 ,  0.26 ,  13.39
30 ,  4 ,  131598 ,  1 ,  242 ,  44.06 ,  0.19 ,  11.51
30 ,  4 ,  131644 ,  1 ,  242 ,  40.09 ,  0.15 ,  10.02
30 ,  4 ,  131690 ,  18 ,  251 ,  36.79 ,  0.12 ,  8.83
30 ,  4 ,  131737 ,  18 ,  251 ,  33.37 ,  0.10 ,  7.94
30 ,  4 ,  131783 ,  18 ,  251 ,  30.51 ,  0.09 ,  6.95
30 ,  4 ,  131829 ,  21 ,  238 ,  27.76 ,  0.08 ,  6.15
30 ,  4 ,  131878 ,  21 ,  238 ,  25.99 ,  0.08 ,  5.56
30 ,  4 ,  131924 ,  21 ,  238 ,  24.78 ,  0.07 ,  5.06
30 ,  4 ,  131971 ,  220 ,  72 ,  23.68 ,  0.06 ,  4.76
30 ,  4 ,  132017 ,  220 ,  72 ,  24.34 ,  0.06 ,  4.66
30 ,  4 ,  132064 ,  220 ,  72 ,  31.83 ,  0.08 ,  5.46
30 ,  4 ,  132110 ,  218 ,  21 ,  39.54 ,  0.12 ,  7.34
30 ,  4 ,  132156 ,  218 ,  21 ,  45.27 ,  0.16 ,  9.13
30 ,  4 ,  132202 ,  218 ,  21 ,  49.23 ,  0.20 ,  10.52
30 ,  4 ,  132249 ,  222 ,  59 ,  52.20 ,  0.23 ,  11.61
30 ,  4 ,  132297 ,  222 ,  59 ,  54.85 ,  0.26 ,  12.60
30 ,  4 ,  132343 ,  222 ,  59 ,  57.16 ,  0.29 ,  13.39
30 ,  4 ,  132390 ,  237 ,  58 ,  59.03 ,  0.31 ,  14.09
30 ,  4 ,  132436 ,  237 ,  58 ,  61.57 ,  0.34 ,  14.88
30 ,  4 ,  132483 ,  237 ,  58 ,  64.54 ,  0.37 ,  15.88
30 ,  4 ,  132530 ,  253 ,  39 ,  67.07 ,  0.40 ,  16.67
30 ,  4 ,  132576 ,  253 ,  39 ,  70.60 ,  0.43 ,  17.66
30 ,  4 ,  132622 ,  253 ,  39 ,  74.67 ,  0.45 ,  18.85
30 ,  4 ,  132669 ,  58 ,  251 ,  77.75 ,  0.46 ,  19.74
30 ,  4 ,  132717 ,  58 ,  251 ,  72.91 ,  0.45 ,  19.45
30 ,  4 ,  132763 ,  58 ,  251 ,  63.00 ,  0.41 ,  17.26
30 ,  4 ,  132810 ,  66 ,  238 ,  54.08 ,  0.32 ,  14.78
30 ,  4 ,  132856 ,  66 ,  238 ,  47.91 ,  0.23 ,  12.60
30 ,  4 ,  132902 ,  66 ,  238 ,  43.17 ,  0.17 ,  10.81
30 ,  4 ,  132950 ,  48 ,  243 ,  39.10 ,  0.13 ,  9.52
30 ,  4 ,  132996 ,  48 ,  243 ,  35.47 ,  0.11 ,  8.53
30 ,  4 ,  133042 ,  48 ,  243 ,  32.38 ,  0.09 ,  7.44
30 ,  4 ,  133088 ,  21 ,  254 ,  29.63 ,  0.08 ,  6.55
30 ,  4 ,  133137 ,  21 ,  254 ,  26.88 ,  0.07 ,  5.75
30 ,  4 ,  133183 ,  21 ,  254 ,  24.23 ,  0.07 ,  5.06
30 ,  4 ,  133229 ,  241 ,  21 ,  22.03 ,  0.06 ,  4.46
30 ,  4 ,  133276 ,  241 ,  21 ,  24.45 ,  0.06 ,  4.37
30 ,  4 ,  133322 ,  241 ,  21 ,  36.24 ,  0.09 ,  6.25
30 ,  4 ,  133368 ,  221 ,  0 ,  47.25 ,  0.16 ,  9.43
30 ,  4 ,  133414 ,  221 ,  0 ,  53.20 ,  0.23 ,  11.71
30 ,  4 ,  133462 ,  221 ,  0 ,  56.94 ,  0.27 ,  13.10
30 ,  4 ,  133508 ,  15 ,  224 ,  59.69 ,  0.31 ,  14.19
30 ,  4 ,  133556 ,  15 ,  224 ,  58.92 ,  0.31 ,  14.29
30 ,  4 ,  133603 ,  15 ,  224 ,  55.95 ,  0.29 ,  13.99
30 ,  4 ,  133649 ,  51 ,  255 ,  53.31 ,  0.27 ,  13.30
30 ,  4 ,  133695 ,  51 ,  255 ,  48.90 ,  0.23 ,  12.50
30 ,  4 ,  133742 ,  51 ,  255 ,  43.72 ,  0.18 ,  10.91
30 ,  4 ,  133788 ,  239 ,  40 ,  39.21 ,  0.13 ,  9.43
30 ,  4 ,  133834 ,  239 ,  40 ,  39.54 ,  0.12 ,  9.13
30 ,  4 ,  133880 ,  239 ,  40 ,  46.70 ,  0.16 ,  10.22
30 ,  4 ,  133929 ,  11 ,  241 ,  54.30 ,  0.23 ,  12.30
30 ,  4 ,  133976 ,  11 ,  241 ,  53.20 ,  0.24 ,  12.80
30 ,  4 ,  134023 ,  11 ,  241 ,  49.56 ,  0.22 ,  12.10
30 ,  4 ,  134069 ,  67 ,  247 ,  46.04 ,  0.19 ,  11.31
30 ,  4 ,  134115 ,  67 ,  247 ,  42.62 ,  0.16 ,  10.32
30 ,  4 ,  134162 ,  67 ,  247 ,  39.54 ,  0.13 ,  9.43
30 ,  4 ,  134208 ,  245 ,  14 ,  36.79 ,  0.10 ,  8.53
30 ,  4 ,  134254 ,  245 ,  14 ,  37.78 ,  0.10 ,  8.43
30 ,  4 ,  134300 ,  245 ,  14 ,  47.25 ,  0.16 ,  10.02
30 ,  4 ,  134349 ,  242 ,  69 ,  56.06 ,  0.24 ,  12.70
30 ,  4 ,  134395 ,  242 ,  69 ,  62.89 ,  0.32 ,  14.98
30 ,  4 ,  134441 ,  242 ,  69 ,  67.29 ,  0.38 ,  16.47
30 ,  4 ,  134489 ,  234 ,  60 ,  70.60 ,  0.41 ,  17.56
30 ,  4 ,  134535 ,  234 ,  60 ,  72.58 ,  0.43 ,  18.26
30 ,  4 ,  134581 ,  234 ,  60 ,  73.90 ,  0.43 ,  18.65
30 ,  4 ,  134628 ,  255 ,  33 ,  75.11 ,  0.44 ,  19.05
30 ,  4 ,  134674 ,  255 ,  33 ,  77.42 ,  0.45 ,  19.65
30 ,  4 ,  134720 ,  255 ,  33 ,  80.18 ,  0.46 ,  20.24
30 ,  4 ,  134769 ,  0 ,  235 ,  82.49 ,  0.47 ,  20.84
30 ,  4 ,  134815 ,  0 ,  235 ,  78.30 ,  0.46 ,  20.64
30 ,  4 ,  134861 ,  0 ,  235 ,  70.16 ,  0.44 ,  19.25
30 ,  4 ,  134908 ,  65 ,  224 ,  63.11 ,  0.41 ,  17.46
30 ,  4 ,  134955 ,  65 ,  224 ,  58.04 ,  0.35 ,  15.97
30 ,  4 ,  135001 ,  65 ,  224 ,  53.97 ,  0.29 ,  14.68
30 ,  4 ,  135048 ,  53 ,  255 ,  50.66 ,  0.25 ,  13.49
30 ,  4 ,  135094 ,  53 ,  255 ,  46.59 ,  0.20 ,  12.10
30 ,  4 ,  135140 ,  53 ,  255 ,  42.18 ,  0.15 ,  10.62
30 ,  4 ,  135189 ,  53 ,  234 ,  37.89 ,  0.12 ,  9.43
30 ,  4 ,  135235 ,  53 ,  234 ,  35.36 ,  0.10 ,  8.43
30 ,  4 ,  135281 ,  53 ,  234 ,  33.26 ,  0.09 ,  7.74
30 ,  4 ,  135328 ,  222 ,  55 ,  31.50 ,  0.08 ,  7.14
30 ,  4 ,  135374 ,  222 ,  55 ,  31.83 ,  0.08 ,  6.95
30 ,  4 ,  135420 ,  222 ,  55 ,  38.11 ,  0.10 ,  7.64
30 ,  4 ,  135468 ,  243 ,  79 ,  44.61 ,  0.13 ,  9.33
30 ,  4 ,  135514 ,  243 ,  79 ,  51.76 ,  0.20 ,  11.41
30 ,  4 ,  135560 ,  243 ,  79 ,  58.48 ,  0.26 ,  13.69
30 ,  4 ,  135609 ,  223 ,  55 ,  63.99 ,  0.33 ,  15.58
30 ,  4 ,  135655 ,  223 ,  55 ,  66.30 ,  0.37 ,  16.47
30 ,  4 ,  135702 ,  223 ,  55 ,  67.62 ,  0.38 ,  16.97
30 ,  4 ,  135748 ,  235 ,  3 ,  68.83 ,  0.40 ,  17.36
30 ,  4 ,  135794 ,  235 ,  3 ,  70.49 ,  0.41 ,  17.86
30 ,  4 ,  135841 ,  235 ,  3 ,  72.25 ,  0.43 ,  18.36
30 ,  4 ,  135887 ,  240 ,  29 ,  73.79 ,  0.43 ,  18.85
30 ,  4 ,  135933 ,  240 ,  29 ,  75.33 ,  0.44 ,  19.25
30 ,  4 ,  135980 ,  240 ,  29 ,  76.76 ,  0.45 ,  19.65
30 ,  4 ,  136029 ,  63 ,  238 ,  78.08 ,  0.46 ,  20.04
30 ,  4 ,  136075 ,  63 ,  238 ,  74.89 ,  0.45 ,  19.94
30 ,  4 ,  136122 ,  63 ,  238 ,  67.07 ,  0.43 ,  18.45
30 ,  4 ,  136168 ,  4 ,  246 ,  60.35 ,  0.37 ,  16.67
30 ,  4 ,  136214 ,  4 ,  246 ,  54.30 ,  0.30 ,  14.88
30 ,  4 ,  136260 ,  4 ,  246 ,  49.01 ,  0.23 ,  13.10
30 ,  4 ,  136307 ,  2 ,  255 ,  44.72 ,  0.18 ,  11.51
30 ,  4 ,  136353 ,  2 ,  255 ,  40.53 ,  0.14 ,  10.02
30 ,  4 ,  136399 ,  2 ,  255 ,  36.68 ,  0.11 ,  9.03
30 ,  4 ,  136449 ,  43 ,  241 ,  33.15 ,  0.09 ,  7.84
30 ,  4 ,  136495 ,  43 ,  241 ,  30.73 ,  0.08 ,  7.04
30 ,  4 ,  136541 ,  43 ,  241 ,  28.86 ,  0.08 ,  6.35
30 ,  4 ,  136588 ,  217 ,  43 ,  27.10 ,  0.07 ,  5.85
30 ,  4 ,  136634 ,  217 ,  43 ,  27.43 ,  0.07 ,  5.66
30 ,  4 ,  136680 ,  217 ,  43 ,  33.59 ,  0.08 ,  6.25
30 ,  4 ,  136726 ,  218 ,  14 ,  40.20 ,  0.11 ,  7.84
30 ,  4 ,  136773 ,  218 ,  14 ,  45.38 ,  0.15 ,  9.33
30 ,  4 ,  136819 ,  218 ,  14 ,  49.23 ,  0.19 ,  10.72
30 ,  4 ,  136867 ,  232 ,  39 ,  52.31 ,  0.22 ,  11.81
30 ,  4 ,  136914 ,  232 ,  39 ,  55.62 ,  0.25 ,  12.90
30 ,  4 ,  136961 ,  232 ,  39 ,  58.92 ,  0.29 ,  13.99
30 ,  4 ,  137007 ,  69 ,  230 ,  61.79 ,  0.33 ,  14.98
30 ,  4 ,  137054 ,  69 ,  230 ,  60.79 ,  0.33 ,  15.08
30 ,  4 ,  137100 ,  69 ,  230 ,  57.16 ,  0.30 ,  14.59
30 ,  4 ,  137146 ,  2 ,  225 ,  53.53 ,  0.26 ,  13.89
30 ,  4 ,  137193 ,  2 ,  225 ,  50.77 ,  0.23 ,  13.10
30 ,  4 ,  137239 ,  2 ,  225 ,  48.57 ,  0.21 ,  12.40
30 ,  4 ,  137287 ,  233 ,  52 ,  46.48 ,  0.19 ,  11.71
30 ,  4 ,  137334 ,  233 ,  52 ,  46.48 ,  0.18 ,  11.61
30 ,  4 ,  137380 ,  233 ,  52 ,  50.55 ,  0.20 ,  11.81
30 ,  4 ,  137426 ,  53 ,  237 ,  55.95 ,  0.25 ,  13.30
30 ,  4 ,  137474 ,  53 ,  237 ,  55.18 ,  0.26 ,  13.59
30 ,  4 ,  137520 ,  53 ,  237 ,  51.76 ,  0.23 ,  13.00
30 ,  4 ,  137566 ,  53 ,  255 ,  48.46 ,  0.21 ,  12.30
30 ,  4 ,  137613 ,  53 ,  255 ,  44.39 ,  0.17 ,  11.21
30 ,  4 ,  137659 ,  53 ,  255 ,  40.09 ,  0.13 ,  9.92
30 ,  4 ,  137707 ,  232 ,  40 ,  36.24 ,  0.10 ,  8.63
30 ,  4 ,  137754 ,  232 ,  40 ,  36.57 ,  0.09 ,  8.43
30 ,  4 ,  137800 ,  232 ,  40 ,  43.61 ,  0.13 ,  9.33
30 ,  4 ,  137846 ,  239 ,  42 ,  50.55 ,  0.18 ,  11.21
30 ,  4 ,  137892 ,  239 ,  42 ,  56.61 ,  0.24 ,  13.20
30 ,  4 ,  137939 ,  239 ,  42 ,  61.57 ,  0.30 ,  14.78
30 ,  4 ,  137986 ,  224 ,  29 ,  65.31 ,  0.35 ,  15.97
30 ,  4 ,  138032 ,  224 ,  29 ,  67.07 ,  0.37 ,  16.77
30 ,  4 ,  138081 ,  224 ,  29 ,  68.28 ,  0.39 ,  17.16
30 ,  4 ,  138127 ,  233 ,  18 ,  69.49 ,  0.40 ,  17.56
30 ,  4 ,  138174 ,  233 ,  18 ,  70.82 ,  0.41 ,  17.96
30 ,  4 ,  138220 ,  233 ,  18 ,  72.14 ,  0.43 ,  18.36
30 ,  4 ,  138266 ,  42 ,  236 ,  73.46 ,  0.43 ,  18.75
30 ,  4 ,  138313 ,  42 ,  236 ,  70.82 ,  0.43 ,  18.75
30 ,  4 ,  138359 ,  42 ,  236 ,  64.54 ,  0.39 ,  17.36
30 ,  4 ,  138405 ,  230 ,  38 ,  58.70 ,  0.34 ,  15.88
30 ,  4 ,  138451 ,  230 ,  38 ,  58.70 ,  0.32 ,  15.58
30 ,  4 ,  138501 ,  230 ,  38 ,  59.80 ,  0.32 ,  15.58
30 ,  4 ,  138547 ,  230 ,  21 ,  62.67 ,  0.35 ,  16.17
30 ,  4 ,  138594 ,  230 ,  21 ,  65.09 ,  0.37 ,  16.77
30 ,  4 ,  138640 ,  230 ,  21 ,  67.07 ,  0.39 ,  17.26
30 ,  4 ,  138686 ,  0 ,  227 ,  68.72 ,  0.40 ,  17.66
30 ,  4 ,  138732 ,  0 ,  227 ,  67.29 ,  0.40 ,  17.76
30 ,  4 ,  138779 ,  0 ,  227 ,  62.89 ,  0.37 ,  16.97
30 ,  4 ,  138825 ,  28 ,  238 ,  58.92 ,  0.33 ,  15.97
30 ,  4 ,  138871 ,  28 ,  238 ,  54.96 ,  0.29 ,  14.78
30 ,  4 ,  138920 ,  28 ,  238 ,  50.99 ,  0.24 ,  13.59
30 ,  4 ,  138967 ,  217 ,  62 ,  47.80 ,  0.21 ,  12.50
30 ,  4 ,  139013 ,  217 ,  62 ,  47.91 ,  0.19 ,  12.30
30 ,  4 ,  139060 ,  217 ,  62 ,  49.01 ,  0.20 ,  12.20
30 ,  4 ,  139106 ,  217 ,  65 ,  51.87 ,  0.22 ,  12.80
30 ,  4 ,  139152 ,  217 ,  65 ,  54.41 ,  0.23 ,  13.49
30 ,  4 ,  139199 ,  217 ,  65 ,  56.39 ,  0.25 ,  14.09
30 ,  4 ,  139245 ,  255 ,  86 ,  58.15 ,  0.28 ,  14.49
30 ,  4 ,  139291 ,  255 ,  86 ,  63.22 ,  0.32 ,  15.78
30 ,  4 ,  139340 ,  255 ,  86 ,  70.38 ,  0.39 ,  17.66
30 ,  4 ,  139386 ,  228 ,  22 ,  75.66 ,  0.43 ,  19.15
30 ,  4 ,  139432 ,  228 ,  22 ,  76.65 ,  0.44 ,  19.55
30 ,  4 ,  139480 ,  228 ,  22 ,  77.53 ,  0.45 ,  19.84
30 ,  4 ,  139526 ,  42 ,  247 ,  78.41 ,  0.45 ,  20.04
30 ,  4 ,  139572 ,  42 ,  247 ,  74.23 ,  0.44 ,  19.74
30 ,  4 ,  139619 ,  42 ,  247 ,  65.09 ,  0.40 ,  17.96
30 ,  4 ,  139665 ,  28 ,  249 ,  56.94 ,  0.32 ,  15.78
30 ,  4 ,  139716 ,  28 ,  249 ,  49.67 ,  0.23 ,  13.49
30 ,  4 ,  139764 ,  8 ,  229 ,  44.06 ,  0.17 ,  11.51
30 ,  4 ,  139811 ,  8 ,  229 ,  40.64 ,  0.14 ,  10.22
30 ,  4 ,  139857 ,  8 ,  229 ,  38.00 ,  0.12 ,  9.52
30 ,  4 ,  139904 ,  48 ,  243 ,  35.91 ,  0.11 ,  8.73
30 ,  4 ,  139950 ,  48 ,  243 ,  33.59 ,  0.09 ,  7.94
30 ,  4 ,  139997 ,  48 ,  243 ,  31.28 ,  0.08 ,  7.24
30 ,  4 ,  140043 ,  17 ,  243 ,  29.30 ,  0.07 ,  6.55
30 ,  4 ,  140089 ,  17 ,  243 ,  27.43 ,  0.07 ,  6.05
30 ,  4 ,  140135 ,  17 ,  243 ,  25.77 ,  0.07 ,  5.46
30 ,  4 ,  140184 ,  222 ,  0 ,  24.23 ,  0.06 ,  4.96
30 ,  4 ,  140230 ,  222 ,  0 ,  25.11 ,  0.06 ,  4.96
30 ,  4 ,  140276 ,  222 ,  0 ,  32.71 ,  0.08 ,  5.85
30 ,  4 ,  140323 ,  242 ,  21 ,  40.53 ,  0.11 ,  7.74
30 ,  4 ,  140369 ,  242 ,  21 ,  48.46 ,  0.17 ,  10.02
30 ,  4 ,  140416 ,  242 ,  21 ,  55.51 ,  0.25 ,  12.50
30 ,  4 ,  140462 ,  223 ,  38 ,  61.13 ,  0.31 ,  14.49
30 ,  4 ,  140509 ,  223 ,  38 ,  63.66 ,  0.35 ,  15.58
30 ,  4 ,  140555 ,  223 ,  38 ,  65.20 ,  0.37 ,  16.17
30 ,  4 ,  140604 ,  236 ,  44 ,  66.63 ,  0.38 ,  16.67
30 ,  4 ,  140650 ,  236 ,  44 ,  68.50 ,  0.41 ,  17.26
30 ,  4 ,  140696 ,  236 ,  44 ,  70.38 ,  0.42 ,  17.76
30 ,  4 ,  140743 ,  224 ,  15 ,  72.14 ,  0.43 ,  18.36
30 ,  4 ,  140789 ,  224 ,  15 ,  73.13 ,  0.44 ,  18.65
30 ,  4 ,  140835 ,  224 ,  15 ,  73.79 ,  0.44 ,  18.95
30 ,  4 ,  140881 ,  16 ,  238 ,  74.45 ,  0.45 ,  19.15
30 ,  4 ,  140929 ,  16 ,  238 ,  71.59 ,  0.44 ,  19.05
30 ,  4 ,  140975 ,  16 ,  238 ,  64.76 ,  0.42 ,  17.56
30 ,  4 ,  141024 ,  248 ,  10 ,  58.26 ,  0.35 ,  15.88
30 ,  4 ,  141070 ,  248 ,  10 ,  58.26 ,  0.34 ,  15.58
30 ,  4 ,  141116 ,  248 ,  10 ,  62.45 ,  0.36 ,  16.17
30 ,  4 ,  141163 ,  235 ,  19 ,  68.39 ,  0.41 ,  17.56
30 ,  4 ,  141209 ,  235 ,  19 ,  72.36 ,  0.43 ,  18.55
30 ,  4 ,  141256 ,  235 ,  19 ,  74.89 ,  0.44 ,  19.25
30 ,  4 ,  141302 ,  244 ,  33 ,  76.54 ,  0.45 ,  19.65
30 ,  4 ,  141348 ,  244 ,  33 ,  78.53 ,  0.46 ,  20.14
30 ,  4 ,  141398 ,  244 ,  33 ,  80.18 ,  0.46 ,  20.54
30 ,  4 ,  141444 ,  238 ,  26 ,  81.72 ,  0.47 ,  20.94
30 ,  4 ,  141491 ,  238 ,  26 ,  82.71 ,  0.47 ,  21.13
30 ,  4 ,  141537 ,  238 ,  26 ,  83.37 ,  0.47 ,  21.33
30 ,  4 ,  141584 ,  41 ,  226 ,  84.03 ,  0.48 ,  21.53
30 ,  4 ,  141630 ,  41 ,  226 ,  80.51 ,  0.47 ,  21.33
30 ,  4 ,  141676 ,  41 ,  226 ,  73.46 ,  0.46 ,  20.14
30 ,  4 ,  141723 ,  240 ,  62 ,  67.29 ,  0.44 ,  18.85
30 ,  4 ,  141769 ,  240 ,  62 ,  67.07 ,  0.43 ,  18.55
30 ,  4 ,  141818 ,  240 ,  62 ,  68.28 ,  0.43 ,  18.45
30 ,  4 ,  141864 ,  23 ,  255 ,  71.26 ,  0.44 ,  19.05
30 ,  4 ,  141912 ,  23 ,  255 ,  67.95 ,  0.44 ,  18.75
30 ,  4 ,  141958 ,  23 ,  255 ,  59.36 ,  0.38 ,  16.87
30 ,  4 ,  142004 ,  45 ,  216 ,  51.32 ,  0.29 ,  14.39
30 ,  4 ,  142051 ,  45 ,  216 ,  46.92 ,  0.22 ,  12.70
30 ,  4 ,  142097 ,  45 ,  216 ,  44.39 ,  0.19 ,  11.51
30 ,  4 ,  142144 ,  80 ,  242 ,  42.18 ,  0.16 ,  10.72
30 ,  4 ,  142190 ,  80 ,  242 ,  39.32 ,  0.13 ,  9.72
30 ,  4 ,  142246 ,  21 ,  244 ,  35.91 ,  0.11 ,  8.83
30 ,  4 ,  142292 ,  21 ,  244 ,  33.26 ,  0.10 ,  7.94
30 ,  4 ,  142340 ,  21 ,  244 ,  30.95 ,  0.09 ,  7.14
30 ,  4 ,  142386 ,  252 ,  49 ,  28.86 ,  0.08 ,  6.45
30 ,  4 ,  142432 ,  252 ,  49 ,  31.39 ,  0.08 ,  6.35
30 ,  4 ,  142479 ,  252 ,  49 ,  43.72 ,  0.13 ,  8.83
30 ,  4 ,  142525 ,  5 ,  251 ,  55.18 ,  0.23 ,  12.50
30 ,  4 ,  142572 ,  5 ,  251 ,  53.75 ,  0.25 ,  13.20
30 ,  4 ,  142618 ,  5 ,  251 ,  48.46 ,  0.21 ,  12.30
30 ,  4 ,  142667 ,  73 ,  230 ,  43.50 ,  0.16 ,  10.81
30 ,  4 ,  142713 ,  73 ,  230 ,  40.20 ,  0.13 ,  9.72
30 ,  4 ,  142760 ,  73 ,  230 ,  37.89 ,  0.11 ,  9.03
30 ,  4 ,  142807 ,  211 ,  0 ,  35.69 ,  0.09 ,  8.33
30 ,  4 ,  142853 ,  211 ,  0 ,  36.02 ,  0.09 ,  8.14
30 ,  4 ,  142899 ,  211 ,  0 ,  38.88 ,  0.10 ,  8.24
30 ,  4 ,  142946 ,  242 ,  30 ,  42.95 ,  0.12 ,  9.23
30 ,  4 ,  142992 ,  242 ,  30 ,  49.67 ,  0.17 ,  10.91
30 ,  4 ,  143038 ,  242 ,  30 ,  56.83 ,  0.25 ,  13.10
30 ,  4 ,  143087 ,  255 ,  10 ,  62.67 ,  0.31 ,  15.18
30 ,  4 ,  143133 ,  255 ,  10 ,  67.84 ,  0.37 ,  16.77
30 ,  4 ,  143179 ,  255 ,  10 ,  72.36 ,  0.42 ,  18.16
30 ,  4 ,  143226 ,  207 ,  5 ,  75.99 ,  0.44 ,  19.15
30 ,  4 ,  143272 ,  207 ,  5 ,  76.21 ,  0.44 ,  19.55
30 ,  4 ,  143319 ,  207 ,  5 ,  75.66 ,  0.44 ,  19.55
30 ,  4 ,  143366 ,  236 ,  79 ,  75.22 ,  0.45 ,  19.55
30 ,  4 ,  143412 ,  236 ,  79 ,  75.66 ,  0.45 ,  19.65
30 ,  4 ,  143458 ,  236 ,  79 ,  76.98 ,  0.45 ,  19.94
30 ,  4 ,  143507 ,  246 ,  42 ,  78.19 ,  0.46 ,  20.14
30 ,  4 ,  143553 ,  246 ,  42 ,  80.07 ,  0.46 ,  20.54
30 ,  4 ,  143600 ,  246 ,  42 ,  81.83 ,  0.47 ,  20.94
30 ,  4 ,  143646 ,  246 ,  64 ,  83.37 ,  0.47 ,  21.33
30 ,  4 ,  143692 ,  246 ,  64 ,  84.58 ,  0.47 ,  21.63
30 ,  4 ,  143739 ,  246 ,  64 ,  85.68 ,  0.48 ,  21.93
30 ,  4 ,  143785 ,  241 ,  44 ,  86.67 ,  0.48 ,  22.13
30 ,  4 ,  143832 ,  241 ,  44 ,  87.34 ,  0.48 ,  22.32
30 ,  4 ,  143879 ,  241 ,  44 ,  87.78 ,  0.48 ,  22.42
30 ,  4 ,  143928 ,  255 ,  28 ,  88.33 ,  0.48 ,  22.52
30 ,  4 ,  143974 ,  255 ,  28 ,  89.21 ,  0.48 ,  22.72
30 ,  4 ,  144020 ,  255 ,  28 ,  90.20 ,  0.48 ,  22.92
30 ,  4 ,  144067 ,  210 ,  49 ,  91.19 ,  0.48 ,  23.12
30 ,  4 ,  144113 ,  210 ,  49 ,  90.86 ,  0.48 ,  23.12
30 ,  4 ,  144159 ,  210 ,  49 ,  90.31 ,  0.48 ,  23.12
30 ,  4 ,  144206 ,  47 ,  243 ,  89.76 ,  0.48 ,  23.12
30 ,  4 ,  144252 ,  47 ,  243 ,  83.70 ,  0.48 ,  22.62
30 ,  4 ,  144299 ,  47 ,  243 ,  72.80 ,  0.46 ,  20.64
30 ,  4 ,  144348 ,  72 ,  238 ,  62.78 ,  0.43 ,  18.26
30 ,  4 ,  144394 ,  72 ,  238 ,  55.84 ,  0.35 ,  16.07
30 ,  4 ,  144441 ,  72 ,  238 ,  50.33 ,  0.27 ,  14.19
30 ,  4 ,  144487 ,  5 ,  255 ,  45.93 ,  0.22 ,  12.40
30 ,  4 ,  144533 ,  5 ,  255 ,  41.52 ,  0.17 ,  10.81
30 ,  4 ,  144579 ,  5 ,  255 ,  37.45 ,  0.13 ,  9.33
30 ,  4 ,  144626 ,  230 ,  22 ,  33.70 ,  0.11 ,  8.04
30 ,  4 ,  144672 ,  230 ,  22 ,  34.36 ,  0.10 ,  7.84
30 ,  4 ,  144721 ,  230 ,  22 ,  41.30 ,  0.13 ,  8.93
30 ,  4 ,  144768 ,  55 ,  216 ,  48.68 ,  0.18 ,  11.01
30 ,  4 ,  144814 ,  55 ,  216 ,  48.68 ,  0.19 ,  11.41
30 ,  4 ,  144860 ,  55 ,  216 ,  48.46 ,  0.19 ,  11.51
30 ,  4 ,  144907 ,  57 ,  236 ,  48.13 ,  0.19 ,  11.41
30 ,  4 ,  144953 ,  57 ,  236 ,  46.37 ,  0.18 ,  11.21
30 ,  4 ,  144999 ,  57 ,  236 ,  44.17 ,  0.16 ,  10.62
30 ,  4 ,  145046 ,  59 ,  245 ,  42.18 ,  0.14 ,  10.12
30 ,  4 ,  145092 ,  59 ,  245 ,  39.87 ,  0.12 ,  9.72
30 ,  4 ,  145141 ,  59 ,  245 ,  37.67 ,  0.11 ,  9.03
30 ,  4 ,  145187 ,  12 ,  241 ,  35.58 ,  0.09 ,  8.43
30 ,  4 ,  145233 ,  12 ,  241 ,  34.03 ,  0.09 ,  7.94
30 ,  4 ,  145281 ,  12 ,  241 ,  32.60 ,  0.08 ,  7.44
30 ,  4 ,  145327 ,  33 ,  242 ,  31.28 ,  0.08 ,  7.04
30 ,  4 ,  145373 ,  33 ,  242 ,  30.29 ,  0.07 ,  6.65
30 ,  4 ,  145419 ,  33 ,  242 ,  29.19 ,  0.07 ,  6.35
30 ,  4 ,  145466 ,  217 ,  1 ,  28.20 ,  0.06 ,  6.05
30 ,  4 ,  145512 ,  217 ,  1 ,  28.42 ,  0.07 ,  5.95
30 ,  4 ,  145579 ,  68 ,  239 ,  36.79 ,  0.09 ,  7.04
30 ,  4 ,  145626 ,  68 ,  239 ,  36.79 ,  0.09 ,  7.34
30 ,  4 ,  145672 ,  68 ,  239 ,  36.24 ,  0.09 ,  7.24
30 ,  4 ,  145718 ,  61 ,  226 ,  34.91 ,  0.09 ,  7.24
30 ,  4 ,  145765 ,  61 ,  226 ,  34.14 ,  0.08 ,  7.14
30 ,  4 ,  145811 ,  61 ,  226 ,  33.59 ,  0.08 ,  7.04
30 ,  4 ,  145857 ,  57 ,  234 ,  33.26 ,  0.08 ,  7.04
30 ,  4 ,  145903 ,  57 ,  234 ,  32.71 ,  0.08 ,  6.85
30 ,  4 ,  145950 ,  57 ,  234 ,  32.16 ,  0.07 ,  6.75
30 ,  4 ,  145998 ,  35 ,  239 ,  31.61 ,  0.07 ,  6.65
30 ,  4 ,  146044 ,  35 ,  239 ,  31.06 ,  0.07 ,  6.45
30 ,  4 ,  146092 ,  35 ,  239 ,  30.51 ,  0.06 ,  6.35
30 ,  4 ,  146138 ,  44 ,  244 ,  30.07 ,  0.06 ,  6.25
30 ,  4 ,  146184 ,  44 ,  244 ,  29.41 ,  0.06 ,  6.05
30 ,  4 ,  146231 ,  44 ,  244 ,  28.75 ,  0.05 ,  5.85
30 ,  4 ,  146277 ,  242 ,  41 ,  28.09 ,  0.05 ,  5.75
30 ,  4 ,  146323 ,  242 ,  41 ,  29.52 ,  0.05 ,  5.66
30 ,  4 ,  146369 ,  242 ,  41 ,  40.31 ,  0.09 ,  7.44
30 ,  4 ,  146414 ,  17 ,  228 ,  50.22 ,  0.17 ,  10.42
30 ,  4 ,  146460 ,  17 ,  228 ,  49.78 ,  0.18 ,  11.01
30 ,  4 ,  146506 ,  17 ,  228 ,  48.24 ,  0.17 ,  10.91
30 ,  4 ,  146553 ,  223 ,  53 ,  46.37 ,  0.16 ,  10.62
30 ,  4 ,  146599 ,  223 ,  53 ,  46.15 ,  0.16 ,  10.52
30 ,  4 ,  146646 ,  223 ,  53 ,  48.02 ,  0.17 ,  10.62
30 ,  4 ,  146693 ,  66 ,  241 ,  51.87 ,  0.20 ,  11.51
30 ,  4 ,  146739 ,  66 ,  241 ,  51.65 ,  0.21 ,  11.81
30 ,  4 ,  146785 ,  66 ,  241 ,  48.13 ,  0.19 ,  11.31
30 ,  4 ,  146834 ,  217 ,  7 ,  44.72 ,  0.16 ,  10.62
30 ,  4 ,  146880 ,  217 ,  7 ,  44.83 ,  0.16 ,  10.52
30 ,  4 ,  146926 ,  217 ,  7 ,  47.03 ,  0.16 ,  10.52
30 ,  4 ,  146973 ,  234 ,  31 ,  50.33 ,  0.19 ,  11.21
30 ,  4 ,  147019 ,  234 ,  31 ,  54.63 ,  0.23 ,  12.50
30 ,  4 ,  147065 ,  234 ,  31 ,  59.14 ,  0.28 ,  13.89
30 ,  4 ,  147112 ,  255 ,  53 ,  62.67 ,  0.32 ,  15.08
30 ,  4 ,  147159 ,  255 ,  53 ,  67.51 ,  0.37 ,  16.57
30 ,  4 ,  147205 ,  255 ,  53 ,  72.58 ,  0.42 ,  18.06
30 ,  4 ,  147254 ,  255 ,  15 ,  76.76 ,  0.44 ,  19.35
30 ,  4 ,  147300 ,  255 ,  15 ,  79.85 ,  0.46 ,  20.14
30 ,  4 ,  147346 ,  255 ,  15 ,  82.27 ,  0.46 ,  20.74
30 ,  4 ,  147393 ,  50 ,  220 ,  84.25 ,  0.47 ,  21.33
30 ,  4 ,  147439 ,  50 ,  220 ,  80.95 ,  0.47 ,  21.23
30 ,  4 ,  147485 ,  50 ,  220 ,  74.67 ,  0.46 ,  20.24
30 ,  4 ,  147532 ,  255 ,  64 ,  69.16 ,  0.43 ,  19.05
30 ,  4 ,  147578 ,  255 ,  64 ,  68.94 ,  0.43 ,  18.75
30 ,  4 ,  147624 ,  255 ,  64 ,  72.03 ,  0.44 ,  19.05
30 ,  4 ,  147674 ,  39 ,  235 ,  77.31 ,  0.45 ,  20.04
30 ,  4 ,  147720 ,  39 ,  235 ,  74.12 ,  0.45 ,  19.94
30 ,  4 ,  147767 ,  39 ,  235 ,  67.18 ,  0.43 ,  18.65
30 ,  4 ,  147813 ,  29 ,  246 ,  61.24 ,  0.38 ,  17.07
30 ,  4 ,  147859 ,  29 ,  246 ,  55.29 ,  0.32 ,  15.38
30 ,  4 ,  147906 ,  29 ,  246 ,  50.22 ,  0.25 ,  13.59
30 ,  4 ,  147952 ,  0 ,  255 ,  45.93 ,  0.20 ,  12.01
30 ,  4 ,  147998 ,  0 ,  255 ,  41.74 ,  0.15 ,  10.52
30 ,  4 ,  148045 ,  0 ,  255 ,  37.89 ,  0.12 ,  9.13
30 ,  4 ,  148093 ,  18 ,  252 ,  34.25 ,  0.10 ,  8.24
30 ,  4 ,  148140 ,  18 ,  252 ,  31.39 ,  0.09 ,  7.24
30 ,  4 ,  148187 ,  18 ,  252 ,  28.86 ,  0.08 ,  6.45
30 ,  4 ,  148233 ,  77 ,  231 ,  26.55 ,  0.07 ,  5.75
30 ,  4 ,  148279 ,  77 ,  231 ,  25.44 ,  0.07 ,  5.36
30 ,  4 ,  148325 ,  77 ,  231 ,  24.78 ,  0.06 ,  5.06
30 ,  4 ,  148372 ,  59 ,  248 ,  24.23 ,  0.06 ,  4.96
30 ,  4 ,  148418 ,  59 ,  248 ,  23.35 ,  0.06 ,  4.66
30 ,  4 ,  148464 ,  59 ,  248 ,  22.25 ,  0.06 ,  4.46
30 ,  4 ,  148513 ,  238 ,  38 ,  21.26 ,  0.06 ,  4.17
30 ,  4 ,  148559 ,  238 ,  38 ,  23.68 ,  0.06 ,  4.07
30 ,  4 ,  148605 ,  238 ,  38 ,  35.25 ,  0.09 ,  5.85
30 ,  4 ,  148653 ,  63 ,  226 ,  45.82 ,  0.16 ,  8.93
30 ,  4 ,  148699 ,  63 ,  226 ,  45.60 ,  0.17 ,  9.52
30 ,  4 ,  148745 ,  63 ,  226 ,  44.94 ,  0.17 ,  9.52
30 ,  4 ,  148791 ,  38 ,  227 ,  43.50 ,  0.16 ,  9.43
30 ,  4 ,  148838 ,  38 ,  227 ,  42.40 ,  0.15 ,  9.23
30 ,  4 ,  148884 ,  38 ,  227 ,  41.41 ,  0.15 ,  9.03
30 ,  4 ,  148933 ,  49 ,  255 ,  40.53 ,  0.14 ,  9.03
30 ,  4 ,  148979 ,  49 ,  255 ,  38.44 ,  0.13 ,  8.53
30 ,  4 ,  149025 ,  49 ,  255 ,  35.36 ,  0.10 ,  7.74
30 ,  4 ,  149071 ,  231 ,  11 ,  32.60 ,  0.09 ,  7.04
30 ,  4 ,  149118 ,  231 ,  11 ,  32.71 ,  0.08 ,  6.85
30 ,  4 ,  149165 ,  231 ,  11 ,  40.31 ,  0.11 ,  7.84
30 ,  4 ,  149211 ,  244 ,  41 ,  47.91 ,  0.17 ,  9.82
30 ,  4 ,  149258 ,  244 ,  41 ,  54.96 ,  0.24 ,  12.10
30 ,  4 ,  149304 ,  244 ,  41 ,  60.90 ,  0.30 ,  14.19
30 ,  4 ,  149353 ,  237 ,  18 ,  65.86 ,  0.37 ,  15.97
30 ,  4 ,  149399 ,  237 ,  18 ,  68.72 ,  0.40 ,  16.97
30 ,  4 ,  149445 ,  237 ,  18 ,  70.93 ,  0.42 ,  17.76
30 ,  4 ,  149492 ,  255 ,  61 ,  72.69 ,  0.43 ,  18.36
30 ,  4 ,  149538 ,  255 ,  61 ,  75.33 ,  0.45 ,  19.05
30 ,  4 ,  149584 ,  255 ,  61 ,  78.19 ,  0.46 ,  19.74
30 ,  4 ,  149632 ,  211 ,  71 ,  80.62 ,  0.47 ,  20.44
30 ,  4 ,  149678 ,  211 ,  71 ,  80.62 ,  0.47 ,  20.64
30 ,  4 ,  149727 ,  211 ,  71 ,  80.07 ,  0.47 ,  20.64
30 ,  4 ,  149773 ,  235 ,  42 ,  79.63 ,  0.47 ,  20.64
30 ,  4 ,  149820 ,  235 ,  42 ,  79.63 ,  0.47 ,  20.64
30 ,  4 ,  149866 ,  235 ,  42 ,  80.29 ,  0.47 ,  20.74
30 ,  4 ,  149913 ,  27 ,  247 ,  80.95 ,  0.47 ,  20.94
30 ,  4 ,  149959 ,  27 ,  247 ,  76.54 ,  0.47 ,  20.54
30 ,  4 ,  150005 ,  27 ,  247 ,  66.63 ,  0.44 ,  18.75
30 ,  4 ,  150052 ,  10 ,  252 ,  58.04 ,  0.38 ,  16.37
30 ,  4 ,  150098 ,  10 ,  252 ,  50.99 ,  0.28 ,  13.99
30 ,  4 ,  150142 ,  10 ,  252 ,  44.94 ,  0.21 ,  11.81
30 ,  4 ,  150190 ,  236 ,  62 ,  40.20 ,  0.16 ,  10.02
30 ,  4 ,  150236 ,  236 ,  62 ,  40.75 ,  0.14 ,  9.72
30 ,  4 ,  150282 ,  236 ,  62 ,  47.03 ,  0.17 ,  10.81
30 ,  4 ,  150329 ,  0 ,  244 ,  54.08 ,  0.23 ,  12.80
30 ,  4 ,  150375 ,  0 ,  244 ,  53.09 ,  0.24 ,  13.20
30 ,  4 ,  150421 ,  0 ,  244 ,  49.23 ,  0.21 ,  12.30
30 ,  4 ,  150468 ,  51 ,  230 ,  45.49 ,  0.17 ,  11.31
30 ,  4 ,  150514 ,  51 ,  230 ,  42.84 ,  0.14 ,  10.42
30 ,  4 ,  150563 ,  51 ,  230 ,  40.42 ,  0.13 ,  9.92
30 ,  4 ,  150609 ,  50 ,  241 ,  38.66 ,  0.11 ,  9.43
30 ,  4 ,  150656 ,  50 ,  241 ,  36.68 ,  0.10 ,  8.73
30 ,  4 ,  150703 ,  50 ,  241 ,  34.91 ,  0.09 ,  8.14
30 ,  4 ,  150749 ,  213 ,  43 ,  33.26 ,  0.08 ,  7.64
30 ,  4 ,  150795 ,  213 ,  43 ,  33.59 ,  0.08 ,  7.44
30 ,  4 ,  150841 ,  213 ,  43 ,  37.45 ,  0.09 ,  7.64
30 ,  4 ,  150888 ,  241 ,  50 ,  42.18 ,  0.12 ,  8.83
30 ,  4 ,  150934 ,  241 ,  50 ,  49.01 ,  0.17 ,  10.62
30 ,  4 ,  150983 ,  241 ,  50 ,  56.39 ,  0.23 ,  13.00
30 ,  4 ,  151029 ,  53 ,  255 ,  61.90 ,  0.30 ,  14.88
30 ,  4 ,  151075 ,  53 ,  255 ,  59.80 ,  0.30 ,  15.08
30 ,  4 ,  151122 ,  53 ,  255 ,  52.54 ,  0.24 ,  13.79
30 ,  4 ,  151169 ,  240 ,  48 ,  46.26 ,  0.19 ,  11.91
30 ,  4 ,  151215 ,  240 ,  48 ,  46.37 ,  0.17 ,  11.51
30 ,  4 ,  151262 ,  240 ,  48 ,  52.09 ,  0.21 ,  12.30
30 ,  4 ,  151308 ,  252 ,  54 ,  58.48 ,  0.26 ,  13.99
30 ,  4 ,  151354 ,  252 ,  54 ,  64.54 ,  0.33 ,  15.78
30 ,  4 ,  151403 ,  252 ,  54 ,  70.05 ,  0.39 ,  17.46
30 ,  4 ,  151449 ,  1 ,  234 ,  74.12 ,  0.43 ,  18.65
30 ,  4 ,  151496 ,  1 ,  234 ,  71.48 ,  0.43 ,  18.75
30 ,  4 ,  151542 ,  1 ,  234 ,  65.09 ,  0.39 ,  17.46
30 ,  4 ,  151588 ,  58 ,  237 ,  59.47 ,  0.33 ,  16.07
30 ,  4 ,  151635 ,  58 ,  237 ,  54.74 ,  0.28 ,  14.68
30 ,  4 ,  151682 ,  58 ,  237 ,  50.77 ,  0.23 ,  13.39
30 ,  4 ,  151728 ,  51 ,  255 ,  47.36 ,  0.19 ,  12.20
30 ,  4 ,  151775 ,  51 ,  255 ,  43.61 ,  0.15 ,  11.01
30 ,  4 ,  151823 ,  51 ,  255 ,  39.32 ,  0.12 ,  9.92
30 ,  4 ,  151869 ,  13 ,  237 ,  35.91 ,  0.10 ,  8.73
30 ,  4 ,  151916 ,  13 ,  237 ,  33.48 ,  0.09 ,  7.84
30 ,  4 ,  151962 ,  13 ,  237 ,  31.72 ,  0.08 ,  7.24
