MS, MPT, t (s), PWMi, PWMe, Pressure (Psi), LW (V), Displacement (mm)
30 ,  5 ,  152055 ,  74 ,  249 ,  28.42 ,  0.07 ,  6.15
30 ,  5 ,  152100 ,  74 ,  249 ,  26.88 ,  0.06 ,  5.75
30 ,  5 ,  152144 ,  74 ,  249 ,  25.33 ,  0.06 ,  5.26
30 ,  5 ,  152189 ,  45 ,  228 ,  23.90 ,  0.06 ,  4.86
30 ,  5 ,  152233 ,  45 ,  228 ,  23.35 ,  0.06 ,  4.66
30 ,  5 ,  152279 ,  45 ,  228 ,  23.13 ,  0.06 ,  4.56
30 ,  5 ,  152323 ,  210 ,  27 ,  22.91 ,  0.05 ,  4.46
30 ,  5 ,  152367 ,  210 ,  27 ,  23.02 ,  0.05 ,  4.37
30 ,  5 ,  152414 ,  210 ,  27 ,  28.97 ,  0.07 ,  4.86
30 ,  5 ,  152459 ,  61 ,  238 ,  35.02 ,  0.08 ,  6.15
30 ,  5 ,  152503 ,  61 ,  238 ,  35.13 ,  0.09 ,  6.45
30 ,  5 ,  152547 ,  61 ,  238 ,  34.80 ,  0.09 ,  6.45
30 ,  5 ,  152591 ,  39 ,  234 ,  34.03 ,  0.09 ,  6.45
30 ,  5 ,  152636 ,  39 ,  234 ,  33.15 ,  0.08 ,  6.35
30 ,  5 ,  152680 ,  39 ,  234 ,  32.49 ,  0.08 ,  6.25
30 ,  5 ,  152724 ,  65 ,  223 ,  31.94 ,  0.08 ,  6.15
30 ,  5 ,  152768 ,  65 ,  223 ,  31.72 ,  0.08 ,  6.25
30 ,  5 ,  152815 ,  65 ,  223 ,  31.50 ,  0.07 ,  6.25
30 ,  5 ,  152859 ,  244 ,  45 ,  31.28 ,  0.08 ,  6.15
30 ,  5 ,  152904 ,  244 ,  45 ,  32.05 ,  0.07 ,  6.15
30 ,  5 ,  152948 ,  244 ,  45 ,  42.18 ,  0.12 ,  7.74
30 ,  5 ,  152992 ,  236 ,  61 ,  51.54 ,  0.19 ,  10.62
30 ,  5 ,  153037 ,  236 ,  61 ,  58.15 ,  0.26 ,  13.10
30 ,  5 ,  153081 ,  236 ,  61 ,  62.67 ,  0.32 ,  14.78
30 ,  5 ,  153131 ,  21 ,  255 ,  66.30 ,  0.37 ,  16.07
30 ,  5 ,  153175 ,  21 ,  255 ,  63.33 ,  0.37 ,  16.17
30 ,  5 ,  153222 ,  21 ,  255 ,  55.73 ,  0.30 ,  14.68
30 ,  5 ,  153266 ,  3 ,  223 ,  48.90 ,  0.22 ,  12.60
30 ,  5 ,  153310 ,  3 ,  223 ,  45.16 ,  0.18 ,  11.21
30 ,  5 ,  153355 ,  3 ,  223 ,  42.29 ,  0.15 ,  10.32
30 ,  5 ,  153399 ,  238 ,  69 ,  39.76 ,  0.12 ,  9.43
30 ,  5 ,  153443 ,  238 ,  69 ,  39.98 ,  0.12 ,  9.33
30 ,  5 ,  153487 ,  238 ,  69 ,  45.93 ,  0.14 ,  9.92
30 ,  5 ,  153532 ,  233 ,  26 ,  53.09 ,  0.21 ,  11.91
30 ,  5 ,  153576 ,  233 ,  26 ,  58.37 ,  0.26 ,  13.69
30 ,  5 ,  153623 ,  233 ,  26 ,  62.45 ,  0.31 ,  15.08
30 ,  5 ,  153667 ,  242 ,  26 ,  65.42 ,  0.35 ,  15.97
30 ,  5 ,  153711 ,  242 ,  26 ,  68.06 ,  0.38 ,  16.87
30 ,  5 ,  153756 ,  242 ,  26 ,  70.49 ,  0.41 ,  17.66
30 ,  5 ,  153800 ,  225 ,  0 ,  72.69 ,  0.43 ,  18.26
30 ,  5 ,  153844 ,  225 ,  0 ,  73.46 ,  0.43 ,  18.65
30 ,  5 ,  153888 ,  225 ,  0 ,  73.90 ,  0.43 ,  18.85
30 ,  5 ,  153933 ,  40 ,  234 ,  74.34 ,  0.44 ,  18.95
30 ,  5 ,  153977 ,  40 ,  234 ,  72.03 ,  0.44 ,  18.95
30 ,  5 ,  154024 ,  40 ,  234 ,  65.86 ,  0.41 ,  17.66
30 ,  5 ,  154068 ,  64 ,  243 ,  60.46 ,  0.36 ,  16.37
30 ,  5 ,  154113 ,  64 ,  243 ,  55.29 ,  0.30 ,  14.88
30 ,  5 ,  154157 ,  64 ,  243 ,  50.77 ,  0.24 ,  13.39
30 ,  5 ,  154202 ,  31 ,  234 ,  46.81 ,  0.20 ,  12.01
30 ,  5 ,  154246 ,  31 ,  234 ,  43.84 ,  0.16 ,  10.91
30 ,  5 ,  154290 ,  31 ,  234 ,  41.30 ,  0.14 ,  10.12
30 ,  5 ,  154335 ,  227 ,  18 ,  38.99 ,  0.12 ,  9.52
30 ,  5 ,  154379 ,  227 ,  18 ,  39.21 ,  0.11 ,  9.43
30 ,  5 ,  154426 ,  227 ,  18 ,  44.06 ,  0.13 ,  9.72
30 ,  5 ,  154470 ,  234 ,  68 ,  49.67 ,  0.17 ,  11.31
30 ,  5 ,  154514 ,  234 ,  68 ,  54.74 ,  0.22 ,  12.80
30 ,  5 ,  154558 ,  234 ,  68 ,  59.25 ,  0.27 ,  14.29
30 ,  5 ,  154603 ,  237 ,  35 ,  62.78 ,  0.31 ,  15.38
30 ,  5 ,  154647 ,  237 ,  35 ,  65.64 ,  0.35 ,  16.37
30 ,  5 ,  154691 ,  237 ,  35 ,  68.17 ,  0.38 ,  17.07
30 ,  5 ,  154736 ,  238 ,  0 ,  70.16 ,  0.40 ,  17.76
30 ,  5 ,  154782 ,  238 ,  0 ,  71.92 ,  0.42 ,  18.26
30 ,  5 ,  154826 ,  238 ,  0 ,  73.57 ,  0.43 ,  18.75
30 ,  5 ,  154871 ,  61 ,  246 ,  74.89 ,  0.43 ,  19.15
30 ,  5 ,  154915 ,  61 ,  246 ,  71.48 ,  0.43 ,  19.05
30 ,  5 ,  154959 ,  61 ,  246 ,  63.88 ,  0.39 ,  17.36
30 ,  5 ,  155004 ,  245 ,  11 ,  56.61 ,  0.31 ,  15.48
30 ,  5 ,  155048 ,  245 ,  11 ,  56.83 ,  0.29 ,  14.98
30 ,  5 ,  155092 ,  245 ,  11 ,  60.57 ,  0.31 ,  15.58
30 ,  5 ,  155138 ,  255 ,  62 ,  65.97 ,  0.36 ,  16.87
30 ,  5 ,  155184 ,  255 ,  62 ,  71.48 ,  0.41 ,  18.16
30 ,  5 ,  155228 ,  255 ,  62 ,  76.32 ,  0.43 ,  19.35
30 ,  5 ,  155273 ,  32 ,  252 ,  79.85 ,  0.45 ,  20.24
30 ,  5 ,  155317 ,  32 ,  252 ,  75.22 ,  0.45 ,  19.94
30 ,  5 ,  155361 ,  32 ,  252 ,  65.09 ,  0.40 ,  18.06
30 ,  5 ,  155406 ,  56 ,  229 ,  55.95 ,  0.31 ,  15.58
30 ,  5 ,  155450 ,  56 ,  229 ,  49.89 ,  0.23 ,  13.49
30 ,  5 ,  155494 ,  56 ,  229 ,  45.60 ,  0.18 ,  11.91
30 ,  5 ,  155539 ,  51 ,  249 ,  42.07 ,  0.15 ,  10.62
30 ,  5 ,  155585 ,  51 ,  249 ,  38.11 ,  0.13 ,  9.72
30 ,  5 ,  155629 ,  51 ,  249 ,  34.58 ,  0.10 ,  8.43
30 ,  5 ,  155674 ,  220 ,  43 ,  31.50 ,  0.09 ,  7.44
30 ,  5 ,  155718 ,  220 ,  43 ,  31.94 ,  0.08 ,  7.24
30 ,  5 ,  155762 ,  220 ,  43 ,  37.01 ,  0.09 ,  7.54
30 ,  5 ,  155806 ,  70 ,  244 ,  42.95 ,  0.13 ,  9.03
30 ,  5 ,  155851 ,  70 ,  244 ,  42.95 ,  0.13 ,  9.43
30 ,  5 ,  155895 ,  70 ,  244 ,  40.97 ,  0.12 ,  9.23
30 ,  5 ,  155939 ,  15 ,  255 ,  38.66 ,  0.11 ,  8.93
30 ,  5 ,  155986 ,  15 ,  255 ,  35.91 ,  0.10 ,  8.24
30 ,  5 ,  156030 ,  15 ,  255 ,  33.15 ,  0.08 ,  7.54
30 ,  5 ,  156075 ,  229 ,  63 ,  30.73 ,  0.07 ,  6.85
30 ,  5 ,  156120 ,  229 ,  63 ,  30.95 ,  0.07 ,  6.75
30 ,  5 ,  156164 ,  229 ,  63 ,  38.00 ,  0.09 ,  7.44
30 ,  5 ,  156208 ,  46 ,  255 ,  45.38 ,  0.14 ,  9.43
30 ,  5 ,  156252 ,  46 ,  255 ,  44.94 ,  0.15 ,  9.92
30 ,  5 ,  156297 ,  46 ,  255 ,  41.63 ,  0.12 ,  9.43
30 ,  5 ,  156341 ,  50 ,  236 ,  37.67 ,  0.10 ,  8.63
30 ,  5 ,  156387 ,  50 ,  236 ,  34.91 ,  0.09 ,  7.84
30 ,  5 ,  156432 ,  50 ,  236 ,  33.04 ,  0.08 ,  7.34
30 ,  5 ,  156476 ,  34 ,  255 ,  31.39 ,  0.07 ,  6.85
30 ,  5 ,  156520 ,  34 ,  255 ,  29.30 ,  0.07 ,  6.35
30 ,  5 ,  156564 ,  34 ,  255 ,  27.43 ,  0.06 ,  5.75
30 ,  5 ,  156609 ,  45 ,  250 ,  25.66 ,  0.06 ,  5.26
30 ,  5 ,  156653 ,  45 ,  250 ,  24.12 ,  0.06 ,  4.96
30 ,  5 ,  156697 ,  45 ,  250 ,  22.91 ,  0.06 ,  4.56
30 ,  5 ,  156741 ,  12 ,  249 ,  21.70 ,  0.05 ,  4.27
30 ,  5 ,  156788 ,  12 ,  249 ,  20.71 ,  0.06 ,  3.97
30 ,  5 ,  156832 ,  12 ,  249 ,  19.83 ,  0.05 ,  3.77
30 ,  5 ,  156877 ,  34 ,  255 ,  18.95 ,  0.05 ,  3.57
30 ,  5 ,  156921 ,  34 ,  255 ,  18.18 ,  0.05 ,  3.37
30 ,  5 ,  156965 ,  34 ,  255 ,  17.40 ,  0.05 ,  3.17
30 ,  5 ,  157009 ,  78 ,  244 ,  16.63 ,  0.05 ,  2.98
30 ,  5 ,  157054 ,  78 ,  244 ,  16.30 ,  0.05 ,  2.88
30 ,  5 ,  157099 ,  78 ,  244 ,  15.97 ,  0.05 ,  2.78
30 ,  5 ,  157144 ,  34 ,  253 ,  15.75 ,  0.04 ,  2.68
30 ,  5 ,  157190 ,  34 ,  253 ,  15.31 ,  0.05 ,  2.58
30 ,  5 ,  157235 ,  34 ,  253 ,  14.87 ,  0.05 ,  2.48
30 ,  5 ,  157279 ,  39 ,  221 ,  14.43 ,  0.05 ,  2.38
30 ,  5 ,  157323 ,  39 ,  221 ,  14.43 ,  0.05 ,  2.38
30 ,  5 ,  157367 ,  39 ,  221 ,  14.43 ,  0.05 ,  2.28
30 ,  5 ,  157412 ,  20 ,  233 ,  14.43 ,  0.04 ,  2.28
30 ,  5 ,  157456 ,  20 ,  233 ,  14.54 ,  0.05 ,  2.28
30 ,  5 ,  157500 ,  20 ,  233 ,  14.54 ,  0.04 ,  2.28
30 ,  5 ,  157544 ,  229 ,  47 ,  14.54 ,  0.04 ,  2.28
30 ,  5 ,  157591 ,  229 ,  47 ,  16.63 ,  0.04 ,  2.18
30 ,  5 ,  157635 ,  229 ,  47 ,  27.65 ,  0.07 ,  3.57
30 ,  5 ,  157679 ,  221 ,  15 ,  37.89 ,  0.11 ,  5.95
30 ,  5 ,  157724 ,  221 ,  15 ,  44.83 ,  0.15 ,  8.04
30 ,  5 ,  157768 ,  221 ,  15 ,  49.23 ,  0.20 ,  9.72
30 ,  5 ,  157812 ,  233 ,  0 ,  52.54 ,  0.23 ,  11.01
30 ,  5 ,  157857 ,  233 ,  0 ,  55.73 ,  0.27 ,  12.10
30 ,  5 ,  157901 ,  233 ,  0 ,  58.70 ,  0.30 ,  13.30
30 ,  5 ,  157945 ,  224 ,  57 ,  61.24 ,  0.34 ,  14.19
30 ,  5 ,  157992 ,  224 ,  57 ,  62.89 ,  0.36 ,  14.88
30 ,  5 ,  158036 ,  224 ,  57 ,  63.99 ,  0.38 ,  15.38
30 ,  5 ,  158081 ,  233 ,  62 ,  65.09 ,  0.40 ,  15.78
30 ,  5 ,  158126 ,  233 ,  62 ,  66.52 ,  0.41 ,  16.27
30 ,  5 ,  158170 ,  233 ,  62 ,  67.95 ,  0.42 ,  16.77
30 ,  5 ,  158214 ,  247 ,  10 ,  69.16 ,  0.43 ,  17.16
30 ,  5 ,  158259 ,  247 ,  10 ,  71.37 ,  0.44 ,  17.76
30 ,  5 ,  158303 ,  247 ,  10 ,  74.01 ,  0.45 ,  18.55
30 ,  5 ,  158347 ,  243 ,  82 ,  76.32 ,  0.46 ,  19.15
30 ,  5 ,  158394 ,  243 ,  82 ,  77.97 ,  0.47 ,  19.74
30 ,  5 ,  158438 ,  243 ,  82 ,  79.41 ,  0.47 ,  20.04
30 ,  5 ,  158482 ,  255 ,  50 ,  80.62 ,  0.47 ,  20.44
30 ,  5 ,  158527 ,  255 ,  50 ,  82.38 ,  0.48 ,  20.84
30 ,  5 ,  158571 ,  255 ,  50 ,  84.14 ,  0.48 ,  21.23
30 ,  5 ,  158615 ,  252 ,  22 ,  85.79 ,  0.48 ,  21.63
30 ,  5 ,  158660 ,  252 ,  22 ,  87.00 ,  0.48 ,  21.93
30 ,  5 ,  158704 ,  252 ,  22 ,  88.11 ,  0.48 ,  22.22
30 ,  5 ,  158748 ,  248 ,  49 ,  88.99 ,  0.48 ,  22.52
30 ,  5 ,  158795 ,  248 ,  49 ,  89.65 ,  0.48 ,  22.62
30 ,  5 ,  158839 ,  248 ,  49 ,  90.31 ,  0.48 ,  22.72
30 ,  5 ,  158883 ,  231 ,  40 ,  90.75 ,  0.49 ,  22.92
30 ,  5 ,  158928 ,  231 ,  40 ,  90.75 ,  0.48 ,  23.02
30 ,  5 ,  158972 ,  231 ,  40 ,  90.53 ,  0.48 ,  23.02
30 ,  5 ,  159016 ,  247 ,  8 ,  90.31 ,  0.49 ,  23.02
30 ,  5 ,  159062 ,  247 ,  8 ,  90.31 ,  0.48 ,  23.02
30 ,  5 ,  159106 ,  247 ,  8 ,  90.53 ,  0.48 ,  23.02
30 ,  5 ,  159150 ,  231 ,  35 ,  90.75 ,  0.48 ,  23.12
30 ,  5 ,  159197 ,  231 ,  35 ,  90.64 ,  0.48 ,  23.12
30 ,  5 ,  159241 ,  231 ,  35 ,  90.42 ,  0.48 ,  23.12
30 ,  5 ,  159285 ,  53 ,  237 ,  90.31 ,  0.49 ,  23.12
30 ,  5 ,  159330 ,  53 ,  237 ,  85.35 ,  0.48 ,  22.82
30 ,  5 ,  159374 ,  53 ,  237 ,  75.77 ,  0.48 ,  21.23
30 ,  5 ,  159418 ,  16 ,  245 ,  67.29 ,  0.46 ,  19.45
30 ,  5 ,  159463 ,  16 ,  245 ,  60.13 ,  0.43 ,  17.36
30 ,  5 ,  159507 ,  16 ,  245 ,  54.08 ,  0.36 ,  15.38
30 ,  5 ,  159553 ,  222 ,  76 ,  49.12 ,  0.29 ,  13.59
30 ,  5 ,  159598 ,  222 ,  76 ,  49.45 ,  0.27 ,  13.20
30 ,  5 ,  159642 ,  222 ,  76 ,  50.88 ,  0.27 ,  13.10
30 ,  5 ,  159686 ,  234 ,  25 ,  54.08 ,  0.29 ,  13.89
30 ,  5 ,  159731 ,  234 ,  25 ,  58.04 ,  0.33 ,  14.78
30 ,  5 ,  159775 ,  234 ,  25 ,  62.01 ,  0.37 ,  15.97
30 ,  5 ,  159819 ,  255 ,  50 ,  65.20 ,  0.40 ,  16.87
30 ,  5 ,  159864 ,  255 ,  50 ,  69.71 ,  0.43 ,  18.06
30 ,  5 ,  159908 ,  255 ,  50 ,  74.56 ,  0.45 ,  19.25
30 ,  5 ,  159954 ,  255 ,  8 ,  78.64 ,  0.46 ,  20.24
30 ,  5 ,  160000 ,  255 ,  8 ,  81.50 ,  0.47 ,  20.94
30 ,  5 ,  160044 ,  255 ,  8 ,  83.81 ,  0.48 ,  21.43
30 ,  5 ,  160088 ,  53 ,  255 ,  85.57 ,  0.48 ,  21.93
30 ,  5 ,  160133 ,  53 ,  255 ,  79.63 ,  0.48 ,  21.43
30 ,  5 ,  160177 ,  53 ,  255 ,  67.84 ,  0.45 ,  19.35
30 ,  5 ,  160221 ,  227 ,  20 ,  55.51 ,  0.37 ,  16.17
30 ,  5 ,  160266 ,  227 ,  20 ,  55.84 ,  0.33 ,  15.28
30 ,  5 ,  160310 ,  227 ,  20 ,  56.83 ,  0.33 ,  15.28
30 ,  5 ,  160356 ,  237 ,  28 ,  59.69 ,  0.35 ,  15.88
30 ,  5 ,  160401 ,  237 ,  28 ,  63.22 ,  0.38 ,  16.67
30 ,  5 ,  160445 ,  237 ,  28 ,  66.63 ,  0.41 ,  17.56
30 ,  5 ,  160489 ,  15 ,  232 ,  69.38 ,  0.43 ,  18.26
30 ,  5 ,  160537 ,  15 ,  232 ,  67.18 ,  0.43 ,  18.16
30 ,  5 ,  160582 ,  15 ,  232 ,  62.56 ,  0.40 ,  17.26
30 ,  5 ,  160626 ,  242 ,  59 ,  58.04 ,  0.36 ,  16.17
30 ,  5 ,  160670 ,  242 ,  59 ,  57.93 ,  0.34 ,  15.88
30 ,  5 ,  160715 ,  242 ,  59 ,  60.35 ,  0.35 ,  16.17
30 ,  5 ,  160761 ,  246 ,  38 ,  65.42 ,  0.40 ,  17.16
30 ,  5 ,  160806 ,  246 ,  38 ,  69.83 ,  0.43 ,  18.26
30 ,  5 ,  160850 ,  246 ,  38 ,  73.46 ,  0.44 ,  19.15
30 ,  5 ,  160894 ,  231 ,  23 ,  76.43 ,  0.46 ,  19.84
30 ,  5 ,  160940 ,  231 ,  23 ,  77.64 ,  0.46 ,  20.24
30 ,  5 ,  160984 ,  231 ,  23 ,  78.41 ,  0.46 ,  20.44
30 ,  5 ,  161028 ,  54 ,  243 ,  79.08 ,  0.46 ,  20.64
30 ,  5 ,  161072 ,  54 ,  243 ,  75.44 ,  0.46 ,  20.34
30 ,  5 ,  161117 ,  54 ,  243 ,  67.18 ,  0.44 ,  18.85
30 ,  5 ,  161163 ,  220 ,  77 ,  59.36 ,  0.39 ,  16.87
30 ,  5 ,  161208 ,  220 ,  77 ,  59.14 ,  0.37 ,  16.47
30 ,  5 ,  161252 ,  220 ,  77 ,  59.25 ,  0.37 ,  16.47
30 ,  5 ,  161296 ,  236 ,  70 ,  60.46 ,  0.36 ,  16.37
30 ,  5 ,  161341 ,  236 ,  70 ,  63.11 ,  0.38 ,  16.97
30 ,  5 ,  161385 ,  236 ,  70 ,  66.41 ,  0.41 ,  17.66
30 ,  5 ,  161429 ,  35 ,  237 ,  69.16 ,  0.43 ,  18.36
30 ,  5 ,  161473 ,  35 ,  237 ,  67.18 ,  0.43 ,  18.36
30 ,  5 ,  161518 ,  35 ,  237 ,  61.90 ,  0.40 ,  17.26
30 ,  5 ,  161564 ,  23 ,  233 ,  56.50 ,  0.34 ,  15.88
30 ,  5 ,  161609 ,  23 ,  233 ,  52.54 ,  0.30 ,  14.68
30 ,  5 ,  161653 ,  23 ,  233 ,  49.23 ,  0.26 ,  13.59
30 ,  5 ,  161697 ,  55 ,  255 ,  46.37 ,  0.22 ,  12.50
30 ,  5 ,  161742 ,  55 ,  255 ,  43.06 ,  0.18 ,  11.41
30 ,  5 ,  161786 ,  55 ,  255 ,  39.54 ,  0.15 ,  10.12
30 ,  5 ,  161830 ,  245 ,  30 ,  36.46 ,  0.12 ,  8.83
30 ,  5 ,  161874 ,  245 ,  30 ,  37.34 ,  0.12 ,  8.63
30 ,  5 ,  161922 ,  245 ,  30 ,  45.82 ,  0.16 ,  10.22
30 ,  5 ,  161966 ,  28 ,  255 ,  54.96 ,  0.24 ,  13.00
30 ,  5 ,  162011 ,  28 ,  255 ,  53.20 ,  0.25 ,  13.49
30 ,  5 ,  162055 ,  28 ,  255 ,  48.57 ,  0.21 ,  12.30
30 ,  5 ,  162099 ,  69 ,  242 ,  43.50 ,  0.16 ,  10.91
30 ,  5 ,  162143 ,  69 ,  242 ,  39.98 ,  0.13 ,  9.72
30 ,  5 ,  162188 ,  69 ,  242 ,  36.79 ,  0.11 ,  9.13
30 ,  5 ,  162232 ,  255 ,  32 ,  34.03 ,  0.10 ,  8.14
30 ,  5 ,  162276 ,  255 ,  32 ,  36.24 ,  0.10 ,  7.94
30 ,  5 ,  162323 ,  255 ,  32 ,  47.14 ,  0.15 ,  10.22
30 ,  5 ,  162367 ,  211 ,  26 ,  58.15 ,  0.26 ,  13.69
30 ,  5 ,  162411 ,  211 ,  26 ,  61.35 ,  0.31 ,  15.08
30 ,  5 ,  162456 ,  211 ,  26 ,  63.00 ,  0.34 ,  15.78
30 ,  5 ,  162500 ,  223 ,  53 ,  64.21 ,  0.36 ,  16.17
30 ,  5 ,  162544 ,  223 ,  53 ,  65.97 ,  0.37 ,  16.67
30 ,  5 ,  162589 ,  223 ,  53 ,  67.73 ,  0.39 ,  17.26
30 ,  5 ,  162633 ,  0 ,  230 ,  69.27 ,  0.41 ,  17.76
30 ,  5 ,  162677 ,  0 ,  230 ,  67.18 ,  0.41 ,  17.86
30 ,  5 ,  162724 ,  0 ,  230 ,  62.78 ,  0.38 ,  16.87
30 ,  5 ,  162768 ,  30 ,  238 ,  58.48 ,  0.33 ,  15.78
30 ,  5 ,  162812 ,  30 ,  238 ,  54.41 ,  0.29 ,  14.59
30 ,  5 ,  162857 ,  30 ,  238 ,  50.77 ,  0.24 ,  13.49
30 ,  5 ,  162902 ,  237 ,  38 ,  47.58 ,  0.21 ,  12.40
30 ,  5 ,  162946 ,  237 ,  38 ,  47.69 ,  0.20 ,  12.20
30 ,  5 ,  162991 ,  237 ,  38 ,  51.54 ,  0.22 ,  12.80
30 ,  5 ,  163035 ,  242 ,  75 ,  57.38 ,  0.27 ,  14.19
30 ,  5 ,  163079 ,  242 ,  75 ,  62.67 ,  0.32 ,  15.78
30 ,  5 ,  163126 ,  242 ,  75 ,  67.18 ,  0.38 ,  17.07
30 ,  5 ,  163170 ,  56 ,  247 ,  70.49 ,  0.41 ,  17.96
30 ,  5 ,  163214 ,  56 ,  247 ,  67.62 ,  0.40 ,  17.96
30 ,  5 ,  163259 ,  56 ,  247 ,  60.57 ,  0.35 ,  16.47
30 ,  5 ,  163303 ,  13 ,  255 ,  53.86 ,  0.28 ,  14.59
30 ,  5 ,  163347 ,  13 ,  255 ,  47.91 ,  0.22 ,  12.80
30 ,  5 ,  163392 ,  13 ,  255 ,  42.84 ,  0.16 ,  11.11
30 ,  5 ,  163436 ,  232 ,  63 ,  38.33 ,  0.13 ,  9.62
30 ,  5 ,  163480 ,  232 ,  63 ,  38.66 ,  0.12 ,  9.52
30 ,  5 ,  163527 ,  232 ,  63 ,  44.28 ,  0.15 ,  10.12
30 ,  5 ,  163571 ,  36 ,  221 ,  50.66 ,  0.19 ,  11.91
30 ,  5 ,  163615 ,  36 ,  221 ,  50.33 ,  0.21 ,  12.20
30 ,  5 ,  163660 ,  36 ,  221 ,  49.56 ,  0.20 ,  12.20
30 ,  5 ,  163704 ,  0 ,  255 ,  48.35 ,  0.19 ,  11.91
30 ,  5 ,  163749 ,  0 ,  255 ,  45.27 ,  0.16 ,  11.31
30 ,  5 ,  163793 ,  0 ,  255 ,  41.08 ,  0.13 ,  10.42
30 ,  5 ,  163837 ,  14 ,  255 ,  37.34 ,  0.11 ,  9.33
30 ,  5 ,  163883 ,  14 ,  255 ,  34.03 ,  0.09 ,  8.24
30 ,  5 ,  163929 ,  14 ,  255 ,  31.17 ,  0.08 ,  7.24
30 ,  5 ,  163974 ,  24 ,  255 ,  28.75 ,  0.07 ,  6.55
30 ,  5 ,  164018 ,  24 ,  255 ,  26.66 ,  0.07 ,  5.85
30 ,  5 ,  164062 ,  24 ,  255 ,  24.67 ,  0.07 ,  5.26
30 ,  5 ,  164107 ,  22 ,  241 ,  23.02 ,  0.06 ,  4.76
30 ,  5 ,  164151 ,  22 ,  241 ,  22.03 ,  0.06 ,  4.46
30 ,  5 ,  164195 ,  22 ,  241 ,  21.26 ,  0.06 ,  4.17
30 ,  5 ,  164240 ,  11 ,  245 ,  20.49 ,  0.06 ,  3.97
30 ,  5 ,  164284 ,  11 ,  245 ,  19.72 ,  0.06 ,  3.77
30 ,  5 ,  164331 ,  11 ,  245 ,  18.95 ,  0.06 ,  3.57
30 ,  5 ,  164375 ,  28 ,  233 ,  18.40 ,  0.06 ,  3.37
30 ,  5 ,  164419 ,  28 ,  233 ,  18.18 ,  0.06 ,  3.27
30 ,  5 ,  164464 ,  28 ,  233 ,  18.07 ,  0.05 ,  3.17
30 ,  5 ,  164508 ,  52 ,  253 ,  17.96 ,  0.06 ,  3.17
30 ,  5 ,  164552 ,  52 ,  253 ,  17.51 ,  0.06 ,  3.08
30 ,  5 ,  164597 ,  52 ,  253 ,  16.85 ,  0.05 ,  2.98
30 ,  5 ,  164642 ,  255 ,  19 ,  16.19 ,  0.05 ,  2.78
30 ,  5 ,  164686 ,  255 ,  19 ,  20.49 ,  0.06 ,  2.88
30 ,  5 ,  164743 ,  255 ,  19 ,  39.87 ,  0.12 ,  6.45
30 ,  5 ,  164789 ,  229 ,  39 ,  53.20 ,  0.22 ,  10.72
30 ,  5 ,  164836 ,  229 ,  39 ,  58.92 ,  0.30 ,  13.30
30 ,  5 ,  164882 ,  229 ,  39 ,  62.89 ,  0.35 ,  14.88
30 ,  5 ,  164929 ,  57 ,  252 ,  65.75 ,  0.39 ,  15.97
30 ,  5 ,  164975 ,  57 ,  252 ,  62.89 ,  0.39 ,  15.97
30 ,  5 ,  165022 ,  57 ,  252 ,  55.40 ,  0.32 ,  14.49
30 ,  5 ,  165068 ,  44 ,  224 ,  48.57 ,  0.24 ,  12.50
30 ,  5 ,  165115 ,  44 ,  224 ,  44.39 ,  0.19 ,  11.01
30 ,  5 ,  165165 ,  44 ,  224 ,  41.41 ,  0.16 ,  10.02
30 ,  5 ,  165211 ,  68 ,  230 ,  38.99 ,  0.13 ,  9.13
30 ,  5 ,  165257 ,  68 ,  230 ,  36.68 ,  0.11 ,  8.33
30 ,  5 ,  165304 ,  68 ,  230 ,  34.58 ,  0.10 ,  7.74
30 ,  5 ,  165350 ,  44 ,  249 ,  32.71 ,  0.09 ,  7.14
30 ,  5 ,  165396 ,  44 ,  249 ,  30.40 ,  0.08 ,  6.55
30 ,  5 ,  165443 ,  44 ,  249 ,  28.20 ,  0.07 ,  5.85
30 ,  5 ,  165489 ,  254 ,  9 ,  26.21 ,  0.07 ,  5.26
30 ,  5 ,  165535 ,  254 ,  9 ,  29.08 ,  0.07 ,  5.16
30 ,  5 ,  165584 ,  254 ,  9 ,  43.72 ,  0.13 ,  8.14
30 ,  5 ,  165630 ,  72 ,  241 ,  55.73 ,  0.24 ,  12.01
30 ,  5 ,  165677 ,  72 ,  241 ,  54.96 ,  0.26 ,  12.90
30 ,  5 ,  165724 ,  72 ,  241 ,  50.66 ,  0.23 ,  12.30
30 ,  5 ,  165770 ,  236 ,  78 ,  47.03 ,  0.20 ,  11.31
30 ,  5 ,  165816 ,  236 ,  78 ,  46.81 ,  0.19 ,  11.11
30 ,  5 ,  165863 ,  236 ,  78 ,  51.98 ,  0.22 ,  11.81
30 ,  5 ,  165909 ,  228 ,  81 ,  57.38 ,  0.28 ,  13.30
30 ,  5 ,  165955 ,  228 ,  81 ,  61.13 ,  0.33 ,  14.59
30 ,  5 ,  166004 ,  228 ,  81 ,  63.99 ,  0.37 ,  15.58
30 ,  5 ,  166050 ,  232 ,  36 ,  66.08 ,  0.39 ,  16.27
30 ,  5 ,  166097 ,  232 ,  36 ,  67.95 ,  0.41 ,  16.97
30 ,  5 ,  166144 ,  232 ,  36 ,  69.71 ,  0.42 ,  17.46
30 ,  5 ,  166190 ,  32 ,  238 ,  71.26 ,  0.43 ,  17.96
30 ,  5 ,  166237 ,  32 ,  238 ,  68.50 ,  0.43 ,  17.96
30 ,  5 ,  166283 ,  32 ,  238 ,  62.56 ,  0.40 ,  16.67
30 ,  5 ,  166329 ,  225 ,  37 ,  56.94 ,  0.33 ,  15.08
30 ,  5 ,  166378 ,  225 ,  37 ,  56.83 ,  0.32 ,  14.78
30 ,  5 ,  166424 ,  225 ,  37 ,  57.38 ,  0.32 ,  14.78
30 ,  5 ,  166471 ,  255 ,  36 ,  60.13 ,  0.34 ,  15.28
30 ,  5 ,  166517 ,  255 ,  36 ,  65.75 ,  0.39 ,  16.57
30 ,  5 ,  166563 ,  255 ,  36 ,  72.36 ,  0.43 ,  18.16
30 ,  5 ,  166610 ,  226 ,  38 ,  77.31 ,  0.45 ,  19.55
30 ,  5 ,  166657 ,  226 ,  38 ,  77.86 ,  0.46 ,  19.84
30 ,  5 ,  166703 ,  226 ,  38 ,  78.53 ,  0.46 ,  20.14
30 ,  5 ,  166750 ,  240 ,  27 ,  79.19 ,  0.47 ,  20.24
30 ,  5 ,  166798 ,  240 ,  27 ,  80.40 ,  0.47 ,  20.54
30 ,  5 ,  166845 ,  240 ,  27 ,  81.72 ,  0.47 ,  20.94
30 ,  5 ,  166891 ,  233 ,  36 ,  82.93 ,  0.47 ,  21.23
30 ,  5 ,  166938 ,  233 ,  36 ,  83.70 ,  0.48 ,  21.43
30 ,  5 ,  166984 ,  233 ,  36 ,  84.36 ,  0.48 ,  21.63
30 ,  5 ,  167030 ,  62 ,  218 ,  84.91 ,  0.48 ,  21.73
30 ,  5 ,  167077 ,  62 ,  218 ,  81.83 ,  0.48 ,  21.63
30 ,  5 ,  167123 ,  62 ,  218 ,  75.66 ,  0.47 ,  20.64
30 ,  5 ,  167170 ,  67 ,  250 ,  70.38 ,  0.46 ,  19.55
30 ,  5 ,  167219 ,  67 ,  250 ,  62.78 ,  0.43 ,  17.76
30 ,  5 ,  167265 ,  67 ,  250 ,  55.07 ,  0.35 ,  15.58
30 ,  5 ,  167312 ,  1 ,  242 ,  48.68 ,  0.27 ,  13.39
30 ,  5 ,  167358 ,  1 ,  242 ,  44.06 ,  0.21 ,  11.51
30 ,  5 ,  167404 ,  1 ,  242 ,  40.09 ,  0.16 ,  10.12
30 ,  5 ,  167451 ,  18 ,  251 ,  36.68 ,  0.13 ,  8.93
30 ,  5 ,  167497 ,  18 ,  251 ,  33.37 ,  0.11 ,  8.04
30 ,  5 ,  167543 ,  18 ,  251 ,  30.40 ,  0.09 ,  7.04
30 ,  5 ,  167590 ,  21 ,  238 ,  27.76 ,  0.09 ,  6.15
30 ,  5 ,  167639 ,  21 ,  238 ,  25.99 ,  0.08 ,  5.56
30 ,  5 ,  167685 ,  21 ,  238 ,  24.67 ,  0.08 ,  5.16
30 ,  5 ,  167732 ,  220 ,  72 ,  23.57 ,  0.07 ,  4.76
30 ,  5 ,  167778 ,  220 ,  72 ,  24.67 ,  0.07 ,  4.66
30 ,  5 ,  167824 ,  220 ,  72 ,  32.05 ,  0.09 ,  5.56
30 ,  5 ,  167871 ,  218 ,  21 ,  39.65 ,  0.13 ,  7.44
30 ,  5 ,  167917 ,  218 ,  21 ,  45.27 ,  0.17 ,  9.13
30 ,  5 ,  167963 ,  218 ,  21 ,  49.23 ,  0.21 ,  10.62
30 ,  5 ,  168010 ,  222 ,  59 ,  52.20 ,  0.24 ,  11.61
30 ,  5 ,  168058 ,  222 ,  59 ,  54.85 ,  0.27 ,  12.60
30 ,  5 ,  168105 ,  222 ,  59 ,  57.05 ,  0.30 ,  13.39
30 ,  5 ,  168152 ,  237 ,  58 ,  58.92 ,  0.32 ,  14.09
30 ,  5 ,  168198 ,  237 ,  58 ,  61.46 ,  0.35 ,  14.88
30 ,  5 ,  168245 ,  237 ,  58 ,  64.43 ,  0.38 ,  15.88
30 ,  5 ,  168291 ,  253 ,  39 ,  66.96 ,  0.41 ,  16.77
30 ,  5 ,  168344 ,  253 ,  39 ,  71.15 ,  0.43 ,  17.76
30 ,  5 ,  168390 ,  253 ,  39 ,  75.00 ,  0.45 ,  18.95
30 ,  5 ,  168437 ,  58 ,  251 ,  78.08 ,  0.46 ,  19.84
30 ,  5 ,  168485 ,  58 ,  251 ,  72.91 ,  0.46 ,  19.55
30 ,  5 ,  168532 ,  58 ,  251 ,  63.11 ,  0.42 ,  17.36
30 ,  5 ,  168579 ,  66 ,  238 ,  54.19 ,  0.33 ,  14.88
30 ,  5 ,  168625 ,  66 ,  238 ,  47.91 ,  0.24 ,  12.70
30 ,  5 ,  168672 ,  66 ,  238 ,  43.17 ,  0.19 ,  10.91
30 ,  5 ,  168718 ,  48 ,  243 ,  39.10 ,  0.14 ,  9.72
30 ,  5 ,  168764 ,  48 ,  243 ,  35.58 ,  0.12 ,  8.53
30 ,  5 ,  168811 ,  48 ,  243 ,  32.38 ,  0.10 ,  7.54
30 ,  5 ,  168857 ,  21 ,  254 ,  29.74 ,  0.09 ,  6.55
30 ,  5 ,  168905 ,  21 ,  254 ,  26.88 ,  0.08 ,  5.75
30 ,  5 ,  168952 ,  21 ,  254 ,  24.23 ,  0.07 ,  5.06
30 ,  5 ,  168998 ,  241 ,  21 ,  22.03 ,  0.07 ,  4.46
30 ,  5 ,  169044 ,  241 ,  21 ,  24.56 ,  0.07 ,  4.37
30 ,  5 ,  169092 ,  241 ,  21 ,  36.57 ,  0.10 ,  6.35
30 ,  5 ,  169138 ,  221 ,  0 ,  47.36 ,  0.18 ,  9.52
30 ,  5 ,  169184 ,  221 ,  0 ,  53.42 ,  0.24 ,  11.81
30 ,  5 ,  169230 ,  221 ,  0 ,  57.05 ,  0.28 ,  13.20
30 ,  5 ,  169277 ,  15 ,  224 ,  59.80 ,  0.32 ,  14.29
30 ,  5 ,  169325 ,  15 ,  224 ,  59.03 ,  0.32 ,  14.39
30 ,  5 ,  169372 ,  15 ,  224 ,  56.06 ,  0.30 ,  14.09
30 ,  5 ,  169418 ,  51 ,  255 ,  53.31 ,  0.28 ,  13.59
30 ,  5 ,  169464 ,  51 ,  255 ,  49.01 ,  0.24 ,  12.50
30 ,  5 ,  169511 ,  51 ,  255 ,  43.84 ,  0.19 ,  11.01
30 ,  5 ,  169558 ,  239 ,  40 ,  39.32 ,  0.14 ,  9.52
30 ,  5 ,  169604 ,  239 ,  40 ,  39.54 ,  0.13 ,  9.23
30 ,  5 ,  169651 ,  239 ,  40 ,  46.81 ,  0.17 ,  10.32
30 ,  5 ,  169699 ,  11 ,  241 ,  54.30 ,  0.24 ,  12.50
30 ,  5 ,  169746 ,  11 ,  241 ,  53.20 ,  0.25 ,  12.80
30 ,  5 ,  169792 ,  11 ,  241 ,  49.45 ,  0.22 ,  12.30
30 ,  5 ,  169838 ,  67 ,  247 ,  45.93 ,  0.19 ,  11.31
30 ,  5 ,  169885 ,  67 ,  247 ,  42.62 ,  0.16 ,  10.42
30 ,  5 ,  169931 ,  67 ,  247 ,  39.54 ,  0.14 ,  9.52
30 ,  5 ,  169977 ,  245 ,  14 ,  36.90 ,  0.11 ,  8.63
30 ,  5 ,  170024 ,  245 ,  14 ,  38.11 ,  0.11 ,  8.43
30 ,  5 ,  170071 ,  245 ,  14 ,  46.92 ,  0.16 ,  10.02
30 ,  5 ,  170120 ,  242 ,  69 ,  55.73 ,  0.24 ,  12.70
30 ,  5 ,  170166 ,  242 ,  69 ,  62.67 ,  0.32 ,  14.98
30 ,  5 ,  170212 ,  242 ,  69 ,  67.18 ,  0.38 ,  16.57
30 ,  5 ,  170259 ,  234 ,  60 ,  70.49 ,  0.41 ,  17.56
30 ,  5 ,  170305 ,  234 ,  60 ,  72.36 ,  0.43 ,  18.26
30 ,  5 ,  170351 ,  234 ,  60 ,  73.68 ,  0.44 ,  18.75
30 ,  5 ,  170398 ,  255 ,  33 ,  75.00 ,  0.45 ,  19.15
30 ,  5 ,  170444 ,  255 ,  33 ,  77.31 ,  0.46 ,  19.65
30 ,  5 ,  170490 ,  255 ,  33 ,  80.07 ,  0.46 ,  20.34
30 ,  5 ,  170540 ,  0 ,  235 ,  82.38 ,  0.47 ,  20.94
30 ,  5 ,  170586 ,  0 ,  235 ,  78.19 ,  0.47 ,  20.74
30 ,  5 ,  170633 ,  0 ,  235 ,  70.05 ,  0.45 ,  19.25
30 ,  5 ,  170679 ,  65 ,  224 ,  63.11 ,  0.41 ,  17.46
30 ,  5 ,  170725 ,  65 ,  224 ,  57.93 ,  0.36 ,  15.97
30 ,  5 ,  170772 ,  65 ,  224 ,  53.86 ,  0.30 ,  14.59
30 ,  5 ,  170818 ,  53 ,  255 ,  50.66 ,  0.26 ,  13.49
30 ,  5 ,  170864 ,  53 ,  255 ,  46.48 ,  0.22 ,  12.20
30 ,  5 ,  170911 ,  53 ,  255 ,  42.07 ,  0.16 ,  10.62
30 ,  5 ,  170959 ,  53 ,  234 ,  37.78 ,  0.13 ,  9.52
30 ,  5 ,  171006 ,  53 ,  234 ,  35.58 ,  0.11 ,  8.53
30 ,  5 ,  171053 ,  53 ,  234 ,  33.48 ,  0.10 ,  7.84
30 ,  5 ,  171099 ,  222 ,  55 ,  31.72 ,  0.09 ,  7.24
30 ,  5 ,  171146 ,  222 ,  55 ,  31.94 ,  0.08 ,  7.04
30 ,  5 ,  171192 ,  222 ,  55 ,  38.11 ,  0.10 ,  7.74
30 ,  5 ,  171238 ,  243 ,  79 ,  44.50 ,  0.14 ,  9.33
30 ,  5 ,  171284 ,  243 ,  79 ,  51.76 ,  0.20 ,  11.51
30 ,  5 ,  171331 ,  243 ,  79 ,  58.48 ,  0.27 ,  13.79
30 ,  5 ,  171379 ,  223 ,  55 ,  63.99 ,  0.34 ,  15.58
30 ,  5 ,  171426 ,  223 ,  55 ,  66.30 ,  0.37 ,  16.57
30 ,  5 ,  171472 ,  223 ,  55 ,  67.62 ,  0.40 ,  17.07
30 ,  5 ,  171518 ,  235 ,  3 ,  68.83 ,  0.40 ,  17.46
30 ,  5 ,  171566 ,  235 ,  3 ,  70.49 ,  0.42 ,  17.86
30 ,  5 ,  171612 ,  235 ,  3 ,  72.14 ,  0.43 ,  18.45
30 ,  5 ,  171658 ,  240 ,  29 ,  73.68 ,  0.44 ,  18.85
30 ,  5 ,  171705 ,  240 ,  29 ,  75.22 ,  0.45 ,  19.35
30 ,  5 ,  171751 ,  240 ,  29 ,  76.76 ,  0.45 ,  19.74
30 ,  5 ,  171800 ,  63 ,  238 ,  78.08 ,  0.46 ,  20.04
30 ,  5 ,  171846 ,  63 ,  238 ,  74.67 ,  0.46 ,  19.94
30 ,  5 ,  171892 ,  63 ,  238 ,  66.96 ,  0.43 ,  18.45
30 ,  5 ,  171939 ,  4 ,  246 ,  60.13 ,  0.38 ,  16.67
30 ,  5 ,  171985 ,  4 ,  246 ,  54.19 ,  0.31 ,  14.88
30 ,  5 ,  172032 ,  4 ,  246 ,  49.01 ,  0.24 ,  13.10
30 ,  5 ,  172079 ,  2 ,  255 ,  44.72 ,  0.19 ,  11.51
30 ,  5 ,  172125 ,  2 ,  255 ,  40.53 ,  0.15 ,  10.12
30 ,  5 ,  172171 ,  2 ,  255 ,  36.57 ,  0.12 ,  9.13
30 ,  5 ,  172220 ,  43 ,  241 ,  33.04 ,  0.10 ,  7.84
30 ,  5 ,  172266 ,  43 ,  241 ,  30.73 ,  0.09 ,  7.04
30 ,  5 ,  172312 ,  43 ,  241 ,  28.86 ,  0.08 ,  6.45
30 ,  5 ,  172359 ,  217 ,  43 ,  27.21 ,  0.08 ,  5.85
30 ,  5 ,  172405 ,  217 ,  43 ,  27.43 ,  0.07 ,  5.75
30 ,  5 ,  172451 ,  217 ,  43 ,  33.70 ,  0.09 ,  6.35
30 ,  5 ,  172498 ,  218 ,  14 ,  40.09 ,  0.12 ,  7.84
30 ,  5 ,  172546 ,  218 ,  14 ,  45.38 ,  0.16 ,  9.43
30 ,  5 ,  172592 ,  218 ,  14 ,  49.23 ,  0.19 ,  10.72
30 ,  5 ,  172640 ,  232 ,  39 ,  52.31 ,  0.22 ,  11.81
30 ,  5 ,  172687 ,  232 ,  39 ,  55.51 ,  0.26 ,  12.90
30 ,  5 ,  172733 ,  232 ,  39 ,  58.81 ,  0.30 ,  14.09
30 ,  5 ,  172780 ,  69 ,  230 ,  61.68 ,  0.33 ,  14.98
30 ,  5 ,  172826 ,  69 ,  230 ,  60.57 ,  0.33 ,  15.18
30 ,  5 ,  172872 ,  69 ,  230 ,  57.05 ,  0.30 ,  14.59
30 ,  5 ,  172919 ,  2 ,  225 ,  53.53 ,  0.27 ,  13.89
30 ,  5 ,  172965 ,  2 ,  225 ,  50.77 ,  0.24 ,  13.10
30 ,  5 ,  173011 ,  2 ,  225 ,  48.46 ,  0.22 ,  12.50
30 ,  5 ,  173061 ,  233 ,  52 ,  46.48 ,  0.20 ,  11.81
30 ,  5 ,  173107 ,  233 ,  52 ,  46.59 ,  0.19 ,  11.61
30 ,  5 ,  173153 ,  233 ,  52 ,  50.33 ,  0.21 ,  11.91
30 ,  5 ,  173200 ,  53 ,  237 ,  55.84 ,  0.26 ,  13.39
30 ,  5 ,  173246 ,  53 ,  237 ,  55.18 ,  0.27 ,  13.59
30 ,  5 ,  173292 ,  53 ,  237 ,  51.65 ,  0.24 ,  13.10
30 ,  5 ,  173339 ,  53 ,  255 ,  48.35 ,  0.22 ,  12.40
30 ,  5 ,  173385 ,  53 ,  255 ,  44.28 ,  0.18 ,  11.21
30 ,  5 ,  173434 ,  53 ,  255 ,  40.09 ,  0.14 ,  9.92
30 ,  5 ,  173480 ,  232 ,  40 ,  36.13 ,  0.11 ,  8.63
30 ,  5 ,  173528 ,  232 ,  40 ,  36.46 ,  0.10 ,  8.43
30 ,  5 ,  173574 ,  232 ,  40 ,  43.50 ,  0.13 ,  9.43
30 ,  5 ,  173636 ,  239 ,  42 ,  52.42 ,  0.21 ,  12.01
30 ,  5 ,  173682 ,  239 ,  42 ,  58.04 ,  0.27 ,  13.69
30 ,  5 ,  173729 ,  239 ,  42 ,  62.56 ,  0.32 ,  15.18
30 ,  5 ,  173775 ,  224 ,  29 ,  66.08 ,  0.36 ,  16.37
30 ,  5 ,  173821 ,  224 ,  29 ,  67.73 ,  0.39 ,  16.97
30 ,  5 ,  173871 ,  224 ,  29 ,  68.83 ,  0.40 ,  17.36
30 ,  5 ,  173917 ,  233 ,  18 ,  69.83 ,  0.41 ,  17.76
30 ,  5 ,  173964 ,  233 ,  18 ,  71.04 ,  0.42 ,  18.16
30 ,  5 ,  174010 ,  233 ,  18 ,  72.36 ,  0.43 ,  18.45
30 ,  5 ,  174056 ,  42 ,  236 ,  73.57 ,  0.44 ,  18.85
30 ,  5 ,  174103 ,  42 ,  236 ,  70.82 ,  0.43 ,  18.85
30 ,  5 ,  174149 ,  42 ,  236 ,  64.54 ,  0.40 ,  17.46
30 ,  5 ,  174195 ,  230 ,  38 ,  58.81 ,  0.34 ,  15.97
30 ,  5 ,  174242 ,  230 ,  38 ,  58.70 ,  0.33 ,  15.68
30 ,  5 ,  174290 ,  230 ,  38 ,  59.91 ,  0.33 ,  15.68
30 ,  5 ,  174338 ,  230 ,  21 ,  62.78 ,  0.35 ,  16.27
30 ,  5 ,  174384 ,  230 ,  21 ,  65.20 ,  0.38 ,  16.87
30 ,  5 ,  174430 ,  230 ,  21 ,  67.18 ,  0.40 ,  17.36
30 ,  5 ,  174477 ,  0 ,  227 ,  68.61 ,  0.41 ,  17.76
30 ,  5 ,  174523 ,  0 ,  227 ,  67.18 ,  0.41 ,  17.76
30 ,  5 ,  174569 ,  0 ,  227 ,  62.89 ,  0.38 ,  16.97
30 ,  5 ,  174616 ,  28 ,  238 ,  58.92 ,  0.34 ,  15.97
30 ,  5 ,  174662 ,  28 ,  238 ,  54.96 ,  0.30 ,  14.88
30 ,  5 ,  174711 ,  28 ,  238 ,  50.88 ,  0.25 ,  13.69
30 ,  5 ,  174757 ,  217 ,  62 ,  47.80 ,  0.21 ,  12.50
30 ,  5 ,  174803 ,  217 ,  62 ,  47.91 ,  0.20 ,  12.30
30 ,  5 ,  174851 ,  217 ,  62 ,  48.90 ,  0.20 ,  12.30
30 ,  5 ,  174897 ,  217 ,  65 ,  51.87 ,  0.22 ,  12.90
30 ,  5 ,  174943 ,  217 ,  65 ,  54.30 ,  0.24 ,  13.49
30 ,  5 ,  174990 ,  217 ,  65 ,  56.39 ,  0.27 ,  14.09
30 ,  5 ,  175036 ,  255 ,  86 ,  57.93 ,  0.29 ,  14.59
30 ,  5 ,  175082 ,  255 ,  86 ,  63.22 ,  0.33 ,  15.78
30 ,  5 ,  175131 ,  255 ,  86 ,  70.27 ,  0.40 ,  17.76
30 ,  5 ,  175177 ,  228 ,  22 ,  75.66 ,  0.43 ,  19.15
30 ,  5 ,  175224 ,  228 ,  22 ,  77.53 ,  0.45 ,  19.74
30 ,  5 ,  175270 ,  228 ,  22 ,  78.19 ,  0.45 ,  20.04
30 ,  5 ,  175316 ,  42 ,  247 ,  78.86 ,  0.46 ,  20.24
30 ,  5 ,  175364 ,  42 ,  247 ,  74.56 ,  0.45 ,  19.94
30 ,  5 ,  175410 ,  42 ,  247 ,  65.31 ,  0.41 ,  18.06
30 ,  5 ,  175456 ,  28 ,  249 ,  57.05 ,  0.33 ,  15.88
30 ,  5 ,  175503 ,  28 ,  249 ,  50.22 ,  0.25 ,  13.79
30 ,  5 ,  175551 ,  28 ,  249 ,  44.61 ,  0.19 ,  11.81
30 ,  5 ,  175598 ,  8 ,  229 ,  39.98 ,  0.15 ,  10.22
30 ,  5 ,  175644 ,  8 ,  229 ,  37.12 ,  0.12 ,  9.43
30 ,  5 ,  175690 ,  8 ,  229 ,  35.13 ,  0.11 ,  8.53
30 ,  5 ,  175737 ,  48 ,  243 ,  33.37 ,  0.09 ,  7.84
30 ,  5 ,  175783 ,  48 ,  243 ,  31.28 ,  0.09 ,  7.24
30 ,  5 ,  175830 ,  48 ,  243 ,  29.41 ,  0.08 ,  6.65
30 ,  5 ,  175877 ,  17 ,  243 ,  27.65 ,  0.08 ,  6.05
30 ,  5 ,  175923 ,  17 ,  243 ,  25.99 ,  0.07 ,  5.56
30 ,  5 ,  175971 ,  17 ,  243 ,  24.45 ,  0.07 ,  5.16
30 ,  5 ,  176018 ,  222 ,  0 ,  23.24 ,  0.07 ,  4.76
30 ,  5 ,  176064 ,  222 ,  0 ,  24.34 ,  0.07 ,  4.66
30 ,  5 ,  176110 ,  222 ,  0 ,  32.16 ,  0.08 ,  5.66
30 ,  5 ,  176157 ,  242 ,  21 ,  40.09 ,  0.13 ,  7.54
30 ,  5 ,  176203 ,  242 ,  21 ,  48.13 ,  0.18 ,  9.92
30 ,  5 ,  176249 ,  242 ,  21 ,  55.29 ,  0.25 ,  12.40
30 ,  5 ,  176295 ,  223 ,  38 ,  60.79 ,  0.32 ,  14.39
30 ,  5 ,  176343 ,  223 ,  38 ,  63.33 ,  0.35 ,  15.48
30 ,  5 ,  176391 ,  223 ,  38 ,  64.98 ,  0.38 ,  16.17
30 ,  5 ,  176438 ,  236 ,  44 ,  66.30 ,  0.39 ,  16.57
30 ,  5 ,  176484 ,  236 ,  44 ,  68.17 ,  0.41 ,  17.16
30 ,  5 ,  176530 ,  236 ,  44 ,  70.16 ,  0.43 ,  17.66
30 ,  5 ,  176577 ,  224 ,  15 ,  71.92 ,  0.43 ,  18.26
30 ,  5 ,  176623 ,  224 ,  15 ,  72.80 ,  0.44 ,  18.55
30 ,  5 ,  176669 ,  224 ,  15 ,  73.46 ,  0.45 ,  18.85
30 ,  5 ,  176716 ,  16 ,  238 ,  74.12 ,  0.45 ,  19.05
30 ,  5 ,  176762 ,  16 ,  238 ,  71.37 ,  0.45 ,  19.05
30 ,  5 ,  176812 ,  16 ,  238 ,  64.21 ,  0.42 ,  17.46
30 ,  5 ,  176858 ,  248 ,  10 ,  58.04 ,  0.36 ,  15.88
30 ,  5 ,  176905 ,  248 ,  10 ,  58.15 ,  0.34 ,  15.58
30 ,  5 ,  176951 ,  248 ,  10 ,  62.34 ,  0.37 ,  16.17
30 ,  5 ,  176997 ,  235 ,  19 ,  68.28 ,  0.42 ,  17.46
30 ,  5 ,  177044 ,  235 ,  19 ,  72.25 ,  0.44 ,  18.55
30 ,  5 ,  177090 ,  235 ,  19 ,  74.67 ,  0.45 ,  19.25
30 ,  5 ,  177137 ,  244 ,  33 ,  76.54 ,  0.45 ,  19.65
30 ,  5 ,  177186 ,  244 ,  33 ,  78.30 ,  0.46 ,  20.14
30 ,  5 ,  177232 ,  244 ,  33 ,  80.18 ,  0.47 ,  20.54
30 ,  5 ,  177278 ,  238 ,  26 ,  81.61 ,  0.47 ,  20.94
30 ,  5 ,  177326 ,  238 ,  26 ,  82.60 ,  0.47 ,  21.13
30 ,  5 ,  177372 ,  238 ,  26 ,  83.37 ,  0.48 ,  21.43
30 ,  5 ,  177419 ,  41 ,  226 ,  83.92 ,  0.48 ,  21.53
30 ,  5 ,  177465 ,  41 ,  226 ,  80.51 ,  0.47 ,  21.33
30 ,  5 ,  177512 ,  41 ,  226 ,  73.35 ,  0.46 ,  20.14
30 ,  5 ,  177558 ,  240 ,  62 ,  67.18 ,  0.44 ,  18.85
30 ,  5 ,  177607 ,  240 ,  62 ,  66.85 ,  0.43 ,  18.55
30 ,  5 ,  177653 ,  240 ,  62 ,  68.17 ,  0.43 ,  18.45
30 ,  5 ,  177700 ,  23 ,  255 ,  71.15 ,  0.44 ,  19.05
30 ,  5 ,  177746 ,  23 ,  255 ,  67.84 ,  0.44 ,  18.85
30 ,  5 ,  177794 ,  23 ,  255 ,  59.25 ,  0.39 ,  16.87
30 ,  5 ,  177840 ,  45 ,  216 ,  51.21 ,  0.30 ,  14.39
30 ,  5 ,  177887 ,  45 ,  216 ,  47.25 ,  0.23 ,  12.80
30 ,  5 ,  177934 ,  45 ,  216 ,  44.72 ,  0.20 ,  11.71
30 ,  5 ,  177980 ,  80 ,  242 ,  42.40 ,  0.17 ,  10.81
30 ,  5 ,  178036 ,  80 ,  242 ,  38.99 ,  0.14 ,  9.72
30 ,  5 ,  178082 ,  21 ,  244 ,  36.02 ,  0.12 ,  8.93
30 ,  5 ,  178129 ,  21 ,  244 ,  33.48 ,  0.10 ,  8.04
30 ,  5 ,  178177 ,  21 ,  244 ,  31.06 ,  0.10 ,  7.24
30 ,  5 ,  178223 ,  252 ,  49 ,  28.97 ,  0.08 ,  6.55
30 ,  5 ,  178270 ,  252 ,  49 ,  31.61 ,  0.09 ,  6.35
30 ,  5 ,  178316 ,  252 ,  49 ,  43.84 ,  0.14 ,  8.83
30 ,  5 ,  178363 ,  5 ,  251 ,  55.29 ,  0.24 ,  12.60
30 ,  5 ,  178409 ,  5 ,  251 ,  53.53 ,  0.25 ,  13.20
30 ,  5 ,  178458 ,  5 ,  251 ,  48.13 ,  0.22 ,  12.30
30 ,  5 ,  178504 ,  73 ,  230 ,  43.50 ,  0.17 ,  10.81
30 ,  5 ,  178551 ,  73 ,  230 ,  40.09 ,  0.14 ,  9.82
30 ,  5 ,  178597 ,  73 ,  230 ,  37.78 ,  0.12 ,  9.03
30 ,  5 ,  178643 ,  211 ,  0 ,  35.69 ,  0.10 ,  8.33
30 ,  5 ,  178691 ,  211 ,  0 ,  36.02 ,  0.10 ,  8.24
30 ,  5 ,  178737 ,  211 ,  0 ,  38.77 ,  0.10 ,  8.24
30 ,  5 ,  178783 ,  242 ,  30 ,  42.73 ,  0.13 ,  9.23
30 ,  5 ,  178830 ,  242 ,  30 ,  49.34 ,  0.18 ,  10.91
30 ,  5 ,  178878 ,  242 ,  30 ,  56.83 ,  0.25 ,  13.30
30 ,  5 ,  178925 ,  255 ,  10 ,  62.45 ,  0.32 ,  15.18
30 ,  5 ,  178971 ,  255 ,  10 ,  67.73 ,  0.38 ,  16.77
30 ,  5 ,  179017 ,  255 ,  10 ,  72.25 ,  0.42 ,  18.16
30 ,  5 ,  179064 ,  207 ,  5 ,  75.99 ,  0.44 ,  19.25
30 ,  5 ,  179110 ,  207 ,  5 ,  76.21 ,  0.45 ,  19.55
30 ,  5 ,  179158 ,  207 ,  5 ,  75.66 ,  0.45 ,  19.55
30 ,  5 ,  179204 ,  236 ,  79 ,  75.22 ,  0.45 ,  19.55
30 ,  5 ,  179250 ,  236 ,  79 ,  75.66 ,  0.45 ,  19.65
30 ,  5 ,  179299 ,  236 ,  79 ,  76.98 ,  0.46 ,  19.94
30 ,  5 ,  179345 ,  246 ,  42 ,  78.19 ,  0.46 ,  20.24
30 ,  5 ,  179392 ,  246 ,  42 ,  79.96 ,  0.47 ,  20.64
30 ,  5 ,  179438 ,  246 ,  42 ,  81.83 ,  0.47 ,  20.94
30 ,  5 ,  179484 ,  246 ,  64 ,  83.26 ,  0.47 ,  21.33
30 ,  5 ,  179531 ,  246 ,  64 ,  84.58 ,  0.48 ,  21.63
30 ,  5 ,  179577 ,  246 ,  64 ,  85.57 ,  0.48 ,  21.93
30 ,  5 ,  179624 ,  241 ,  44 ,  86.56 ,  0.48 ,  22.13
30 ,  5 ,  179671 ,  241 ,  44 ,  87.23 ,  0.48 ,  22.32
30 ,  5 ,  179720 ,  241 ,  44 ,  87.78 ,  0.48 ,  22.52
30 ,  5 ,  179766 ,  255 ,  28 ,  88.22 ,  0.48 ,  22.62
30 ,  5 ,  179812 ,  255 ,  28 ,  89.10 ,  0.48 ,  22.72
30 ,  5 ,  179859 ,  255 ,  28 ,  90.20 ,  0.48 ,  22.92
30 ,  5 ,  179905 ,  210 ,  49 ,  91.08 ,  0.48 ,  23.12
30 ,  5 ,  179952 ,  210 ,  49 ,  90.86 ,  0.48 ,  23.22
30 ,  5 ,  179998 ,  210 ,  49 ,  90.20 ,  0.48 ,  23.22
30 ,  5 ,  180044 ,  47 ,  243 ,  89.65 ,  0.48 ,  23.22
30 ,  5 ,  180091 ,  47 ,  243 ,  83.81 ,  0.48 ,  22.62
30 ,  5 ,  180140 ,  47 ,  243 ,  72.14 ,  0.47 ,  20.64
30 ,  5 ,  180187 ,  72 ,  238 ,  62.89 ,  0.43 ,  18.36
30 ,  5 ,  180233 ,  72 ,  238 ,  55.84 ,  0.36 ,  16.17
30 ,  5 ,  180279 ,  72 ,  238 ,  50.33 ,  0.28 ,  14.19
30 ,  5 ,  180326 ,  5 ,  255 ,  45.93 ,  0.22 ,  12.50
30 ,  5 ,  180372 ,  5 ,  255 ,  41.52 ,  0.18 ,  10.91
30 ,  5 ,  180419 ,  5 ,  255 ,  37.45 ,  0.14 ,  9.33
30 ,  5 ,  180465 ,  230 ,  22 ,  33.59 ,  0.12 ,  8.24
30 ,  5 ,  180513 ,  230 ,  22 ,  34.25 ,  0.11 ,  8.04
30 ,  5 ,  180560 ,  230 ,  22 ,  41.63 ,  0.14 ,  9.13
30 ,  5 ,  180606 ,  55 ,  216 ,  48.68 ,  0.18 ,  11.11
30 ,  5 ,  180654 ,  55 ,  216 ,  48.57 ,  0.20 ,  11.51
30 ,  5 ,  180700 ,  55 ,  216 ,  48.24 ,  0.20 ,  11.51
30 ,  5 ,  180746 ,  57 ,  236 ,  48.02 ,  0.19 ,  11.51
30 ,  5 ,  180793 ,  57 ,  236 ,  46.26 ,  0.18 ,  11.21
30 ,  5 ,  180839 ,  57 ,  236 ,  43.95 ,  0.16 ,  11.01
30 ,  5 ,  180885 ,  59 ,  245 ,  42.07 ,  0.15 ,  10.32
30 ,  5 ,  180934 ,  59 ,  245 ,  39.87 ,  0.13 ,  9.82
30 ,  5 ,  180980 ,  59 ,  245 ,  37.56 ,  0.12 ,  9.13
30 ,  5 ,  181027 ,  12 ,  241 ,  35.58 ,  0.10 ,  8.43
30 ,  5 ,  181073 ,  12 ,  241 ,  34.03 ,  0.09 ,  7.94
30 ,  5 ,  181120 ,  12 ,  241 ,  32.60 ,  0.08 ,  7.44
30 ,  5 ,  181167 ,  33 ,  242 ,  31.39 ,  0.08 ,  7.04
30 ,  5 ,  181213 ,  33 ,  242 ,  30.18 ,  0.08 ,  6.75
30 ,  5 ,  181259 ,  33 ,  242 ,  29.08 ,  0.07 ,  6.35
30 ,  5 ,  181306 ,  217 ,  1 ,  28.20 ,  0.07 ,  6.05
30 ,  5 ,  181354 ,  217 ,  1 ,  28.42 ,  0.07 ,  5.95
30 ,  5 ,  181400 ,  217 ,  1 ,  34.58 ,  0.09 ,  6.65
30 ,  5 ,  181447 ,  68 ,  239 ,  40.86 ,  0.12 ,  8.14
30 ,  5 ,  181493 ,  68 ,  239 ,  40.86 ,  0.13 ,  8.43
30 ,  5 ,  181539 ,  68 ,  239 ,  39.65 ,  0.12 ,  8.43
30 ,  5 ,  181586 ,  61 ,  226 ,  37.78 ,  0.11 ,  8.14
30 ,  5 ,  181633 ,  61 ,  226 ,  36.57 ,  0.10 ,  8.04
30 ,  5 ,  181680 ,  61 ,  226 ,  35.80 ,  0.10 ,  7.84
30 ,  5 ,  181726 ,  57 ,  234 ,  35.02 ,  0.09 ,  7.64
30 ,  5 ,  181774 ,  57 ,  234 ,  34.25 ,  0.09 ,  7.44
30 ,  5 ,  181821 ,  57 ,  234 ,  33.48 ,  0.08 ,  7.24
30 ,  5 ,  181867 ,  35 ,  239 ,  32.82 ,  0.08 ,  7.04
30 ,  5 ,  181914 ,  35 ,  239 ,  32.05 ,  0.08 ,  6.85
30 ,  5 ,  181960 ,  35 ,  239 ,  31.28 ,  0.07 ,  6.65
30 ,  5 ,  182006 ,  44 ,  244 ,  30.73 ,  0.07 ,  6.45
30 ,  5 ,  182053 ,  44 ,  244 ,  29.96 ,  0.07 ,  6.25
30 ,  5 ,  182100 ,  44 ,  244 ,  29.08 ,  0.06 ,  6.05
30 ,  5 ,  182147 ,  242 ,  41 ,  28.42 ,  0.06 ,  5.85
30 ,  5 ,  182196 ,  242 ,  41 ,  29.19 ,  0.06 ,  5.85
30 ,  5 ,  182242 ,  242 ,  41 ,  40.64 ,  0.10 ,  7.64
30 ,  5 ,  182288 ,  17 ,  228 ,  50.55 ,  0.18 ,  10.62
30 ,  5 ,  182341 ,  17 ,  228 ,  49.89 ,  0.19 ,  11.11
30 ,  5 ,  182388 ,  17 ,  228 ,  47.91 ,  0.18 ,  11.01
30 ,  5 ,  182434 ,  223 ,  53 ,  45.93 ,  0.17 ,  10.72
30 ,  5 ,  182480 ,  223 ,  53 ,  45.93 ,  0.17 ,  10.72
30 ,  5 ,  182528 ,  223 ,  53 ,  47.80 ,  0.18 ,  10.72
30 ,  5 ,  182574 ,  66 ,  241 ,  51.76 ,  0.22 ,  11.61
30 ,  5 ,  182623 ,  66 ,  241 ,  50.88 ,  0.22 ,  11.81
30 ,  5 ,  182669 ,  66 ,  241 ,  47.91 ,  0.20 ,  11.41
30 ,  5 ,  182715 ,  217 ,  7 ,  44.72 ,  0.17 ,  10.72
30 ,  5 ,  182762 ,  217 ,  7 ,  44.72 ,  0.17 ,  10.52
30 ,  5 ,  182808 ,  217 ,  7 ,  46.92 ,  0.17 ,  10.62
30 ,  5 ,  182854 ,  234 ,  31 ,  50.22 ,  0.20 ,  11.31
30 ,  5 ,  182901 ,  234 ,  31 ,  54.52 ,  0.24 ,  12.50
30 ,  5 ,  182947 ,  234 ,  31 ,  59.03 ,  0.28 ,  13.99
30 ,  5 ,  182994 ,  255 ,  53 ,  62.56 ,  0.32 ,  15.18
30 ,  5 ,  183043 ,  255 ,  53 ,  67.73 ,  0.38 ,  16.67
30 ,  5 ,  183089 ,  255 ,  53 ,  72.80 ,  0.43 ,  18.16
30 ,  5 ,  183136 ,  255 ,  15 ,  76.76 ,  0.44 ,  19.35
30 ,  5 ,  183182 ,  255 ,  15 ,  79.85 ,  0.46 ,  20.24
30 ,  5 ,  183229 ,  255 ,  15 ,  82.27 ,  0.47 ,  20.84
30 ,  5 ,  183275 ,  50 ,  220 ,  84.14 ,  0.47 ,  21.33
30 ,  5 ,  183321 ,  50 ,  220 ,  80.84 ,  0.47 ,  21.23
30 ,  5 ,  183368 ,  50 ,  220 ,  74.45 ,  0.46 ,  20.14
30 ,  5 ,  183414 ,  255 ,  64 ,  69.05 ,  0.44 ,  19.05
30 ,  5 ,  183463 ,  255 ,  64 ,  68.72 ,  0.43 ,  18.75
30 ,  5 ,  183510 ,  255 ,  64 ,  72.25 ,  0.44 ,  19.15
30 ,  5 ,  183556 ,  39 ,  235 ,  77.20 ,  0.46 ,  20.14
30 ,  5 ,  183603 ,  39 ,  235 ,  74.12 ,  0.45 ,  19.94
30 ,  5 ,  183649 ,  39 ,  235 ,  67.18 ,  0.43 ,  18.75
30 ,  5 ,  183695 ,  29 ,  246 ,  61.13 ,  0.39 ,  17.16
30 ,  5 ,  183742 ,  29 ,  246 ,  55.40 ,  0.32 ,  15.48
30 ,  5 ,  183788 ,  29 ,  246 ,  50.22 ,  0.25 ,  13.69
30 ,  5 ,  183835 ,  0 ,  255 ,  45.93 ,  0.21 ,  12.01
30 ,  5 ,  183883 ,  0 ,  255 ,  41.52 ,  0.16 ,  10.52
30 ,  5 ,  183929 ,  0 ,  255 ,  37.67 ,  0.13 ,  9.33
30 ,  5 ,  183976 ,  18 ,  252 ,  34.25 ,  0.11 ,  8.24
30 ,  5 ,  184023 ,  18 ,  252 ,  31.39 ,  0.09 ,  7.34
30 ,  5 ,  184069 ,  18 ,  252 ,  28.75 ,  0.08 ,  6.55
30 ,  5 ,  184116 ,  77 ,  231 ,  26.43 ,  0.08 ,  5.85
30 ,  5 ,  184162 ,  77 ,  231 ,  25.44 ,  0.07 ,  5.36
30 ,  5 ,  184208 ,  77 ,  231 ,  24.78 ,  0.07 ,  5.16
30 ,  5 ,  184255 ,  59 ,  248 ,  24.23 ,  0.07 ,  4.96
30 ,  5 ,  184303 ,  59 ,  248 ,  23.24 ,  0.07 ,  4.66
30 ,  5 ,  184350 ,  59 ,  248 ,  22.14 ,  0.06 ,  4.46
30 ,  5 ,  184396 ,  238 ,  38 ,  21.15 ,  0.06 ,  4.17
30 ,  5 ,  184442 ,  238 ,  38 ,  23.68 ,  0.06 ,  4.07
30 ,  5 ,  184488 ,  238 ,  38 ,  35.58 ,  0.10 ,  6.05
30 ,  5 ,  184536 ,  63 ,  226 ,  46.04 ,  0.17 ,  9.03
30 ,  5 ,  184582 ,  63 ,  226 ,  45.82 ,  0.18 ,  9.72
30 ,  5 ,  184628 ,  63 ,  226 ,  45.05 ,  0.18 ,  9.72
30 ,  5 ,  184675 ,  38 ,  227 ,  43.72 ,  0.17 ,  9.52
30 ,  5 ,  184723 ,  38 ,  227 ,  42.51 ,  0.16 ,  9.33
30 ,  5 ,  184770 ,  38 ,  227 ,  41.41 ,  0.15 ,  9.23
30 ,  5 ,  184816 ,  49 ,  255 ,  40.64 ,  0.15 ,  9.13
30 ,  5 ,  184862 ,  49 ,  255 ,  38.44 ,  0.13 ,  8.53
30 ,  5 ,  184909 ,  49 ,  255 ,  35.36 ,  0.11 ,  7.84
30 ,  5 ,  184955 ,  231 ,  11 ,  32.60 ,  0.09 ,  7.04
30 ,  5 ,  185001 ,  231 ,  11 ,  32.71 ,  0.09 ,  6.95
30 ,  5 ,  185049 ,  231 ,  11 ,  40.31 ,  0.12 ,  7.84
30 ,  5 ,  185095 ,  244 ,  41 ,  47.80 ,  0.18 ,  9.92
30 ,  5 ,  185144 ,  244 ,  41 ,  55.18 ,  0.25 ,  12.30
30 ,  5 ,  185190 ,  244 ,  41 ,  61.13 ,  0.31 ,  14.39
30 ,  5 ,  185236 ,  237 ,  18 ,  65.75 ,  0.37 ,  15.97
30 ,  5 ,  185283 ,  237 ,  18 ,  68.61 ,  0.41 ,  17.07
30 ,  5 ,  185329 ,  237 ,  18 ,  70.82 ,  0.42 ,  17.76
30 ,  5 ,  185375 ,  255 ,  61 ,  72.69 ,  0.44 ,  18.36
30 ,  5 ,  185422 ,  255 ,  61 ,  75.22 ,  0.45 ,  18.95
30 ,  5 ,  185468 ,  255 ,  61 ,  78.08 ,  0.46 ,  19.84
30 ,  5 ,  185515 ,  211 ,  71 ,  80.40 ,  0.47 ,  20.44
30 ,  5 ,  185564 ,  211 ,  71 ,  80.40 ,  0.47 ,  20.64
30 ,  5 ,  185610 ,  211 ,  71 ,  79.85 ,  0.47 ,  20.64
30 ,  5 ,  185657 ,  235 ,  42 ,  79.52 ,  0.47 ,  20.64
30 ,  5 ,  185703 ,  235 ,  42 ,  79.52 ,  0.47 ,  20.64
30 ,  5 ,  185749 ,  235 ,  42 ,  80.18 ,  0.47 ,  20.74
30 ,  5 ,  185796 ,  27 ,  247 ,  80.84 ,  0.47 ,  20.94
30 ,  5 ,  185842 ,  27 ,  247 ,  76.43 ,  0.47 ,  20.54
30 ,  5 ,  185889 ,  27 ,  247 ,  66.52 ,  0.44 ,  18.65
30 ,  5 ,  185937 ,  10 ,  252 ,  58.15 ,  0.38 ,  16.37
30 ,  5 ,  185985 ,  10 ,  252 ,  50.55 ,  0.29 ,  13.89
30 ,  5 ,  186031 ,  10 ,  252 ,  44.72 ,  0.21 ,  11.81
30 ,  5 ,  186077 ,  236 ,  62 ,  39.76 ,  0.15 ,  9.92
30 ,  5 ,  186124 ,  236 ,  62 ,  40.20 ,  0.14 ,  9.62
30 ,  5 ,  186170 ,  236 ,  62 ,  46.70 ,  0.17 ,  10.72
30 ,  5 ,  186216 ,  0 ,  244 ,  53.75 ,  0.23 ,  12.80
30 ,  5 ,  186263 ,  0 ,  244 ,  52.65 ,  0.24 ,  13.10
30 ,  5 ,  186309 ,  0 ,  244 ,  49.01 ,  0.21 ,  12.30
30 ,  5 ,  186357 ,  51 ,  230 ,  45.16 ,  0.17 ,  11.21
30 ,  5 ,  186404 ,  51 ,  230 ,  42.51 ,  0.15 ,  10.42
30 ,  5 ,  186450 ,  51 ,  230 ,  40.20 ,  0.13 ,  9.92
30 ,  5 ,  186498 ,  50 ,  241 ,  38.55 ,  0.12 ,  9.33
30 ,  5 ,  186544 ,  50 ,  241 ,  36.57 ,  0.11 ,  8.73
30 ,  5 ,  186591 ,  50 ,  241 ,  34.80 ,  0.10 ,  8.14
30 ,  5 ,  186637 ,  213 ,  43 ,  33.15 ,  0.09 ,  7.64
30 ,  5 ,  186683 ,  213 ,  43 ,  33.37 ,  0.09 ,  7.44
30 ,  5 ,  186730 ,  213 ,  43 ,  37.12 ,  0.09 ,  7.64
30 ,  5 ,  186778 ,  241 ,  50 ,  42.18 ,  0.12 ,  8.83
30 ,  5 ,  186825 ,  241 ,  50 ,  49.01 ,  0.17 ,  10.62
30 ,  5 ,  186871 ,  241 ,  50 ,  56.06 ,  0.24 ,  12.90
30 ,  5 ,  186917 ,  53 ,  255 ,  61.68 ,  0.30 ,  14.88
30 ,  5 ,  186964 ,  53 ,  255 ,  59.58 ,  0.31 ,  15.08
30 ,  5 ,  187011 ,  53 ,  255 ,  52.42 ,  0.25 ,  13.79
30 ,  5 ,  187058 ,  240 ,  48 ,  46.15 ,  0.19 ,  11.91
30 ,  5 ,  187104 ,  240 ,  48 ,  46.37 ,  0.17 ,  11.51
30 ,  5 ,  187150 ,  240 ,  48 ,  51.87 ,  0.21 ,  12.20
30 ,  5 ,  187199 ,  252 ,  54 ,  58.48 ,  0.27 ,  14.09
30 ,  5 ,  187245 ,  252 ,  54 ,  64.54 ,  0.34 ,  15.88
30 ,  5 ,  187292 ,  252 ,  54 ,  69.83 ,  0.40 ,  17.46
30 ,  5 ,  187338 ,  1 ,  234 ,  73.90 ,  0.43 ,  18.65
30 ,  5 ,  187385 ,  1 ,  234 ,  71.37 ,  0.43 ,  18.75
30 ,  5 ,  187431 ,  1 ,  234 ,  64.98 ,  0.39 ,  17.46
30 ,  5 ,  187478 ,  58 ,  237 ,  59.36 ,  0.34 ,  16.07
30 ,  5 ,  187525 ,  58 ,  237 ,  54.74 ,  0.29 ,  14.59
30 ,  5 ,  187571 ,  58 ,  237 ,  50.77 ,  0.24 ,  13.39
30 ,  5 ,  187620 ,  51 ,  255 ,  47.14 ,  0.20 ,  12.20
30 ,  5 ,  187666 ,  51 ,  255 ,  43.39 ,  0.16 ,  10.91
30 ,  5 ,  187712 ,  51 ,  255 ,  39.43 ,  0.13 ,  9.92
30 ,  5 ,  187759 ,  13 ,  237 ,  35.91 ,  0.11 ,  8.73
30 ,  5 ,  187805 ,  13 ,  237 ,  33.48 ,  0.09 ,  7.84
30 ,  5 ,  187851 ,  13 ,  237 ,  31.61 ,  0.08 ,  7.24
