MS, MPT, t (s), PWMi, PWMe, Pressure (Psi), LW (V), Displacement (mm)
30 ,  1 ,  3340 ,  74 ,  249 ,  6.06 ,  0.00 ,  0.00
30 ,  1 ,  3384 ,  74 ,  249 ,  6.06 ,  0.00 ,  0.00
30 ,  1 ,  3428 ,  74 ,  249 ,  6.06 ,  -0.00 ,  0.00
30 ,  1 ,  3472 ,  45 ,  228 ,  6.06 ,  -0.00 ,  0.00
30 ,  1 ,  3516 ,  45 ,  228 ,  6.06 ,  -0.00 ,  0.00
30 ,  1 ,  3560 ,  45 ,  228 ,  6.06 ,  0.00 ,  0.00
30 ,  1 ,  3604 ,  210 ,  27 ,  6.06 ,  -0.00 ,  0.00
30 ,  1 ,  3648 ,  210 ,  27 ,  7.16 ,  -0.00 ,  0.00
30 ,  1 ,  3694 ,  210 ,  27 ,  17.40 ,  0.00 ,  0.60
30 ,  1 ,  3738 ,  61 ,  238 ,  27.76 ,  0.02 ,  1.89
30 ,  1 ,  3782 ,  61 ,  238 ,  27.87 ,  0.03 ,  2.28
30 ,  1 ,  3826 ,  61 ,  238 ,  27.32 ,  0.03 ,  2.28
30 ,  1 ,  3870 ,  39 ,  234 ,  26.99 ,  0.03 ,  2.28
30 ,  1 ,  3914 ,  39 ,  234 ,  26.77 ,  0.03 ,  2.28
30 ,  1 ,  3958 ,  39 ,  234 ,  26.55 ,  0.03 ,  2.28
30 ,  1 ,  4002 ,  65 ,  223 ,  26.32 ,  0.03 ,  2.28
30 ,  1 ,  4046 ,  65 ,  223 ,  26.10 ,  0.03 ,  2.28
30 ,  1 ,  4090 ,  65 ,  223 ,  25.99 ,  0.03 ,  2.28
30 ,  1 ,  4136 ,  244 ,  45 ,  25.77 ,  0.02 ,  2.28
30 ,  1 ,  4180 ,  244 ,  45 ,  27.54 ,  0.03 ,  2.28
30 ,  1 ,  4224 ,  244 ,  45 ,  38.88 ,  0.06 ,  4.17
30 ,  1 ,  4268 ,  236 ,  61 ,  49.67 ,  0.12 ,  6.95
30 ,  1 ,  4312 ,  236 ,  61 ,  56.72 ,  0.19 ,  9.52
30 ,  1 ,  4356 ,  236 ,  61 ,  61.35 ,  0.25 ,  11.31
30 ,  1 ,  4400 ,  21 ,  255 ,  64.65 ,  0.29 ,  12.80
30 ,  1 ,  4444 ,  21 ,  255 ,  63.44 ,  0.29 ,  13.00
30 ,  1 ,  4488 ,  21 ,  255 ,  55.40 ,  0.23 ,  11.91
30 ,  1 ,  4534 ,  3 ,  223 ,  48.35 ,  0.17 ,  9.92
30 ,  1 ,  4578 ,  3 ,  223 ,  44.72 ,  0.12 ,  8.63
30 ,  1 ,  4622 ,  3 ,  223 ,  42.07 ,  0.10 ,  7.84
30 ,  1 ,  4666 ,  238 ,  69 ,  39.87 ,  0.07 ,  7.24
30 ,  1 ,  4710 ,  238 ,  69 ,  39.98 ,  0.07 ,  7.14
30 ,  1 ,  4754 ,  238 ,  69 ,  46.48 ,  0.10 ,  7.84
30 ,  1 ,  4797 ,  233 ,  26 ,  53.75 ,  0.16 ,  9.72
30 ,  1 ,  4841 ,  233 ,  26 ,  59.14 ,  0.22 ,  11.41
30 ,  1 ,  4885 ,  233 ,  26 ,  62.89 ,  0.26 ,  12.80
30 ,  1 ,  4931 ,  242 ,  26 ,  65.75 ,  0.30 ,  13.79
30 ,  1 ,  4975 ,  242 ,  26 ,  68.39 ,  0.34 ,  14.68
30 ,  1 ,  5019 ,  242 ,  26 ,  70.71 ,  0.37 ,  15.58
30 ,  1 ,  5063 ,  225 ,  0 ,  72.69 ,  0.39 ,  16.27
30 ,  1 ,  5107 ,  225 ,  0 ,  73.46 ,  0.40 ,  16.67
30 ,  1 ,  5151 ,  225 ,  0 ,  73.79 ,  0.42 ,  16.87
30 ,  1 ,  5195 ,  40 ,  234 ,  74.12 ,  0.42 ,  17.16
30 ,  1 ,  5239 ,  40 ,  234 ,  72.14 ,  0.42 ,  17.16
30 ,  1 ,  5283 ,  40 ,  234 ,  66.08 ,  0.38 ,  16.07
30 ,  1 ,  5329 ,  64 ,  243 ,  60.68 ,  0.32 ,  14.68
30 ,  1 ,  5373 ,  64 ,  243 ,  55.29 ,  0.26 ,  13.10
30 ,  1 ,  5417 ,  64 ,  243 ,  50.66 ,  0.21 ,  11.61
30 ,  1 ,  5462 ,  31 ,  234 ,  46.81 ,  0.16 ,  10.32
30 ,  1 ,  5506 ,  31 ,  234 ,  43.84 ,  0.12 ,  9.33
30 ,  1 ,  5550 ,  31 ,  234 ,  41.30 ,  0.10 ,  8.63
30 ,  1 ,  5594 ,  227 ,  18 ,  39.21 ,  0.08 ,  7.84
30 ,  1 ,  5637 ,  227 ,  18 ,  39.43 ,  0.08 ,  7.74
30 ,  1 ,  5681 ,  227 ,  18 ,  44.06 ,  0.09 ,  7.94
30 ,  1 ,  5725 ,  234 ,  68 ,  49.89 ,  0.13 ,  9.52
30 ,  1 ,  5771 ,  234 ,  68 ,  55.62 ,  0.19 ,  11.21
30 ,  1 ,  5815 ,  234 ,  68 ,  60.02 ,  0.23 ,  12.60
30 ,  1 ,  5859 ,  237 ,  35 ,  63.55 ,  0.27 ,  13.89
30 ,  1 ,  5903 ,  237 ,  35 ,  66.41 ,  0.31 ,  14.88
30 ,  1 ,  5947 ,  237 ,  35 ,  68.83 ,  0.34 ,  15.58
30 ,  1 ,  5991 ,  238 ,  0 ,  70.82 ,  0.36 ,  16.27
30 ,  1 ,  6035 ,  238 ,  0 ,  72.58 ,  0.39 ,  16.77
30 ,  1 ,  6079 ,  238 ,  0 ,  73.90 ,  0.40 ,  17.26
30 ,  1 ,  6127 ,  61 ,  246 ,  75.33 ,  0.42 ,  17.66
30 ,  1 ,  6173 ,  61 ,  246 ,  71.70 ,  0.41 ,  17.46
30 ,  1 ,  6217 ,  61 ,  246 ,  63.77 ,  0.35 ,  15.88
30 ,  1 ,  6261 ,  245 ,  11 ,  56.61 ,  0.27 ,  13.99
30 ,  1 ,  6305 ,  245 ,  11 ,  56.61 ,  0.25 ,  13.49
30 ,  1 ,  6349 ,  245 ,  11 ,  61.01 ,  0.28 ,  14.19
30 ,  1 ,  6393 ,  255 ,  62 ,  66.52 ,  0.33 ,  15.48
30 ,  1 ,  6437 ,  255 ,  62 ,  72.03 ,  0.38 ,  16.87
30 ,  1 ,  6481 ,  255 ,  62 ,  76.76 ,  0.42 ,  17.96
30 ,  1 ,  6524 ,  32 ,  252 ,  80.18 ,  0.44 ,  18.95
30 ,  1 ,  6572 ,  32 ,  252 ,  75.00 ,  0.43 ,  18.65
30 ,  1 ,  6616 ,  32 ,  252 ,  64.87 ,  0.37 ,  16.67
30 ,  1 ,  6659 ,  56 ,  229 ,  55.73 ,  0.28 ,  14.19
30 ,  1 ,  6703 ,  56 ,  229 ,  49.78 ,  0.20 ,  12.10
30 ,  1 ,  6747 ,  56 ,  229 ,  45.82 ,  0.15 ,  10.62
30 ,  1 ,  6791 ,  51 ,  249 ,  42.62 ,  0.11 ,  9.43
30 ,  1 ,  6835 ,  51 ,  249 ,  38.99 ,  0.09 ,  8.24
30 ,  1 ,  6879 ,  51 ,  249 ,  35.47 ,  0.07 ,  7.34
30 ,  1 ,  6923 ,  220 ,  43 ,  32.38 ,  0.05 ,  6.35
30 ,  1 ,  6969 ,  220 ,  43 ,  32.82 ,  0.05 ,  6.15
30 ,  1 ,  7013 ,  220 ,  43 ,  38.22 ,  0.06 ,  6.55
30 ,  1 ,  7057 ,  70 ,  244 ,  44.28 ,  0.09 ,  7.94
30 ,  1 ,  7101 ,  70 ,  244 ,  44.28 ,  0.10 ,  8.33
30 ,  1 ,  7145 ,  70 ,  244 ,  42.18 ,  0.09 ,  8.14
30 ,  1 ,  7189 ,  15 ,  255 ,  39.54 ,  0.07 ,  7.84
30 ,  1 ,  7232 ,  15 ,  255 ,  36.57 ,  0.06 ,  7.14
30 ,  1 ,  7276 ,  15 ,  255 ,  33.70 ,  0.04 ,  6.45
30 ,  1 ,  7320 ,  229 ,  63 ,  31.06 ,  0.04 ,  5.75
30 ,  1 ,  7364 ,  229 ,  63 ,  31.28 ,  0.03 ,  5.56
30 ,  1 ,  7410 ,  229 ,  63 ,  38.77 ,  0.05 ,  6.35
30 ,  1 ,  7454 ,  46 ,  255 ,  46.37 ,  0.09 ,  8.24
30 ,  1 ,  7498 ,  46 ,  255 ,  45.82 ,  0.11 ,  8.53
30 ,  1 ,  7542 ,  46 ,  255 ,  41.96 ,  0.08 ,  8.14
30 ,  1 ,  7586 ,  50 ,  236 ,  38.00 ,  0.07 ,  7.34
30 ,  1 ,  7630 ,  50 ,  236 ,  35.69 ,  0.05 ,  6.75
30 ,  1 ,  7674 ,  50 ,  236 ,  33.48 ,  0.04 ,  6.25
30 ,  1 ,  7717 ,  34 ,  255 ,  31.72 ,  0.04 ,  5.75
30 ,  1 ,  7761 ,  34 ,  255 ,  29.63 ,  0.03 ,  5.26
30 ,  1 ,  7808 ,  34 ,  255 ,  27.43 ,  0.02 ,  4.76
30 ,  1 ,  7852 ,  45 ,  250 ,  25.55 ,  0.02 ,  4.27
30 ,  1 ,  7896 ,  45 ,  250 ,  24.12 ,  0.01 ,  3.87
30 ,  1 ,  7940 ,  45 ,  250 ,  22.80 ,  0.02 ,  3.57
30 ,  1 ,  7984 ,  12 ,  249 ,  21.59 ,  0.02 ,  3.27
30 ,  1 ,  8028 ,  12 ,  249 ,  20.60 ,  0.02 ,  2.98
30 ,  1 ,  8072 ,  12 ,  249 ,  19.72 ,  0.01 ,  2.78
30 ,  1 ,  8116 ,  34 ,  255 ,  18.84 ,  0.01 ,  2.68
30 ,  1 ,  8160 ,  34 ,  255 ,  18.07 ,  0.01 ,  2.48
30 ,  1 ,  8206 ,  34 ,  255 ,  17.29 ,  0.01 ,  2.28
30 ,  1 ,  8250 ,  78 ,  244 ,  16.63 ,  0.01 ,  2.18
30 ,  1 ,  8293 ,  78 ,  244 ,  16.19 ,  0.01 ,  2.08
30 ,  1 ,  8337 ,  78 ,  244 ,  16.08 ,  0.01 ,  1.98
30 ,  1 ,  8381 ,  34 ,  253 ,  15.97 ,  0.01 ,  1.98
30 ,  1 ,  8425 ,  34 ,  253 ,  15.64 ,  0.01 ,  1.89
30 ,  1 ,  8469 ,  34 ,  253 ,  15.31 ,  0.01 ,  1.79
30 ,  1 ,  8513 ,  39 ,  221 ,  14.87 ,  0.01 ,  1.79
30 ,  1 ,  8557 ,  39 ,  221 ,  14.87 ,  0.01 ,  1.69
30 ,  1 ,  8603 ,  39 ,  221 ,  14.98 ,  0.01 ,  1.69
30 ,  1 ,  8647 ,  20 ,  233 ,  14.98 ,  0.01 ,  1.69
30 ,  1 ,  8691 ,  20 ,  233 ,  14.98 ,  0.01 ,  1.69
30 ,  1 ,  8734 ,  20 ,  233 ,  14.98 ,  0.01 ,  1.69
30 ,  1 ,  8778 ,  229 ,  47 ,  14.98 ,  0.01 ,  1.69
30 ,  1 ,  8822 ,  229 ,  47 ,  16.52 ,  0.01 ,  1.59
30 ,  1 ,  8866 ,  229 ,  47 ,  27.65 ,  0.03 ,  2.78
30 ,  1 ,  8910 ,  221 ,  15 ,  38.33 ,  0.06 ,  4.96
30 ,  1 ,  8954 ,  221 ,  15 ,  45.49 ,  0.11 ,  6.95
30 ,  1 ,  8998 ,  221 ,  15 ,  50.11 ,  0.15 ,  8.53
30 ,  1 ,  9044 ,  233 ,  0 ,  53.42 ,  0.19 ,  9.82
30 ,  1 ,  9089 ,  233 ,  0 ,  56.61 ,  0.22 ,  11.01
30 ,  1 ,  9133 ,  233 ,  0 ,  59.47 ,  0.26 ,  12.10
30 ,  1 ,  9177 ,  224 ,  57 ,  62.01 ,  0.29 ,  13.10
30 ,  1 ,  9221 ,  224 ,  57 ,  63.44 ,  0.31 ,  13.79
30 ,  1 ,  9265 ,  224 ,  57 ,  64.43 ,  0.33 ,  14.19
30 ,  1 ,  9309 ,  233 ,  62 ,  65.53 ,  0.34 ,  14.68
30 ,  1 ,  9352 ,  233 ,  62 ,  66.96 ,  0.36 ,  15.08
30 ,  1 ,  9396 ,  233 ,  62 ,  68.39 ,  0.38 ,  15.68
30 ,  1 ,  9443 ,  247 ,  10 ,  69.60 ,  0.40 ,  16.07
30 ,  1 ,  9487 ,  247 ,  10 ,  71.81 ,  0.42 ,  16.67
30 ,  1 ,  9530 ,  247 ,  10 ,  74.45 ,  0.43 ,  17.36
30 ,  1 ,  9574 ,  243 ,  82 ,  76.76 ,  0.44 ,  18.16
30 ,  1 ,  9618 ,  243 ,  82 ,  78.53 ,  0.45 ,  18.65
30 ,  1 ,  9662 ,  243 ,  82 ,  79.96 ,  0.46 ,  19.05
30 ,  1 ,  9706 ,  255 ,  50 ,  81.17 ,  0.46 ,  19.45
30 ,  1 ,  9750 ,  255 ,  50 ,  82.82 ,  0.47 ,  19.84
30 ,  1 ,  9794 ,  255 ,  50 ,  84.69 ,  0.47 ,  20.34
30 ,  1 ,  9840 ,  252 ,  22 ,  86.34 ,  0.48 ,  20.74
30 ,  1 ,  9884 ,  252 ,  22 ,  87.56 ,  0.48 ,  21.03
30 ,  1 ,  9928 ,  252 ,  22 ,  88.66 ,  0.48 ,  21.33
30 ,  1 ,  9972 ,  248 ,  49 ,  89.54 ,  0.48 ,  21.63
30 ,  1 ,  10016 ,  248 ,  49 ,  90.20 ,  0.48 ,  21.83
30 ,  1 ,  10060 ,  248 ,  49 ,  90.64 ,  0.48 ,  22.03
30 ,  1 ,  10104 ,  231 ,  40 ,  91.19 ,  0.48 ,  22.13
30 ,  1 ,  10149 ,  231 ,  40 ,  91.08 ,  0.49 ,  22.13
30 ,  1 ,  10193 ,  231 ,  40 ,  90.86 ,  0.48 ,  22.13
30 ,  1 ,  10240 ,  247 ,  8 ,  90.64 ,  0.48 ,  22.22
30 ,  1 ,  10284 ,  247 ,  8 ,  90.64 ,  0.48 ,  22.22
30 ,  1 ,  10328 ,  247 ,  8 ,  90.86 ,  0.48 ,  22.32
30 ,  1 ,  10372 ,  231 ,  35 ,  91.08 ,  0.48 ,  22.42
30 ,  1 ,  10416 ,  231 ,  35 ,  90.97 ,  0.48 ,  22.42
30 ,  1 ,  10460 ,  231 ,  35 ,  90.86 ,  0.48 ,  22.42
30 ,  1 ,  10504 ,  53 ,  237 ,  90.64 ,  0.48 ,  22.42
30 ,  1 ,  10548 ,  53 ,  237 ,  85.35 ,  0.48 ,  22.03
30 ,  1 ,  10592 ,  53 ,  237 ,  75.77 ,  0.48 ,  20.54
30 ,  1 ,  10638 ,  16 ,  245 ,  66.85 ,  0.45 ,  18.55
30 ,  1 ,  10682 ,  16 ,  245 ,  59.80 ,  0.40 ,  16.57
30 ,  1 ,  10726 ,  16 ,  245 ,  53.86 ,  0.33 ,  14.59
30 ,  1 ,  10770 ,  222 ,  76 ,  48.90 ,  0.25 ,  12.70
30 ,  1 ,  10814 ,  222 ,  76 ,  49.34 ,  0.22 ,  12.30
30 ,  1 ,  10858 ,  222 ,  76 ,  50.99 ,  0.22 ,  12.20
30 ,  1 ,  10902 ,  234 ,  25 ,  54.19 ,  0.25 ,  13.00
30 ,  1 ,  10946 ,  234 ,  25 ,  58.37 ,  0.29 ,  13.99
30 ,  1 ,  10989 ,  234 ,  25 ,  62.56 ,  0.32 ,  15.18
30 ,  1 ,  11036 ,  255 ,  50 ,  65.97 ,  0.37 ,  16.17
30 ,  1 ,  11080 ,  255 ,  50 ,  70.49 ,  0.41 ,  17.36
30 ,  1 ,  11124 ,  255 ,  50 ,  75.22 ,  0.43 ,  18.55
30 ,  1 ,  11168 ,  255 ,  8 ,  79.08 ,  0.45 ,  19.55
30 ,  1 ,  11212 ,  255 ,  8 ,  81.94 ,  0.46 ,  20.24
30 ,  1 ,  11256 ,  255 ,  8 ,  84.14 ,  0.47 ,  20.74
30 ,  1 ,  11300 ,  53 ,  255 ,  85.90 ,  0.47 ,  21.13
30 ,  1 ,  11344 ,  53 ,  255 ,  79.85 ,  0.47 ,  20.74
30 ,  1 ,  11388 ,  53 ,  255 ,  68.17 ,  0.44 ,  18.65
30 ,  1 ,  11435 ,  227 ,  20 ,  54.96 ,  0.33 ,  15.28
30 ,  1 ,  11494 ,  227 ,  20 ,  55.18 ,  0.28 ,  14.29
30 ,  1 ,  11538 ,  237 ,  28 ,  57.71 ,  0.30 ,  14.59
30 ,  1 ,  11582 ,  237 ,  28 ,  61.79 ,  0.33 ,  15.48
30 ,  1 ,  11626 ,  237 ,  28 ,  65.75 ,  0.37 ,  16.47
30 ,  1 ,  11670 ,  15 ,  232 ,  68.83 ,  0.40 ,  17.26
30 ,  1 ,  11714 ,  15 ,  232 ,  67.40 ,  0.40 ,  17.36
30 ,  1 ,  11758 ,  15 ,  232 ,  62.67 ,  0.36 ,  16.47
30 ,  1 ,  11802 ,  242 ,  59 ,  58.15 ,  0.31 ,  15.38
30 ,  1 ,  11848 ,  242 ,  59 ,  58.04 ,  0.31 ,  15.08
30 ,  1 ,  11892 ,  242 ,  59 ,  60.90 ,  0.32 ,  15.28
30 ,  1 ,  11936 ,  246 ,  38 ,  65.75 ,  0.36 ,  16.37
30 ,  1 ,  11980 ,  246 ,  38 ,  70.27 ,  0.40 ,  17.46
30 ,  1 ,  12024 ,  246 ,  38 ,  74.01 ,  0.43 ,  18.45
30 ,  1 ,  12068 ,  231 ,  23 ,  76.87 ,  0.44 ,  19.15
30 ,  1 ,  12112 ,  231 ,  23 ,  78.19 ,  0.45 ,  19.55
30 ,  1 ,  12156 ,  231 ,  23 ,  78.86 ,  0.45 ,  19.74
30 ,  1 ,  12200 ,  54 ,  243 ,  79.52 ,  0.45 ,  19.94
30 ,  1 ,  12247 ,  54 ,  243 ,  75.44 ,  0.45 ,  19.65
30 ,  1 ,  12291 ,  54 ,  243 ,  67.07 ,  0.42 ,  18.16
30 ,  1 ,  12335 ,  220 ,  77 ,  59.47 ,  0.35 ,  16.17
30 ,  1 ,  12379 ,  220 ,  77 ,  59.25 ,  0.33 ,  15.68
30 ,  1 ,  12423 ,  220 ,  77 ,  59.47 ,  0.32 ,  15.68
30 ,  1 ,  12467 ,  236 ,  70 ,  60.79 ,  0.33 ,  15.68
30 ,  1 ,  12511 ,  236 ,  70 ,  63.66 ,  0.34 ,  16.27
30 ,  1 ,  12555 ,  236 ,  70 ,  67.07 ,  0.38 ,  17.07
30 ,  1 ,  12599 ,  35 ,  237 ,  69.71 ,  0.40 ,  17.66
30 ,  1 ,  12645 ,  35 ,  237 ,  67.51 ,  0.40 ,  17.66
30 ,  1 ,  12689 ,  35 ,  237 ,  62.01 ,  0.36 ,  16.57
30 ,  1 ,  12733 ,  23 ,  233 ,  56.83 ,  0.31 ,  15.28
30 ,  1 ,  12777 ,  23 ,  233 ,  52.76 ,  0.26 ,  13.99
30 ,  1 ,  12821 ,  23 ,  233 ,  49.34 ,  0.22 ,  12.90
30 ,  1 ,  12865 ,  55 ,  255 ,  46.48 ,  0.18 ,  11.81
30 ,  1 ,  12909 ,  55 ,  255 ,  43.17 ,  0.15 ,  10.72
30 ,  1 ,  12953 ,  55 ,  255 ,  39.65 ,  0.11 ,  9.33
30 ,  1 ,  12997 ,  245 ,  30 ,  36.46 ,  0.09 ,  8.04
30 ,  1 ,  13043 ,  245 ,  30 ,  37.56 ,  0.08 ,  7.74
30 ,  1 ,  13087 ,  245 ,  30 ,  46.70 ,  0.12 ,  9.62
30 ,  1 ,  13131 ,  28 ,  255 ,  55.51 ,  0.21 ,  12.20
30 ,  1 ,  13175 ,  28 ,  255 ,  53.97 ,  0.22 ,  12.70
30 ,  1 ,  13219 ,  28 ,  255 ,  48.90 ,  0.17 ,  11.51
30 ,  1 ,  13263 ,  69 ,  242 ,  43.72 ,  0.13 ,  10.12
30 ,  1 ,  13307 ,  69 ,  242 ,  40.09 ,  0.10 ,  8.93
30 ,  1 ,  13351 ,  69 ,  242 ,  36.90 ,  0.08 ,  7.94
30 ,  1 ,  13395 ,  255 ,  32 ,  34.25 ,  0.06 ,  7.14
30 ,  1 ,  13437 ,  255 ,  32 ,  36.57 ,  0.06 ,  6.95
30 ,  1 ,  13481 ,  255 ,  32 ,  46.92 ,  0.11 ,  9.13
30 ,  1 ,  13524 ,  211 ,  26 ,  57.71 ,  0.21 ,  12.50
30 ,  1 ,  13569 ,  211 ,  26 ,  61.57 ,  0.27 ,  14.19
30 ,  1 ,  13613 ,  211 ,  26 ,  63.22 ,  0.30 ,  14.88
30 ,  1 ,  13657 ,  223 ,  53 ,  64.43 ,  0.31 ,  15.38
30 ,  1 ,  13701 ,  223 ,  53 ,  66.19 ,  0.33 ,  15.88
30 ,  1 ,  13745 ,  223 ,  53 ,  67.84 ,  0.35 ,  16.47
30 ,  1 ,  13789 ,  0 ,  230 ,  69.49 ,  0.37 ,  16.97
30 ,  1 ,  13835 ,  0 ,  230 ,  67.62 ,  0.38 ,  17.07
30 ,  1 ,  13879 ,  0 ,  230 ,  62.89 ,  0.34 ,  16.07
30 ,  1 ,  13923 ,  30 ,  238 ,  58.59 ,  0.29 ,  14.98
30 ,  1 ,  13967 ,  30 ,  238 ,  54.52 ,  0.24 ,  13.89
30 ,  1 ,  14011 ,  30 ,  238 ,  50.77 ,  0.21 ,  12.70
30 ,  1 ,  14055 ,  237 ,  38 ,  47.58 ,  0.17 ,  11.61
30 ,  1 ,  14099 ,  237 ,  38 ,  47.69 ,  0.16 ,  11.41
30 ,  1 ,  14143 ,  237 ,  38 ,  51.87 ,  0.18 ,  11.91
30 ,  1 ,  14187 ,  242 ,  75 ,  57.82 ,  0.23 ,  13.49
30 ,  1 ,  14233 ,  242 ,  75 ,  63.22 ,  0.29 ,  14.98
30 ,  1 ,  14277 ,  242 ,  75 ,  67.73 ,  0.34 ,  16.37
30 ,  1 ,  14321 ,  56 ,  247 ,  71.04 ,  0.38 ,  17.26
30 ,  1 ,  14365 ,  56 ,  247 ,  68.06 ,  0.37 ,  17.36
30 ,  1 ,  14409 ,  56 ,  247 ,  61.01 ,  0.32 ,  15.78
30 ,  1 ,  14453 ,  13 ,  255 ,  54.08 ,  0.24 ,  13.99
30 ,  1 ,  14497 ,  13 ,  255 ,  48.02 ,  0.18 ,  12.10
30 ,  1 ,  14541 ,  13 ,  255 ,  42.73 ,  0.13 ,  10.32
30 ,  1 ,  14585 ,  232 ,  63 ,  38.22 ,  0.09 ,  8.73
30 ,  1 ,  14631 ,  232 ,  63 ,  38.55 ,  0.09 ,  8.43
30 ,  1 ,  14675 ,  232 ,  63 ,  44.61 ,  0.11 ,  9.33
30 ,  1 ,  14720 ,  36 ,  221 ,  51.10 ,  0.16 ,  11.01
30 ,  1 ,  14764 ,  36 ,  221 ,  50.77 ,  0.16 ,  11.41
30 ,  1 ,  14808 ,  36 ,  221 ,  50.22 ,  0.16 ,  11.41
30 ,  1 ,  14852 ,  0 ,  255 ,  48.68 ,  0.15 ,  11.11
30 ,  1 ,  14896 ,  0 ,  255 ,  45.49 ,  0.13 ,  10.42
30 ,  1 ,  14940 ,  0 ,  255 ,  41.30 ,  0.10 ,  9.23
30 ,  1 ,  14984 ,  14 ,  255 ,  37.34 ,  0.07 ,  8.14
30 ,  1 ,  15030 ,  14 ,  255 ,  33.92 ,  0.06 ,  7.14
30 ,  1 ,  15074 ,  14 ,  255 ,  30.95 ,  0.05 ,  6.25
30 ,  1 ,  15118 ,  24 ,  255 ,  28.42 ,  0.04 ,  5.75
30 ,  1 ,  15162 ,  24 ,  255 ,  26.21 ,  0.04 ,  5.06
30 ,  1 ,  15206 ,  24 ,  255 ,  24.34 ,  0.04 ,  4.46
30 ,  1 ,  15250 ,  22 ,  241 ,  22.58 ,  0.04 ,  4.07
30 ,  1 ,  15294 ,  22 ,  241 ,  21.70 ,  0.03 ,  3.67
30 ,  1 ,  15338 ,  22 ,  241 ,  21.04 ,  0.03 ,  3.47
30 ,  1 ,  15382 ,  11 ,  245 ,  20.38 ,  0.03 ,  3.27
30 ,  1 ,  15426 ,  11 ,  245 ,  19.83 ,  0.03 ,  3.17
30 ,  1 ,  15473 ,  11 ,  245 ,  19.17 ,  0.03 ,  2.98
30 ,  1 ,  15517 ,  28 ,  233 ,  18.62 ,  0.03 ,  2.88
30 ,  1 ,  15561 ,  28 ,  233 ,  18.40 ,  0.02 ,  2.78
30 ,  1 ,  15605 ,  28 ,  233 ,  18.40 ,  0.03 ,  2.78
30 ,  1 ,  15649 ,  52 ,  253 ,  18.40 ,  0.03 ,  2.68
30 ,  1 ,  15693 ,  52 ,  253 ,  17.96 ,  0.02 ,  2.58
30 ,  1 ,  15737 ,  52 ,  253 ,  17.29 ,  0.02 ,  2.48
30 ,  1 ,  15781 ,  255 ,  19 ,  16.85 ,  0.02 ,  2.38
30 ,  1 ,  15825 ,  255 ,  19 ,  21.15 ,  0.02 ,  2.48
30 ,  1 ,  15873 ,  255 ,  19 ,  38.22 ,  0.07 ,  5.16
30 ,  1 ,  16064 ,  229 ,  39 ,  57.27 ,  0.21 ,  11.21
30 ,  1 ,  16256 ,  57 ,  252 ,  70.27 ,  0.40 ,  16.77
30 ,  1 ,  16462 ,  44 ,  224 ,  43.61 ,  0.15 ,  10.32
30 ,  1 ,  16668 ,  68 ,  230 ,  33.92 ,  0.06 ,  6.75
30 ,  1 ,  16873 ,  44 ,  249 ,  28.31 ,  0.04 ,  5.06
30 ,  1 ,  17071 ,  254 ,  9 ,  21.70 ,  0.02 ,  3.57
30 ,  1 ,  17259 ,  72 ,  241 ,  63.55 ,  0.29 ,  13.89
30 ,  1 ,  17468 ,  236 ,  78 ,  46.37 ,  0.16 ,  10.62
30 ,  1 ,  17814 ,  228 ,  81 ,  70.82 ,  0.40 ,  16.97
30 ,  1 ,  18026 ,  232 ,  36 ,  74.78 ,  0.43 ,  18.45
30 ,  1 ,  18237 ,  32 ,  238 ,  78.53 ,  0.45 ,  19.55
30 ,  1 ,  18449 ,  225 ,  37 ,  52.20 ,  0.26 ,  13.49
30 ,  1 ,  18655 ,  255 ,  36 ,  62.01 ,  0.31 ,  15.18
30 ,  1 ,  18852 ,  226 ,  38 ,  82.71 ,  0.46 ,  20.24
30 ,  1 ,  19063 ,  240 ,  27 ,  83.37 ,  0.47 ,  20.84
30 ,  1 ,  19264 ,  233 ,  36 ,  86.89 ,  0.48 ,  21.63
30 ,  1 ,  19467 ,  62 ,  218 ,  88.11 ,  0.48 ,  22.03
30 ,  1 ,  19787 ,  67 ,  250 ,  57.71 ,  0.33 ,  15.78
30 ,  1 ,  20002 ,  1 ,  242 ,  38.22 ,  0.11 ,  8.93
30 ,  1 ,  20207 ,  18 ,  251 ,  28.31 ,  0.06 ,  5.66
30 ,  1 ,  20393 ,  21 ,  238 ,  21.70 ,  0.04 ,  3.77
30 ,  1 ,  20603 ,  220 ,  72 ,  20.16 ,  0.04 ,  3.27
30 ,  1 ,  20816 ,  218 ,  21 ,  47.36 ,  0.15 ,  8.73
30 ,  1 ,  21029 ,  222 ,  59 ,  58.15 ,  0.27 ,  13.00
30 ,  1 ,  21244 ,  237 ,  58 ,  64.32 ,  0.35 ,  15.28
30 ,  1 ,  21472 ,  253 ,  39 ,  73.68 ,  0.44 ,  18.16
30 ,  1 ,  21817 ,  58 ,  251 ,  88.99 ,  0.48 ,  22.03
30 ,  1 ,  22016 ,  66 ,  238 ,  40.75 ,  0.17 ,  10.32
30 ,  1 ,  22236 ,  48 ,  243 ,  18.29 ,  0.05 ,  3.27
30 ,  1 ,  22454 ,  21 ,  254 ,  13.99 ,  0.04 ,  2.18
30 ,  1 ,  22673 ,  241 ,  21 ,  9.70 ,  0.04 ,  1.29
30 ,  1 ,  22894 ,  221 ,  0 ,  56.39 ,  0.25 ,  11.51
30 ,  1 ,  23118 ,  15 ,  224 ,  65.20 ,  0.38 ,  15.38
30 ,  1 ,  23346 ,  51 ,  255 ,  51.98 ,  0.26 ,  12.60
30 ,  1 ,  23565 ,  239 ,  40 ,  31.72 ,  0.08 ,  6.45
30 ,  1 ,  23896 ,  11 ,  241 ,  69.49 ,  0.40 ,  16.67
30 ,  1 ,  24109 ,  67 ,  247 ,  46.92 ,  0.19 ,  11.21
30 ,  1 ,  24322 ,  245 ,  14 ,  32.16 ,  0.06 ,  6.65
30 ,  1 ,  24536 ,  242 ,  69 ,  64.87 ,  0.32 ,  15.08
30 ,  1 ,  24750 ,  234 ,  60 ,  76.87 ,  0.44 ,  18.95
30 ,  1 ,  24958 ,  255 ,  33 ,  80.51 ,  0.46 ,  20.14
30 ,  1 ,  25149 ,  0 ,  235 ,  88.55 ,  0.48 ,  21.93
30 ,  1 ,  25366 ,  65 ,  224 ,  58.15 ,  0.35 ,  15.97
30 ,  1 ,  25582 ,  53 ,  255 ,  43.95 ,  0.15 ,  10.62
30 ,  1 ,  25923 ,  53 ,  234 ,  23.90 ,  0.05 ,  4.56
30 ,  1 ,  26139 ,  222 ,  55 ,  21.92 ,  0.03 ,  3.67
30 ,  1 ,  26353 ,  243 ,  79 ,  49.34 ,  0.17 ,  9.62
30 ,  1 ,  26569 ,  223 ,  55 ,  69.49 ,  0.40 ,  16.77
30 ,  1 ,  26782 ,  235 ,  3 ,  72.69 ,  0.43 ,  18.06
30 ,  1 ,  26998 ,  240 ,  29 ,  78.08 ,  0.46 ,  19.65
30 ,  1 ,  27206 ,  63 ,  238 ,  82.49 ,  0.47 ,  20.74
30 ,  1 ,  27418 ,  4 ,  246 ,  53.20 ,  0.29 ,  14.29
30 ,  1 ,  27631 ,  2 ,  255 ,  35.80 ,  0.10 ,  7.74
30 ,  1 ,  27845 ,  43 ,  241 ,  24.01 ,  0.05 ,  4.56
30 ,  1 ,  28059 ,  217 ,  43 ,  20.49 ,  0.04 ,  3.47
30 ,  1 ,  28273 ,  218 ,  14 ,  46.04 ,  0.14 ,  8.53
30 ,  1 ,  28471 ,  232 ,  39 ,  57.05 ,  0.26 ,  12.70
30 ,  1 ,  28670 ,  69 ,  230 ,  66.19 ,  0.38 ,  15.88
30 ,  1 ,  28886 ,  2 ,  225 ,  51.32 ,  0.24 ,  12.60
30 ,  1 ,  29096 ,  233 ,  52 ,  42.40 ,  0.13 ,  9.82
30 ,  1 ,  29305 ,  53 ,  237 ,  61.24 ,  0.29 ,  14.29
30 ,  1 ,  29518 ,  53 ,  255 ,  46.48 ,  0.17 ,  11.01
30 ,  1 ,  29734 ,  232 ,  40 ,  30.29 ,  0.06 ,  6.25
30 ,  1 ,  29953 ,  239 ,  42 ,  57.27 ,  0.23 ,  12.60
30 ,  1 ,  30170 ,  224 ,  29 ,  71.37 ,  0.41 ,  17.46
30 ,  1 ,  30388 ,  233 ,  18 ,  73.90 ,  0.43 ,  18.55
30 ,  1 ,  30606 ,  42 ,  236 ,  77.75 ,  0.45 ,  19.65
30 ,  1 ,  30828 ,  230 ,  38 ,  51.65 ,  0.25 ,  13.59
30 ,  1 ,  31049 ,  230 ,  21 ,  64.21 ,  0.34 ,  16.07
30 ,  1 ,  31265 ,  0 ,  227 ,  72.14 ,  0.42 ,  18.26
30 ,  1 ,  31476 ,  28 ,  238 ,  54.85 ,  0.28 ,  14.49
30 ,  1 ,  31682 ,  217 ,  62 ,  41.74 ,  0.13 ,  10.02
30 ,  1 ,  31877 ,  217 ,  65 ,  52.76 ,  0.20 ,  12.20
30 ,  1 ,  32048 ,  255 ,  86 ,  60.35 ,  0.28 ,  14.59
30 ,  1 ,  32223 ,  228 ,  22 ,  78.41 ,  0.43 ,  19.45
30 ,  1 ,  32396 ,  42 ,  247 ,  80.84 ,  0.45 ,  20.34
30 ,  1 ,  32473 ,  28 ,  249 ,  51.43 ,  0.24 ,  13.79
30 ,  1 ,  32519 ,  28 ,  249 ,  45.71 ,  0.18 ,  11.81
30 ,  1 ,  32565 ,  28 ,  249 ,  40.86 ,  0.14 ,  10.12
30 ,  1 ,  32611 ,  8 ,  229 ,  36.90 ,  0.11 ,  8.63
30 ,  1 ,  32659 ,  8 ,  229 ,  34.47 ,  0.09 ,  7.94
30 ,  1 ,  32705 ,  8 ,  229 ,  33.04 ,  0.08 ,  7.34
30 ,  1 ,  32751 ,  48 ,  243 ,  31.61 ,  0.07 ,  6.85
30 ,  1 ,  32797 ,  48 ,  243 ,  30.07 ,  0.06 ,  6.35
30 ,  1 ,  32843 ,  48 ,  243 ,  28.53 ,  0.06 ,  5.85
30 ,  1 ,  32889 ,  17 ,  243 ,  26.99 ,  0.06 ,  5.36
30 ,  1 ,  32935 ,  17 ,  243 ,  25.66 ,  0.05 ,  4.96
30 ,  1 ,  32988 ,  17 ,  243 ,  24.34 ,  0.05 ,  4.66
30 ,  1 ,  33034 ,  222 ,  0 ,  23.24 ,  0.05 ,  4.37
30 ,  1 ,  33082 ,  222 ,  0 ,  24.34 ,  0.05 ,  4.27
30 ,  1 ,  33128 ,  222 ,  0 ,  32.71 ,  0.06 ,  5.16
30 ,  1 ,  33174 ,  242 ,  21 ,  40.75 ,  0.10 ,  7.14
30 ,  1 ,  33220 ,  242 ,  21 ,  48.68 ,  0.16 ,  9.43
30 ,  1 ,  33266 ,  242 ,  21 ,  55.73 ,  0.22 ,  11.91
30 ,  1 ,  33312 ,  223 ,  38 ,  61.13 ,  0.29 ,  13.99
30 ,  1 ,  33358 ,  223 ,  38 ,  63.77 ,  0.33 ,  15.08
30 ,  1 ,  33404 ,  223 ,  38 ,  65.20 ,  0.35 ,  15.68
30 ,  1 ,  33451 ,  236 ,  44 ,  66.52 ,  0.37 ,  16.17
30 ,  1 ,  33497 ,  236 ,  44 ,  68.50 ,  0.39 ,  16.77
30 ,  1 ,  33545 ,  236 ,  44 ,  70.49 ,  0.41 ,  17.36
30 ,  1 ,  33591 ,  224 ,  15 ,  72.14 ,  0.43 ,  17.86
30 ,  1 ,  33637 ,  224 ,  15 ,  73.13 ,  0.43 ,  18.26
30 ,  1 ,  33683 ,  224 ,  15 ,  73.79 ,  0.44 ,  18.45
30 ,  1 ,  33729 ,  16 ,  238 ,  74.45 ,  0.44 ,  18.75
30 ,  1 ,  33775 ,  16 ,  238 ,  71.59 ,  0.44 ,  18.65
30 ,  1 ,  33821 ,  16 ,  238 ,  64.65 ,  0.41 ,  17.16
30 ,  1 ,  33867 ,  248 ,  10 ,  58.37 ,  0.34 ,  15.58
30 ,  1 ,  33916 ,  248 ,  10 ,  58.48 ,  0.32 ,  15.18
30 ,  1 ,  33963 ,  248 ,  10 ,  62.89 ,  0.35 ,  15.88
30 ,  1 ,  34009 ,  235 ,  19 ,  68.83 ,  0.40 ,  17.26
30 ,  1 ,  34055 ,  235 ,  19 ,  72.80 ,  0.43 ,  18.26
30 ,  1 ,  34101 ,  235 ,  19 ,  75.22 ,  0.44 ,  18.95
30 ,  1 ,  34147 ,  244 ,  33 ,  76.98 ,  0.45 ,  19.35
30 ,  1 ,  34193 ,  244 ,  33 ,  78.86 ,  0.46 ,  19.84
30 ,  1 ,  34239 ,  244 ,  33 ,  80.40 ,  0.46 ,  20.24
30 ,  1 ,  34285 ,  238 ,  26 ,  81.94 ,  0.46 ,  20.54
30 ,  1 ,  34333 ,  238 ,  26 ,  82.93 ,  0.47 ,  20.74
30 ,  1 ,  34379 ,  238 ,  26 ,  83.59 ,  0.47 ,  21.03
30 ,  1 ,  34425 ,  41 ,  226 ,  84.25 ,  0.47 ,  21.23
30 ,  1 ,  34471 ,  41 ,  226 ,  80.73 ,  0.47 ,  21.03
30 ,  1 ,  34518 ,  41 ,  226 ,  73.57 ,  0.46 ,  19.84
30 ,  1 ,  34564 ,  240 ,  62 ,  67.29 ,  0.43 ,  18.45
30 ,  1 ,  34610 ,  240 ,  62 ,  67.07 ,  0.43 ,  18.16
30 ,  1 ,  34656 ,  240 ,  62 ,  68.17 ,  0.42 ,  18.16
30 ,  1 ,  34702 ,  23 ,  255 ,  71.26 ,  0.43 ,  18.75
30 ,  1 ,  34750 ,  23 ,  255 ,  67.84 ,  0.43 ,  18.45
30 ,  1 ,  34796 ,  23 ,  255 ,  58.70 ,  0.37 ,  16.47
30 ,  1 ,  34842 ,  45 ,  216 ,  50.77 ,  0.27 ,  13.89
30 ,  1 ,  34888 ,  45 ,  216 ,  46.70 ,  0.21 ,  12.20
30 ,  1 ,  34934 ,  45 ,  216 ,  44.39 ,  0.17 ,  11.11
30 ,  1 ,  34980 ,  80 ,  242 ,  42.29 ,  0.15 ,  10.32
30 ,  1 ,  35026 ,  80 ,  242 ,  39.65 ,  0.12 ,  9.43
30 ,  1 ,  35073 ,  80 ,  242 ,  36.90 ,  0.10 ,  8.43
30 ,  1 ,  35119 ,  21 ,  244 ,  34.25 ,  0.09 ,  7.84
30 ,  1 ,  35168 ,  21 ,  244 ,  31.94 ,  0.08 ,  7.04
30 ,  1 ,  35214 ,  21 ,  244 ,  29.74 ,  0.06 ,  6.35
30 ,  1 ,  35260 ,  252 ,  49 ,  27.87 ,  0.06 ,  5.75
30 ,  1 ,  35306 ,  252 ,  49 ,  30.62 ,  0.07 ,  5.66
30 ,  1 ,  35352 ,  252 ,  49 ,  43.28 ,  0.11 ,  8.04
30 ,  1 ,  35397 ,  5 ,  251 ,  54.96 ,  0.21 ,  11.81
30 ,  1 ,  35443 ,  5 ,  251 ,  53.42 ,  0.22 ,  12.50
30 ,  1 ,  35489 ,  5 ,  251 ,  48.02 ,  0.19 ,  11.61
30 ,  1 ,  35535 ,  73 ,  230 ,  43.17 ,  0.14 ,  10.22
30 ,  1 ,  35581 ,  73 ,  230 ,  39.87 ,  0.11 ,  9.13
30 ,  1 ,  35631 ,  73 ,  230 ,  37.45 ,  0.09 ,  8.33
30 ,  1 ,  35677 ,  211 ,  0 ,  35.36 ,  0.08 ,  7.74
30 ,  1 ,  35723 ,  211 ,  0 ,  35.58 ,  0.08 ,  7.64
30 ,  1 ,  35769 ,  211 ,  0 ,  38.55 ,  0.08 ,  7.64
30 ,  1 ,  35815 ,  242 ,  30 ,  42.84 ,  0.10 ,  8.63
30 ,  1 ,  35861 ,  242 ,  30 ,  49.67 ,  0.16 ,  10.32
30 ,  1 ,  35907 ,  242 ,  30 ,  56.83 ,  0.22 ,  12.60
30 ,  1 ,  35953 ,  255 ,  10 ,  62.56 ,  0.29 ,  14.59
30 ,  1 ,  35999 ,  255 ,  10 ,  67.73 ,  0.35 ,  16.27
30 ,  1 ,  36047 ,  255 ,  10 ,  72.69 ,  0.41 ,  17.76
30 ,  1 ,  36093 ,  207 ,  5 ,  76.32 ,  0.43 ,  18.85
30 ,  1 ,  36140 ,  207 ,  5 ,  76.32 ,  0.44 ,  19.25
30 ,  1 ,  36186 ,  207 ,  5 ,  75.77 ,  0.44 ,  19.15
30 ,  1 ,  36232 ,  236 ,  79 ,  75.33 ,  0.44 ,  19.25
30 ,  1 ,  36278 ,  236 ,  79 ,  75.88 ,  0.44 ,  19.25
30 ,  1 ,  36324 ,  236 ,  79 ,  77.20 ,  0.45 ,  19.55
30 ,  1 ,  36370 ,  246 ,  42 ,  78.41 ,  0.45 ,  19.84
30 ,  1 ,  36416 ,  246 ,  42 ,  80.18 ,  0.46 ,  20.24
30 ,  1 ,  36464 ,  246 ,  42 ,  82.16 ,  0.46 ,  20.64
30 ,  1 ,  36510 ,  246 ,  64 ,  83.70 ,  0.47 ,  21.03
30 ,  1 ,  36556 ,  246 ,  64 ,  84.91 ,  0.47 ,  21.33
30 ,  1 ,  36602 ,  246 ,  64 ,  86.01 ,  0.47 ,  21.63
30 ,  1 ,  36648 ,  241 ,  44 ,  87.00 ,  0.48 ,  21.93
30 ,  1 ,  36695 ,  241 ,  44 ,  87.67 ,  0.48 ,  22.03
30 ,  1 ,  36741 ,  241 ,  44 ,  88.22 ,  0.48 ,  22.13
30 ,  1 ,  36787 ,  255 ,  28 ,  88.66 ,  0.48 ,  22.32
30 ,  1 ,  36833 ,  255 ,  28 ,  89.54 ,  0.48 ,  22.52
30 ,  1 ,  36882 ,  255 ,  28 ,  90.75 ,  0.48 ,  22.72
30 ,  1 ,  36928 ,  210 ,  49 ,  91.52 ,  0.48 ,  22.92
30 ,  1 ,  36974 ,  210 ,  49 ,  91.19 ,  0.48 ,  22.92
30 ,  1 ,  37020 ,  210 ,  49 ,  90.64 ,  0.48 ,  22.92
30 ,  1 ,  37066 ,  47 ,  243 ,  90.09 ,  0.48 ,  22.92
30 ,  1 ,  37112 ,  47 ,  243 ,  84.14 ,  0.48 ,  22.42
30 ,  1 ,  37158 ,  47 ,  243 ,  72.80 ,  0.46 ,  20.44
30 ,  1 ,  37204 ,  72 ,  238 ,  63.22 ,  0.42 ,  18.16
30 ,  1 ,  37251 ,  72 ,  238 ,  55.95 ,  0.34 ,  15.88
30 ,  1 ,  37300 ,  72 ,  238 ,  50.22 ,  0.26 ,  13.89
30 ,  1 ,  37346 ,  5 ,  255 ,  45.93 ,  0.20 ,  12.10
30 ,  1 ,  37392 ,  5 ,  255 ,  41.63 ,  0.16 ,  10.52
30 ,  1 ,  37438 ,  5 ,  255 ,  37.56 ,  0.12 ,  8.93
30 ,  1 ,  37484 ,  230 ,  22 ,  33.92 ,  0.10 ,  7.64
30 ,  1 ,  37530 ,  230 ,  22 ,  34.58 ,  0.09 ,  7.44
30 ,  1 ,  37576 ,  230 ,  22 ,  41.30 ,  0.11 ,  8.43
30 ,  1 ,  37622 ,  55 ,  216 ,  48.57 ,  0.16 ,  10.52
30 ,  1 ,  37668 ,  55 ,  216 ,  48.24 ,  0.17 ,  10.91
30 ,  1 ,  37716 ,  55 ,  216 ,  47.91 ,  0.17 ,  10.91
30 ,  1 ,  37763 ,  57 ,  236 ,  47.69 ,  0.17 ,  10.91
30 ,  1 ,  37809 ,  57 ,  236 ,  46.04 ,  0.16 ,  10.62
30 ,  1 ,  37855 ,  57 ,  236 ,  43.84 ,  0.14 ,  10.02
30 ,  1 ,  37901 ,  59 ,  245 ,  41.85 ,  0.12 ,  9.52
30 ,  1 ,  37947 ,  59 ,  245 ,  39.65 ,  0.10 ,  8.93
30 ,  1 ,  37993 ,  59 ,  245 ,  37.34 ,  0.09 ,  8.24
30 ,  1 ,  38039 ,  12 ,  241 ,  35.25 ,  0.08 ,  7.94
30 ,  1 ,  38085 ,  12 ,  241 ,  33.59 ,  0.07 ,  7.44
30 ,  1 ,  38133 ,  12 ,  241 ,  32.16 ,  0.06 ,  6.95
30 ,  1 ,  38179 ,  33 ,  242 ,  30.95 ,  0.06 ,  6.55
30 ,  1 ,  38225 ,  33 ,  242 ,  29.74 ,  0.06 ,  6.15
30 ,  1 ,  38272 ,  33 ,  242 ,  28.75 ,  0.05 ,  5.85
30 ,  1 ,  38318 ,  217 ,  1 ,  27.76 ,  0.05 ,  5.56
30 ,  1 ,  38364 ,  217 ,  1 ,  27.98 ,  0.05 ,  5.46
30 ,  1 ,  38410 ,  217 ,  1 ,  33.92 ,  0.06 ,  5.95
30 ,  1 ,  38456 ,  68 ,  239 ,  40.42 ,  0.09 ,  7.44
30 ,  1 ,  38502 ,  68 ,  239 ,  40.31 ,  0.10 ,  7.74
30 ,  1 ,  38550 ,  68 ,  239 ,  39.10 ,  0.10 ,  7.74
30 ,  1 ,  38596 ,  61 ,  226 ,  37.34 ,  0.09 ,  7.54
30 ,  1 ,  38642 ,  61 ,  226 ,  36.13 ,  0.08 ,  7.44
30 ,  1 ,  38688 ,  61 ,  226 ,  35.47 ,  0.08 ,  7.24
30 ,  1 ,  38734 ,  57 ,  234 ,  34.80 ,  0.07 ,  7.04
30 ,  1 ,  38780 ,  57 ,  234 ,  34.03 ,  0.07 ,  6.85
30 ,  1 ,  38827 ,  57 ,  234 ,  33.26 ,  0.06 ,  6.65
30 ,  1 ,  38873 ,  35 ,  239 ,  32.60 ,  0.06 ,  6.55
30 ,  1 ,  38919 ,  35 ,  239 ,  31.83 ,  0.06 ,  6.35
30 ,  1 ,  38967 ,  35 ,  239 ,  31.17 ,  0.06 ,  6.15
30 ,  1 ,  39013 ,  44 ,  244 ,  30.51 ,  0.05 ,  6.05
30 ,  1 ,  39059 ,  44 ,  244 ,  29.74 ,  0.04 ,  5.85
30 ,  1 ,  39105 ,  44 ,  244 ,  28.97 ,  0.04 ,  5.66
30 ,  1 ,  39151 ,  242 ,  41 ,  28.20 ,  0.04 ,  5.46
30 ,  1 ,  39197 ,  242 ,  41 ,  29.52 ,  0.04 ,  5.36
30 ,  1 ,  39243 ,  242 ,  41 ,  40.53 ,  0.08 ,  7.04
30 ,  1 ,  39289 ,  17 ,  228 ,  50.44 ,  0.16 ,  10.02
30 ,  1 ,  39335 ,  17 ,  228 ,  49.89 ,  0.17 ,  10.52
30 ,  1 ,  39385 ,  17 ,  228 ,  48.24 ,  0.16 ,  10.42
30 ,  1 ,  39431 ,  223 ,  53 ,  46.26 ,  0.15 ,  10.12
30 ,  1 ,  39477 ,  223 ,  53 ,  46.15 ,  0.15 ,  10.12
30 ,  1 ,  39523 ,  223 ,  53 ,  48.02 ,  0.15 ,  10.12
30 ,  1 ,  39569 ,  66 ,  241 ,  52.09 ,  0.19 ,  11.11
30 ,  1 ,  39615 ,  66 ,  241 ,  51.76 ,  0.20 ,  11.31
30 ,  1 ,  39661 ,  66 ,  241 ,  48.13 ,  0.17 ,  10.91
30 ,  1 ,  39707 ,  217 ,  7 ,  44.83 ,  0.14 ,  10.22
30 ,  1 ,  39753 ,  217 ,  7 ,  44.94 ,  0.14 ,  10.12
30 ,  1 ,  39801 ,  217 ,  7 ,  47.14 ,  0.15 ,  10.12
30 ,  1 ,  39847 ,  234 ,  31 ,  50.66 ,  0.18 ,  10.91
30 ,  1 ,  39894 ,  234 ,  31 ,  55.07 ,  0.22 ,  12.10
30 ,  1 ,  39940 ,  234 ,  31 ,  59.58 ,  0.26 ,  13.59
30 ,  1 ,  39986 ,  255 ,  53 ,  63.11 ,  0.30 ,  14.78
30 ,  1 ,  40032 ,  255 ,  53 ,  67.95 ,  0.35 ,  16.27
30 ,  1 ,  40078 ,  255 ,  53 ,  73.02 ,  0.41 ,  17.76
30 ,  1 ,  40124 ,  255 ,  15 ,  76.98 ,  0.43 ,  18.95
30 ,  1 ,  40170 ,  255 ,  15 ,  80.07 ,  0.45 ,  19.84
30 ,  1 ,  40218 ,  255 ,  15 ,  82.49 ,  0.46 ,  20.54
30 ,  1 ,  40264 ,  50 ,  220 ,  84.47 ,  0.47 ,  21.03
30 ,  1 ,  40310 ,  50 ,  220 ,  81.06 ,  0.46 ,  20.94
30 ,  1 ,  40356 ,  50 ,  220 ,  74.67 ,  0.45 ,  19.94
30 ,  1 ,  40402 ,  255 ,  64 ,  69.05 ,  0.43 ,  18.75
30 ,  1 ,  40449 ,  255 ,  64 ,  68.83 ,  0.42 ,  18.45
30 ,  1 ,  40495 ,  255 ,  64 ,  72.03 ,  0.43 ,  18.75
30 ,  1 ,  40541 ,  39 ,  235 ,  77.20 ,  0.45 ,  19.74
30 ,  1 ,  40588 ,  39 ,  235 ,  74.12 ,  0.44 ,  19.65
30 ,  1 ,  40636 ,  39 ,  235 ,  67.07 ,  0.42 ,  18.36
30 ,  1 ,  40682 ,  29 ,  246 ,  60.79 ,  0.36 ,  16.67
30 ,  1 ,  40728 ,  29 ,  246 ,  55.07 ,  0.29 ,  14.98
30 ,  1 ,  40774 ,  29 ,  246 ,  49.89 ,  0.23 ,  13.20
30 ,  1 ,  40820 ,  0 ,  255 ,  45.60 ,  0.17 ,  11.61
30 ,  1 ,  40866 ,  0 ,  255 ,  41.41 ,  0.13 ,  10.12
30 ,  1 ,  40912 ,  0 ,  255 ,  37.67 ,  0.10 ,  8.73
30 ,  1 ,  40958 ,  18 ,  252 ,  34.14 ,  0.08 ,  7.64
30 ,  1 ,  41005 ,  18 ,  252 ,  31.17 ,  0.07 ,  6.85
30 ,  1 ,  41053 ,  18 ,  252 ,  28.53 ,  0.07 ,  6.05
30 ,  1 ,  41099 ,  77 ,  231 ,  26.21 ,  0.06 ,  5.36
30 ,  1 ,  41145 ,  77 ,  231 ,  25.22 ,  0.06 ,  4.96
30 ,  1 ,  41191 ,  77 ,  231 ,  24.78 ,  0.05 ,  4.76
30 ,  1 ,  41237 ,  59 ,  248 ,  24.34 ,  0.05 ,  4.56
30 ,  1 ,  41283 ,  59 ,  248 ,  23.46 ,  0.05 ,  4.37
30 ,  1 ,  41329 ,  59 ,  248 ,  22.47 ,  0.05 ,  4.17
30 ,  1 ,  41375 ,  238 ,  38 ,  21.59 ,  0.04 ,  3.87
30 ,  1 ,  41425 ,  238 ,  38 ,  24.67 ,  0.05 ,  3.87
30 ,  1 ,  41472 ,  238 ,  38 ,  36.57 ,  0.08 ,  5.85
30 ,  1 ,  41520 ,  63 ,  226 ,  47.36 ,  0.15 ,  8.93
30 ,  1 ,  41567 ,  63 ,  226 ,  46.81 ,  0.16 ,  9.52
30 ,  1 ,  41613 ,  63 ,  226 ,  46.15 ,  0.16 ,  9.52
30 ,  1 ,  41659 ,  38 ,  227 ,  44.50 ,  0.15 ,  9.33
30 ,  1 ,  41705 ,  38 ,  227 ,  43.28 ,  0.14 ,  9.13
30 ,  1 ,  41751 ,  38 ,  227 ,  42.07 ,  0.13 ,  9.03
30 ,  1 ,  41797 ,  49 ,  255 ,  41.30 ,  0.13 ,  8.83
30 ,  1 ,  41843 ,  49 ,  255 ,  38.88 ,  0.11 ,  8.33
30 ,  1 ,  41889 ,  49 ,  255 ,  35.69 ,  0.09 ,  7.54
30 ,  1 ,  41937 ,  231 ,  11 ,  32.60 ,  0.07 ,  6.65
30 ,  1 ,  41984 ,  231 ,  11 ,  32.82 ,  0.07 ,  6.55
30 ,  1 ,  42031 ,  231 ,  11 ,  40.75 ,  0.09 ,  7.44
30 ,  1 ,  42077 ,  244 ,  41 ,  48.35 ,  0.16 ,  9.62
30 ,  1 ,  42123 ,  244 ,  41 ,  55.40 ,  0.22 ,  11.81
30 ,  1 ,  42169 ,  244 ,  41 ,  61.35 ,  0.29 ,  13.89
30 ,  1 ,  42215 ,  237 ,  18 ,  65.97 ,  0.34 ,  15.58
30 ,  1 ,  42261 ,  237 ,  18 ,  68.94 ,  0.38 ,  16.67
30 ,  1 ,  42307 ,  237 ,  18 ,  71.15 ,  0.41 ,  17.46
30 ,  1 ,  42355 ,  255 ,  61 ,  72.91 ,  0.43 ,  18.06
30 ,  1 ,  42402 ,  255 ,  61 ,  75.55 ,  0.44 ,  18.75
30 ,  1 ,  42448 ,  255 ,  61 ,  78.41 ,  0.45 ,  19.55
30 ,  1 ,  42494 ,  211 ,  71 ,  80.84 ,  0.46 ,  20.14
30 ,  1 ,  42541 ,  211 ,  71 ,  80.84 ,  0.46 ,  20.34
30 ,  1 ,  42587 ,  211 ,  71 ,  80.29 ,  0.46 ,  20.34
30 ,  1 ,  42633 ,  235 ,  42 ,  79.74 ,  0.46 ,  20.34
30 ,  1 ,  42679 ,  235 ,  42 ,  79.85 ,  0.47 ,  20.34
30 ,  1 ,  42725 ,  235 ,  42 ,  80.62 ,  0.47 ,  20.44
30 ,  1 ,  42781 ,  27 ,  247 ,  81.39 ,  0.47 ,  20.64
30 ,  1 ,  42827 ,  27 ,  247 ,  76.76 ,  0.46 ,  20.34
30 ,  1 ,  42873 ,  27 ,  247 ,  66.63 ,  0.43 ,  18.45
30 ,  1 ,  42919 ,  10 ,  252 ,  57.82 ,  0.36 ,  16.07
30 ,  1 ,  42967 ,  10 ,  252 ,  50.66 ,  0.26 ,  13.69
30 ,  1 ,  43013 ,  10 ,  252 ,  44.72 ,  0.19 ,  11.41
30 ,  1 ,  43059 ,  236 ,  62 ,  39.65 ,  0.14 ,  9.52
30 ,  1 ,  43105 ,  236 ,  62 ,  40.09 ,  0.12 ,  9.23
30 ,  1 ,  43151 ,  236 ,  62 ,  46.81 ,  0.15 ,  10.32
30 ,  1 ,  43200 ,  0 ,  244 ,  54.41 ,  0.21 ,  12.50
30 ,  1 ,  43246 ,  0 ,  244 ,  53.09 ,  0.22 ,  12.80
30 ,  1 ,  43292 ,  0 ,  244 ,  49.34 ,  0.19 ,  12.01
30 ,  1 ,  43338 ,  51 ,  230 ,  45.60 ,  0.16 ,  10.91
30 ,  1 ,  43384 ,  51 ,  230 ,  42.73 ,  0.13 ,  10.02
30 ,  1 ,  43430 ,  51 ,  230 ,  40.53 ,  0.11 ,  9.33
30 ,  1 ,  43476 ,  50 ,  241 ,  38.66 ,  0.09 ,  8.93
30 ,  1 ,  43523 ,  50 ,  241 ,  36.68 ,  0.09 ,  8.43
30 ,  1 ,  43569 ,  50 ,  241 ,  34.80 ,  0.08 ,  7.74
30 ,  1 ,  43617 ,  213 ,  43 ,  33.04 ,  0.06 ,  7.24
30 ,  1 ,  43663 ,  213 ,  43 ,  33.37 ,  0.07 ,  7.04
30 ,  1 ,  43709 ,  213 ,  43 ,  37.23 ,  0.07 ,  7.24
30 ,  1 ,  43755 ,  241 ,  50 ,  42.18 ,  0.10 ,  8.33
30 ,  1 ,  43801 ,  241 ,  50 ,  49.12 ,  0.15 ,  10.22
30 ,  1 ,  43847 ,  241 ,  50 ,  56.28 ,  0.22 ,  12.50
30 ,  1 ,  43893 ,  53 ,  255 ,  61.90 ,  0.28 ,  14.39
30 ,  1 ,  43939 ,  53 ,  255 ,  59.80 ,  0.28 ,  14.68
30 ,  1 ,  43985 ,  53 ,  255 ,  52.54 ,  0.22 ,  13.39
30 ,  1 ,  44034 ,  240 ,  48 ,  45.82 ,  0.16 ,  11.31
30 ,  1 ,  44080 ,  240 ,  48 ,  46.04 ,  0.15 ,  11.01
30 ,  1 ,  44126 ,  240 ,  48 ,  51.65 ,  0.18 ,  11.71
30 ,  1 ,  44172 ,  252 ,  54 ,  58.15 ,  0.24 ,  13.49
30 ,  1 ,  44218 ,  252 ,  54 ,  64.54 ,  0.30 ,  15.38
30 ,  1 ,  44265 ,  252 ,  54 ,  69.94 ,  0.37 ,  17.07
30 ,  1 ,  44311 ,  1 ,  234 ,  74.12 ,  0.41 ,  18.36
30 ,  1 ,  44357 ,  1 ,  234 ,  71.26 ,  0.41 ,  18.36
30 ,  1 ,  44403 ,  1 ,  234 ,  64.87 ,  0.36 ,  17.07
30 ,  1 ,  44451 ,  58 ,  237 ,  59.03 ,  0.30 ,  15.58
30 ,  1 ,  44497 ,  58 ,  237 ,  54.30 ,  0.25 ,  14.19
30 ,  1 ,  44544 ,  58 ,  237 ,  50.33 ,  0.21 ,  12.90
30 ,  1 ,  44590 ,  51 ,  255 ,  46.81 ,  0.17 ,  11.71
30 ,  1 ,  44636 ,  51 ,  255 ,  43.17 ,  0.13 ,  10.52
30 ,  1 ,  44682 ,  51 ,  255 ,  39.10 ,  0.10 ,  9.43
30 ,  1 ,  44728 ,  13 ,  237 ,  35.58 ,  0.08 ,  8.24
30 ,  1 ,  44774 ,  13 ,  237 ,  33.15 ,  0.07 ,  7.44
30 ,  1 ,  44820 ,  13 ,  237 ,  31.28 ,  0.06 ,  6.75
