MS, MPT, t (s), PWMi, PWMe, Pressure (Psi), LW (V), Displacement (mm)
30 ,  3 ,  80606 ,  74 ,  249 ,  28.31 ,  0.05 ,  6.05
30 ,  3 ,  80650 ,  74 ,  249 ,  26.77 ,  0.05 ,  5.56
30 ,  3 ,  80695 ,  74 ,  249 ,  25.11 ,  0.05 ,  5.06
30 ,  3 ,  80739 ,  45 ,  228 ,  23.79 ,  0.05 ,  4.76
30 ,  3 ,  80788 ,  45 ,  228 ,  23.24 ,  0.04 ,  4.46
30 ,  3 ,  80833 ,  45 ,  228 ,  23.02 ,  0.04 ,  4.37
30 ,  3 ,  80877 ,  210 ,  27 ,  22.91 ,  0.04 ,  4.27
30 ,  3 ,  80921 ,  210 ,  27 ,  23.02 ,  0.04 ,  4.27
30 ,  3 ,  80968 ,  210 ,  27 ,  28.97 ,  0.05 ,  4.66
30 ,  3 ,  81012 ,  61 ,  238 ,  35.02 ,  0.07 ,  5.95
30 ,  3 ,  81056 ,  61 ,  238 ,  35.02 ,  0.08 ,  6.25
30 ,  3 ,  81100 ,  61 ,  238 ,  34.69 ,  0.08 ,  6.25
30 ,  3 ,  81144 ,  39 ,  234 ,  34.03 ,  0.07 ,  6.25
30 ,  3 ,  81189 ,  39 ,  234 ,  33.26 ,  0.07 ,  6.15
30 ,  3 ,  81233 ,  39 ,  234 ,  32.60 ,  0.07 ,  6.15
30 ,  3 ,  81277 ,  65 ,  223 ,  32.05 ,  0.07 ,  6.05
30 ,  3 ,  81321 ,  65 ,  223 ,  31.72 ,  0.07 ,  6.05
30 ,  3 ,  81368 ,  65 ,  223 ,  31.61 ,  0.06 ,  6.05
30 ,  3 ,  81412 ,  244 ,  45 ,  31.39 ,  0.06 ,  5.95
30 ,  3 ,  81457 ,  244 ,  45 ,  32.05 ,  0.06 ,  6.05
30 ,  3 ,  81501 ,  244 ,  45 ,  42.18 ,  0.11 ,  7.54
30 ,  3 ,  81545 ,  236 ,  61 ,  51.54 ,  0.18 ,  10.42
30 ,  3 ,  81589 ,  236 ,  61 ,  58.26 ,  0.25 ,  12.90
30 ,  3 ,  81633 ,  236 ,  61 ,  62.78 ,  0.30 ,  14.59
30 ,  3 ,  81677 ,  21 ,  255 ,  66.08 ,  0.35 ,  15.78
30 ,  3 ,  81722 ,  21 ,  255 ,  63.11 ,  0.34 ,  15.88
30 ,  3 ,  81768 ,  21 ,  255 ,  55.84 ,  0.28 ,  14.49
30 ,  3 ,  81812 ,  3 ,  223 ,  48.57 ,  0.21 ,  12.30
30 ,  3 ,  81856 ,  3 ,  223 ,  44.83 ,  0.16 ,  11.01
30 ,  3 ,  81900 ,  3 ,  223 ,  41.96 ,  0.13 ,  10.02
30 ,  3 ,  81945 ,  238 ,  69 ,  39.65 ,  0.11 ,  9.23
30 ,  3 ,  81989 ,  238 ,  69 ,  39.87 ,  0.11 ,  9.03
30 ,  3 ,  82033 ,  238 ,  69 ,  46.15 ,  0.14 ,  9.82
30 ,  3 ,  82077 ,  233 ,  26 ,  53.20 ,  0.19 ,  11.81
30 ,  3 ,  82121 ,  233 ,  26 ,  58.59 ,  0.25 ,  13.49
30 ,  3 ,  82168 ,  233 ,  26 ,  62.45 ,  0.30 ,  14.88
30 ,  3 ,  82212 ,  242 ,  26 ,  65.53 ,  0.33 ,  15.88
30 ,  3 ,  82256 ,  242 ,  26 ,  68.17 ,  0.37 ,  16.67
30 ,  3 ,  82300 ,  242 ,  26 ,  70.71 ,  0.40 ,  17.46
30 ,  3 ,  82344 ,  225 ,  0 ,  72.80 ,  0.41 ,  18.16
30 ,  3 ,  82390 ,  225 ,  0 ,  73.57 ,  0.42 ,  18.45
30 ,  3 ,  82434 ,  225 ,  0 ,  74.01 ,  0.43 ,  18.75
30 ,  3 ,  82478 ,  40 ,  234 ,  74.45 ,  0.43 ,  18.85
30 ,  3 ,  82522 ,  40 ,  234 ,  72.03 ,  0.43 ,  18.85
30 ,  3 ,  82566 ,  40 ,  234 ,  66.08 ,  0.40 ,  17.66
30 ,  3 ,  82613 ,  64 ,  243 ,  60.24 ,  0.34 ,  16.17
30 ,  3 ,  82657 ,  64 ,  243 ,  55.18 ,  0.28 ,  14.68
30 ,  3 ,  82701 ,  64 ,  243 ,  50.55 ,  0.23 ,  13.20
30 ,  3 ,  82745 ,  31 ,  234 ,  46.70 ,  0.18 ,  11.81
30 ,  3 ,  82789 ,  31 ,  234 ,  43.72 ,  0.15 ,  10.72
30 ,  3 ,  82833 ,  31 ,  234 ,  41.19 ,  0.12 ,  9.92
30 ,  3 ,  82878 ,  227 ,  18 ,  38.77 ,  0.10 ,  9.33
30 ,  3 ,  82922 ,  227 ,  18 ,  39.10 ,  0.10 ,  9.13
30 ,  3 ,  82966 ,  227 ,  18 ,  43.72 ,  0.11 ,  9.52
30 ,  3 ,  83012 ,  234 ,  68 ,  49.67 ,  0.16 ,  11.11
30 ,  3 ,  83056 ,  234 ,  68 ,  54.96 ,  0.21 ,  12.70
30 ,  3 ,  83101 ,  234 ,  68 ,  59.36 ,  0.25 ,  14.09
30 ,  3 ,  83145 ,  237 ,  35 ,  62.89 ,  0.29 ,  15.28
30 ,  3 ,  83189 ,  237 ,  35 ,  65.86 ,  0.33 ,  16.17
30 ,  3 ,  83233 ,  237 ,  35 ,  68.28 ,  0.36 ,  16.97
30 ,  3 ,  83277 ,  238 ,  0 ,  70.38 ,  0.39 ,  17.56
30 ,  3 ,  83322 ,  238 ,  0 ,  72.14 ,  0.41 ,  18.06
30 ,  3 ,  83366 ,  238 ,  0 ,  73.57 ,  0.42 ,  18.55
30 ,  3 ,  83412 ,  61 ,  246 ,  75.00 ,  0.43 ,  18.95
30 ,  3 ,  83457 ,  61 ,  246 ,  71.70 ,  0.42 ,  18.85
30 ,  3 ,  83501 ,  61 ,  246 ,  63.99 ,  0.37 ,  17.26
30 ,  3 ,  83546 ,  245 ,  11 ,  56.72 ,  0.29 ,  15.28
30 ,  3 ,  83590 ,  245 ,  11 ,  56.83 ,  0.27 ,  14.88
30 ,  3 ,  83634 ,  245 ,  11 ,  60.79 ,  0.30 ,  15.48
30 ,  3 ,  83678 ,  255 ,  62 ,  66.08 ,  0.35 ,  16.67
30 ,  3 ,  83722 ,  255 ,  62 ,  71.70 ,  0.40 ,  18.06
30 ,  3 ,  83766 ,  255 ,  62 ,  76.32 ,  0.43 ,  19.25
30 ,  3 ,  83813 ,  32 ,  252 ,  80.07 ,  0.45 ,  20.14
30 ,  3 ,  83857 ,  32 ,  252 ,  75.33 ,  0.44 ,  19.84
30 ,  3 ,  83901 ,  32 ,  252 ,  64.98 ,  0.39 ,  17.86
30 ,  3 ,  83945 ,  56 ,  229 ,  55.84 ,  0.29 ,  15.38
30 ,  3 ,  83990 ,  56 ,  229 ,  49.67 ,  0.22 ,  13.30
30 ,  3 ,  84034 ,  56 ,  229 ,  45.60 ,  0.17 ,  11.81
30 ,  3 ,  84078 ,  51 ,  249 ,  42.07 ,  0.13 ,  10.52
30 ,  3 ,  84122 ,  51 ,  249 ,  38.44 ,  0.11 ,  9.43
30 ,  3 ,  84166 ,  51 ,  249 ,  34.91 ,  0.09 ,  8.43
30 ,  3 ,  84213 ,  220 ,  43 ,  31.61 ,  0.08 ,  7.34
30 ,  3 ,  84257 ,  220 ,  43 ,  32.05 ,  0.07 ,  7.04
30 ,  3 ,  84301 ,  220 ,  43 ,  37.23 ,  0.08 ,  7.44
30 ,  3 ,  84345 ,  70 ,  244 ,  43.17 ,  0.11 ,  8.93
30 ,  3 ,  84389 ,  70 ,  244 ,  43.17 ,  0.12 ,  9.33
30 ,  3 ,  84433 ,  70 ,  244 ,  41.19 ,  0.11 ,  9.13
30 ,  3 ,  84478 ,  15 ,  255 ,  38.77 ,  0.10 ,  8.83
30 ,  3 ,  84523 ,  15 ,  255 ,  36.02 ,  0.08 ,  8.14
30 ,  3 ,  84567 ,  15 ,  255 ,  33.26 ,  0.06 ,  7.44
30 ,  3 ,  84613 ,  229 ,  63 ,  30.73 ,  0.06 ,  6.75
30 ,  3 ,  84657 ,  229 ,  63 ,  30.84 ,  0.06 ,  6.55
30 ,  3 ,  84702 ,  229 ,  63 ,  37.89 ,  0.08 ,  7.34
30 ,  3 ,  84746 ,  46 ,  255 ,  45.38 ,  0.12 ,  9.23
30 ,  3 ,  84790 ,  46 ,  255 ,  45.05 ,  0.13 ,  9.62
30 ,  3 ,  84835 ,  46 ,  255 ,  41.30 ,  0.11 ,  9.13
30 ,  3 ,  84879 ,  50 ,  236 ,  37.45 ,  0.09 ,  8.33
30 ,  3 ,  84923 ,  50 ,  236 ,  35.02 ,  0.07 ,  7.74
30 ,  3 ,  84967 ,  50 ,  236 ,  33.04 ,  0.06 ,  7.14
30 ,  3 ,  85013 ,  34 ,  255 ,  31.17 ,  0.05 ,  6.65
30 ,  3 ,  85057 ,  34 ,  255 ,  29.19 ,  0.05 ,  6.15
30 ,  3 ,  85102 ,  34 ,  255 ,  27.21 ,  0.05 ,  5.66
30 ,  3 ,  85146 ,  45 ,  250 ,  25.44 ,  0.04 ,  5.16
30 ,  3 ,  85190 ,  45 ,  250 ,  24.01 ,  0.04 ,  4.76
30 ,  3 ,  85234 ,  45 ,  250 ,  22.69 ,  0.04 ,  4.37
30 ,  3 ,  85278 ,  12 ,  249 ,  21.48 ,  0.04 ,  4.07
30 ,  3 ,  85322 ,  12 ,  249 ,  20.49 ,  0.04 ,  3.87
30 ,  3 ,  85366 ,  12 ,  249 ,  19.61 ,  0.04 ,  3.57
30 ,  3 ,  85413 ,  34 ,  255 ,  18.84 ,  0.03 ,  3.37
30 ,  3 ,  85457 ,  34 ,  255 ,  17.96 ,  0.03 ,  3.17
30 ,  3 ,  85501 ,  34 ,  255 ,  17.18 ,  0.03 ,  2.98
30 ,  3 ,  85545 ,  78 ,  244 ,  16.41 ,  0.03 ,  2.88
30 ,  3 ,  85590 ,  78 ,  244 ,  16.08 ,  0.04 ,  2.68
30 ,  3 ,  85635 ,  78 ,  244 ,  15.86 ,  0.03 ,  2.68
30 ,  3 ,  85679 ,  34 ,  253 ,  15.64 ,  0.03 ,  2.58
30 ,  3 ,  85723 ,  34 ,  253 ,  15.20 ,  0.03 ,  2.48
30 ,  3 ,  85767 ,  34 ,  253 ,  14.76 ,  0.03 ,  2.38
30 ,  3 ,  85813 ,  39 ,  221 ,  14.32 ,  0.03 ,  2.28
30 ,  3 ,  85857 ,  39 ,  221 ,  14.43 ,  0.03 ,  2.28
30 ,  3 ,  85902 ,  39 ,  221 ,  14.43 ,  0.03 ,  2.18
30 ,  3 ,  85946 ,  20 ,  233 ,  14.43 ,  0.04 ,  2.18
30 ,  3 ,  85990 ,  20 ,  233 ,  14.43 ,  0.03 ,  2.18
30 ,  3 ,  86034 ,  20 ,  233 ,  14.43 ,  0.03 ,  2.18
30 ,  3 ,  86078 ,  229 ,  47 ,  14.43 ,  0.03 ,  2.18
30 ,  3 ,  86122 ,  229 ,  47 ,  16.52 ,  0.03 ,  2.08
30 ,  3 ,  86166 ,  229 ,  47 ,  27.32 ,  0.05 ,  3.37
30 ,  3 ,  86228 ,  221 ,  15 ,  41.19 ,  0.11 ,  6.65
30 ,  3 ,  86273 ,  221 ,  15 ,  47.14 ,  0.16 ,  8.63
30 ,  3 ,  86317 ,  221 ,  15 ,  50.99 ,  0.20 ,  10.12
30 ,  3 ,  86361 ,  233 ,  0 ,  53.86 ,  0.23 ,  11.31
30 ,  3 ,  86406 ,  233 ,  0 ,  56.94 ,  0.27 ,  12.40
30 ,  3 ,  86450 ,  233 ,  0 ,  59.58 ,  0.30 ,  13.39
30 ,  3 ,  86494 ,  224 ,  57 ,  62.01 ,  0.33 ,  14.29
30 ,  3 ,  86538 ,  224 ,  57 ,  63.44 ,  0.35 ,  14.98
30 ,  3 ,  86582 ,  224 ,  57 ,  64.54 ,  0.37 ,  15.48
30 ,  3 ,  86629 ,  233 ,  62 ,  65.64 ,  0.38 ,  15.88
30 ,  3 ,  86673 ,  233 ,  62 ,  67.07 ,  0.40 ,  16.37
30 ,  3 ,  86717 ,  233 ,  62 ,  68.50 ,  0.41 ,  16.77
30 ,  3 ,  86761 ,  247 ,  10 ,  69.71 ,  0.43 ,  17.26
30 ,  3 ,  86805 ,  247 ,  10 ,  71.81 ,  0.43 ,  17.76
30 ,  3 ,  86849 ,  247 ,  10 ,  74.45 ,  0.45 ,  18.55
30 ,  3 ,  86894 ,  243 ,  82 ,  76.65 ,  0.46 ,  19.15
30 ,  3 ,  86938 ,  243 ,  82 ,  78.41 ,  0.46 ,  19.65
30 ,  3 ,  86982 ,  243 ,  82 ,  79.74 ,  0.47 ,  19.94
30 ,  3 ,  87028 ,  255 ,  50 ,  80.95 ,  0.47 ,  20.34
30 ,  3 ,  87073 ,  255 ,  50 ,  82.71 ,  0.47 ,  20.74
30 ,  3 ,  87117 ,  255 ,  50 ,  84.47 ,  0.48 ,  21.23
30 ,  3 ,  87161 ,  252 ,  22 ,  86.12 ,  0.48 ,  21.63
30 ,  3 ,  87205 ,  252 ,  22 ,  87.34 ,  0.48 ,  21.93
30 ,  3 ,  87249 ,  252 ,  22 ,  88.44 ,  0.48 ,  22.13
30 ,  3 ,  87293 ,  248 ,  49 ,  89.32 ,  0.48 ,  22.42
30 ,  3 ,  87339 ,  248 ,  49 ,  89.98 ,  0.48 ,  22.52
30 ,  3 ,  87383 ,  248 ,  49 ,  90.42 ,  0.49 ,  22.72
30 ,  3 ,  87429 ,  231 ,  40 ,  90.97 ,  0.48 ,  22.82
30 ,  3 ,  87473 ,  231 ,  40 ,  90.97 ,  0.48 ,  22.92
30 ,  3 ,  87518 ,  231 ,  40 ,  90.64 ,  0.49 ,  22.92
30 ,  3 ,  87562 ,  247 ,  8 ,  90.53 ,  0.48 ,  22.92
30 ,  3 ,  87606 ,  247 ,  8 ,  90.42 ,  0.48 ,  22.92
30 ,  3 ,  87650 ,  247 ,  8 ,  90.64 ,  0.49 ,  23.02
30 ,  3 ,  87694 ,  231 ,  35 ,  90.86 ,  0.48 ,  23.02
30 ,  3 ,  87738 ,  231 ,  35 ,  90.86 ,  0.48 ,  23.02
30 ,  3 ,  87782 ,  231 ,  35 ,  90.64 ,  0.49 ,  23.12
30 ,  3 ,  87829 ,  53 ,  237 ,  90.53 ,  0.48 ,  23.02
30 ,  3 ,  87873 ,  53 ,  237 ,  84.80 ,  0.48 ,  22.62
30 ,  3 ,  87917 ,  53 ,  237 ,  75.33 ,  0.48 ,  21.03
30 ,  3 ,  87961 ,  16 ,  245 ,  66.85 ,  0.46 ,  19.15
30 ,  3 ,  88006 ,  16 ,  245 ,  59.69 ,  0.42 ,  17.16
30 ,  3 ,  88050 ,  16 ,  245 ,  53.64 ,  0.35 ,  15.18
30 ,  3 ,  88094 ,  222 ,  76 ,  48.79 ,  0.27 ,  13.30
30 ,  3 ,  88138 ,  222 ,  76 ,  49.01 ,  0.25 ,  12.90
30 ,  3 ,  88182 ,  222 ,  76 ,  50.55 ,  0.24 ,  12.90
30 ,  3 ,  88229 ,  234 ,  25 ,  53.75 ,  0.27 ,  13.59
30 ,  3 ,  88273 ,  234 ,  25 ,  58.04 ,  0.31 ,  14.68
30 ,  3 ,  88317 ,  234 ,  25 ,  62.12 ,  0.35 ,  15.88
30 ,  3 ,  88361 ,  255 ,  50 ,  65.31 ,  0.38 ,  16.77
30 ,  3 ,  88406 ,  255 ,  50 ,  69.83 ,  0.42 ,  17.86
30 ,  3 ,  88451 ,  255 ,  50 ,  74.67 ,  0.44 ,  19.15
30 ,  3 ,  88495 ,  255 ,  8 ,  78.53 ,  0.46 ,  20.04
30 ,  3 ,  88539 ,  255 ,  8 ,  81.50 ,  0.47 ,  20.74
30 ,  3 ,  88583 ,  255 ,  8 ,  83.70 ,  0.47 ,  21.33
30 ,  3 ,  88629 ,  53 ,  255 ,  85.57 ,  0.47 ,  21.73
30 ,  3 ,  88674 ,  53 ,  255 ,  79.19 ,  0.47 ,  21.23
30 ,  3 ,  88718 ,  53 ,  255 ,  67.07 ,  0.44 ,  19.05
30 ,  3 ,  88762 ,  227 ,  20 ,  54.74 ,  0.34 ,  15.78
30 ,  3 ,  88806 ,  227 ,  20 ,  55.07 ,  0.31 ,  14.88
30 ,  3 ,  88850 ,  227 ,  20 ,  56.17 ,  0.30 ,  14.88
30 ,  3 ,  88895 ,  237 ,  28 ,  59.14 ,  0.33 ,  15.58
30 ,  3 ,  88939 ,  237 ,  28 ,  62.78 ,  0.36 ,  16.37
30 ,  3 ,  88983 ,  237 ,  28 ,  66.30 ,  0.40 ,  17.36
30 ,  3 ,  89029 ,  15 ,  232 ,  69.16 ,  0.42 ,  18.06
30 ,  3 ,  89074 ,  15 ,  232 ,  67.29 ,  0.42 ,  18.16
30 ,  3 ,  89118 ,  15 ,  232 ,  62.56 ,  0.38 ,  17.16
30 ,  3 ,  89162 ,  242 ,  59 ,  58.04 ,  0.34 ,  15.97
30 ,  3 ,  89206 ,  242 ,  59 ,  58.04 ,  0.33 ,  15.78
30 ,  3 ,  89250 ,  242 ,  59 ,  60.57 ,  0.34 ,  15.97
30 ,  3 ,  89294 ,  246 ,  38 ,  65.31 ,  0.38 ,  17.07
30 ,  3 ,  89339 ,  246 ,  38 ,  69.94 ,  0.42 ,  18.16
30 ,  3 ,  89383 ,  246 ,  38 ,  73.57 ,  0.43 ,  19.05
30 ,  3 ,  89430 ,  231 ,  23 ,  76.54 ,  0.44 ,  19.74
30 ,  3 ,  89474 ,  231 ,  23 ,  77.86 ,  0.45 ,  20.14
30 ,  3 ,  89519 ,  231 ,  23 ,  78.53 ,  0.46 ,  20.34
30 ,  3 ,  89563 ,  54 ,  243 ,  79.19 ,  0.46 ,  20.54
30 ,  3 ,  89607 ,  54 ,  243 ,  75.44 ,  0.46 ,  20.24
30 ,  3 ,  89651 ,  54 ,  243 ,  67.07 ,  0.43 ,  18.75
30 ,  3 ,  89695 ,  220 ,  77 ,  59.58 ,  0.37 ,  16.87
30 ,  3 ,  89739 ,  220 ,  77 ,  59.36 ,  0.35 ,  16.37
30 ,  3 ,  89784 ,  220 ,  77 ,  59.47 ,  0.35 ,  16.37
30 ,  3 ,  89830 ,  236 ,  70 ,  60.68 ,  0.35 ,  16.37
30 ,  3 ,  89874 ,  236 ,  70 ,  63.66 ,  0.37 ,  16.87
30 ,  3 ,  89918 ,  236 ,  70 ,  66.85 ,  0.40 ,  17.66
30 ,  3 ,  89963 ,  35 ,  237 ,  69.60 ,  0.42 ,  18.36
30 ,  3 ,  90007 ,  35 ,  237 ,  67.51 ,  0.42 ,  18.36
30 ,  3 ,  90051 ,  35 ,  237 ,  62.12 ,  0.38 ,  17.16
30 ,  3 ,  90095 ,  23 ,  233 ,  56.94 ,  0.33 ,  15.88
30 ,  3 ,  90139 ,  23 ,  233 ,  52.76 ,  0.28 ,  14.68
30 ,  3 ,  90184 ,  23 ,  233 ,  49.34 ,  0.24 ,  13.49
30 ,  3 ,  90226 ,  55 ,  255 ,  46.48 ,  0.20 ,  12.50
30 ,  3 ,  90271 ,  55 ,  255 ,  43.28 ,  0.17 ,  11.41
30 ,  3 ,  90315 ,  55 ,  255 ,  39.76 ,  0.14 ,  10.02
30 ,  3 ,  90359 ,  245 ,  30 ,  36.46 ,  0.11 ,  8.73
30 ,  3 ,  90403 ,  245 ,  30 ,  37.56 ,  0.10 ,  8.43
30 ,  3 ,  90447 ,  245 ,  30 ,  45.93 ,  0.15 ,  10.12
30 ,  3 ,  90491 ,  28 ,  255 ,  54.74 ,  0.22 ,  12.80
30 ,  3 ,  90536 ,  28 ,  255 ,  53.31 ,  0.23 ,  13.30
30 ,  3 ,  90580 ,  28 ,  255 ,  48.46 ,  0.19 ,  12.10
30 ,  3 ,  90627 ,  69 ,  242 ,  43.50 ,  0.15 ,  10.72
30 ,  3 ,  90671 ,  69 ,  242 ,  39.65 ,  0.12 ,  9.52
30 ,  3 ,  90716 ,  69 ,  242 ,  36.57 ,  0.10 ,  8.53
30 ,  3 ,  90760 ,  255 ,  32 ,  33.81 ,  0.09 ,  7.94
30 ,  3 ,  90804 ,  255 ,  32 ,  36.24 ,  0.08 ,  7.74
30 ,  3 ,  90848 ,  255 ,  32 ,  47.25 ,  0.14 ,  9.92
30 ,  3 ,  90892 ,  211 ,  26 ,  57.71 ,  0.23 ,  13.39
30 ,  3 ,  90936 ,  211 ,  26 ,  61.46 ,  0.29 ,  14.98
30 ,  3 ,  90981 ,  211 ,  26 ,  63.00 ,  0.32 ,  15.58
30 ,  3 ,  91027 ,  223 ,  53 ,  64.21 ,  0.34 ,  16.07
30 ,  3 ,  91071 ,  223 ,  53 ,  65.97 ,  0.36 ,  16.57
30 ,  3 ,  91115 ,  223 ,  53 ,  67.73 ,  0.38 ,  17.16
30 ,  3 ,  91160 ,  0 ,  230 ,  69.38 ,  0.39 ,  17.56
30 ,  3 ,  91204 ,  0 ,  230 ,  67.40 ,  0.39 ,  17.66
30 ,  3 ,  91248 ,  0 ,  230 ,  63.00 ,  0.36 ,  16.77
30 ,  3 ,  91292 ,  30 ,  238 ,  58.59 ,  0.32 ,  15.68
30 ,  3 ,  91336 ,  30 ,  238 ,  54.63 ,  0.27 ,  14.59
30 ,  3 ,  91380 ,  30 ,  238 ,  50.88 ,  0.23 ,  13.39
30 ,  3 ,  91427 ,  237 ,  38 ,  47.69 ,  0.19 ,  12.30
30 ,  3 ,  91471 ,  237 ,  38 ,  47.80 ,  0.18 ,  12.10
30 ,  3 ,  91515 ,  237 ,  38 ,  52.20 ,  0.21 ,  12.70
30 ,  3 ,  91559 ,  242 ,  75 ,  57.93 ,  0.26 ,  14.29
30 ,  3 ,  91604 ,  242 ,  75 ,  63.11 ,  0.31 ,  15.78
30 ,  3 ,  91649 ,  242 ,  75 ,  67.29 ,  0.36 ,  16.97
30 ,  3 ,  91693 ,  56 ,  247 ,  70.71 ,  0.40 ,  17.86
30 ,  3 ,  91737 ,  56 ,  247 ,  67.84 ,  0.39 ,  17.86
30 ,  3 ,  91781 ,  56 ,  247 ,  60.79 ,  0.33 ,  16.37
30 ,  3 ,  91828 ,  13 ,  255 ,  53.97 ,  0.27 ,  14.59
30 ,  3 ,  91872 ,  13 ,  255 ,  47.69 ,  0.20 ,  12.60
30 ,  3 ,  91916 ,  13 ,  255 ,  42.51 ,  0.15 ,  10.81
30 ,  3 ,  91960 ,  232 ,  63 ,  38.00 ,  0.12 ,  9.33
30 ,  3 ,  92005 ,  232 ,  63 ,  38.33 ,  0.10 ,  9.13
30 ,  3 ,  92049 ,  232 ,  63 ,  43.72 ,  0.13 ,  9.72
30 ,  3 ,  92093 ,  36 ,  221 ,  50.22 ,  0.17 ,  11.51
30 ,  3 ,  92137 ,  36 ,  221 ,  50.00 ,  0.18 ,  11.91
30 ,  3 ,  92181 ,  36 ,  221 ,  49.56 ,  0.18 ,  11.91
30 ,  3 ,  92228 ,  0 ,  255 ,  48.13 ,  0.17 ,  11.71
30 ,  3 ,  92272 ,  0 ,  255 ,  44.83 ,  0.14 ,  10.91
30 ,  3 ,  92316 ,  0 ,  255 ,  40.64 ,  0.12 ,  10.12
30 ,  3 ,  92360 ,  14 ,  255 ,  36.90 ,  0.09 ,  9.03
30 ,  3 ,  92405 ,  14 ,  255 ,  33.59 ,  0.08 ,  7.94
30 ,  3 ,  92449 ,  14 ,  255 ,  30.95 ,  0.07 ,  7.14
30 ,  3 ,  92493 ,  24 ,  255 ,  28.53 ,  0.06 ,  6.35
30 ,  3 ,  92537 ,  24 ,  255 ,  26.32 ,  0.06 ,  5.66
30 ,  3 ,  92582 ,  24 ,  255 ,  24.45 ,  0.05 ,  5.06
30 ,  3 ,  92626 ,  22 ,  241 ,  22.80 ,  0.05 ,  4.56
30 ,  3 ,  92673 ,  22 ,  241 ,  21.70 ,  0.05 ,  4.27
30 ,  3 ,  92717 ,  22 ,  241 ,  21.04 ,  0.05 ,  4.07
30 ,  3 ,  92762 ,  11 ,  245 ,  20.38 ,  0.05 ,  3.77
30 ,  3 ,  92806 ,  11 ,  245 ,  19.61 ,  0.05 ,  3.67
30 ,  3 ,  92850 ,  11 ,  245 ,  18.95 ,  0.05 ,  3.47
30 ,  3 ,  92894 ,  28 ,  233 ,  18.29 ,  0.04 ,  3.27
30 ,  3 ,  92939 ,  28 ,  233 ,  18.18 ,  0.04 ,  3.17
30 ,  3 ,  92983 ,  28 ,  233 ,  18.07 ,  0.04 ,  3.17
30 ,  3 ,  93027 ,  52 ,  253 ,  18.07 ,  0.04 ,  3.08
30 ,  3 ,  93074 ,  52 ,  253 ,  17.51 ,  0.04 ,  2.98
30 ,  3 ,  93118 ,  52 ,  253 ,  16.96 ,  0.04 ,  2.88
30 ,  3 ,  93162 ,  255 ,  19 ,  16.41 ,  0.04 ,  2.78
30 ,  3 ,  93206 ,  255 ,  19 ,  20.60 ,  0.04 ,  2.78
30 ,  3 ,  93251 ,  255 ,  19 ,  36.57 ,  0.08 ,  5.46
30 ,  3 ,  93295 ,  229 ,  39 ,  50.44 ,  0.18 ,  9.62
30 ,  3 ,  93339 ,  229 ,  39 ,  56.72 ,  0.25 ,  12.30
30 ,  3 ,  93383 ,  229 ,  39 ,  61.13 ,  0.31 ,  13.99
30 ,  3 ,  93428 ,  57 ,  252 ,  64.32 ,  0.36 ,  15.28
30 ,  3 ,  93484 ,  57 ,  252 ,  60.46 ,  0.34 ,  15.08
30 ,  3 ,  93531 ,  44 ,  224 ,  53.20 ,  0.27 ,  13.59
30 ,  3 ,  93577 ,  44 ,  224 ,  48.24 ,  0.21 ,  12.01
30 ,  3 ,  93624 ,  44 ,  224 ,  44.94 ,  0.18 ,  10.91
30 ,  3 ,  93677 ,  68 ,  230 ,  41.74 ,  0.14 ,  9.92
30 ,  3 ,  93723 ,  68 ,  230 ,  39.10 ,  0.12 ,  9.03
30 ,  3 ,  93769 ,  68 ,  230 ,  36.90 ,  0.10 ,  8.24
30 ,  3 ,  93816 ,  44 ,  249 ,  34.80 ,  0.08 ,  7.64
30 ,  3 ,  93862 ,  44 ,  249 ,  32.38 ,  0.07 ,  6.95
30 ,  3 ,  93912 ,  44 ,  249 ,  29.96 ,  0.06 ,  6.25
30 ,  3 ,  93958 ,  254 ,  9 ,  27.76 ,  0.06 ,  5.66
30 ,  3 ,  94004 ,  254 ,  9 ,  30.51 ,  0.06 ,  5.46
30 ,  3 ,  94050 ,  254 ,  9 ,  43.84 ,  0.11 ,  8.04
30 ,  3 ,  94096 ,  72 ,  241 ,  55.73 ,  0.22 ,  11.91
30 ,  3 ,  94142 ,  72 ,  241 ,  54.74 ,  0.24 ,  12.70
30 ,  3 ,  94189 ,  72 ,  241 ,  50.77 ,  0.21 ,  12.10
30 ,  3 ,  94235 ,  236 ,  78 ,  46.92 ,  0.19 ,  11.21
30 ,  3 ,  94281 ,  236 ,  78 ,  46.81 ,  0.17 ,  11.01
30 ,  3 ,  94330 ,  236 ,  78 ,  52.31 ,  0.21 ,  11.71
30 ,  3 ,  94376 ,  228 ,  81 ,  57.82 ,  0.26 ,  13.30
30 ,  3 ,  94423 ,  228 ,  81 ,  61.57 ,  0.31 ,  14.59
30 ,  3 ,  94469 ,  228 ,  81 ,  64.32 ,  0.34 ,  15.48
30 ,  3 ,  94515 ,  232 ,  36 ,  66.30 ,  0.37 ,  16.27
30 ,  3 ,  94562 ,  232 ,  36 ,  68.28 ,  0.39 ,  16.77
30 ,  3 ,  94608 ,  232 ,  36 ,  69.94 ,  0.41 ,  17.36
30 ,  3 ,  94654 ,  32 ,  238 ,  71.48 ,  0.43 ,  17.86
30 ,  3 ,  94700 ,  32 ,  238 ,  68.72 ,  0.42 ,  17.86
30 ,  3 ,  94749 ,  32 ,  238 ,  62.34 ,  0.37 ,  16.47
30 ,  3 ,  94795 ,  225 ,  37 ,  56.61 ,  0.31 ,  14.98
30 ,  3 ,  94841 ,  225 ,  37 ,  56.61 ,  0.30 ,  14.59
30 ,  3 ,  94888 ,  225 ,  37 ,  57.27 ,  0.30 ,  14.68
30 ,  3 ,  94935 ,  255 ,  36 ,  59.91 ,  0.32 ,  15.08
30 ,  3 ,  94981 ,  255 ,  36 ,  65.64 ,  0.37 ,  16.37
30 ,  3 ,  95027 ,  255 ,  36 ,  72.25 ,  0.43 ,  18.06
30 ,  3 ,  95073 ,  226 ,  38 ,  77.31 ,  0.45 ,  19.35
30 ,  3 ,  95120 ,  226 ,  38 ,  78.86 ,  0.46 ,  19.94
30 ,  3 ,  95168 ,  226 ,  38 ,  79.30 ,  0.46 ,  20.14
30 ,  3 ,  95214 ,  240 ,  27 ,  79.74 ,  0.46 ,  20.24
30 ,  3 ,  95261 ,  240 ,  27 ,  80.84 ,  0.47 ,  20.54
30 ,  3 ,  95307 ,  240 ,  27 ,  82.05 ,  0.47 ,  20.84
30 ,  3 ,  95353 ,  233 ,  36 ,  83.15 ,  0.47 ,  21.13
30 ,  3 ,  95399 ,  233 ,  36 ,  83.92 ,  0.47 ,  21.33
30 ,  3 ,  95446 ,  233 ,  36 ,  84.47 ,  0.48 ,  21.53
30 ,  3 ,  95493 ,  62 ,  218 ,  85.02 ,  0.48 ,  21.73
30 ,  3 ,  95539 ,  62 ,  218 ,  81.83 ,  0.48 ,  21.53
30 ,  3 ,  95587 ,  62 ,  218 ,  75.44 ,  0.47 ,  20.54
30 ,  3 ,  95634 ,  67 ,  250 ,  70.05 ,  0.45 ,  19.35
30 ,  3 ,  95680 ,  67 ,  250 ,  62.89 ,  0.42 ,  17.76
30 ,  3 ,  95726 ,  67 ,  250 ,  55.29 ,  0.34 ,  15.48
30 ,  3 ,  95772 ,  1 ,  242 ,  48.90 ,  0.25 ,  13.30
30 ,  3 ,  95818 ,  1 ,  242 ,  44.06 ,  0.19 ,  11.41
30 ,  3 ,  95865 ,  1 ,  242 ,  40.09 ,  0.14 ,  9.92
30 ,  3 ,  95911 ,  18 ,  251 ,  36.79 ,  0.12 ,  8.73
30 ,  3 ,  95958 ,  18 ,  251 ,  33.48 ,  0.10 ,  7.84
30 ,  3 ,  96006 ,  18 ,  251 ,  30.29 ,  0.09 ,  6.85
30 ,  3 ,  96052 ,  21 ,  238 ,  27.65 ,  0.08 ,  6.05
30 ,  3 ,  96099 ,  21 ,  238 ,  25.99 ,  0.07 ,  5.46
30 ,  3 ,  96145 ,  21 ,  238 ,  24.89 ,  0.06 ,  5.06
30 ,  3 ,  96191 ,  220 ,  72 ,  23.79 ,  0.06 ,  4.76
30 ,  3 ,  96237 ,  220 ,  72 ,  24.45 ,  0.06 ,  4.66
30 ,  3 ,  96283 ,  220 ,  72 ,  31.94 ,  0.07 ,  5.46
30 ,  3 ,  96329 ,  218 ,  21 ,  39.65 ,  0.11 ,  7.24
30 ,  3 ,  96376 ,  218 ,  21 ,  45.27 ,  0.15 ,  9.03
30 ,  3 ,  96424 ,  218 ,  21 ,  49.45 ,  0.19 ,  10.42
30 ,  3 ,  96471 ,  222 ,  59 ,  52.42 ,  0.22 ,  11.51
30 ,  3 ,  96518 ,  222 ,  59 ,  54.96 ,  0.25 ,  12.50
30 ,  3 ,  96564 ,  222 ,  59 ,  57.16 ,  0.28 ,  13.30
30 ,  3 ,  96610 ,  237 ,  58 ,  58.92 ,  0.30 ,  13.99
30 ,  3 ,  96656 ,  237 ,  58 ,  61.57 ,  0.33 ,  14.78
30 ,  3 ,  96702 ,  237 ,  58 ,  64.43 ,  0.36 ,  15.78
30 ,  3 ,  96749 ,  253 ,  39 ,  67.07 ,  0.39 ,  16.57
30 ,  3 ,  96795 ,  253 ,  39 ,  70.60 ,  0.42 ,  17.66
30 ,  3 ,  96843 ,  253 ,  39 ,  74.78 ,  0.44 ,  18.85
30 ,  3 ,  96890 ,  58 ,  251 ,  77.97 ,  0.46 ,  19.65
30 ,  3 ,  96936 ,  58 ,  251 ,  73.24 ,  0.45 ,  19.45
30 ,  3 ,  96983 ,  58 ,  251 ,  63.33 ,  0.41 ,  17.36
30 ,  3 ,  97029 ,  66 ,  238 ,  54.41 ,  0.31 ,  14.78
30 ,  3 ,  97075 ,  66 ,  238 ,  48.02 ,  0.23 ,  12.60
30 ,  3 ,  97122 ,  66 ,  238 ,  43.28 ,  0.17 ,  10.81
30 ,  3 ,  97168 ,  48 ,  243 ,  39.32 ,  0.13 ,  9.52
30 ,  3 ,  97214 ,  48 ,  243 ,  35.58 ,  0.11 ,  8.53
30 ,  3 ,  97263 ,  48 ,  243 ,  32.38 ,  0.09 ,  7.34
30 ,  3 ,  97309 ,  21 ,  254 ,  29.74 ,  0.08 ,  6.55
30 ,  3 ,  97355 ,  21 ,  254 ,  26.99 ,  0.07 ,  5.75
30 ,  3 ,  97401 ,  21 ,  254 ,  24.45 ,  0.06 ,  5.06
30 ,  3 ,  97447 ,  241 ,  21 ,  22.25 ,  0.06 ,  4.46
30 ,  3 ,  97494 ,  241 ,  21 ,  24.56 ,  0.06 ,  4.37
30 ,  3 ,  97541 ,  241 ,  21 ,  36.35 ,  0.09 ,  6.15
30 ,  3 ,  97587 ,  221 ,  0 ,  47.25 ,  0.16 ,  9.33
30 ,  3 ,  97633 ,  221 ,  0 ,  53.31 ,  0.22 ,  11.61
30 ,  3 ,  97681 ,  221 ,  0 ,  57.05 ,  0.27 ,  13.10
30 ,  3 ,  97728 ,  15 ,  224 ,  59.91 ,  0.31 ,  14.09
30 ,  3 ,  97774 ,  15 ,  224 ,  59.25 ,  0.31 ,  14.29
30 ,  3 ,  97820 ,  15 ,  224 ,  56.39 ,  0.29 ,  13.99
30 ,  3 ,  97867 ,  51 ,  255 ,  53.53 ,  0.26 ,  13.30
30 ,  3 ,  97913 ,  51 ,  255 ,  49.01 ,  0.22 ,  12.40
30 ,  3 ,  97959 ,  51 ,  255 ,  43.84 ,  0.18 ,  10.81
30 ,  3 ,  98007 ,  239 ,  40 ,  39.21 ,  0.13 ,  9.43
30 ,  3 ,  98053 ,  239 ,  40 ,  39.54 ,  0.12 ,  9.13
30 ,  3 ,  98101 ,  239 ,  40 ,  47.03 ,  0.16 ,  10.22
30 ,  3 ,  98147 ,  11 ,  241 ,  54.96 ,  0.23 ,  12.50
30 ,  3 ,  98194 ,  11 ,  241 ,  54.08 ,  0.24 ,  12.90
30 ,  3 ,  98240 ,  11 ,  241 ,  50.22 ,  0.21 ,  12.20
30 ,  3 ,  98286 ,  67 ,  247 ,  46.48 ,  0.18 ,  11.41
30 ,  3 ,  98332 ,  67 ,  247 ,  43.06 ,  0.15 ,  10.42
30 ,  3 ,  98379 ,  67 ,  247 ,  39.87 ,  0.12 ,  9.52
30 ,  3 ,  98425 ,  245 ,  14 ,  37.12 ,  0.10 ,  8.63
30 ,  3 ,  98471 ,  245 ,  14 ,  38.44 ,  0.10 ,  8.43
30 ,  3 ,  98520 ,  245 ,  14 ,  47.25 ,  0.14 ,  10.02
30 ,  3 ,  98567 ,  242 ,  69 ,  56.50 ,  0.23 ,  12.80
30 ,  3 ,  98613 ,  242 ,  69 ,  62.89 ,  0.31 ,  14.88
30 ,  3 ,  98659 ,  242 ,  69 ,  67.40 ,  0.37 ,  16.47
30 ,  3 ,  98705 ,  234 ,  60 ,  70.71 ,  0.40 ,  17.46
30 ,  3 ,  98752 ,  234 ,  60 ,  72.58 ,  0.43 ,  18.16
30 ,  3 ,  98798 ,  234 ,  60 ,  73.90 ,  0.43 ,  18.65
30 ,  3 ,  98844 ,  255 ,  33 ,  75.22 ,  0.44 ,  18.95
30 ,  3 ,  98890 ,  255 ,  33 ,  77.53 ,  0.45 ,  19.55
30 ,  3 ,  98939 ,  255 ,  33 ,  80.18 ,  0.46 ,  20.24
30 ,  3 ,  98985 ,  0 ,  235 ,  82.49 ,  0.47 ,  20.84
30 ,  3 ,  99032 ,  0 ,  235 ,  78.30 ,  0.46 ,  20.64
30 ,  3 ,  99078 ,  0 ,  235 ,  70.05 ,  0.44 ,  19.15
30 ,  3 ,  99124 ,  65 ,  224 ,  63.11 ,  0.40 ,  17.36
30 ,  3 ,  99171 ,  65 ,  224 ,  57.93 ,  0.34 ,  15.88
30 ,  3 ,  99217 ,  65 ,  224 ,  53.97 ,  0.29 ,  14.59
30 ,  3 ,  99263 ,  53 ,  255 ,  50.66 ,  0.24 ,  13.39
30 ,  3 ,  99309 ,  53 ,  255 ,  46.48 ,  0.20 ,  12.01
30 ,  3 ,  99358 ,  53 ,  255 ,  42.07 ,  0.15 ,  10.42
30 ,  3 ,  99404 ,  53 ,  234 ,  37.89 ,  0.11 ,  9.23
30 ,  3 ,  99450 ,  53 ,  234 ,  35.13 ,  0.09 ,  8.33
30 ,  3 ,  99496 ,  53 ,  234 ,  33.15 ,  0.08 ,  7.64
30 ,  3 ,  99544 ,  222 ,  55 ,  31.39 ,  0.08 ,  6.95
30 ,  3 ,  99590 ,  222 ,  55 ,  31.72 ,  0.07 ,  6.85
30 ,  3 ,  99636 ,  222 ,  55 ,  37.89 ,  0.09 ,  7.54
30 ,  3 ,  99682 ,  243 ,  79 ,  44.39 ,  0.13 ,  9.13
30 ,  3 ,  99728 ,  243 ,  79 ,  51.65 ,  0.19 ,  11.31
30 ,  3 ,  99775 ,  243 ,  79 ,  58.48 ,  0.25 ,  13.59
30 ,  3 ,  99823 ,  223 ,  55 ,  63.99 ,  0.32 ,  15.48
30 ,  3 ,  99869 ,  223 ,  55 ,  66.30 ,  0.36 ,  16.47
30 ,  3 ,  99916 ,  223 ,  55 ,  67.62 ,  0.38 ,  16.87
30 ,  3 ,  99962 ,  235 ,  3 ,  68.83 ,  0.40 ,  17.36
30 ,  3 ,  100008 ,  235 ,  3 ,  70.49 ,  0.41 ,  17.76
30 ,  3 ,  100055 ,  235 ,  3 ,  72.25 ,  0.42 ,  18.36
30 ,  3 ,  100101 ,  240 ,  29 ,  73.79 ,  0.43 ,  18.75
30 ,  3 ,  100148 ,  240 ,  29 ,  75.33 ,  0.44 ,  19.15
30 ,  3 ,  100194 ,  240 ,  29 ,  76.76 ,  0.45 ,  19.65
30 ,  3 ,  100242 ,  63 ,  238 ,  78.19 ,  0.45 ,  19.94
30 ,  3 ,  100289 ,  63 ,  238 ,  74.78 ,  0.45 ,  19.84
30 ,  3 ,  100335 ,  63 ,  238 ,  66.96 ,  0.43 ,  18.36
30 ,  3 ,  100381 ,  4 ,  246 ,  60.13 ,  0.36 ,  16.57
30 ,  3 ,  100427 ,  4 ,  246 ,  54.08 ,  0.29 ,  14.78
30 ,  3 ,  100474 ,  4 ,  246 ,  49.01 ,  0.22 ,  13.00
30 ,  3 ,  100520 ,  2 ,  255 ,  44.61 ,  0.17 ,  11.41
30 ,  3 ,  100567 ,  2 ,  255 ,  40.53 ,  0.13 ,  10.02
30 ,  3 ,  100616 ,  2 ,  255 ,  36.46 ,  0.10 ,  8.93
30 ,  3 ,  100662 ,  43 ,  241 ,  32.93 ,  0.09 ,  7.74
30 ,  3 ,  100708 ,  43 ,  241 ,  30.62 ,  0.08 ,  6.85
30 ,  3 ,  100754 ,  43 ,  241 ,  28.64 ,  0.07 ,  6.25
30 ,  3 ,  100800 ,  217 ,  43 ,  26.99 ,  0.06 ,  5.75
30 ,  3 ,  100847 ,  217 ,  43 ,  27.32 ,  0.06 ,  5.56
30 ,  3 ,  100893 ,  217 ,  43 ,  33.70 ,  0.07 ,  6.25
30 ,  3 ,  100939 ,  218 ,  14 ,  40.31 ,  0.11 ,  7.74
30 ,  3 ,  100985 ,  218 ,  14 ,  45.49 ,  0.14 ,  9.33
30 ,  3 ,  101035 ,  218 ,  14 ,  49.34 ,  0.18 ,  10.62
30 ,  3 ,  101081 ,  232 ,  39 ,  52.42 ,  0.21 ,  11.71
30 ,  3 ,  101127 ,  232 ,  39 ,  55.62 ,  0.24 ,  12.80
30 ,  3 ,  101174 ,  232 ,  39 ,  58.92 ,  0.28 ,  13.89
30 ,  3 ,  101220 ,  69 ,  230 ,  61.79 ,  0.32 ,  14.88
30 ,  3 ,  101266 ,  69 ,  230 ,  60.57 ,  0.32 ,  15.08
30 ,  3 ,  101312 ,  69 ,  230 ,  57.16 ,  0.29 ,  14.49
30 ,  3 ,  101359 ,  2 ,  225 ,  53.42 ,  0.26 ,  13.79
30 ,  3 ,  101405 ,  2 ,  225 ,  50.77 ,  0.23 ,  13.00
30 ,  3 ,  101457 ,  233 ,  52 ,  48.24 ,  0.20 ,  12.20
30 ,  3 ,  101504 ,  233 ,  52 ,  48.24 ,  0.19 ,  12.01
30 ,  3 ,  101551 ,  233 ,  52 ,  51.87 ,  0.21 ,  12.20
30 ,  3 ,  101597 ,  53 ,  237 ,  57.05 ,  0.26 ,  13.59
30 ,  3 ,  101643 ,  53 ,  237 ,  55.95 ,  0.27 ,  13.89
30 ,  3 ,  101689 ,  53 ,  237 ,  52.54 ,  0.24 ,  13.10
30 ,  3 ,  101736 ,  53 ,  255 ,  49.01 ,  0.21 ,  12.50
30 ,  3 ,  101782 ,  53 ,  255 ,  44.83 ,  0.17 ,  11.31
30 ,  3 ,  101828 ,  53 ,  255 ,  40.42 ,  0.13 ,  9.92
30 ,  3 ,  101877 ,  232 ,  40 ,  36.46 ,  0.10 ,  8.63
30 ,  3 ,  101923 ,  232 ,  40 ,  36.79 ,  0.09 ,  8.33
30 ,  3 ,  101969 ,  232 ,  40 ,  43.84 ,  0.12 ,  9.33
30 ,  3 ,  102016 ,  239 ,  42 ,  50.77 ,  0.18 ,  11.31
30 ,  3 ,  102063 ,  239 ,  42 ,  56.72 ,  0.24 ,  13.20
30 ,  3 ,  102109 ,  239 ,  42 ,  61.68 ,  0.29 ,  14.78
30 ,  3 ,  102155 ,  224 ,  29 ,  65.53 ,  0.34 ,  15.97
30 ,  3 ,  102201 ,  224 ,  29 ,  67.29 ,  0.37 ,  16.77
30 ,  3 ,  102248 ,  224 ,  29 ,  68.39 ,  0.39 ,  17.16
30 ,  3 ,  102296 ,  233 ,  18 ,  69.49 ,  0.40 ,  17.56
30 ,  3 ,  102342 ,  233 ,  18 ,  70.93 ,  0.41 ,  17.86
30 ,  3 ,  102389 ,  233 ,  18 ,  72.25 ,  0.42 ,  18.26
30 ,  3 ,  102435 ,  42 ,  236 ,  73.57 ,  0.43 ,  18.75
30 ,  3 ,  102481 ,  42 ,  236 ,  70.82 ,  0.43 ,  18.65
30 ,  3 ,  102528 ,  42 ,  236 ,  64.43 ,  0.39 ,  17.36
30 ,  3 ,  102575 ,  230 ,  38 ,  58.48 ,  0.33 ,  15.78
30 ,  3 ,  102621 ,  230 ,  38 ,  58.59 ,  0.31 ,  15.48
30 ,  3 ,  102667 ,  230 ,  38 ,  59.58 ,  0.31 ,  15.48
30 ,  3 ,  102716 ,  230 ,  21 ,  62.67 ,  0.34 ,  16.07
30 ,  3 ,  102762 ,  230 ,  21 ,  65.20 ,  0.36 ,  16.67
30 ,  3 ,  102808 ,  230 ,  21 ,  67.18 ,  0.38 ,  17.16
30 ,  3 ,  102854 ,  0 ,  227 ,  68.72 ,  0.40 ,  17.66
30 ,  3 ,  102901 ,  0 ,  227 ,  67.29 ,  0.40 ,  17.66
30 ,  3 ,  102947 ,  0 ,  227 ,  63.00 ,  0.37 ,  16.87
30 ,  3 ,  102993 ,  28 ,  238 ,  58.92 ,  0.33 ,  15.88
30 ,  3 ,  103040 ,  28 ,  238 ,  54.85 ,  0.28 ,  14.78
30 ,  3 ,  103087 ,  28 ,  238 ,  51.10 ,  0.24 ,  13.59
30 ,  3 ,  103135 ,  217 ,  62 ,  47.69 ,  0.20 ,  12.40
30 ,  3 ,  103181 ,  217 ,  62 ,  47.80 ,  0.19 ,  12.20
30 ,  3 ,  103228 ,  217 ,  62 ,  49.01 ,  0.18 ,  12.10
30 ,  3 ,  103274 ,  217 ,  65 ,  51.98 ,  0.21 ,  12.80
30 ,  3 ,  103320 ,  217 ,  65 ,  54.52 ,  0.23 ,  13.39
30 ,  3 ,  103366 ,  217 ,  65 ,  56.39 ,  0.25 ,  13.99
30 ,  3 ,  103413 ,  255 ,  86 ,  58.04 ,  0.27 ,  14.49
30 ,  3 ,  103459 ,  255 ,  86 ,  63.33 ,  0.31 ,  15.68
30 ,  3 ,  103505 ,  255 ,  86 ,  70.05 ,  0.38 ,  17.56
30 ,  3 ,  103555 ,  228 ,  22 ,  75.66 ,  0.43 ,  19.05
30 ,  3 ,  103601 ,  228 ,  22 ,  77.53 ,  0.44 ,  19.65
30 ,  3 ,  103647 ,  228 ,  22 ,  78.19 ,  0.45 ,  19.94
30 ,  3 ,  103693 ,  42 ,  247 ,  78.97 ,  0.45 ,  20.14
30 ,  3 ,  103740 ,  42 ,  247 ,  74.67 ,  0.44 ,  19.84
30 ,  3 ,  103786 ,  42 ,  247 ,  65.31 ,  0.40 ,  17.96
30 ,  3 ,  103832 ,  28 ,  249 ,  56.94 ,  0.31 ,  15.78
30 ,  3 ,  103878 ,  28 ,  249 ,  50.22 ,  0.24 ,  13.59
30 ,  3 ,  103927 ,  28 ,  249 ,  44.72 ,  0.18 ,  11.71
30 ,  3 ,  103973 ,  8 ,  229 ,  39.87 ,  0.13 ,  10.02
30 ,  3 ,  104019 ,  8 ,  229 ,  37.01 ,  0.11 ,  9.23
30 ,  3 ,  104067 ,  8 ,  229 ,  35.02 ,  0.09 ,  8.33
30 ,  3 ,  104113 ,  48 ,  243 ,  33.37 ,  0.08 ,  7.74
30 ,  3 ,  104159 ,  48 ,  243 ,  31.39 ,  0.07 ,  7.14
30 ,  3 ,  104205 ,  48 ,  243 ,  29.52 ,  0.07 ,  6.55
30 ,  3 ,  104251 ,  17 ,  243 ,  27.76 ,  0.07 ,  5.95
30 ,  3 ,  104298 ,  17 ,  243 ,  26.10 ,  0.06 ,  5.56
30 ,  3 ,  104346 ,  17 ,  243 ,  24.67 ,  0.06 ,  5.06
30 ,  3 ,  104392 ,  222 ,  0 ,  23.46 ,  0.05 ,  4.66
30 ,  3 ,  104438 ,  222 ,  0 ,  24.45 ,  0.06 ,  4.66
30 ,  3 ,  104485 ,  222 ,  0 ,  32.16 ,  0.07 ,  5.56
30 ,  3 ,  104531 ,  242 ,  21 ,  40.20 ,  0.11 ,  7.44
30 ,  3 ,  104578 ,  242 ,  21 ,  48.24 ,  0.16 ,  9.82
30 ,  3 ,  104624 ,  242 ,  21 ,  55.40 ,  0.24 ,  12.30
30 ,  3 ,  104671 ,  223 ,  38 ,  60.90 ,  0.30 ,  14.29
30 ,  3 ,  104717 ,  223 ,  38 ,  63.44 ,  0.34 ,  15.38
30 ,  3 ,  104765 ,  223 ,  38 ,  64.98 ,  0.36 ,  15.97
30 ,  3 ,  104812 ,  236 ,  44 ,  66.52 ,  0.38 ,  16.47
30 ,  3 ,  104858 ,  236 ,  44 ,  68.28 ,  0.40 ,  17.07
30 ,  3 ,  104904 ,  236 ,  44 ,  70.27 ,  0.42 ,  17.66
30 ,  3 ,  104950 ,  224 ,  15 ,  72.03 ,  0.43 ,  18.16
30 ,  3 ,  104997 ,  224 ,  15 ,  73.02 ,  0.43 ,  18.55
30 ,  3 ,  105043 ,  224 ,  15 ,  73.68 ,  0.44 ,  18.85
30 ,  3 ,  105090 ,  16 ,  238 ,  74.23 ,  0.44 ,  19.05
30 ,  3 ,  105136 ,  16 ,  238 ,  71.48 ,  0.44 ,  18.95
30 ,  3 ,  105185 ,  16 ,  238 ,  64.32 ,  0.41 ,  17.46
30 ,  3 ,  105231 ,  248 ,  10 ,  58.15 ,  0.34 ,  15.78
30 ,  3 ,  105277 ,  248 ,  10 ,  58.15 ,  0.33 ,  15.48
30 ,  3 ,  105324 ,  248 ,  10 ,  62.34 ,  0.35 ,  16.07
30 ,  3 ,  105370 ,  235 ,  19 ,  68.28 ,  0.41 ,  17.46
30 ,  3 ,  105416 ,  235 ,  19 ,  72.36 ,  0.43 ,  18.45
30 ,  3 ,  105463 ,  235 ,  19 ,  74.78 ,  0.44 ,  19.15
30 ,  3 ,  105509 ,  244 ,  33 ,  76.54 ,  0.45 ,  19.55
30 ,  3 ,  105555 ,  244 ,  33 ,  78.41 ,  0.46 ,  20.04
30 ,  3 ,  105605 ,  244 ,  33 ,  80.18 ,  0.46 ,  20.44
30 ,  3 ,  105652 ,  238 ,  26 ,  81.72 ,  0.47 ,  20.74
30 ,  3 ,  105698 ,  238 ,  26 ,  82.71 ,  0.47 ,  21.13
30 ,  3 ,  105744 ,  238 ,  26 ,  83.37 ,  0.47 ,  21.33
30 ,  3 ,  105791 ,  41 ,  226 ,  84.03 ,  0.47 ,  21.53
30 ,  3 ,  105837 ,  41 ,  226 ,  80.51 ,  0.47 ,  21.33
30 ,  3 ,  105883 ,  41 ,  226 ,  73.35 ,  0.46 ,  20.04
30 ,  3 ,  105930 ,  240 ,  62 ,  67.07 ,  0.43 ,  18.75
30 ,  3 ,  105976 ,  240 ,  62 ,  66.96 ,  0.43 ,  18.45
30 ,  3 ,  106025 ,  240 ,  62 ,  68.17 ,  0.43 ,  18.45
30 ,  3 ,  106072 ,  23 ,  255 ,  71.26 ,  0.44 ,  18.95
30 ,  3 ,  106118 ,  23 ,  255 ,  67.84 ,  0.43 ,  18.65
30 ,  3 ,  106165 ,  23 ,  255 ,  59.14 ,  0.38 ,  16.77
30 ,  3 ,  106211 ,  45 ,  216 ,  51.10 ,  0.28 ,  14.39
30 ,  3 ,  106257 ,  45 ,  216 ,  47.03 ,  0.22 ,  12.60
30 ,  3 ,  106304 ,  45 ,  216 ,  44.39 ,  0.19 ,  11.51
30 ,  3 ,  106350 ,  80 ,  242 ,  42.18 ,  0.15 ,  10.62
30 ,  3 ,  106396 ,  80 ,  242 ,  39.43 ,  0.13 ,  9.72
30 ,  3 ,  106445 ,  80 ,  242 ,  36.35 ,  0.11 ,  8.93
30 ,  3 ,  106491 ,  21 ,  244 ,  33.81 ,  0.09 ,  8.04
30 ,  3 ,  106539 ,  21 ,  244 ,  31.50 ,  0.08 ,  7.24
30 ,  3 ,  106585 ,  21 ,  244 ,  29.41 ,  0.08 ,  6.55
30 ,  3 ,  106631 ,  252 ,  49 ,  27.43 ,  0.07 ,  5.95
30 ,  3 ,  106678 ,  252 ,  49 ,  30.18 ,  0.07 ,  5.85
30 ,  3 ,  106724 ,  252 ,  49 ,  42.95 ,  0.12 ,  8.33
30 ,  3 ,  106770 ,  5 ,  251 ,  54.52 ,  0.22 ,  12.10
30 ,  3 ,  106816 ,  5 ,  251 ,  52.98 ,  0.23 ,  12.70
30 ,  3 ,  106872 ,  73 ,  230 ,  46.81 ,  0.19 ,  11.61
30 ,  3 ,  106919 ,  73 ,  230 ,  43.06 ,  0.15 ,  10.42
30 ,  3 ,  106966 ,  73 ,  230 ,  40.42 ,  0.13 ,  9.62
30 ,  3 ,  107012 ,  211 ,  0 ,  38.00 ,  0.10 ,  8.93
30 ,  3 ,  107059 ,  211 ,  0 ,  38.33 ,  0.10 ,  8.73
30 ,  3 ,  107105 ,  211 ,  0 ,  40.64 ,  0.11 ,  8.83
30 ,  3 ,  107152 ,  242 ,  30 ,  44.28 ,  0.13 ,  9.52
30 ,  3 ,  107198 ,  242 ,  30 ,  50.66 ,  0.18 ,  11.21
30 ,  3 ,  107245 ,  242 ,  30 ,  57.60 ,  0.25 ,  13.39
30 ,  3 ,  107293 ,  255 ,  10 ,  63.33 ,  0.32 ,  15.28
30 ,  3 ,  107340 ,  255 ,  10 ,  68.39 ,  0.38 ,  16.87
30 ,  3 ,  107386 ,  255 ,  10 ,  73.02 ,  0.42 ,  18.26
30 ,  3 ,  107432 ,  207 ,  5 ,  76.54 ,  0.44 ,  19.25
30 ,  3 ,  107479 ,  207 ,  5 ,  76.65 ,  0.44 ,  19.55
30 ,  3 ,  107526 ,  207 ,  5 ,  76.10 ,  0.45 ,  19.55
30 ,  3 ,  107572 ,  236 ,  79 ,  75.66 ,  0.44 ,  19.65
30 ,  3 ,  107618 ,  236 ,  79 ,  76.10 ,  0.45 ,  19.65
30 ,  3 ,  107664 ,  236 ,  79 ,  77.31 ,  0.45 ,  19.94
30 ,  3 ,  107713 ,  246 ,  42 ,  78.64 ,  0.46 ,  20.24
30 ,  3 ,  107759 ,  246 ,  42 ,  80.40 ,  0.46 ,  20.54
30 ,  3 ,  107806 ,  246 ,  42 ,  82.05 ,  0.47 ,  21.03
30 ,  3 ,  107852 ,  246 ,  64 ,  83.59 ,  0.47 ,  21.33
30 ,  3 ,  107898 ,  246 ,  64 ,  84.80 ,  0.47 ,  21.63
30 ,  3 ,  107944 ,  246 ,  64 ,  85.90 ,  0.48 ,  21.93
30 ,  3 ,  107992 ,  241 ,  44 ,  86.89 ,  0.48 ,  22.13
30 ,  3 ,  108038 ,  241 ,  44 ,  87.45 ,  0.48 ,  22.32
30 ,  3 ,  108086 ,  241 ,  44 ,  88.00 ,  0.48 ,  22.42
30 ,  3 ,  108133 ,  255 ,  28 ,  88.55 ,  0.48 ,  22.52
30 ,  3 ,  108179 ,  255 ,  28 ,  89.43 ,  0.48 ,  22.72
30 ,  3 ,  108225 ,  255 ,  28 ,  90.42 ,  0.48 ,  22.92
30 ,  3 ,  108272 ,  210 ,  49 ,  91.19 ,  0.48 ,  23.12
30 ,  3 ,  108318 ,  210 ,  49 ,  90.97 ,  0.48 ,  23.12
30 ,  3 ,  108364 ,  210 ,  49 ,  90.42 ,  0.48 ,  23.12
30 ,  3 ,  108410 ,  47 ,  243 ,  89.87 ,  0.48 ,  23.12
30 ,  3 ,  108457 ,  47 ,  243 ,  83.81 ,  0.48 ,  22.62
30 ,  3 ,  108506 ,  47 ,  243 ,  72.25 ,  0.46 ,  20.54
30 ,  3 ,  108553 ,  72 ,  238 ,  62.89 ,  0.42 ,  18.26
30 ,  3 ,  108599 ,  72 ,  238 ,  55.84 ,  0.35 ,  16.07
30 ,  3 ,  108645 ,  72 ,  238 ,  50.22 ,  0.27 ,  14.09
30 ,  3 ,  108691 ,  5 ,  255 ,  45.93 ,  0.21 ,  12.40
30 ,  3 ,  108738 ,  5 ,  255 ,  41.63 ,  0.17 ,  10.81
30 ,  3 ,  108784 ,  5 ,  255 ,  37.45 ,  0.13 ,  9.23
30 ,  3 ,  108830 ,  230 ,  22 ,  33.70 ,  0.11 ,  8.14
30 ,  3 ,  108876 ,  230 ,  22 ,  34.14 ,  0.10 ,  7.94
30 ,  3 ,  108925 ,  230 ,  22 ,  41.74 ,  0.12 ,  9.03
30 ,  3 ,  108972 ,  55 ,  216 ,  48.79 ,  0.18 ,  11.01
30 ,  3 ,  109018 ,  55 ,  216 ,  48.79 ,  0.19 ,  11.41
30 ,  3 ,  109065 ,  55 ,  216 ,  48.35 ,  0.18 ,  11.41
30 ,  3 ,  109111 ,  57 ,  236 ,  48.13 ,  0.18 ,  11.41
30 ,  3 ,  109157 ,  57 ,  236 ,  46.37 ,  0.17 ,  11.11
30 ,  3 ,  109204 ,  57 ,  236 ,  44.17 ,  0.16 ,  10.81
30 ,  3 ,  109250 ,  59 ,  245 ,  42.07 ,  0.14 ,  10.32
30 ,  3 ,  109296 ,  59 ,  245 ,  39.98 ,  0.12 ,  9.72
30 ,  3 ,  109345 ,  59 ,  245 ,  37.67 ,  0.10 ,  9.03
30 ,  3 ,  109398 ,  12 ,  241 ,  35.36 ,  0.09 ,  8.24
30 ,  3 ,  109445 ,  12 ,  241 ,  33.70 ,  0.08 ,  7.74
30 ,  3 ,  109491 ,  12 ,  241 ,  32.38 ,  0.07 ,  7.34
30 ,  3 ,  109537 ,  33 ,  242 ,  31.06 ,  0.07 ,  6.95
30 ,  3 ,  109583 ,  33 ,  242 ,  29.96 ,  0.06 ,  6.55
30 ,  3 ,  109629 ,  33 ,  242 ,  28.97 ,  0.06 ,  6.25
30 ,  3 ,  109676 ,  217 ,  1 ,  27.98 ,  0.06 ,  5.95
30 ,  3 ,  109722 ,  217 ,  1 ,  28.20 ,  0.06 ,  5.85
30 ,  3 ,  109770 ,  217 ,  1 ,  34.36 ,  0.07 ,  6.35
30 ,  3 ,  109816 ,  68 ,  239 ,  40.75 ,  0.10 ,  7.94
30 ,  3 ,  109863 ,  68 ,  239 ,  40.64 ,  0.11 ,  8.24
30 ,  3 ,  109910 ,  68 ,  239 ,  39.43 ,  0.11 ,  8.24
30 ,  3 ,  109956 ,  61 ,  226 ,  37.67 ,  0.09 ,  8.04
30 ,  3 ,  110002 ,  61 ,  226 ,  36.46 ,  0.09 ,  7.84
30 ,  3 ,  110049 ,  61 ,  226 ,  35.69 ,  0.08 ,  7.64
30 ,  3 ,  110095 ,  57 ,  234 ,  35.02 ,  0.08 ,  7.54
30 ,  3 ,  110141 ,  57 ,  234 ,  34.25 ,  0.08 ,  7.34
30 ,  3 ,  110190 ,  57 ,  234 ,  33.48 ,  0.07 ,  7.14
30 ,  3 ,  110236 ,  35 ,  239 ,  32.82 ,  0.07 ,  6.95
30 ,  3 ,  110282 ,  35 ,  239 ,  32.05 ,  0.06 ,  6.75
30 ,  3 ,  110328 ,  35 ,  239 ,  31.39 ,  0.06 ,  6.55
30 ,  3 ,  110374 ,  44 ,  244 ,  30.73 ,  0.06 ,  6.35
30 ,  3 ,  110422 ,  44 ,  244 ,  29.96 ,  0.06 ,  6.15
30 ,  3 ,  110468 ,  44 ,  244 ,  29.08 ,  0.05 ,  5.95
30 ,  3 ,  110514 ,  242 ,  41 ,  28.42 ,  0.05 ,  5.75
30 ,  3 ,  110560 ,  242 ,  41 ,  29.30 ,  0.05 ,  5.75
30 ,  3 ,  110609 ,  242 ,  41 ,  40.75 ,  0.09 ,  7.54
30 ,  3 ,  110655 ,  17 ,  228 ,  50.55 ,  0.17 ,  10.42
30 ,  3 ,  110701 ,  17 ,  228 ,  50.11 ,  0.18 ,  11.01
30 ,  3 ,  110748 ,  17 ,  228 ,  48.46 ,  0.17 ,  10.91
30 ,  3 ,  110794 ,  223 ,  53 ,  46.48 ,  0.16 ,  10.62
30 ,  3 ,  110840 ,  223 ,  53 ,  46.26 ,  0.16 ,  10.62
30 ,  3 ,  110886 ,  223 ,  53 ,  48.24 ,  0.16 ,  10.62
30 ,  3 ,  110934 ,  66 ,  241 ,  52.09 ,  0.20 ,  11.51
30 ,  3 ,  110980 ,  66 ,  241 ,  51.87 ,  0.21 ,  11.81
30 ,  3 ,  111028 ,  66 ,  241 ,  48.02 ,  0.18 ,  11.21
30 ,  3 ,  111075 ,  217 ,  7 ,  44.83 ,  0.16 ,  10.62
30 ,  3 ,  111121 ,  217 ,  7 ,  44.83 ,  0.15 ,  10.52
30 ,  3 ,  111167 ,  217 ,  7 ,  47.03 ,  0.16 ,  10.52
30 ,  3 ,  111213 ,  234 ,  31 ,  50.44 ,  0.19 ,  11.21
30 ,  3 ,  111260 ,  234 ,  31 ,  54.85 ,  0.22 ,  12.40
30 ,  3 ,  111306 ,  234 ,  31 ,  59.14 ,  0.27 ,  13.89
30 ,  3 ,  111352 ,  255 ,  53 ,  62.78 ,  0.31 ,  15.08
30 ,  3 ,  111399 ,  255 ,  53 ,  67.51 ,  0.37 ,  16.47
30 ,  3 ,  111448 ,  255 ,  53 ,  72.91 ,  0.42 ,  18.06
30 ,  3 ,  111494 ,  255 ,  15 ,  76.87 ,  0.44 ,  19.25
30 ,  3 ,  111541 ,  255 ,  15 ,  79.96 ,  0.46 ,  20.14
30 ,  3 ,  111587 ,  255 ,  15 ,  82.38 ,  0.46 ,  20.74
30 ,  3 ,  111633 ,  50 ,  220 ,  84.25 ,  0.47 ,  21.23
30 ,  3 ,  111679 ,  50 ,  220 ,  80.95 ,  0.47 ,  21.13
30 ,  3 ,  111726 ,  50 ,  220 ,  74.67 ,  0.46 ,  20.14
30 ,  3 ,  111772 ,  255 ,  64 ,  69.16 ,  0.43 ,  18.95
30 ,  3 ,  111818 ,  255 ,  64 ,  68.94 ,  0.43 ,  18.75
30 ,  3 ,  111867 ,  255 ,  64 ,  72.36 ,  0.44 ,  19.05
30 ,  3 ,  111913 ,  39 ,  235 ,  77.42 ,  0.45 ,  20.04
30 ,  3 ,  111960 ,  39 ,  235 ,  74.45 ,  0.45 ,  19.94
30 ,  3 ,  112007 ,  39 ,  235 ,  67.51 ,  0.43 ,  18.65
30 ,  3 ,  112053 ,  29 ,  246 ,  61.35 ,  0.38 ,  17.07
30 ,  3 ,  112099 ,  29 ,  246 ,  55.51 ,  0.32 ,  15.38
30 ,  3 ,  112145 ,  29 ,  246 ,  50.22 ,  0.24 ,  13.59
30 ,  3 ,  112192 ,  0 ,  255 ,  45.93 ,  0.19 ,  12.01
30 ,  3 ,  112240 ,  0 ,  255 ,  41.74 ,  0.15 ,  10.52
30 ,  3 ,  112286 ,  0 ,  255 ,  37.67 ,  0.11 ,  9.03
30 ,  3 ,  112333 ,  18 ,  252 ,  34.14 ,  0.09 ,  8.14
30 ,  3 ,  112379 ,  18 ,  252 ,  31.28 ,  0.08 ,  7.14
30 ,  3 ,  112425 ,  18 ,  252 ,  28.64 ,  0.07 ,  6.35
30 ,  3 ,  112472 ,  77 ,  231 ,  26.43 ,  0.07 ,  5.66
30 ,  3 ,  112518 ,  77 ,  231 ,  25.33 ,  0.06 ,  5.26
30 ,  3 ,  112565 ,  77 ,  231 ,  24.78 ,  0.06 ,  5.06
30 ,  3 ,  112611 ,  59 ,  248 ,  24.23 ,  0.06 ,  4.86
30 ,  3 ,  112659 ,  59 ,  248 ,  23.35 ,  0.06 ,  4.66
30 ,  3 ,  112706 ,  59 ,  248 ,  22.25 ,  0.06 ,  4.37
30 ,  3 ,  112752 ,  238 ,  38 ,  21.26 ,  0.06 ,  4.07
30 ,  3 ,  112798 ,  238 ,  38 ,  23.68 ,  0.05 ,  4.07
30 ,  3 ,  112844 ,  238 ,  38 ,  35.36 ,  0.08 ,  5.95
30 ,  3 ,  112891 ,  63 ,  226 ,  45.93 ,  0.15 ,  8.83
30 ,  3 ,  112937 ,  63 ,  226 ,  45.71 ,  0.16 ,  9.52
30 ,  3 ,  112984 ,  63 ,  226 ,  44.83 ,  0.17 ,  9.52
30 ,  3 ,  113030 ,  38 ,  227 ,  43.61 ,  0.16 ,  9.33
30 ,  3 ,  113079 ,  38 ,  227 ,  42.51 ,  0.15 ,  9.13
30 ,  3 ,  113125 ,  38 ,  227 ,  41.52 ,  0.14 ,  9.13
30 ,  3 ,  113171 ,  49 ,  255 ,  40.64 ,  0.14 ,  8.93
30 ,  3 ,  113217 ,  49 ,  255 ,  38.44 ,  0.12 ,  8.43
30 ,  3 ,  113264 ,  49 ,  255 ,  35.36 ,  0.10 ,  7.64
30 ,  3 ,  113310 ,  231 ,  11 ,  32.60 ,  0.08 ,  6.95
30 ,  3 ,  113356 ,  231 ,  11 ,  32.82 ,  0.08 ,  6.75
30 ,  3 ,  113402 ,  231 ,  11 ,  40.64 ,  0.11 ,  7.84
30 ,  3 ,  113449 ,  244 ,  41 ,  48.24 ,  0.17 ,  9.92
30 ,  3 ,  113494 ,  244 ,  41 ,  55.18 ,  0.23 ,  12.10
30 ,  3 ,  113540 ,  244 ,  41 ,  60.90 ,  0.30 ,  14.19
30 ,  3 ,  113586 ,  237 ,  18 ,  65.64 ,  0.36 ,  15.78
30 ,  3 ,  113633 ,  237 ,  18 ,  68.72 ,  0.40 ,  16.87
30 ,  3 ,  113680 ,  237 ,  18 ,  70.93 ,  0.42 ,  17.66
30 ,  3 ,  113726 ,  255 ,  61 ,  72.69 ,  0.43 ,  18.26
30 ,  3 ,  113772 ,  255 ,  61 ,  75.33 ,  0.44 ,  18.95
30 ,  3 ,  113818 ,  255 ,  61 ,  78.19 ,  0.46 ,  19.65
30 ,  3 ,  113865 ,  211 ,  71 ,  80.62 ,  0.47 ,  20.34
30 ,  3 ,  113913 ,  211 ,  71 ,  80.51 ,  0.47 ,  20.54
30 ,  3 ,  113959 ,  211 ,  71 ,  80.07 ,  0.47 ,  20.54
30 ,  3 ,  114007 ,  235 ,  42 ,  79.52 ,  0.47 ,  20.54
30 ,  3 ,  114053 ,  235 ,  42 ,  79.63 ,  0.47 ,  20.54
30 ,  3 ,  114099 ,  235 ,  42 ,  80.29 ,  0.47 ,  20.64
30 ,  3 ,  114146 ,  27 ,  247 ,  80.95 ,  0.47 ,  20.84
30 ,  3 ,  114192 ,  27 ,  247 ,  76.43 ,  0.46 ,  20.54
30 ,  3 ,  114238 ,  27 ,  247 ,  66.63 ,  0.44 ,  18.55
30 ,  3 ,  114284 ,  10 ,  252 ,  58.04 ,  0.37 ,  16.27
30 ,  3 ,  114333 ,  10 ,  252 ,  50.55 ,  0.27 ,  13.79
30 ,  3 ,  114379 ,  10 ,  252 ,  44.72 ,  0.20 ,  11.71
30 ,  3 ,  114426 ,  236 ,  62 ,  39.76 ,  0.15 ,  9.82
30 ,  3 ,  114472 ,  236 ,  62 ,  40.20 ,  0.13 ,  9.52
30 ,  3 ,  114519 ,  236 ,  62 ,  46.81 ,  0.16 ,  10.62
30 ,  3 ,  114565 ,  0 ,  244 ,  53.86 ,  0.22 ,  12.70
30 ,  3 ,  114612 ,  0 ,  244 ,  52.87 ,  0.23 ,  13.00
30 ,  3 ,  114658 ,  0 ,  244 ,  49.12 ,  0.20 ,  12.20
30 ,  3 ,  114720 ,  51 ,  230 ,  44.17 ,  0.15 ,  10.81
30 ,  3 ,  114768 ,  51 ,  230 ,  41.52 ,  0.13 ,  9.92
30 ,  3 ,  114816 ,  51 ,  230 ,  39.43 ,  0.11 ,  9.52
30 ,  3 ,  114862 ,  50 ,  241 ,  37.78 ,  0.10 ,  9.03
30 ,  3 ,  114908 ,  50 ,  241 ,  35.91 ,  0.09 ,  8.33
30 ,  3 ,  114954 ,  50 ,  241 ,  34.25 ,  0.08 ,  7.84
30 ,  3 ,  115001 ,  213 ,  43 ,  32.71 ,  0.07 ,  7.34
30 ,  3 ,  115047 ,  213 ,  43 ,  32.93 ,  0.07 ,  7.24
30 ,  3 ,  115093 ,  213 ,  43 ,  36.79 ,  0.08 ,  7.34
30 ,  3 ,  115139 ,  241 ,  50 ,  41.74 ,  0.11 ,  8.53
30 ,  3 ,  115188 ,  241 ,  50 ,  49.23 ,  0.16 ,  10.52
30 ,  3 ,  115234 ,  241 ,  50 ,  56.28 ,  0.22 ,  12.80
30 ,  3 ,  115280 ,  53 ,  255 ,  61.79 ,  0.29 ,  14.68
30 ,  3 ,  115328 ,  53 ,  255 ,  59.58 ,  0.29 ,  14.88
30 ,  3 ,  115374 ,  53 ,  255 ,  52.31 ,  0.24 ,  13.69
30 ,  3 ,  115420 ,  240 ,  48 ,  46.15 ,  0.17 ,  11.71
30 ,  3 ,  115466 ,  240 ,  48 ,  46.37 ,  0.16 ,  11.41
30 ,  3 ,  115513 ,  240 ,  48 ,  51.87 ,  0.20 ,  12.10
30 ,  3 ,  115559 ,  252 ,  54 ,  58.15 ,  0.25 ,  13.79
30 ,  3 ,  115608 ,  252 ,  54 ,  64.76 ,  0.32 ,  15.78
30 ,  3 ,  115654 ,  252 ,  54 ,  70.05 ,  0.39 ,  17.36
30 ,  3 ,  115700 ,  1 ,  234 ,  74.23 ,  0.42 ,  18.65
30 ,  3 ,  115746 ,  1 ,  234 ,  71.48 ,  0.42 ,  18.65
30 ,  3 ,  115793 ,  1 ,  234 ,  65.09 ,  0.38 ,  17.36
30 ,  3 ,  115840 ,  58 ,  237 ,  59.47 ,  0.33 ,  15.97
30 ,  3 ,  115886 ,  58 ,  237 ,  54.74 ,  0.27 ,  14.59
30 ,  3 ,  115932 ,  58 ,  237 ,  50.66 ,  0.22 ,  13.30
30 ,  3 ,  115979 ,  51 ,  255 ,  47.25 ,  0.19 ,  12.10
30 ,  3 ,  116027 ,  51 ,  255 ,  43.39 ,  0.15 ,  10.81
30 ,  3 ,  116073 ,  51 ,  255 ,  39.21 ,  0.12 ,  9.72
30 ,  3 ,  116120 ,  13 ,  237 ,  35.80 ,  0.09 ,  8.63
30 ,  3 ,  116166 ,  13 ,  237 ,  33.37 ,  0.08 ,  7.74
30 ,  3 ,  116212 ,  13 ,  237 ,  31.50 ,  0.08 ,  7.14
